993.369170	777.895230	56.000003	50.920000
993.371299	777.893536	56.000004	50.936000
993.371990	777.888628	56.000001	50.940000
993.372125	777.883619	55.999998	50.938000
993.372262	777.878454	55.999996	50.935000
993.372239	777.873272	55.999999	50.931000
993.372266	777.868171	56.000001	50.928000
993.372228	777.863068	55.999999	50.925000
993.372244	777.858051	56.000000	50.922000
993.372235	777.853149	56.000000	50.920000
993.372226	777.847946	56.000001	50.917000
993.372223	777.842898	55.999999	50.914000
993.372221	777.837290	55.999999	50.911000
993.372216	777.832673	55.999998	50.908000
993.372210	777.827427	55.999999	50.906000
993.372213	777.822647	55.999998	50.904000
993.372206	777.817442	56.000000	50.902000
993.372212	777.812636	56.000001	50.899000
993.372197	777.807620	55.999997	50.896000
993.372207	777.802602	55.999999	50.893000
993.372201	777.797620	56.000003	50.891000
993.372208	777.792609	56.000001	50.890000
993.372200	777.787578	55.999997	50.890000
993.372207	777.782804	55.999998	50.890000
993.372199	777.777391	55.999999	50.890000
993.372206	777.772606	55.999999	50.890000
993.372201	777.767567	55.999996	50.890000
993.372207	777.762185	55.999997	50.890000
993.372198	777.757182	56.000000	50.890000
993.372202	777.752392	56.000001	50.890000
993.372200	777.747364	56.000003	50.890000
993.372207	777.742370	55.999998	50.890000
993.372202	777.737173	56.000001	50.891000
993.372202	777.732381	56.000003	50.892000
993.372204	777.727355	55.999999	50.892000
993.372198	777.722372	55.999996	50.892000
993.372206	777.717360	55.999999	50.892000
993.372199	777.712373	56.000003	50.892000
993.372204	777.707346	56.000002	50.893000
993.372204	777.702557	56.000003	50.895000
993.372200	777.697367	55.999998	50.896000
993.372200	777.692569	55.999997	50.898000
993.372202	777.687144	55.999998	50.899000
993.372200	777.682152	55.999999	50.900000
993.372201	777.676956	55.999997	50.902000
993.372199	777.671966	55.999997	50.904000
993.372200	777.666934	56.000000	50.907000
993.372200	777.662142	55.999997	50.908000
993.372198	777.657148	56.000002	50.910000
993.372199	777.652163	56.000002	50.911000
993.372200	777.647131	56.000001	50.912000
993.372195	777.641935	56.000001	50.913000
993.372197	777.637151	55.999999	50.915000
993.372205	777.632160	56.000002	50.916000
993.372197	777.627331	55.999997	50.917000
993.372198	777.622143	56.000003	50.917000
993.372201	777.617359	56.000002	50.917000
993.372201	777.611964	55.999999	50.918000
993.372199	777.606734	56.000000	50.919000
993.372198	777.601943	56.000003	50.921000
993.372201	777.596956	56.000000	50.922000
993.372200	777.591760	56.000002	50.923000
993.372197	777.586934	56.000000	50.924000
993.372199	777.581942	56.000003	50.926000
993.372203	777.576951	56.000001	50.927000
993.372196	777.571760	56.000002	50.928000
993.372196	777.566932	55.999997	50.928000
993.372196	777.561942	56.000000	50.928000
993.372200	777.556950	56.000003	50.928000
993.372198	777.551955	56.000002	50.927000
993.372198	777.546929	55.999999	50.926000
993.372203	777.542135	56.000002	50.924000
993.372199	777.536535	55.999998	50.922000
993.372200	777.531548	55.999997	50.921000
993.372201	777.526729	56.000000	50.921000
993.372201	777.521329	56.000003	50.921000
993.372199	777.516733	55.999997	50.922000
993.372197	777.511754	55.999999	50.923000
993.372197	777.506723	56.000002	50.923000
993.372197	777.501732	56.000003	50.923000
993.372199	777.496749	56.000002	50.923000
993.372198	777.491756	55.999999	50.923000
993.372199	777.486734	55.999997	50.923000
993.372197	777.481742	55.999997	50.923000
993.372199	777.476758	55.999999	50.923000
993.372201	777.471968	55.999997	50.923000
993.372197	777.466740	56.000002	50.923000
993.372200	777.461347	55.999998	50.923000
993.372198	777.456352	55.999999	50.923000
993.372199	777.451566	55.999998	50.922000
993.372199	777.446537	55.999997	50.922000
993.372198	777.441542	55.999997	50.921000
993.372198	777.436552	55.999997	50.921000
993.372199	777.431574	55.999997	50.921000
993.372195	777.426543	55.999998	50.920000
993.372202	777.421547	55.999999	50.920000
993.372201	777.416554	56.000000	50.920000
993.372197	777.411569	56.000000	50.919000
993.372200	777.406738	55.999997	50.917000
993.372197	777.401749	55.999998	50.916000
993.372200	777.396553	56.000002	50.914000
993.372201	777.391569	56.000002	50.912000
993.372198	777.386536	55.999999	50.909000
993.372200	777.381342	55.999998	50.907000
993.372202	777.376349	56.000000	50.905000
993.372198	777.371565	55.999997	50.903000
993.372197	777.366534	55.999997	50.901000
993.372195	777.361547	55.999998	50.900000
993.372202	777.356143	56.000001	50.898000
993.372197	777.351571	55.999998	50.896000
993.372195	777.346532	56.000000	50.896000
993.372201	777.341544	56.000003	50.896000
993.372198	777.336338	56.000000	50.897000
993.372198	777.331559	55.999998	50.898000
993.372202	777.326730	55.999999	50.899000
993.372198	777.321540	56.000002	50.900000
993.372200	777.316342	55.999998	50.902000
993.372200	777.311166	56.000002	50.904000
993.372198	777.306138	56.000003	50.906000
993.372200	777.301137	55.999999	50.909000
993.372202	777.296345	56.000001	50.911000
993.372202	777.291364	55.999999	50.913000
993.372196	777.286142	56.000001	50.914000
993.372201	777.281139	56.000000	50.916000
993.372200	777.276337	56.000001	50.918000
993.372201	777.271364	55.999998	50.920000
993.372199	777.266342	55.999999	50.922000
993.372196	777.261340	56.000000	50.924000
993.372200	777.256348	56.000000	50.924000
993.372201	777.251366	55.999999	50.925000
993.372202	777.246536	56.000000	50.926000
993.372200	777.241140	55.999999	50.927000
993.372201	777.236139	56.000000	50.928000
993.372205	777.231164	56.000000	50.930000
993.372199	777.226138	56.000000	50.932000
993.372203	777.220946	56.000000	50.934000
993.372200	777.216138	56.000001	50.936000
993.372201	777.211163	56.000000	50.938000
993.372198	777.206134	56.000000	50.938000
993.372200	777.201133	56.000000	50.938000
993.372201	777.196137	55.999999	50.938000
993.372198	777.191154	56.000000	50.937000
993.372200	777.186135	56.000000	50.936000
993.372197	777.181135	55.999999	50.934000
993.372203	777.176137	56.000000	50.932000
993.372201	777.171161	56.000000	50.930000
993.372196	777.165932	56.000000	50.929000
993.372203	777.160931	55.999999	50.928000
993.372201	777.155734	56.000000	50.926000
993.372200	777.150760	55.999998	50.924000
993.372199	777.145740	55.999999	50.922000
993.372202	777.140743	55.999997	50.920000
993.372199	777.135939	56.000003	50.918000
993.372202	777.130961	56.000002	50.915000
993.372199	777.125939	56.000001	50.912000
993.372201	777.120739	55.999997	50.910000
993.372199	777.115931	56.000003	50.908000
993.372200	777.110958	56.000001	50.907000
993.372201	777.105933	55.999998	50.906000
993.372199	777.101135	56.000002	50.905000
993.372199	777.096130	56.000003	50.904000
993.372201	777.090558	56.000000	50.903000
993.372199	777.085546	55.999998	50.901000
993.372194	777.080344	56.000002	50.901000
993.372200	777.075338	56.000002	50.901000
993.372202	777.070561	55.999998	50.901000
993.372196	777.065546	55.999998	50.902000
993.372198	777.060540	55.999998	50.903000
993.372200	777.055731	56.000002	50.903000
993.372197	777.050756	56.000003	50.903000
993.372198	777.045743	56.000000	50.902000
993.372201	777.040745	55.999997	50.902000
993.372199	777.035543	55.999999	50.902000
993.372199	777.030767	56.000000	50.902000
993.372203	777.025743	55.999999	50.903000
993.372199	777.020540	56.000000	50.903000
993.372200	777.015132	55.999997	50.903000
993.372200	777.010356	56.000000	50.903000
993.372201	777.005342	56.000002	50.901000
993.372198	777.000339	56.000001	50.900000
993.372199	776.995535	56.000002	50.899000
993.372199	776.990360	56.000002	50.899000
993.372198	776.985352	56.000001	50.900000
993.372201	776.980344	55.999999	50.902000
993.372198	776.975540	56.000002	50.903000
993.372200	776.970561	56.000000	50.903000
993.372200	776.965551	56.000000	50.904000
993.372194	776.960543	55.999999	50.904000
993.372198	776.955542	55.999999	50.905000
993.372201	776.950566	55.999998	50.905000
993.372197	776.945545	55.999999	50.905000
993.372198	776.940546	56.000001	50.904000
993.372197	776.935140	55.999998	50.904000
993.372202	776.930163	55.999998	50.904000
993.372200	776.925155	55.999998	50.903000
993.372196	776.920143	56.000000	50.902000
993.372201	776.915149	56.000000	50.902000
993.372195	776.910367	56.000001	50.901000
993.372197	776.905159	56.000002	50.901000
993.372198	776.900155	56.000002	50.902000
993.372199	776.895340	55.999998	50.903000
993.372201	776.890364	56.000000	50.904000
993.372196	776.885352	55.999998	50.906000
993.372197	776.880347	55.999998	50.908000
993.372195	776.875349	56.000000	50.909000
993.372201	776.869970	56.000001	50.911000
993.372198	776.865548	56.000000	50.912000
993.372201	776.859954	55.999999	50.913000
993.372197	776.854943	56.000001	50.914000
993.372197	776.849766	55.999997	50.915000
993.372199	776.844959	56.000003	50.916000
993.372202	776.839956	56.000002	50.916000
993.372199	776.835141	55.999998	50.916000
993.372198	776.829962	56.000002	50.916000
993.372200	776.825152	56.000000	50.916000
993.372199	776.820151	56.000002	50.917000
993.372200	776.815142	56.000000	50.918000
993.372197	776.809971	56.000003	50.919000
993.372199	776.805152	55.999997	50.921000
993.372199	776.799955	56.000002	50.922000
993.372199	776.795146	55.999998	50.922000
993.372198	776.790173	55.999998	50.922000
993.372200	776.784761	55.999999	50.922000
993.372200	776.779767	55.999998	50.923000
993.372201	776.774750	55.999998	50.925000
993.372200	776.769772	56.000000	50.927000
993.372200	776.764764	56.000001	50.928000
993.372200	776.759759	56.000000	50.928000
993.372203	776.754944	56.000000	50.927000
993.372204	776.749763	56.000000	50.926000
993.372199	776.744954	55.999999	50.925000
993.372197	776.739953	56.000000	50.923000
993.372202	776.734943	55.999999	50.920000
993.372200	776.729962	56.000001	50.917000
993.372199	776.724950	55.999999	50.914000
993.372200	776.719957	56.000000	50.912000
993.372200	776.714934	56.000000	50.910000
993.372202	776.709567	56.000002	50.907000
993.372198	776.704562	56.000000	50.904000
993.372201	776.699559	56.000000	50.900000
993.372204	776.694544	55.999999	50.897000
993.372197	776.689564	55.999998	50.896000
993.372201	776.684559	55.999998	50.894000
993.372201	776.679555	55.999998	50.893000
993.372199	776.674743	55.999998	50.892000
993.372198	776.669765	55.999998	50.891000
993.372199	776.664751	56.000000	50.891000
993.372197	776.659761	56.000001	50.892000
993.372200	776.654538	55.999998	50.894000
993.372199	776.649959	56.000002	50.896000
993.372199	776.644755	55.999998	50.897000
993.372200	776.639751	55.999998	50.898000
993.372201	776.634342	56.000000	50.900000
993.372199	776.629557	56.000001	50.901000
993.372204	776.624355	56.000002	50.903000
993.372199	776.619558	55.999999	50.905000
993.372201	776.614341	56.000002	50.908000
993.372200	776.609556	55.999997	50.912000
993.372197	776.604160	56.000002	50.916000
993.372200	776.599555	56.000001	50.921000
993.372204	776.594345	55.999997	50.925000
993.372200	776.589354	55.999998	50.928000
993.372201	776.583958	56.000001	50.931000
993.372200	776.579556	56.000000	50.933000
993.372199	776.574544	55.999999	50.935000
993.372201	776.569559	55.999999	50.937000
993.372201	776.564561	56.000000	50.939000
993.372201	776.559169	56.000001	50.942000
993.372199	776.554153	55.999999	50.943000
993.372200	776.549159	55.999998	50.945000
993.372199	776.544167	56.000000	50.947000
993.372200	776.539161	56.000001	50.948000
993.372203	776.534149	56.000002	50.949000
993.372201	776.529359	56.000001	50.948000
993.372203	776.524370	56.000000	50.948000
993.372202	776.519365	56.000001	50.949000
993.372204	776.514351	55.999999	50.950000
993.372204	776.509358	56.000000	50.950000
993.372201	776.504167	56.000001	50.949000
993.372203	776.499368	56.000000	50.947000
993.372203	776.494355	55.999998	50.945000
993.372203	776.489565	55.999997	50.944000
993.372201	776.484367	56.000002	50.944000
993.372197	776.478972	56.000003	50.944000
993.372202	776.473957	56.000000	50.944000
993.372201	776.468970	55.999998	50.943000
993.372200	776.463973	56.000002	50.943000
993.372199	776.458975	55.999999	50.943000
993.372199	776.454166	55.999998	50.944000
993.372199	776.449171	55.999999	50.946000
993.372205	776.444178	56.000002	50.948000
993.372200	776.438769	56.000002	50.950000
993.372196	776.434153	55.999998	50.953000
993.372202	776.429162	56.000001	50.955000
993.372201	776.424168	55.999999	50.957000
993.372199	776.418970	55.999999	50.960000
993.372201	776.414153	55.999998	50.963000
993.372200	776.409158	56.000000	50.965000
993.372199	776.403769	55.999999	50.969000
993.372199	776.398568	56.000000	50.972000
993.372197	776.393757	56.000000	50.976000
993.372198	776.388748	56.000000	50.980000
993.372200	776.383765	56.000002	50.984000
993.372196	776.378764	55.999998	50.988000
993.372196	776.373757	55.999998	50.993000
993.372198	776.368956	55.999999	50.996000
993.372199	776.363962	55.999998	51.000000
993.372201	776.358764	56.000001	51.003000
993.372200	776.353960	56.000003	51.007000
993.372198	776.348961	56.000001	51.011000
993.372199	776.343970	55.999998	51.014000
993.372199	776.338971	56.000001	51.018000
993.372198	776.333963	56.000001	51.021000
993.372200	776.328558	56.000000	51.025000
993.372199	776.323570	56.000000	51.029000
993.372197	776.318576	56.000002	51.033000
993.372200	776.313564	55.999998	51.038000
993.372198	776.308556	56.000000	51.042000
993.372200	776.303767	55.999998	51.046000
993.372200	776.298564	55.999999	51.050000
993.372200	776.293761	55.999999	51.054000
993.372199	776.288758	56.000001	51.058000
993.372199	776.283761	56.000002	51.063000
993.372197	776.278767	55.999998	51.067000
993.372197	776.273749	55.999999	51.071000
993.372195	776.268753	56.000002	51.076000
993.372193	776.263762	56.000002	51.082000
993.372199	776.258762	56.000000	51.087000
993.372197	776.253352	56.000002	51.094000
993.372200	776.248343	56.000000	51.099000
993.372200	776.243361	55.999998	51.105000
993.372201	776.238363	56.000001	51.111000
993.372199	776.233356	56.000001	51.117000
993.372202	776.228346	55.999997	51.123000
993.372203	776.223359	56.000000	51.129000
993.372198	776.218575	55.999998	51.136000
993.372203	776.213365	56.000000	51.142000
993.372197	776.208554	56.000002	51.150000
993.372197	776.203571	56.000001	51.157000
993.372202	776.198579	55.999999	51.165000
993.372198	776.193562	55.999998	51.173000
993.372199	776.188552	56.000001	51.181000
993.372197	776.183567	56.000001	51.189000
993.372201	776.178166	55.999999	51.199000
993.372201	776.173162	55.999998	51.207000
993.372199	776.168144	56.000001	51.216000
993.372203	776.163159	56.000002	51.226000
993.372202	776.158165	56.000000	51.236000
993.372198	776.153350	56.000000	51.246000
993.372202	776.148137	56.000000	51.257000
993.372198	776.143152	56.000001	51.268000
993.372203	776.138362	55.999999	51.280000
993.372200	776.133358	55.999999	51.293000
993.372198	776.128348	56.000002	51.306000
993.372200	776.123357	56.000002	51.319000
993.372199	776.118374	56.000000	51.334000
993.372198	776.113352	55.999999	51.349000
993.372198	776.108345	56.000000	51.364000
993.372198	776.102948	56.000001	51.381000
993.372198	776.097958	56.000000	51.398000
993.372206	776.092947	55.999999	51.416000
993.372198	776.087934	56.000001	51.434000
993.372201	776.082953	56.000000	51.452000
993.372198	776.077956	55.999998	51.471000
993.372201	776.072747	55.999998	51.492000
993.372203	776.067941	56.000001	51.512000
993.372198	776.062953	55.999998	51.531000
993.372202	776.058162	56.000000	51.550000
993.372203	776.053151	55.999998	51.571000
993.372196	776.048139	56.000000	51.594000
993.372201	776.043161	56.000001	51.614000
993.372198	776.038163	56.000003	51.632000
993.372199	776.033158	56.000002	51.644000
993.372199	776.028141	55.999997	51.664000
993.372200	776.022953	56.000000	51.685000
993.372200	776.017760	55.999999	51.702000
993.372196	776.012957	56.000001	51.711000
993.372202	776.007537	56.000001	51.720000
993.372201	776.002959	55.999998	51.723000
993.372199	775.997761	56.000002	51.730000
993.372204	775.992955	56.000002	51.730000
993.372195	775.987540	56.000000	0.000000
993.372203	775.982961	56.000001	0.000000
993.372201	775.977962	56.000002	0.000000
993.372202	775.972963	56.000001	0.000000
993.372203	775.967951	55.999999	0.000000
993.372199	775.962968	55.999999	0.000000
993.372202	775.957968	56.000000	0.000000
993.372200	775.952969	56.000001	0.000000
993.372200	775.947550	56.000002	0.000000
993.372199	775.942562	55.999999	0.000000
993.372195	775.937568	56.000001	0.000000
993.372202	775.932569	56.000001	0.000000
993.372198	775.927342	56.000001	0.000000
993.372200	775.922555	56.000001	0.000000
993.372198	775.917566	56.000000	0.000000
993.372201	775.912765	56.000000	0.000000
993.372203	775.907743	56.000000	0.000000
993.372201	775.902761	56.000000	0.000000
993.372200	775.897762	55.999999	0.000000
993.372200	775.892762	56.000000	0.000000
993.372199	775.887741	56.000001	0.000000
993.372201	775.882757	55.999999	0.000000
993.372200	775.877354	55.999999	0.000000
993.372203	775.872358	56.000001	0.000000
993.372197	775.867331	55.999999	0.000000
993.372200	775.862350	56.000001	0.000000
993.372201	775.857353	55.999999	0.000000
993.372196	775.852556	56.000000	0.000000
993.372194	775.847324	56.000001	0.000000
993.372197	775.842550	56.000001	0.000000
993.372200	775.837340	56.000000	0.000000
993.372201	775.832552	56.000001	0.000000
993.372199	775.827527	56.000000	0.000000
993.372203	775.822545	56.000001	0.000000
993.372202	775.817549	55.999999	0.000000
993.372202	775.812751	55.999999	0.000000
993.372200	775.807527	55.999999	0.000000
993.372199	775.802342	56.000000	0.000000
993.372198	775.797144	56.000000	0.000000
993.372201	775.792153	56.000001	0.000000
993.372195	775.787128	55.999999	0.000000
993.372196	775.782139	56.000000	0.000000
993.372195	775.777146	56.000002	0.000000
993.372202	775.772154	56.000001	0.000000
993.372197	775.767119	55.999999	0.000000
993.372198	775.762343	55.999999	0.000000
993.372196	775.757346	55.999998	0.000000
993.372196	775.752349	56.000000	0.000000
993.372198	775.747328	56.000001	0.000000
993.372201	775.742138	55.999999	0.000000
993.372200	775.737344	56.000000	0.000000
993.372200	775.732358	55.999999	0.000000
993.372201	775.727330	55.999999	0.000000
993.372198	775.721940	55.999999	0.000000
993.372200	775.717144	55.999999	0.000000
993.372196	775.712156	56.000000	0.000000
993.372198	775.707132	56.000001	0.000000
993.372197	775.702146	56.000001	0.000000
993.372200	775.697149	56.000000	0.000000
993.372195	775.692356	55.999999	0.000000
993.372199	775.687134	56.000001	0.000000
993.372194	775.682353	56.000000	0.000000
993.372199	775.677350	56.000000	0.000000
993.372200	775.672358	56.000001	0.000000
993.372204	775.667336	56.000000	0.000000
993.372199	775.662352	56.000000	0.000000
993.372197	775.657348	56.000000	0.000000
993.372200	775.652560	56.000000	0.000000
993.372198	775.646930	56.000000	0.000000
993.372201	775.641940	56.000000	0.000000
993.372200	775.636747	56.000000	0.000000
993.372200	775.631961	56.000000	0.000000
993.372198	775.626937	56.000000	0.000000
993.372199	775.621745	55.999999	0.000000
993.372199	775.616957	56.000000	0.000000
993.372198	775.611963	56.000000	0.000000
993.372197	775.607142	56.000000	0.000000
993.372202	775.602155	56.000000	0.000000
993.372198	775.597164	56.000001	0.000000
993.372196	775.592165	55.999999	0.000000
993.372201	775.587144	56.000000	0.000000
993.372201	775.582156	56.000000	0.000000
993.372194	775.576956	56.000002	0.000000
993.372205	775.571567	56.000000	0.000000
993.372197	775.566745	56.000000	0.000000
993.372203	775.561751	56.000000	0.000000
993.372200	775.556550	55.999998	0.000000
993.372200	775.551569	55.999998	0.000000
993.372199	775.546742	56.000002	0.000000
993.372200	775.541751	56.000001	0.000000
993.372200	775.536755	56.000002	0.000000
993.372202	775.531964	56.000001	0.000000
993.372195	775.526945	55.999998	0.000000
993.372197	775.521947	55.999998	0.000000
993.372196	775.516946	55.999998	0.000000
993.372198	775.511965	55.999998	0.000000
993.372197	775.506942	55.999998	0.000000
993.372199	775.501950	56.000000	0.000000
993.372198	775.496548	55.999999	0.000000
993.372197	775.491565	55.999998	0.000000
993.372201	775.486537	55.999997	0.000000
993.372202	775.481543	55.999999	0.000000
993.372201	775.476542	55.999999	0.000000
993.372202	775.471561	55.999999	0.000000
993.372197	775.466539	55.999999	0.000000
993.372201	775.461746	56.000001	0.000000
993.372202	775.456750	56.000000	0.000000
993.372203	775.451760	56.000000	0.000000
993.372202	775.446730	55.999999	0.000000
993.372202	775.441936	56.000001	0.000000
993.372200	775.436740	55.999999	0.000000
993.372199	775.431753	55.999998	0.000000
993.372201	775.426329	56.000000	0.000000
993.372199	775.421334	56.000000	0.000000
993.372200	775.416335	56.000000	0.000000
993.372200	775.411344	55.999999	0.000000
993.372202	775.406121	56.000000	0.000000
993.372202	775.401530	56.000001	0.000000
993.372203	775.396324	55.999999	0.000000
993.372202	775.391544	55.999999	0.000000
993.372200	775.386322	56.000001	0.000000
993.372200	775.381531	56.000001	0.000000
993.372199	775.376531	56.000001	0.000000
993.372198	775.371347	55.999999	0.000000
993.372203	775.366528	56.000000	0.000000
993.372198	775.361533	56.000000	0.000000
993.372202	775.356536	56.000000	0.000000
993.372199	775.351152	55.999999	0.000000
993.372203	775.346327	56.000000	0.000000
993.372198	775.341134	55.999998	0.000000
993.372203	775.336324	56.000002	0.000000
993.372199	775.331152	55.999999	0.000000
993.372199	775.326323	56.000002	0.000000
993.372198	775.321131	55.999999	0.000000
993.372203	775.316327	56.000000	0.000000
993.372200	775.311150	55.999997	0.000000
993.372200	775.306327	56.000002	0.000000
993.372201	775.301333	56.000001	0.000000
993.372200	775.296334	56.000001	0.000000
993.372200	775.291149	56.000000	0.000000
993.372203	775.286324	56.000001	0.000000
993.372201	775.281334	56.000002	0.000000
993.372202	775.276127	56.000000	0.000000
993.372201	775.270750	56.000000	0.000000
993.372205	775.265928	55.999999	0.000000
993.372199	775.260935	55.999999	0.000000
993.372199	775.256125	55.999998	0.000000
993.372198	775.250749	56.000002	0.000000
993.372196	775.245932	55.999999	0.000000
993.372201	775.240927	56.000000	0.000000
993.372200	775.236125	55.999999	0.000000
993.372197	775.231143	55.999999	0.000000
993.372202	775.226122	55.999998	0.000000
993.372201	775.221132	55.999999	0.000000
993.372201	775.216327	56.000002	0.000000
993.372201	775.211150	56.000000	0.000000
993.372202	775.206130	56.000000	0.000000
993.372197	775.200737	56.000001	0.000000
993.372198	775.195727	56.000001	0.000000
993.372195	775.190753	56.000001	0.000000
993.372195	775.185546	55.999998	0.000000
993.372198	775.180743	56.000001	0.000000
993.372200	775.175935	55.999999	0.000000
993.372199	775.170561	55.999999	0.000000
993.372201	775.165940	56.000000	0.000000
993.372198	775.160747	55.999999	0.000000
993.372196	775.155934	56.000002	0.000000
993.372198	775.150960	56.000001	0.000000
993.372196	775.145937	56.000001	0.000000
993.372197	775.140939	56.000001	0.000000
993.372198	775.135935	56.000001	0.000000
993.372197	775.130959	56.000001	0.000000
993.372200	775.125152	55.999999	0.000000
993.372199	775.120349	56.000000	0.000000
993.372195	775.115540	56.000001	0.000000
993.372198	775.110567	56.000001	0.000000
993.372200	775.105354	56.000002	0.000000
993.372196	775.100551	55.999998	0.000000
993.372200	775.095744	56.000001	0.000000
993.372199	775.090564	55.999999	0.000000
993.372199	775.085744	55.999999	0.000000
993.372197	775.080746	55.999999	0.000000
993.372199	775.075740	56.000000	0.000000
993.372200	775.070766	56.000000	0.000000
993.372198	775.065751	56.000000	0.000000
993.372197	775.060747	56.000001	0.000000
993.372199	775.055949	56.000000	0.000000
993.372200	775.050363	56.000002	0.000000
993.372202	775.045356	56.000000	0.000000
993.372203	775.040349	55.999998	0.000000
993.372203	775.035542	56.000000	0.000000
993.372196	775.030366	56.000000	0.000000
993.372199	775.025354	56.000001	0.000000
993.372200	775.020351	56.000003	0.000000
993.372197	775.015543	55.999998	0.000000
993.372201	775.010562	55.999998	0.000000
993.372196	775.005551	55.999999	0.000000
993.372198	775.000540	55.999999	0.000000
993.372197	774.995542	55.999999	0.000000
993.372198	774.990563	55.999999	0.000000
993.372201	774.985544	55.999998	0.000000
993.372194	774.980541	55.999998	0.000000
993.372201	774.975143	55.999999	0.000000
993.372200	774.970163	55.999999	0.000000
993.372200	774.965160	55.999999	0.000000
993.372196	774.960151	55.999998	0.000000
993.372199	774.955149	55.999999	0.000000
993.372197	774.950161	55.999999	0.000000
993.372197	774.945153	55.999998	0.000000
993.372198	774.940351	56.000002	0.000000
993.372201	774.935346	56.000002	0.000000
993.372202	774.930366	56.000001	0.000000
993.372201	774.925355	55.999999	0.000000
993.372202	774.920151	56.000000	0.000000
993.372198	774.915346	56.000000	0.000000
993.372201	774.910160	55.999999	0.000000
993.372199	774.905352	55.999999	0.000000
993.372202	774.899754	56.000000	0.000000
993.372197	774.895137	55.999998	0.000000
993.372204	774.889759	56.000000	0.000000
993.372202	774.884951	56.000002	0.000000
993.372197	774.879948	56.000002	0.000000
993.372200	774.874938	56.000002	0.000000
993.372202	774.869957	56.000001	0.000000
993.372203	774.864953	56.000000	0.000000
993.372202	774.859951	56.000000	0.000000
993.372200	774.855131	56.000003	0.000000
993.372201	774.850153	56.000003	0.000000
993.372198	774.845147	55.999999	0.000000
993.372198	774.840146	55.999998	0.000000
993.372202	774.835134	56.000000	0.000000
993.372199	774.830158	56.000003	0.000000
993.372199	774.824556	55.999999	0.000000
993.372204	774.819554	55.999997	0.000000
993.372201	774.814740	55.999998	0.000000
993.372199	774.809756	55.999998	0.000000
993.372201	774.804749	56.000001	0.000000
993.372203	774.799753	56.000002	0.000000
993.372203	774.794938	56.000000	0.000000
993.372204	774.789754	56.000002	0.000000
993.372201	774.784948	56.000002	0.000000
993.372203	774.779954	56.000002	0.000000
993.372204	774.774944	56.000000	0.000000
993.372200	774.769965	55.999999	0.000000
993.372201	774.764957	55.999999	0.000000
993.372199	774.759963	55.999997	0.000000
993.372197	774.754749	56.000003	0.000000
993.372200	774.749774	56.000003	0.000000
993.372198	774.744568	55.999998	0.000000
993.372199	774.739772	55.999999	0.000000
993.372199	774.734368	56.000000	0.000000
993.372203	774.729781	56.000001	0.000000
993.372198	774.724579	55.999999	0.000000
993.372199	774.719778	55.999998	0.000000
993.372197	774.714171	56.000000	0.000000
993.372202	774.709785	56.000002	0.000000
993.372204	774.704781	56.000001	0.000000
993.372202	774.699780	55.999997	0.000000
993.372199	774.694569	56.000002	0.000000
993.372201	774.689787	56.000001	0.000000
993.372196	774.684779	55.999999	0.000000
993.372196	774.679779	56.000002	0.000000
993.372198	774.674164	56.000000	0.000000
993.372201	774.669583	55.999999	0.000000
993.372197	774.664376	56.000000	0.000000
993.372197	774.659378	55.999998	0.000000
993.372200	774.654361	56.000000	0.000000
993.372202	774.649576	55.999999	0.000000
993.372204	774.644567	56.000002	0.000000
993.372202	774.639373	56.000001	0.000000
993.372199	774.634553	56.000001	0.000000
993.372200	774.629571	55.999998	0.000000
993.372199	774.624567	56.000000	0.000000
993.372200	774.619570	56.000002	0.000000
993.372199	774.614562	55.999998	0.000000
993.372198	774.609570	55.999998	0.000000
993.372198	774.604572	56.000002	0.000000
993.372200	774.599380	55.999997	0.000000
993.372197	774.593970	55.999998	0.000000
993.372197	774.588972	55.999999	0.000000
993.372197	774.583976	56.000002	0.000000
993.372197	774.578975	56.000000	0.000000
993.372194	774.573962	56.000001	0.000000
993.372197	774.568965	56.000000	0.000000
993.372201	774.564171	55.999998	0.000000
993.372200	774.559172	55.999997	0.000000
993.372198	774.554159	55.999999	0.000000
993.372199	774.549157	56.000002	0.000000
993.372198	774.544153	55.999999	0.000000
993.372199	774.539157	55.999998	0.000000
993.372194	774.534145	55.999998	0.000000
993.372197	774.529149	55.999999	0.000000
993.372200	774.523753	55.999998	0.000000
993.372203	774.518758	56.000001	0.000000
993.372198	774.513746	56.000002	0.000000
993.372194	774.508742	56.000000	0.000000
993.372199	774.503756	55.999998	0.000000
993.372196	774.498760	56.000001	0.000000
993.372200	774.493750	56.000000	0.000000
993.372199	774.488345	56.000000	0.000000
993.372198	774.483954	55.999999	0.000000
993.372201	774.478958	56.000000	0.000000
993.372198	774.473942	56.000001	0.000000
993.372196	774.468950	55.999999	0.000000
993.372199	774.463953	56.000002	0.000000
993.372197	774.458760	56.000000	0.000000
993.372196	774.453947	55.999999	0.000000
993.372199	774.448549	56.000000	0.000000
993.372199	774.443355	55.999997	0.000000
993.372199	774.438161	56.000002	0.000000
993.372200	774.433348	56.000002	0.000000
993.372202	774.428132	56.000001	0.000000
993.372203	774.423352	56.000002	0.000000
993.372200	774.418354	55.999998	0.000000
993.372199	774.413543	55.999999	0.000000
993.372198	774.408533	55.999998	0.000000
993.372201	774.403550	56.000002	0.000000
993.372198	774.398552	55.999998	0.000000
993.372197	774.393344	56.000002	0.000000
993.372201	774.388541	56.000002	0.000000
993.372198	774.383559	55.999999	0.000000
993.372199	774.378563	55.999998	0.000000
993.372198	774.373151	55.999998	0.000000
993.372199	774.368137	56.000002	0.000000
993.372200	774.363155	56.000000	0.000000
993.372200	774.358156	55.999998	0.000000
993.372201	774.353151	56.000002	0.000000
993.372194	774.348348	56.000002	0.000000
993.372202	774.343157	55.999997	0.000000
993.372201	774.337959	56.000003	0.000000
993.372196	774.333157	56.000003	0.000000
993.372200	774.328145	56.000000	0.000000
993.372201	774.323161	55.999997	0.000000
993.372200	774.318169	56.000000	0.000000
993.372199	774.313154	55.999999	0.000000
993.372200	774.307934	56.000003	0.000000
993.372201	774.303154	56.000002	0.000000
993.372196	774.297547	55.999999	0.000000
993.372198	774.292550	56.000000	0.000000
993.372197	774.287533	56.000003	0.000000
993.372196	774.282548	55.999999	0.000000
993.372196	774.277553	56.000001	0.000000
993.372198	774.272757	56.000001	0.000000
993.372199	774.267536	55.999997	0.000000
993.372199	774.262549	56.000002	0.000000
993.372199	774.257765	55.999999	0.000000
993.372198	774.252763	56.000002	0.000000
993.372201	774.247741	56.000003	0.000000
993.372197	774.242559	55.999999	0.000000
993.372199	774.237761	56.000002	0.000000
993.372202	774.232759	56.000001	0.000000
993.372199	774.227741	55.999997	0.000000
993.372197	774.222551	56.000002	0.000000
993.372201	774.217757	56.000002	0.000000
993.372200	774.212359	56.000001	0.000000
993.372199	774.207339	55.999998	0.000000
993.372198	774.202353	56.000001	0.000000
993.372198	774.197356	56.000000	0.000000
993.372198	774.192368	56.000002	0.000000
993.372198	774.187347	55.999997	0.000000
993.372202	774.182356	56.000000	0.000000
993.372198	774.177562	56.000002	0.000000
993.372201	774.172365	55.999997	0.000000
993.372194	774.167538	55.999998	0.000000
993.372196	774.162549	56.000002	0.000000
993.372203	774.157565	55.999998	0.000000
993.372200	774.152762	55.999997	0.000000
993.372197	774.147537	56.000002	0.000000
993.372200	774.142757	56.000002	0.000000
993.372203	774.137155	55.999999	0.000000
993.372199	774.132159	56.000003	0.000000
993.372201	774.127142	56.000000	0.000000
993.372197	774.122149	55.999999	0.000000
993.372199	774.117160	56.000001	0.000000
993.372199	774.112165	55.999997	0.000000
993.372197	774.107139	55.999999	0.000000
993.372196	774.102348	55.999997	0.000000
993.372200	774.097358	56.000000	0.000000
993.372200	774.092162	56.000000	0.000000
993.372200	774.087337	56.000003	0.000000
993.372204	774.082353	55.999999	0.000000
993.372196	774.077359	55.999997	0.000000
993.372197	774.072362	55.999997	0.000000
993.372200	774.067340	56.000000	0.000000
993.372197	774.062150	55.999998	0.000000
993.372197	774.057157	55.999997	0.000000
993.372200	774.052164	55.999999	0.000000
993.372198	774.047139	56.000002	0.000000
993.372200	774.042151	56.000003	0.000000
993.372202	774.037159	56.000003	0.000000
993.372196	774.032163	55.999997	0.000000
993.372197	774.027133	55.999998	0.000000
993.372201	774.022352	55.999997	0.000000
993.372198	774.017360	56.000001	0.000000
993.372201	774.012359	56.000002	0.000000
993.372197	774.007335	55.999998	0.000000
993.372201	774.002145	56.000003	0.000000
993.372202	773.997155	56.000001	0.000000
993.372200	773.992361	56.000002	0.000000
993.372198	773.986934	56.000000	0.000000
993.372201	773.981944	55.999997	0.000000
993.372201	773.976752	56.000002	0.000000
993.372202	773.971959	56.000002	0.000000
993.372203	773.966936	55.999998	0.000000
993.372202	773.961941	56.000000	0.000000
993.372199	773.957151	55.999999	0.000000
993.372202	773.951958	55.999998	0.000000
993.372195	773.947136	55.999998	0.000000
993.372199	773.941948	56.000002	0.000000
993.372200	773.937144	56.000002	0.000000
993.372200	773.931955	56.000001	0.000000
993.372198	773.927134	56.000001	0.000000
993.372201	773.922150	56.000000	0.000000
993.372200	773.917156	56.000000	0.000000
993.372201	773.911754	56.000002	0.000000
993.372201	773.906737	56.000000	0.000000
993.372200	773.901744	56.000000	0.000000
993.372199	773.896740	55.999999	0.000000
993.372204	773.891951	55.999999	0.000000
993.372201	773.886728	55.999999	0.000000
993.372203	773.881943	55.999999	0.000000
993.372199	773.876945	56.000002	0.000000
993.372199	773.871559	56.000002	0.000000
993.372198	773.866927	55.999999	0.000000
993.372201	773.861941	56.000001	0.000000
993.372203	773.856943	55.999999	0.000000
993.372200	773.851752	55.999998	0.000000
993.372199	773.846928	55.999999	0.000000
993.372202	773.841936	56.000001	0.000000
993.372204	773.836539	56.000000	0.000000
993.372205	773.831550	55.999997	0.000000
993.372202	773.826527	56.000002	0.000000
993.372202	773.821532	55.999999	0.000000
993.372203	773.816537	55.999999	0.000000
993.372204	773.811547	56.000001	0.000000
993.372198	773.806520	55.999997	0.000000
993.372202	773.801729	55.999999	0.000000
993.372201	773.796737	56.000002	0.000000
993.372202	773.791547	56.000001	0.000000
993.372206	773.786726	56.000001	0.000000
993.372199	773.781733	55.999998	0.000000
993.372199	773.776732	56.000002	0.000000
993.372204	773.771749	55.999998	0.000000
993.372201	773.766722	56.000000	0.000000
993.372200	773.761533	55.999998	0.000000
993.372203	773.756538	56.000002	0.000000
993.372200	773.751546	55.999998	0.000000
993.372199	773.746524	55.999998	0.000000
993.372203	773.741330	55.999998	0.000000
993.372202	773.736532	56.000000	0.000000
993.372203	773.731547	55.999999	0.000000
993.372203	773.726719	56.000001	0.000000
993.372198	773.721732	56.000003	0.000000
993.372202	773.716731	55.999998	0.000000
993.372199	773.711748	55.999997	0.000000
993.372204	773.706522	55.999998	0.000000
993.372199	773.701530	56.000001	0.000000
993.372202	773.696729	55.999998	0.000000
993.372199	773.691345	55.999997	0.000000
993.372200	773.686320	56.000001	0.000000
993.372199	773.681328	56.000002	0.000000
993.372201	773.676325	55.999998	0.000000
993.372200	773.671343	55.999999	0.000000
993.372198	773.666121	55.999999	0.000000
993.372202	773.661328	56.000003	0.000000
993.372200	773.656532	56.000003	0.000000
993.372204	773.651346	55.999998	0.000000
993.372200	773.646325	56.000002	0.000000
993.372202	773.641328	56.000001	0.000000
993.372200	773.636330	55.999998	0.000000
993.372201	773.631544	55.999997	0.000000
993.372197	773.626527	56.000001	0.000000
993.372205	773.621529	56.000001	0.000000
993.372201	773.616533	55.999998	0.000000
993.372195	773.611148	56.000000	0.000000
993.372199	773.606137	56.000002	0.000000
993.372199	773.601141	55.999998	0.000000
993.372197	773.596342	55.999999	0.000000
993.372200	773.591159	55.999997	0.000000
993.372198	773.586337	55.999998	0.000000
993.372199	773.581143	56.000002	0.000000
993.372197	773.576346	56.000002	0.000000
993.372194	773.571160	55.999997	0.000000
993.372201	773.566342	55.999997	0.000000
993.372199	773.561345	56.000000	0.000000
993.372201	773.556350	56.000002	0.000000
993.372199	773.551356	55.999999	0.000000
993.372201	773.546342	55.999997	0.000000
993.372200	773.541349	56.000001	0.000000
993.372196	773.536148	56.000000	0.000000
993.372198	773.530962	55.999998	0.000000
993.372200	773.526144	55.999999	0.000000
993.372198	773.520948	56.000000	0.000000
993.372197	773.515942	55.999999	0.000000
993.372198	773.510961	56.000001	0.000000
993.372197	773.506143	56.000000	0.000000
993.372200	773.501152	56.000001	0.000000
993.372200	773.496152	55.999999	0.000000
993.372201	773.490964	56.000001	0.000000
993.372196	773.486140	56.000000	0.000000
993.372201	773.481151	56.000000	0.000000
993.372198	773.476348	56.000000	0.000000
993.372195	773.471157	55.999999	0.000000
993.372199	773.465745	56.000001	0.000000
993.372199	773.460748	55.999999	0.000000
993.372197	773.455942	56.000000	0.000000
993.372199	773.450964	56.000000	0.000000
993.372197	773.445945	56.000000	0.000000
993.372198	773.440747	56.000002	0.000000
993.372199	773.435747	55.999999	0.000000
993.372199	773.430761	56.000001	0.000000
993.372200	773.425753	56.000000	0.000000
993.372200	773.420749	56.000001	0.000000
993.372200	773.415742	55.999999	0.000000
993.372199	773.410762	55.999999	0.000000
993.372199	773.405750	56.000001	0.000000
993.372197	773.400750	56.000001	0.000000
993.372197	773.395948	56.000003	0.000000
993.372205	773.390364	55.999998	0.000000
993.372198	773.385545	55.999998	0.000000
993.372201	773.380546	56.000001	0.000000
993.372198	773.375541	56.000002	0.000000
993.372202	773.370361	56.000000	0.000000
993.372201	773.365345	56.000001	0.000000
993.372202	773.360346	55.999998	0.000000
993.372200	773.355533	55.999998	0.000000
993.372201	773.350157	56.000001	0.000000
993.372202	773.345348	56.000002	0.000000
993.372200	773.340343	56.000000	0.000000
993.372205	773.335336	56.000000	0.000000
993.372198	773.330360	56.000002	0.000000
993.372201	773.325347	55.999999	0.000000
993.372200	773.320349	56.000000	0.000000
993.372200	773.315139	55.999998	0.000000
993.372200	773.309761	56.000000	0.000000
993.372199	773.304952	56.000001	0.000000
993.372201	773.299949	56.000000	0.000000
993.372205	773.295131	56.000001	0.000000
993.372198	773.289761	55.999999	0.000000
993.372201	773.284948	56.000000	0.000000
993.372199	773.279953	56.000000	0.000000
993.372198	773.275131	55.999999	0.000000
993.372200	773.269759	56.000001	0.000000
993.372200	773.265138	56.000000	0.000000
993.372203	773.260146	56.000000	0.000000
993.372199	773.255136	56.000001	0.000000
993.372204	773.250356	56.000002	0.000000
993.372202	773.244753	55.999998	0.000000
993.372196	773.239754	56.000001	0.000000
993.372202	773.234741	56.000000	0.000000
993.372203	773.229760	55.999998	0.000000
993.372198	773.224554	55.999999	0.000000
993.372198	773.219750	56.000000	0.000000
993.372198	773.214737	55.999999	0.000000
993.372203	773.209955	56.000002	0.000000
993.372203	773.204946	55.999999	0.000000
993.372200	773.199948	56.000001	0.000000
993.372198	773.194935	56.000003	0.000000
993.372205	773.189953	55.999998	0.000000
993.372204	773.184949	56.000001	0.000000
993.372196	773.179752	55.999997	0.000000
993.372196	773.174939	55.999998	0.000000
993.372201	773.169954	56.000002	0.000000
993.372195	773.164551	56.000002	0.000000
993.372204	773.159754	56.000002	0.000000
993.372196	773.154541	55.999999	0.000000
993.372201	773.149753	55.999998	0.000000
993.372198	773.144551	55.999999	0.000000
993.372196	773.139755	56.000000	0.000000
993.372199	773.134740	55.999998	0.000000
993.372198	773.129758	56.000001	0.000000
993.372198	773.124754	55.999999	0.000000
993.372199	773.119761	55.999998	0.000000
993.372198	773.114745	56.000002	0.000000
993.372204	773.109760	56.000000	0.000000
993.372199	773.104768	55.999997	0.000000
993.372196	773.099764	56.000001	0.000000
993.372197	773.094953	56.000001	0.000000
993.372197	773.089557	56.000000	0.000000
993.372199	773.084363	55.999998	0.000000
993.372199	773.079366	55.999999	0.000000
993.372202	773.074348	56.000002	0.000000
993.372198	773.069559	56.000001	0.000000
993.372195	773.064360	55.999998	0.000000
993.372197	773.059560	55.999998	0.000000
993.372199	773.054540	55.999998	0.000000
993.372193	773.049555	56.000002	0.000000
993.372201	773.044561	56.000002	0.000000
993.372196	773.039561	56.000001	0.000000
993.372199	773.034347	56.000003	0.000000
993.372196	773.029560	56.000001	0.000000
993.372201	773.024558	56.000002	0.000000
993.372198	773.019760	56.000002	0.000000
993.372201	773.013756	56.000001	0.000000
993.372203	773.009352	56.000000	0.000000
993.372200	773.004165	56.000002	0.000000
993.372201	772.999167	56.000000	0.000000
993.372204	772.994154	55.999998	0.000000
993.372203	772.988956	56.000002	0.000000
993.372204	772.984162	56.000002	0.000000
993.372197	772.979357	56.000000	0.000000
993.372200	772.974345	56.000003	0.000000
993.372200	772.969352	56.000003	0.000000
993.372198	772.964162	55.999997	0.000000
993.372200	772.959360	56.000001	0.000000
993.372198	772.954347	55.999998	0.000000
993.372198	772.949358	55.999997	0.000000
993.372195	772.944557	55.999998	0.000000
993.372198	772.938964	55.999998	0.000000
993.372200	772.933953	56.000001	0.000000
993.372199	772.928950	56.000002	0.000000
993.372200	772.923961	56.000000	0.000000
993.372200	772.918964	55.999998	0.000000
993.372196	772.913751	56.000003	0.000000
993.372198	772.909156	55.999998	0.000000
993.372198	772.904164	56.000000	0.000000
993.372199	772.899165	56.000002	0.000000
993.372199	772.894155	56.000002	0.000000
993.372200	772.889160	56.000000	0.000000
993.372202	772.884165	55.999997	0.000000
993.372199	772.879370	56.000001	0.000000
993.372197	772.874350	56.000000	0.000000
993.372200	772.869359	55.999999	0.000000
993.372204	772.863769	55.999998	0.000000
993.372202	772.858972	55.999998	0.000000
993.372204	772.853762	56.000003	0.000000
993.372204	772.848753	56.000003	0.000000
993.372201	772.843768	56.000002	0.000000
993.372202	772.838962	56.000001	0.000000
993.372201	772.833755	56.000001	0.000000
993.372201	772.828958	56.000003	0.000000
993.372198	772.823963	56.000003	0.000000
993.372203	772.818968	56.000003	0.000000
993.372201	772.813958	56.000003	0.000000
993.372202	772.808754	55.999997	0.000000
993.372201	772.803964	56.000002	0.000000
993.372200	772.798972	55.999998	0.000000
993.372201	772.793955	55.999996	0.000000
993.372198	772.788351	55.999997	0.000000
993.372203	772.783562	56.000000	0.000000
993.372200	772.778569	55.999999	0.000000
993.372200	772.773559	55.999999	0.000000
993.372203	772.768560	56.000000	0.000000
993.372197	772.763569	56.000001	0.000000
993.372201	772.758381	55.999997	0.000000
993.372202	772.753758	56.000002	0.000000
993.372201	772.748561	56.000002	0.000000
993.372204	772.743766	55.999998	0.000000
993.372200	772.738776	55.999996	0.000000
993.372199	772.733755	55.999998	0.000000
993.372201	772.728759	55.999999	0.000000
993.372199	772.723756	55.999999	0.000000
993.372199	772.718767	56.000000	0.000000
993.372199	772.713356	55.999997	0.000000
993.372200	772.708346	55.999999	0.000000
993.372199	772.703356	56.000001	0.000000
993.372200	772.698361	56.000003	0.000000
993.372201	772.693153	55.999999	0.000000
993.372201	772.688345	56.000002	0.000000
993.372202	772.683357	55.999999	0.000000
993.372200	772.678359	55.999999	0.000000
993.372200	772.673545	55.999999	0.000000
993.372203	772.668542	56.000001	0.000000
993.372200	772.663557	56.000001	0.000000
993.372202	772.658571	56.000001	0.000000
993.372199	772.653550	56.000001	0.000000
993.372202	772.648548	56.000002	0.000000
993.372202	772.643557	56.000001	0.000000
993.372199	772.638568	56.000000	0.000000
993.372200	772.633156	56.000002	0.000000
993.372200	772.628349	55.999998	0.000000
993.372203	772.623158	56.000003	0.000000
993.372201	772.618167	56.000003	0.000000
993.372198	772.613154	56.000001	0.000000
993.372197	772.607936	55.999998	0.000000
993.372201	772.603360	56.000002	0.000000
993.372204	772.598369	56.000002	0.000000
993.372202	772.593354	56.000002	0.000000
993.372198	772.588347	56.000002	0.000000
993.372201	772.583369	56.000001	0.000000
993.372200	772.578374	55.999999	0.000000
993.372199	772.573358	56.000001	0.000000
993.372199	772.568352	56.000001	0.000000
993.372201	772.563361	56.000000	0.000000
993.372198	772.557963	56.000000	0.000000
993.372199	772.553155	56.000000	51.733000
993.372199	772.547940	56.000001	51.743000
993.372199	772.542952	55.999999	52.021000
993.372200	772.537757	56.000000	52.440000
993.372198	772.533156	55.999999	52.930000
993.372195	772.527944	55.999999	53.421000
993.372198	772.523161	55.999999	53.913000
993.372194	772.518168	56.000000	54.407000
993.372202	772.513162	55.999999	54.902000
993.372200	772.508150	55.999999	55.398000
993.372197	772.503167	56.000001	55.965000
993.372198	772.498172	55.999999	56.532000
993.372204	772.493163	55.999999	57.170000
993.372199	772.488155	56.000001	57.738000
993.372197	772.483165	56.000002	58.376000
993.372197	772.477973	55.999999	59.013000
993.372198	772.473165	56.000003	59.648000
993.372198	772.467948	55.999999	60.211000
993.372195	772.463169	56.000003	60.771000
993.372200	772.457969	55.999999	60.798000
993.372197	772.453160	56.000002	60.822000
993.372196	772.448148	56.000003	60.843000
993.372199	772.443167	56.000002	60.860000
993.372202	772.438173	56.000001	60.873000
993.372200	772.433168	55.999999	60.883000
993.372202	772.428157	56.000002	60.899000
993.372198	772.423163	56.000002	60.919000
993.372198	772.418172	56.000002	60.944000
993.372197	772.413164	56.000003	60.971000
993.372199	772.407744	55.999998	61.001000
993.372198	772.402755	55.999998	61.034000
993.372197	772.397760	55.999998	61.069000
993.372197	772.392768	55.999999	61.109000
993.372198	772.387745	55.999998	61.152000
993.372199	772.382753	55.999998	61.207000
993.372196	772.377764	55.999998	61.271000
993.372195	772.372961	55.999999	61.318000
993.372193	772.367944	55.999998	61.356000
993.372201	772.362962	55.999999	61.389000
993.372198	772.357968	55.999999	61.417000
993.372195	772.352960	56.000000	61.440000
993.372198	772.347743	56.000002	61.461000
993.372198	772.343165	55.999999	61.479000
993.372200	772.337765	56.000002	61.498000
993.372198	772.332566	55.999998	61.519000
993.372199	772.327338	55.999997	61.540000
993.372201	772.322552	56.000002	61.565000
993.372197	772.317354	56.000001	61.591000
993.372198	772.312567	55.999998	61.615000
993.372202	772.307539	55.999999	61.638000
993.372197	772.302754	55.999998	61.658000
993.372199	772.297759	55.999998	61.676000
993.372196	772.292761	56.000002	61.690000
993.372199	772.287740	56.000002	61.703000
993.372199	772.282755	55.999999	61.714000
993.372198	772.277753	55.999998	61.723000
993.372200	772.272757	56.000000	61.729000
993.372199	772.267741	56.000003	61.735000
993.372200	772.262748	55.999999	61.743000
993.372206	772.257348	56.000000	61.756000
993.372199	772.252353	55.999999	61.769000
993.372201	772.247335	56.000000	61.779000
993.372203	772.242548	56.000000	61.788000
993.372198	772.237551	55.999999	61.797000
993.372201	772.232555	56.000000	61.806000
993.372202	772.227332	56.000000	61.816000
993.372201	772.222555	56.000000	61.825000
993.372200	772.217554	55.999999	61.834000
993.372196	772.212557	56.000000	61.841000
993.372201	772.207537	56.000000	61.843000
993.372198	772.202547	56.000000	61.838000
993.372197	772.197351	56.000001	61.824000
993.372200	772.192756	56.000000	61.809000
993.372203	772.187335	56.000000	61.802000
993.372201	772.182149	56.000000	61.801000
993.372201	772.177151	56.000000	61.802000
993.372202	772.172358	56.000000	61.801000
993.372199	772.167129	56.000000	61.800000
993.372202	772.162137	56.000001	61.801000
993.372203	772.157145	56.000003	61.805000
993.372201	772.152347	55.999997	61.811000
993.372201	772.147119	56.000000	61.818000
993.372200	772.142332	55.999997	61.824000
993.372201	772.137338	55.999998	61.829000
993.372201	772.132345	55.999999	61.832000
993.372198	772.127122	56.000000	61.832000
993.372199	772.122534	56.000002	61.831000
993.372201	772.117336	55.999999	61.830000
993.372206	772.112344	56.000001	61.830000
993.372200	772.107124	55.999999	61.830000
993.372203	772.101930	56.000002	61.831000
993.372202	772.096934	56.000001	61.830000
993.372198	772.091953	56.000001	61.826000
993.372201	772.086932	56.000000	61.819000
993.372200	772.081937	56.000001	61.812000
993.372197	772.076943	56.000000	61.807000
993.372201	772.071949	55.999999	61.805000
993.372202	772.066923	55.999998	61.806000
993.372201	772.062136	56.000001	61.808000
993.372199	772.057140	56.000001	61.812000
993.372203	772.052146	56.000001	61.817000
993.372199	772.047116	55.999999	61.821000
993.372200	772.042128	55.999998	61.825000
993.372201	772.037128	55.999999	61.827000
993.372197	772.031736	56.000001	61.827000
993.372202	772.026716	56.000000	61.823000
993.372201	772.021721	55.999999	61.817000
993.372202	772.016730	56.000001	61.810000
993.372199	772.011742	56.000001	61.804000
993.372201	772.006722	56.000000	61.801000
993.372196	772.001523	56.000001	61.799000
993.372201	771.996937	55.999999	61.797000
993.372205	771.991947	56.000000	61.795000
993.372200	771.986934	56.000000	61.794000
993.372202	771.981533	55.999999	61.794000
993.372200	771.976940	56.000000	61.796000
993.372203	771.971952	56.000000	61.798000
993.372201	771.966936	56.000001	61.800000
993.372201	771.961740	56.000001	61.801000
993.372197	771.956538	55.999998	61.802000
993.372201	771.951559	55.999998	61.801000
993.372198	771.946533	55.999998	61.800000
993.372198	771.941336	56.000001	61.799000
993.372199	771.936545	55.999998	61.797000
993.372195	771.931358	56.000001	61.795000
993.372196	771.926543	55.999998	61.793000
993.372199	771.921340	56.000000	61.792000
993.372201	771.916548	56.000001	61.791000
993.372197	771.911762	56.000002	61.791000
993.372199	771.906729	56.000002	61.791000
993.372199	771.901741	56.000003	61.790000
993.372201	771.896746	56.000002	61.788000
993.372200	771.891761	56.000003	61.789000
993.372204	771.886736	56.000002	61.790000
993.372200	771.881342	56.000000	61.791000
993.372198	771.876544	55.999998	61.791000
993.372199	771.871567	55.999999	61.789000
993.372195	771.866346	56.000001	61.786000
993.372197	771.861554	56.000002	61.782000
993.372196	771.856551	56.000002	61.777000
993.372199	771.851370	55.999997	61.769000
993.372200	771.846538	56.000001	61.759000
993.372199	771.841547	55.999998	61.752000
993.372201	771.836549	55.999999	61.751000
993.372201	771.831564	55.999998	61.755000
993.372198	771.826535	55.999998	61.763000
993.372199	771.821540	56.000000	61.772000
993.372195	771.816545	56.000002	61.781000
993.372199	771.811560	56.000003	61.788000
993.372198	771.806141	56.000000	61.795000
993.372197	771.801142	56.000001	61.798000
993.372196	771.796349	55.999998	61.797000
993.372196	771.791167	56.000003	61.794000
993.372199	771.786344	55.999999	61.791000
993.372199	771.781147	56.000001	61.791000
993.372194	771.776343	56.000001	61.793000
993.372203	771.771168	55.999999	61.793000
993.372197	771.766347	56.000002	61.788000
993.372199	771.761345	56.000001	61.778000
993.372200	771.756344	55.999998	61.768000
993.372198	771.751362	55.999998	61.760000
993.372195	771.746336	55.999999	61.755000
993.372194	771.741338	56.000003	61.751000
993.372201	771.736340	56.000002	61.747000
993.372200	771.730959	56.000001	61.744000
993.372195	771.725945	56.000002	61.744000
993.372201	771.720944	56.000003	61.747000
993.372200	771.716140	56.000000	61.752000
993.372198	771.710959	55.999999	61.759000
993.372200	771.705944	55.999998	61.765000
993.372200	771.700745	56.000002	61.771000
993.372201	771.696147	55.999999	61.775000
993.372196	771.690969	55.999999	61.777000
993.372198	771.686138	56.000002	61.776000
993.372201	771.681147	56.000001	61.774000
993.372198	771.676145	56.000000	61.772000
993.372198	771.671164	55.999999	61.769000
993.372198	771.666139	56.000002	61.768000
993.372200	771.661137	56.000000	61.767000
993.372201	771.655940	56.000000	61.767000
993.372203	771.650561	56.000000	61.767000
993.372201	771.645741	56.000002	61.765000
993.372198	771.640744	56.000001	61.764000
993.372202	771.635934	56.000001	61.764000
993.372201	771.630758	56.000001	61.765000
993.372203	771.625735	56.000001	61.768000
993.372196	771.620935	56.000002	61.770000
993.372201	771.615938	56.000001	61.773000
993.372202	771.610955	55.999999	61.773000
993.372201	771.605938	55.999999	61.769000
993.372203	771.600939	56.000001	61.761000
993.372199	771.595940	56.000002	61.750000
993.372200	771.590957	55.999998	61.741000
993.372199	771.585935	56.000000	61.734000
993.372199	771.580535	56.000000	61.732000
993.372207	771.575740	56.000000	61.733000
993.372202	771.570560	56.000001	61.735000
993.372202	771.565739	56.000002	61.737000
993.372202	771.560734	56.000001	61.739000
993.372198	771.555538	56.000000	61.741000
993.372201	771.550553	56.000002	61.742000
993.372198	771.545736	56.000001	61.743000
993.372199	771.540739	56.000002	61.744000
993.372203	771.535734	55.999999	61.745000
993.372200	771.530753	56.000000	61.746000
993.372203	771.525742	56.000001	61.747000
993.372202	771.520740	55.999999	61.748000
993.372195	771.515940	55.999998	61.750000
993.372203	771.510754	56.000002	61.753000
993.372199	771.505344	56.000001	61.755000
993.372204	771.500346	55.999999	61.754000
993.372202	771.495344	56.000001	61.749000
993.372198	771.490365	56.000001	61.742000
993.372198	771.485149	55.999999	61.737000
993.372200	771.480342	55.999998	61.736000
993.372202	771.475542	55.999999	61.739000
993.372204	771.470360	56.000002	61.745000
993.372198	771.465536	56.000001	61.753000
993.372199	771.460342	55.999998	61.761000
993.372200	771.455540	55.999998	61.768000
993.372196	771.450559	55.999998	61.773000
993.372201	771.445547	56.000001	61.774000
993.372200	771.440554	56.000000	61.771000
993.372202	771.435749	56.000001	61.766000
993.372201	771.430172	55.999999	61.761000
993.372200	771.425159	56.000002	61.756000
993.372201	771.420155	56.000002	61.751000
993.372200	771.415354	56.000000	61.745000
993.372198	771.410164	55.999998	61.738000
993.372197	771.405155	56.000002	61.731000
993.372201	771.400165	56.000002	61.725000
993.372197	771.395152	55.999999	61.721000
993.372199	771.390373	56.000002	61.719000
993.372200	771.385354	55.999999	61.719000
993.372198	771.380350	55.999997	61.720000
993.372201	771.375347	55.999999	61.722000
993.372202	771.370361	55.999999	61.724000
993.372201	771.365549	55.999997	61.725000
993.372198	771.359951	55.999999	61.725000
993.372197	771.354945	56.000002	61.724000
993.372199	771.349965	56.000002	61.723000
993.372201	771.344958	56.000000	61.723000
993.372199	771.339760	55.999999	61.724000
993.372194	771.334952	55.999998	61.727000
993.372201	771.329964	55.999998	61.730000
993.372202	771.325162	56.000000	61.731000
993.372198	771.319960	56.000000	61.731000
993.372200	771.315150	55.999998	61.727000
993.372199	771.310166	56.000000	61.722000
993.372199	771.305161	56.000001	61.716000
993.372200	771.300159	56.000001	61.712000
993.372201	771.295147	56.000001	61.709000
993.372202	771.290165	56.000001	61.710000
993.372200	771.284754	56.000003	61.713000
993.372200	771.279561	56.000000	61.718000
993.372200	771.274733	56.000002	61.723000
993.372198	771.269758	56.000002	61.729000
993.372198	771.264750	56.000002	61.733000
993.372201	771.259751	56.000002	61.736000
993.372201	771.254740	56.000003	61.737000
993.372200	771.249957	56.000000	61.737000
993.372199	771.244744	56.000000	61.737000
993.372199	771.239947	56.000003	61.738000
993.372198	771.234931	56.000002	61.740000
993.372199	771.229956	56.000002	61.743000
993.372197	771.224946	55.999999	61.746000
993.372195	771.219949	55.999998	61.747000
993.372194	771.214939	55.999998	61.747000
993.372197	771.209759	56.000000	61.744000
993.372202	771.204557	56.000001	61.741000
993.372196	771.199753	56.000001	61.740000
993.372197	771.194339	55.999998	61.739000
993.372197	771.189759	56.000001	61.737000
993.372199	771.184550	56.000002	61.733000
993.372200	771.179359	55.999998	61.727000
993.372202	771.174341	55.999999	61.718000
993.372197	771.169763	56.000001	61.710000
993.372200	771.164748	56.000002	61.704000
993.372199	771.159753	56.000002	61.700000
993.372197	771.154745	56.000002	61.700000
993.372202	771.149766	56.000001	61.703000
993.372203	771.144764	56.000000	61.708000
993.372198	771.139758	55.999999	61.713000
993.372199	771.134545	56.000003	61.719000
993.372200	771.129368	55.999999	61.722000
993.372199	771.124363	55.999999	61.723000
993.372202	771.119365	56.000000	61.722000
993.372199	771.114544	56.000001	61.719000
993.372200	771.109560	56.000001	61.714000
993.372199	771.104560	56.000003	61.706000
993.372196	771.099368	55.999999	61.698000
993.372199	771.094354	55.999999	61.690000
993.372202	771.089560	56.000002	61.685000
993.372201	771.084562	56.000001	61.682000
993.372198	771.079561	56.000002	61.676000
993.372199	771.074550	56.000001	61.666000
993.372201	771.069564	55.999998	61.656000
993.372202	771.064556	55.999998	61.653000
993.372201	771.059164	56.000003	61.657000
993.372202	771.054143	55.999997	61.664000
993.372201	771.049159	55.999998	61.673000
993.372203	771.044158	55.999999	61.682000
993.372198	771.039352	56.000001	61.689000
993.372202	771.034148	56.000002	61.695000
993.372203	771.029149	55.999997	61.699000
993.372202	771.024351	56.000003	61.702000
993.372200	771.019351	56.000000	61.705000
993.372201	771.014342	55.999997	61.709000
993.372200	771.009347	56.000001	61.714000
993.372198	771.004357	56.000002	61.720000
993.372196	770.999354	56.000000	61.727000
993.372202	770.994349	56.000000	61.734000
993.372199	770.989358	56.000001	61.740000
993.372198	770.983965	56.000000	61.746000
993.372199	770.979161	56.000001	61.748000
993.372204	770.973957	55.999999	61.749000
993.372204	770.968960	55.999999	61.747000
993.372200	770.963968	55.999999	61.744000
993.372204	770.958968	55.999999	61.743000
993.372200	770.953945	55.999999	61.742000
993.372202	770.949152	56.000000	61.743000
993.372201	770.943763	56.000001	61.743000
993.372201	770.939163	56.000000	61.743000
993.372202	770.934148	56.000000	61.740000
993.372201	770.929153	56.000000	61.737000
993.372198	770.924160	56.000000	61.733000
993.372200	770.919165	56.000000	61.731000
993.372196	770.914353	56.000000	61.728000
993.372196	770.908755	56.000000	61.724000
993.372199	770.903772	56.000000	61.719000
993.372200	770.898772	55.999997	61.714000
993.372191	770.893762	55.999998	61.710000
993.372203	770.888965	55.999999	61.708000
993.372197	770.883768	56.000002	61.709000
993.372199	770.878768	55.999997	61.710000
993.372198	770.873753	56.000002	61.713000
993.372199	770.868953	55.999997	61.716000
993.372201	770.863963	56.000002	61.719000
993.372200	770.858765	56.000002	61.720000
993.372202	770.853953	55.999998	61.721000
993.372200	770.848970	56.000001	61.721000
993.372202	770.843971	56.000001	61.720000
993.372202	770.838976	56.000001	61.718000
993.372199	770.833567	56.000001	61.716000
993.372200	770.828561	56.000001	61.714000
993.372196	770.823575	56.000001	61.713000
993.372199	770.818569	56.000001	61.713000
993.372202	770.813760	56.000000	61.714000
993.372199	770.808563	56.000002	61.716000
993.372201	770.803566	56.000002	61.718000
993.372196	770.798569	56.000002	61.720000
993.372203	770.793556	56.000003	61.720000
993.372198	770.788553	56.000002	61.717000
993.372200	770.783761	55.999998	61.713000
993.372198	770.778564	56.000001	61.709000
993.372204	770.773757	55.999998	61.707000
993.372202	770.768759	55.999998	61.708000
993.372199	770.763768	55.999999	61.711000
993.372195	770.758161	55.999998	61.717000
993.372199	770.753357	56.000001	61.723000
993.372197	770.748350	56.000000	61.730000
993.372196	770.743351	56.000002	61.736000
993.372196	770.738357	56.000001	61.742000
993.372198	770.733350	56.000000	61.746000
993.372196	770.728347	55.999998	61.746000
993.372201	770.723550	56.000000	61.743000
993.372200	770.718563	56.000001	61.740000
993.372197	770.713555	56.000001	61.739000
993.372200	770.708551	56.000000	61.739000
993.372200	770.703562	55.999999	61.740000
993.372199	770.698559	56.000000	61.741000
993.372199	770.693756	56.000000	61.739000
993.372194	770.688553	56.000000	61.736000
993.372199	770.683154	56.000001	61.730000
993.372202	770.678161	56.000001	61.723000
993.372197	770.673147	55.999999	61.716000
993.372197	770.668145	56.000000	61.710000
993.372196	770.663356	56.000000	61.705000
993.372198	770.658158	56.000000	61.702000
993.372199	770.653349	55.999999	61.701000
993.372203	770.648346	55.999999	61.702000
993.372202	770.643350	55.999998	61.705000
993.372198	770.638357	55.999997	61.710000
993.372200	770.633150	55.999998	61.717000
993.372204	770.628347	56.000000	61.725000
993.372197	770.623353	56.000001	61.732000
993.372200	770.618362	56.000002	61.739000
993.372198	770.613547	55.999997	61.743000
993.372202	770.608141	56.000003	61.743000
993.372196	770.603152	55.999998	61.740000
993.372199	770.597957	56.000001	61.736000
993.372201	770.592946	55.999998	61.732000
993.372203	770.587733	55.999999	61.730000
993.372198	770.583153	56.000000	61.730000
993.372200	770.577956	56.000002	61.732000
993.372198	770.573151	55.999998	61.733000
993.372202	770.568143	56.000001	61.735000
993.372197	770.563152	56.000003	61.738000
993.372198	770.558152	56.000002	61.741000
993.372198	770.553152	56.000000	61.744000
993.372201	770.547937	56.000002	61.748000
993.372200	770.543155	56.000000	61.751000
993.372199	770.538157	55.999998	61.752000
993.372201	770.532951	56.000003	61.750000
993.372199	770.527533	55.999998	61.747000
993.372201	770.522947	56.000002	61.742000
993.372201	770.517753	55.999998	61.739000
993.372205	770.512950	56.000000	61.739000
993.372201	770.507732	56.000000	61.741000
993.372203	770.502955	55.999998	61.743000
993.372201	770.497961	55.999998	61.743000
993.372198	770.492953	56.000001	61.742000
993.372200	770.487944	55.999998	61.739000
993.372194	770.482954	56.000000	61.735000
993.372195	770.477951	56.000000	61.730000
993.372198	770.472950	56.000000	61.723000
993.372198	770.467941	56.000000	61.714000
993.372202	770.462343	56.000000	61.705000
993.372201	770.457549	56.000000	61.698000
993.372203	770.452748	56.000000	61.696000
993.372203	770.447539	56.000000	61.698000
993.372203	770.442552	56.000001	61.702000
993.372202	770.437558	55.999998	61.708000
993.372202	770.432561	56.000001	61.714000
993.372200	770.427550	55.999999	61.719000
993.372199	770.422764	56.000000	61.723000
993.372198	770.417767	56.000000	61.727000
993.372199	770.412762	56.000001	61.730000
993.372201	770.407749	55.999999	61.732000
993.372201	770.402770	56.000001	61.732000
993.372202	770.397770	56.000001	61.731000
993.372199	770.392766	56.000000	61.729000
993.372201	770.387348	56.000000	61.727000
993.372201	770.382365	55.999999	61.725000
993.372203	770.377365	56.000001	61.721000
993.372200	770.372574	56.000000	61.716000
993.372202	770.367352	56.000000	61.710000
993.372203	770.362568	56.000002	61.706000
993.372205	770.357370	55.999999	61.705000
993.372199	770.352571	56.000000	61.705000
993.372202	770.347558	56.000001	61.702000
993.372199	770.342564	55.999999	61.697000
993.372204	770.337566	56.000002	61.691000
993.372199	770.332368	55.999998	61.687000
993.372199	770.327551	55.999997	61.687000
993.372205	770.322566	56.000000	61.691000
993.372200	770.317562	56.000000	61.697000
993.372202	770.312169	56.000000	61.705000
993.372198	770.307138	55.999999	61.713000
993.372196	770.301953	55.999998	61.722000
993.372198	770.297157	55.999998	61.732000
993.372199	770.292166	55.999998	61.741000
993.372202	770.287141	56.000002	61.747000
993.372200	770.282152	56.000001	61.750000
993.372197	770.276944	56.000001	61.751000
993.372201	770.272365	55.999999	61.752000
993.372201	770.267338	56.000002	61.753000
993.372204	770.262349	56.000001	61.756000
993.372200	770.257353	55.999998	61.758000
993.372202	770.252357	55.999999	61.759000
993.372200	770.247338	56.000001	61.760000
993.372200	770.242554	56.000002	61.759000
993.372202	770.236941	55.999998	61.755000
993.372200	770.231962	56.000000	61.749000
993.372199	770.226936	56.000000	61.742000
993.372200	770.221939	55.999998	61.737000
993.372199	770.216943	56.000001	61.734000
993.372198	770.211756	56.000001	61.733000
993.372200	770.206932	56.000002	61.732000
993.372196	770.201942	56.000001	61.731000
993.372203	770.197144	56.000001	61.730000
993.372202	770.192149	55.999999	61.731000
993.372198	770.187134	56.000000	61.733000
993.372199	770.181938	55.999998	61.737000
993.372201	770.177143	55.999998	61.741000
993.372201	770.171950	56.000000	61.744000
993.372201	770.167128	56.000000	61.744000
993.372200	770.161733	55.999998	61.742000
993.372199	770.156734	56.000001	61.736000
993.372198	770.151551	56.000002	61.729000
993.372200	770.146728	56.000002	61.724000
993.372196	770.141733	55.999999	61.720000
993.372197	770.136538	55.999997	61.718000
993.372204	770.131747	55.999998	61.716000
993.372201	770.126720	56.000002	61.714000
993.372200	770.121725	55.999997	61.711000
993.372200	770.116934	56.000000	61.708000
993.372196	770.111739	56.000002	61.706000
993.372201	770.106916	56.000001	61.705000
993.372201	770.101930	56.000001	61.704000
993.372199	770.096730	56.000001	61.704000
993.372202	770.091946	56.000001	61.704000
993.372202	770.086526	56.000001	61.703000
993.372198	770.081528	55.999999	61.704000
993.372197	770.076532	56.000001	61.705000
993.372199	770.071545	55.999999	61.708000
993.372200	770.066526	56.000000	61.712000
993.372198	770.061528	56.000000	61.716000
993.372202	770.056532	55.999999	61.720000
993.372200	770.051746	55.999999	61.722000
993.372199	770.046723	55.999999	61.723000
993.372199	770.041723	56.000001	61.724000
993.372196	770.036737	56.000001	61.725000
993.372199	770.031742	55.999999	61.727000
993.372200	770.026725	55.999999	61.731000
993.372202	770.021731	55.999999	61.737000
993.372198	770.016735	56.000001	61.742000
993.372196	770.011349	55.999998	61.748000
993.372202	770.006527	55.999999	61.751000
993.372199	770.001335	55.999999	61.751000
993.372199	769.996541	56.000000	61.746000
993.372201	769.991353	56.000000	61.737000
993.372199	769.986524	56.000002	61.729000
993.372200	769.981329	56.000001	61.725000
993.372205	769.976533	56.000002	61.727000
993.372199	769.971545	55.999999	61.732000
993.372199	769.966533	55.999998	61.737000
993.372201	769.961532	56.000001	61.740000
993.372197	769.956532	55.999998	61.740000
993.372197	769.951548	55.999999	61.737000
993.372199	769.946530	56.000001	61.733000
993.372200	769.941538	56.000000	61.728000
993.372203	769.936330	56.000000	61.724000
993.372197	769.931154	55.999998	61.720000
993.372200	769.926127	56.000003	61.717000
993.372200	769.921137	55.999999	61.716000
993.372201	769.916136	56.000002	61.716000
993.372199	769.911156	55.999999	61.718000
993.372203	769.905938	55.999998	61.721000
993.372203	769.901140	55.999998	61.725000
993.372197	769.896333	55.999998	61.728000
993.372201	769.891355	56.000002	61.730000
993.372199	769.886131	55.999998	61.731000
993.372195	769.881332	55.999999	61.732000
993.372197	769.876335	56.000001	61.731000
993.372199	769.871350	55.999997	61.730000
993.372197	769.866532	55.999998	61.729000
993.372204	769.860938	56.000003	61.730000
993.372198	769.856135	56.000002	61.731000
993.372200	769.851152	55.999998	61.732000
993.372200	769.845931	56.000000	61.730000
993.372203	769.840937	55.999999	61.726000
993.372199	769.836137	55.999999	61.720000
993.372202	769.831155	56.000001	61.714000
993.372202	769.826135	55.999997	61.709000
993.372202	769.820941	55.999999	61.705000
993.372203	769.816138	55.999999	61.702000
993.372201	769.811160	56.000002	61.700000
993.372202	769.806138	56.000001	61.700000
993.372201	769.801130	55.999998	61.701000
993.372201	769.796129	56.000000	61.703000
993.372200	769.791151	56.000001	61.704000
993.372203	769.785734	56.000000	61.704000
993.372199	769.780735	55.999998	61.704000
993.372199	769.775739	56.000002	61.706000
993.372200	769.770762	55.999998	61.709000
993.372199	769.765932	55.999998	61.712000
993.372199	769.760549	55.999999	61.716000
993.372197	769.755939	56.000000	61.719000
993.372201	769.750959	55.999999	61.721000
993.372203	769.745943	55.999999	61.723000
993.372199	769.740942	56.000001	61.727000
993.372201	769.735946	56.000000	61.733000
993.372198	769.730958	56.000001	61.738000
993.372198	769.725938	56.000001	61.743000
993.372204	769.720741	56.000001	61.747000
993.372200	769.716130	56.000002	61.751000
993.372201	769.710558	55.999998	61.756000
993.372201	769.705543	56.000001	61.761000
993.372197	769.700545	55.999998	61.765000
993.372202	769.695536	56.000002	61.769000
993.372199	769.690555	55.999998	61.771000
993.372201	769.685538	56.000002	61.769000
993.372199	769.680148	56.000002	61.763000
993.372205	769.675737	55.999998	61.755000
993.372202	769.670561	56.000002	61.749000
993.372199	769.665744	56.000001	61.749000
993.372202	769.660749	55.999998	61.754000
993.372200	769.655733	56.000000	61.758000
993.372201	769.650764	56.000003	61.757000
993.372204	769.645744	55.999999	61.754000
993.372205	769.640747	56.000000	61.751000
993.372200	769.635543	55.999999	61.751000
993.372200	769.630367	55.999998	61.754000
993.372196	769.625348	56.000001	61.758000
993.372197	769.620346	56.000000	61.759000
993.372197	769.615540	55.999999	61.757000
993.372201	769.610350	56.000002	61.754000
993.372197	769.605343	55.999997	61.752000
993.372201	769.600536	55.999999	61.752000
993.372200	769.595534	56.000001	61.752000
993.372200	769.590553	55.999999	61.752000
993.372202	769.585538	56.000000	61.749000
993.372201	769.580534	55.999999	61.744000
993.372197	769.574937	55.999999	61.739000
993.372202	769.570554	56.000000	61.736000
993.372198	769.565149	55.999999	61.737000
993.372197	769.560144	56.000001	61.741000
993.372201	769.554938	56.000000	61.745000
993.372201	769.550359	56.000001	61.748000
993.372199	769.545148	56.000000	61.750000
993.372199	769.540146	56.000001	61.749000
993.372199	769.535151	56.000000	61.748000
993.372197	769.530164	56.000001	61.746000
993.372201	769.525351	56.000000	61.745000
993.372196	769.520148	56.000000	61.746000
993.372199	769.515339	55.999998	61.748000
993.372201	769.510160	55.999998	61.751000
993.372199	769.505350	56.000000	61.754000
993.372196	769.500344	56.000000	61.755000
993.372202	769.495333	56.000001	61.754000
993.372199	769.489964	56.000001	61.751000
993.372200	769.484957	55.999998	61.748000
993.372199	769.479957	56.000002	61.746000
993.372201	769.474947	55.999999	61.747000
993.372197	769.469762	56.000002	61.751000
993.372194	769.464957	56.000003	61.755000
993.372197	769.459950	55.999998	61.758000
993.372198	769.454943	56.000001	61.758000
993.372199	769.450157	56.000000	61.755000
993.372198	769.444952	56.000000	61.749000
993.372195	769.440145	55.999999	61.742000
993.372195	769.435141	56.000000	61.736000
993.372199	769.430160	56.000001	61.734000
993.372200	769.425151	56.000000	61.735000
993.372197	769.420146	56.000000	61.737000
993.372200	769.414744	56.000000	61.739000
993.372198	769.409958	56.000000	61.740000
993.372205	769.404754	56.000000	61.739000
993.372201	769.399950	56.000000	61.738000
993.372201	769.394941	56.000000	61.737000
993.372196	769.389958	56.000001	61.736000
993.372202	769.384755	56.000000	61.735000
993.372199	769.379751	56.000000	61.733000
993.372195	769.374937	56.000001	61.731000
993.372196	769.369954	55.999999	61.729000
993.372200	769.364952	56.000001	61.727000
993.372198	769.359947	55.999998	61.725000
993.372200	769.354948	56.000002	61.723000
993.372196	769.349758	55.999999	61.722000
993.372201	769.345154	55.999999	61.722000
993.372196	769.339558	56.000001	61.722000
993.372200	769.334554	56.000001	61.722000
993.372200	769.329364	56.000001	61.722000
993.372203	769.324560	56.000001	61.721000
993.372203	769.319555	55.999997	61.721000
993.372196	769.314749	55.999999	61.720000
993.372198	769.309567	55.999997	61.719000
993.372199	769.304562	56.000003	61.718000
993.372197	769.299762	56.000002	61.718000
993.372205	769.294748	55.999998	61.720000
993.372198	769.289768	56.000001	61.724000
993.372202	769.284565	55.999998	61.728000
993.372201	769.279760	55.999997	61.731000
993.372200	769.274749	56.000002	61.734000
993.372199	769.269962	56.000001	61.736000
993.372198	769.264360	55.999999	61.735000
993.372203	769.259360	55.999999	61.734000
993.372204	769.254347	56.000002	61.733000
993.372203	769.249357	55.999999	61.731000
993.372197	769.244163	56.000003	61.728000
993.372204	769.239362	56.000000	61.724000
993.372200	769.234351	56.000003	61.719000
993.372201	769.229356	55.999997	61.714000
993.372201	769.224352	55.999997	61.711000
993.372202	769.219553	55.999997	61.710000
993.372199	769.214543	56.000000	61.714000
993.372202	769.209562	56.000002	61.718000
993.372201	769.204563	55.999997	61.722000
993.372201	769.199361	56.000002	61.723000
993.372200	769.194548	56.000003	61.721000
993.372201	769.189159	56.000003	61.719000
993.372200	769.184362	55.999999	61.719000
993.372204	769.179158	55.999999	61.720000
993.372202	769.174143	55.999997	61.720000
993.372202	769.169355	55.999998	61.717000
993.372200	769.164156	56.000003	61.714000
993.372201	769.158955	55.999997	61.712000
993.372202	769.154147	55.999998	61.715000
993.372202	769.149155	55.999999	61.722000
993.372200	769.144157	56.000001	61.731000
993.372197	769.139357	55.999999	61.740000
993.372203	769.134341	56.000003	61.749000
993.372205	769.129361	55.999998	61.756000
993.372200	769.124353	55.999997	61.758000
993.372201	769.119552	55.999998	61.755000
993.372201	769.113949	56.000002	61.746000
993.372200	769.108952	55.999999	61.738000
993.372201	769.103958	56.000002	61.738000
993.372200	769.098958	56.000002	61.742000
993.372201	769.094145	56.000001	61.748000
993.372199	769.089160	55.999998	61.750000
993.372200	769.083968	55.999998	61.745000
993.372203	769.079164	56.000000	61.737000
993.372201	769.074155	56.000000	61.730000
993.372202	769.069161	56.000000	61.727000
993.372200	769.064171	56.000000	61.727000
993.372198	769.059162	56.000000	61.728000
993.372199	769.054155	56.000001	61.726000
993.372204	769.049362	56.000001	61.723000
993.372200	769.044366	55.999999	61.719000
993.372201	769.038964	56.000001	61.717000
993.372197	769.033359	56.000000	61.718000
993.372202	769.028968	56.000000	61.720000
993.372199	769.023772	56.000001	61.723000
993.372201	769.018774	56.000000	61.726000
993.372196	769.013763	56.000000	61.729000
993.372200	769.008755	56.000000	61.730000
993.372200	769.003771	56.000001	61.730000
993.372201	768.998964	56.000000	61.729000
993.372198	768.993754	56.000001	61.726000
993.372198	768.988959	56.000000	61.723000
993.372203	768.983968	56.000000	61.721000
993.372198	768.978959	56.000001	61.719000
993.372199	768.973950	56.000000	61.718000
993.372201	768.969158	56.000001	61.719000
993.372196	768.963565	55.999998	61.721000
993.372196	768.958561	56.000002	61.723000
993.372201	768.953548	55.999999	61.726000
993.372199	768.948142	56.000001	61.726000
993.372199	768.943558	55.999999	61.725000
993.372201	768.938557	56.000001	61.722000
993.372199	768.933551	55.999999	61.720000
993.372197	768.928548	55.999999	61.719000
993.372200	768.923764	56.000000	61.720000
993.372198	768.918760	56.000001	61.720000
993.372200	768.913544	56.000001	61.718000
993.372197	768.908753	56.000000	61.714000
993.372196	768.903758	56.000001	61.709000
993.372200	768.898753	56.000000	61.703000
993.372197	768.893746	55.999999	61.699000
993.372197	768.888342	56.000001	61.698000
993.372200	768.883359	55.999998	61.699000
993.372198	768.878352	56.000001	61.702000
993.372198	768.873356	55.999999	61.707000
993.372198	768.868345	56.000002	61.713000
993.372200	768.863362	55.999999	61.720000
993.372200	768.858362	56.000001	61.727000
993.372197	768.853553	56.000000	61.732000
993.372197	768.848560	56.000001	61.735000
993.372198	768.843573	55.999999	61.737000
993.372200	768.838358	55.999999	61.738000
993.372198	768.833555	56.000000	61.739000
993.372198	768.828555	55.999999	61.738000
993.372197	768.823566	56.000000	61.737000
993.372199	768.818561	56.000001	61.736000
993.372199	768.813358	56.000000	61.735000
993.372197	768.808148	56.000000	61.736000
993.372202	768.803359	56.000001	61.739000
993.372200	768.798156	56.000000	61.742000
993.372200	768.793352	56.000001	61.744000
993.372203	768.787948	56.000000	61.745000
993.372200	768.783362	56.000002	61.742000
993.372197	768.778160	56.000001	61.737000
993.372198	768.773155	55.999998	61.732000
993.372197	768.768358	56.000000	61.729000
993.372203	768.763373	55.999999	61.726000
993.372198	768.758362	56.000002	61.722000
993.372200	768.753357	56.000001	61.718000
993.372197	768.748154	56.000002	61.712000
993.372201	768.743370	56.000003	61.708000
993.372198	768.737960	56.000002	61.706000
993.372200	768.733157	56.000001	61.705000
993.372201	768.727748	55.999998	61.706000
993.372202	768.722963	55.999998	61.706000
993.372201	768.717956	56.000003	61.706000
993.372197	768.713156	56.000001	61.705000
993.372199	768.707946	55.999998	61.703000
993.372197	768.703160	55.999999	61.703000
993.372200	768.697961	55.999998	61.702000
993.372200	768.693159	56.000000	61.702000
993.372198	768.688152	56.000000	61.702000
993.372201	768.683157	55.999998	61.703000
993.372204	768.677960	55.999998	61.705000
993.372201	768.673349	56.000002	61.709000
993.372199	768.667740	56.000000	61.712000
993.372203	768.662959	55.999999	61.714000
993.372201	768.657755	55.999998	61.715000
993.372199	768.652755	56.000002	61.714000
993.372198	768.647750	55.999997	61.713000
993.372201	768.642959	55.999997	61.715000
993.372203	768.637553	55.999997	61.718000
993.372205	768.632956	56.000003	61.722000
993.372201	768.627750	55.999997	61.727000
993.372203	768.622959	55.999997	61.731000
993.372202	768.617959	55.999999	61.733000
993.372197	768.612954	56.000002	61.733000
993.372203	768.607946	56.000003	61.731000
993.372201	768.602956	55.999999	61.729000
993.372201	768.597957	55.999997	61.728000
993.372201	768.592756	56.000003	61.725000
993.372200	768.587547	56.000000	61.720000
993.372198	768.582552	56.000003	61.713000
993.372204	768.577552	56.000003	61.704000
993.372200	768.572756	56.000002	61.696000
993.372201	768.567538	55.999997	61.691000
993.372201	768.562545	55.999996	61.688000
993.372201	768.557547	55.999997	61.689000
993.372202	768.552749	55.999998	61.693000
993.372204	768.547541	56.000003	61.698000
993.372200	768.542752	56.000001	61.705000
993.372202	768.537754	56.000004	61.713000
993.372200	768.532758	56.000003	61.721000
993.372200	768.527748	55.999998	61.726000
993.372200	768.522553	56.000003	61.729000
993.372201	768.517355	55.999998	61.728000
993.372202	768.512559	56.000001	61.724000
993.372199	768.507335	55.999999	61.717000
993.372199	768.502142	56.000000	61.709000
993.372202	768.497347	56.000003	61.701000
993.372198	768.492159	55.999996	61.695000
993.372202	768.487345	55.999999	61.689000
993.372198	768.482348	55.999996	61.685000
993.372200	768.477556	56.000002	61.683000
993.372199	768.472155	56.000004	61.684000
993.372201	768.467540	55.999997	61.688000
993.372204	768.462549	55.999997	61.695000
993.372199	768.457543	55.999996	61.703000
993.372203	768.452553	55.999998	61.711000
993.372199	768.447539	56.000001	61.718000
993.372203	768.442144	55.999997	61.724000
993.372196	768.437146	55.999998	61.726000
993.372197	768.432149	55.999998	61.726000
993.372198	768.427131	55.999998	61.726000
993.372201	768.422141	56.000000	61.725000
993.372193	768.417140	56.000000	61.724000
993.372197	768.412148	56.000001	61.723000
993.372199	768.407136	56.000003	61.721000
993.372194	768.402350	55.999998	61.719000
993.372196	768.397146	56.000003	61.720000
993.372198	768.392358	56.000001	61.723000
993.372199	768.387345	56.000004	61.728000
993.372195	768.382356	56.000002	61.733000
993.372203	768.377365	56.000002	61.739000
993.372198	768.372360	56.000003	61.742000
993.372198	768.366944	55.999998	61.743000
993.372197	768.362146	55.999999	61.739000
993.372203	768.357157	55.999999	61.732000
993.372206	768.351955	55.999998	61.725000
993.372203	768.347140	55.999998	61.720000
993.372197	768.342154	55.999997	61.718000
993.372198	768.337154	55.999998	61.717000
993.372200	768.332161	55.999999	61.716000
993.372198	768.326941	55.999998	61.717000
993.372198	768.322143	56.000000	61.719000
993.372198	768.317148	56.000003	61.723000
993.372201	768.312152	56.000001	61.729000
993.372198	768.307133	55.999999	61.736000
993.372197	768.302143	56.000000	61.742000
993.372201	768.297146	56.000001	61.747000
993.372197	768.291556	56.000001	61.751000
993.372202	768.286731	56.000000	61.753000
993.372200	768.281738	55.999999	61.754000
993.372199	768.276732	55.999999	61.754000
993.372200	768.271749	56.000002	61.752000
993.372200	768.266740	56.000004	61.750000
993.372198	768.261733	56.000003	61.746000
993.372201	768.256742	56.000002	61.741000
993.372198	768.251953	56.000000	61.736000
993.372199	768.246733	56.000004	61.730000
993.372200	768.241938	55.999998	61.725000
993.372202	768.236735	56.000003	61.722000
993.372199	768.231953	55.999998	61.719000
993.372200	768.226935	55.999998	61.717000
993.372199	768.221939	55.999999	61.716000
993.372200	768.216736	56.000003	61.715000
993.372202	768.211549	55.999996	61.714000
993.372203	768.206529	55.999999	61.712000
993.372203	768.201536	55.999997	61.711000
993.372198	768.196539	55.999997	61.709000
993.372200	768.191553	55.999997	61.705000
993.372202	768.186732	56.000004	61.702000
993.372203	768.181542	56.000000	61.701000
993.372202	768.176744	56.000002	61.705000
993.372198	768.171354	55.999999	61.712000
993.372200	768.166337	56.000001	61.721000
993.372200	768.161738	56.000003	61.729000
993.372198	768.156745	56.000002	61.736000
993.372199	768.151755	56.000004	61.740000
993.372200	768.146726	56.000003	61.742000
993.372202	768.141331	55.999999	61.743000
993.372201	768.136536	55.999998	61.745000
993.372199	768.131350	55.999999	61.748000
993.372202	768.126530	56.000000	61.752000
993.372199	768.121533	55.999999	61.756000
993.372199	768.116332	55.999998	61.758000
993.372199	768.111352	55.999999	61.755000
993.372202	768.106533	55.999998	61.744000
993.372194	768.101334	55.999997	61.730000
993.372196	768.096538	56.000000	61.719000
993.372203	768.091549	55.999999	61.717000
993.372201	768.086528	55.999999	61.720000
993.372204	768.081532	56.000000	61.723000
993.372201	768.076531	56.000000	61.723000
993.372198	768.071747	56.000000	61.720000
993.372198	768.066134	55.999999	61.714000
993.372199	768.061126	55.999997	61.710000
993.372206	768.056337	56.000002	61.711000
993.372200	768.051152	55.999998	61.716000
993.372197	768.046135	56.000002	61.723000
993.372203	768.041137	56.000003	61.729000
993.372200	768.036346	55.999998	61.732000
993.372199	768.031363	55.999997	61.734000
993.372199	768.026347	55.999998	61.736000
993.372200	768.021351	56.000003	61.738000
993.372200	768.016349	56.000003	61.740000
993.372200	768.011363	56.000002	61.740000
993.372200	768.006349	56.000000	61.738000
993.372202	768.001347	55.999999	61.734000
993.372202	767.996558	55.999998	61.731000
993.372202	767.990968	55.999998	61.729000
993.372203	767.985954	56.000001	61.727000
993.372201	767.980949	56.000002	61.724000
993.372201	767.975945	56.000003	61.719000
993.372201	767.970968	56.000000	61.715000
993.372202	767.966150	56.000002	61.713000
993.372198	767.960948	55.999999	61.713000
993.372201	767.956137	56.000000	61.716000
993.372200	767.950953	56.000003	61.720000
993.372202	767.946136	55.999999	61.724000
993.372203	767.941130	56.000003	61.727000
993.372201	767.936134	56.000002	61.731000
993.372201	767.930951	56.000001	61.734000
993.372198	767.926331	55.999999	61.736000
993.372199	767.921136	55.999998	61.737000
993.372199	767.915739	56.000000	61.736000
993.372200	767.910749	55.999998	61.733000
993.372197	767.905733	56.000000	61.730000
993.372198	767.900731	56.000003	61.727000
993.372201	767.895729	56.000001	61.725000
993.372210	767.893710	55.999997	61.724000
