907.562180	851.044052	56.000000	50.634000
907.564297	850.971038	56.000000	50.624000
907.564285	850.966269	55.999999	50.624000
907.564291	850.961027	55.999999	50.625000
907.564281	850.956044	56.000001	50.625000
907.564286	850.950821	56.000002	50.626000
907.564281	850.945800	56.000000	50.626000
907.564278	850.940814	56.000001	50.628000
907.564275	850.935791	56.000001	50.631000
907.564278	850.930809	55.999999	50.634000
907.564282	850.925788	55.999999	50.638000
907.564279	850.920810	55.999999	50.642000
907.564280	850.915793	56.000000	50.645000
907.564273	850.910802	56.000000	50.648000
907.564281	850.905961	55.999999	50.650000
907.564275	850.900790	56.000000	50.653000
907.564280	850.895990	56.000001	50.656000
907.564275	850.890582	56.000000	50.658000
907.564277	850.885952	56.000000	50.661000
907.564275	850.880968	56.000000	50.663000
907.564277	850.875780	56.000001	50.666000
907.564275	850.870755	56.000001	50.668000
907.564274	850.865749	56.000001	50.670000
907.564275	850.860760	56.000000	50.670000
907.564279	850.855784	56.000000	50.670000
907.564280	850.850761	55.999998	50.669000
907.564280	850.845746	55.999999	50.667000
907.564275	850.840760	55.999999	50.666000
907.564277	850.835778	56.000000	50.664000
907.564278	850.830775	56.000000	50.664000
907.564279	850.825758	56.000001	50.663000
907.564277	850.820552	56.000001	50.662000
907.564278	850.815767	56.000000	50.659000
907.564279	850.810776	56.000001	50.655000
907.564280	850.805766	56.000001	50.651000
907.564275	850.800566	56.000000	50.647000
907.564274	850.795547	56.000000	50.644000
907.564279	850.790361	56.000000	50.643000
907.564278	850.785553	56.000000	50.641000
907.564275	850.780555	55.999999	50.639000
907.564276	850.775553	56.000000	50.638000
907.564279	850.770357	55.999999	50.637000
907.564278	850.765535	56.000000	50.636000
907.564278	850.760546	56.000000	50.635000
907.564279	850.755760	55.999999	50.634000
907.564274	850.750554	56.000000	50.633000
907.564278	850.745750	56.000000	50.632000
907.564281	850.740352	56.000000	50.631000
907.564278	850.735753	56.000000	50.630000
907.564275	850.730544	56.000001	50.631000
907.564278	850.725353	56.000000	50.632000
907.564279	850.720364	55.999999	50.634000
907.564276	850.715348	56.000001	50.635000
907.564278	850.710156	56.000000	50.637000
907.564278	850.705550	56.000001	50.639000
907.564278	850.700358	56.000000	50.641000
907.564280	850.695360	56.000000	50.642000
907.564282	850.690149	56.000000	50.644000
907.564275	850.685538	56.000000	50.646000
907.564278	850.680362	56.000001	50.647000
907.564281	850.675166	56.000001	50.648000
907.564281	850.670367	55.999999	50.650000
907.564279	850.665547	55.999999	50.652000
907.564279	850.660556	56.000001	50.653000
907.564278	850.655561	55.999999	50.654000
907.564282	850.650168	56.000000	50.655000
907.564280	850.645157	56.000001	50.655000
907.564280	850.640168	56.000000	50.657000
907.564280	850.635183	55.999999	50.659000
907.564280	850.630176	56.000001	50.660000
907.564278	850.625358	56.000001	50.660000
907.564278	850.620150	56.000002	50.660000
907.564279	850.615182	55.999999	50.660000
907.564279	850.610192	56.000001	50.659000
907.564276	850.605346	56.000001	50.659000
907.564278	850.600160	55.999999	50.659000
907.564282	850.595157	56.000000	50.658000
907.564277	850.590177	55.999999	50.657000
907.564280	850.585366	56.000000	50.656000
907.564277	850.580369	55.999999	50.655000
907.564280	850.574968	56.000000	50.653000
907.564281	850.569963	55.999999	50.651000
907.564281	850.564954	56.000000	50.648000
907.564282	850.560167	55.999999	50.646000
907.564282	850.554975	55.999999	50.645000
907.564277	850.549962	56.000001	50.645000
907.564284	850.545148	56.000000	50.644000
907.564280	850.539968	56.000000	50.643000
907.564279	850.534976	56.000000	50.641000
907.564282	850.529976	55.999999	50.641000
907.564279	850.524958	56.000001	50.642000
907.564281	850.519965	56.000000	50.642000
907.564279	850.515176	56.000001	50.642000
907.564279	850.510188	55.999999	50.641000
907.564283	850.505162	56.000001	50.641000
907.564279	850.499959	56.000001	50.641000
907.564281	850.494767	56.000000	50.642000
907.564281	850.489985	55.999999	50.643000
907.564280	850.484975	55.999999	50.644000
907.564278	850.479570	55.999999	50.644000
907.564279	850.474960	56.000002	50.643000
907.564279	850.469965	56.000000	50.642000
907.564281	850.464771	56.000000	50.641000
907.564278	850.459773	56.000000	50.640000
907.564281	850.454971	55.999999	50.640000
907.564280	850.449957	56.000000	50.640000
907.564280	850.445153	56.000000	50.640000
907.564280	850.440168	56.000000	50.641000
907.564283	850.435174	55.999999	50.642000
907.564279	850.430174	55.999999	50.642000
907.564281	850.424756	56.000000	50.642000
907.564280	850.419566	56.000000	50.641000
907.564280	850.414767	55.999999	50.640000
907.564281	850.409768	55.999999	50.640000
907.564279	850.404753	55.999999	50.641000
907.564280	850.399758	56.000001	50.643000
907.564281	850.394761	56.000000	50.644000
907.564282	850.389756	56.000000	50.643000
907.564280	850.384755	56.000000	50.643000
907.564280	850.379565	56.000000	50.642000
907.564279	850.374759	55.999999	50.643000
907.564282	850.369755	55.999999	50.646000
907.564280	850.364949	56.000001	50.649000
907.564279	850.359958	56.000000	50.651000
907.564279	850.354961	56.000000	50.651000
907.564280	850.349566	56.000000	50.651000
907.564279	850.344556	56.000000	50.650000
907.564279	850.339554	56.000001	50.651000
907.564278	850.334564	55.999999	50.651000
907.564280	850.329563	56.000000	50.651000
907.564277	850.324554	55.999999	50.651000
907.564277	850.319560	55.999998	50.650000
907.564278	850.314556	56.000000	50.650000
907.564279	850.309569	56.000000	50.650000
907.564277	850.304554	56.000002	50.651000
907.564279	850.299559	56.000002	50.652000
907.564278	850.294357	56.000000	50.650000
907.564280	850.289570	55.999999	50.648000
907.564279	850.284365	55.999999	50.646000
907.564276	850.279355	56.000000	50.646000
907.564275	850.273953	56.000000	50.646000
907.564280	850.269161	55.999999	50.647000
907.564278	850.263967	55.999999	50.648000
907.564277	850.258969	55.999999	50.647000
907.564279	850.254152	56.000001	50.645000
907.564277	850.249147	56.000000	50.643000
907.564279	850.244157	55.999999	50.642000
907.564277	850.239162	56.000001	50.642000
907.564279	850.234156	56.000001	50.643000
907.564279	850.229149	55.999999	50.644000
907.564278	850.224149	56.000000	50.645000
907.564278	850.219162	56.000000	50.645000
907.564277	850.214360	55.999999	50.644000
907.564276	850.209363	56.000001	50.644000
907.564278	850.204154	55.999999	50.643000
907.564281	850.198767	56.000000	50.644000
907.564279	850.193768	56.000000	50.645000
907.564277	850.188975	56.000000	50.647000
907.564279	850.183962	55.999999	50.648000
907.564278	850.178960	55.999999	50.650000
907.564279	850.173764	56.000001	50.650000
907.564278	850.169171	55.999999	50.651000
907.564279	850.163964	56.000001	50.652000
907.564277	850.159155	55.999999	50.654000
907.564279	850.153949	55.999999	50.656000
907.564276	850.149173	56.000000	50.657000
907.564281	850.143973	56.000000	50.658000
907.564280	850.139165	55.999999	50.659000
907.564280	850.133959	55.999999	50.659000
907.564281	850.129169	56.000000	50.660000
907.564280	850.123769	56.000000	50.662000
907.564278	850.118772	55.999999	50.663000
907.564279	850.113763	55.999999	50.664000
907.564280	850.108567	55.999999	50.664000
907.564279	850.103765	56.000000	50.664000
907.564282	850.098771	56.000001	50.665000
907.564281	850.093763	56.000000	50.666000
907.564279	850.088775	55.999999	50.666000
907.564277	850.083965	56.000001	50.666000
907.564279	850.078771	55.999999	50.667000
907.564277	850.073756	56.000002	50.668000
907.564277	850.068975	55.999999	50.669000
907.564278	850.063967	56.000000	50.669000
907.564277	850.058963	56.000001	50.668000
907.564280	850.053958	55.999999	50.667000
907.564281	850.048571	56.000001	50.665000
907.564282	850.043373	56.000000	50.664000
907.564281	850.038562	56.000001	50.665000
907.564281	850.033545	56.000001	50.666000
907.564279	850.028560	56.000000	50.665000
907.564279	850.023576	56.000000	50.663000
907.564280	850.018565	56.000000	50.660000
907.564282	850.013345	55.999999	50.658000
907.564279	850.008558	56.000002	50.656000
907.564281	850.003564	56.000000	50.656000
907.564282	849.998570	55.999999	50.656000
907.564281	849.993547	55.999998	50.654000
907.564279	849.988553	56.000001	50.652000
907.564279	849.983755	56.000000	50.650000
907.564278	849.978762	56.000001	50.648000
907.564284	849.973358	56.000000	50.647000
907.564283	849.968348	55.999999	50.646000
907.564282	849.963356	56.000001	50.646000
907.564281	849.958564	56.000001	50.644000
907.564279	849.953358	56.000001	50.643000
907.564281	849.948164	56.000001	50.641000
907.564280	849.943367	56.000000	50.639000
907.564282	849.938363	56.000000	50.637000
907.564281	849.933362	55.999999	50.636000
907.564280	849.928372	56.000001	50.635000
907.564279	849.923373	56.000001	50.636000
907.564281	849.918564	56.000000	50.637000
907.564277	849.913354	56.000000	50.637000
907.564280	849.908569	55.999999	50.637000
907.564281	849.903579	56.000001	50.637000
907.564282	849.898176	55.999999	50.637000
907.564281	849.893361	56.000000	50.637000
907.564281	849.888368	56.000000	50.638000
907.564279	849.883377	56.000000	50.639000
907.564281	849.878384	55.999999	50.639000
907.564282	849.873365	56.000000	50.640000
907.564279	849.868366	56.000000	50.641000
907.564280	849.863376	56.000000	50.641000
907.564279	849.858377	55.999999	50.640000
907.564278	849.853360	56.000000	50.639000
907.564279	849.848370	55.999999	50.638000
907.564280	849.843371	55.999999	50.637000
907.564281	849.838380	55.999999	50.636000
907.564278	849.833357	56.000000	50.634000
907.564282	849.828556	56.000001	50.632000
907.564279	849.823165	56.000000	50.630000
907.564278	849.818178	55.999999	50.630000
907.564276	849.812965	55.999999	50.631000
907.564279	849.808370	56.000000	50.633000
907.564278	849.803170	56.000000	50.634000
907.564280	849.798173	56.000000	50.635000
907.564278	849.793175	56.000000	50.636000
907.564279	849.788172	56.000000	50.636000
907.564276	849.782985	55.999999	50.636000
907.564281	849.778171	56.000000	50.636000
907.564282	849.773161	56.000001	50.637000
907.564285	849.768364	56.000000	50.637000
907.564283	849.763388	56.000001	50.637000
907.564276	849.758180	56.000000	50.637000
907.564281	849.753367	56.000000	50.636000
907.564279	849.747960	55.999999	50.637000
907.564275	849.742975	56.000000	50.638000
907.564278	849.737974	56.000000	50.640000
907.564277	849.732952	56.000000	50.642000
907.564278	849.727963	56.000000	50.643000
907.564279	849.723167	56.000000	50.644000
907.564281	849.718172	56.000001	50.645000
907.564278	849.712960	55.999999	50.648000
907.564281	849.707970	56.000000	50.650000
907.564279	849.703177	56.000000	50.653000
907.564278	849.698167	56.000000	50.657000
907.564279	849.693164	55.999999	50.661000
907.564282	849.688168	55.999999	50.665000
907.564280	849.683175	56.000000	50.670000
907.564278	849.678163	56.000000	50.674000
907.564278	849.672756	55.999999	50.678000
907.564279	849.667763	56.000000	50.681000
907.564278	849.662766	56.000000	50.683000
907.564280	849.657560	56.000000	50.686000
907.564280	849.652954	56.000000	50.687000
907.564278	849.647766	56.000000	50.689000
907.564280	849.642775	56.000001	50.691000
907.564278	849.637776	56.000000	50.692000
907.564278	849.632762	56.000000	50.694000
907.564279	849.621766	56.000000	50.700000
907.564280	849.616774	56.000000	50.702000
907.564283	849.611961	56.000000	50.704000
907.564280	849.606956	56.000000	50.704000
907.564280	849.601571	56.000000	50.703000
907.564284	849.596581	56.000000	50.702000
907.564277	849.591558	56.000000	50.700000
907.564279	849.586344	56.000000	50.699000
907.564276	849.581564	56.000000	50.698000
907.564280	849.576584	56.000001	50.697000
907.564279	849.571364	56.000001	50.695000
907.564278	849.566338	56.000001	50.692000
907.564279	849.561559	56.000001	50.688000
907.564279	849.556582	55.999999	50.683000
907.564281	849.551563	55.999999	50.677000
907.564281	849.546753	56.000000	50.673000
907.564282	849.541561	56.000000	50.669000
907.564284	849.536570	55.999999	50.665000
907.564282	849.531754	56.000000	50.660000
907.564279	849.526565	56.000000	50.655000
907.564281	849.520967	55.999999	50.649000
907.564278	849.516172	56.000001	50.645000
907.564280	849.511157	56.000000	50.641000
907.564279	849.506144	56.000000	50.638000
907.564278	849.501163	56.000000	50.635000
907.564280	849.495968	56.000000	50.632000
907.564278	849.491159	56.000001	50.630000
907.564276	849.485934	56.000000	50.628000
907.564280	849.481163	56.000001	50.626000
907.564278	849.476171	55.999999	50.625000
907.564279	849.471156	55.999999	50.623000
907.564278	849.466147	56.000000	50.621000
907.564279	849.461157	56.000001	50.619000
907.564280	849.456371	56.000000	50.617000
907.564278	849.450956	56.000001	50.615000
907.564278	849.445939	55.999998	50.615000
907.564280	849.440945	56.000000	50.616000
907.564277	849.435963	56.000000	50.617000
907.564278	849.430963	56.000001	50.618000
907.564279	849.425941	56.000001	50.619000
907.564281	849.420545	55.999999	50.621000
907.564279	849.415968	56.000002	50.623000
907.564278	849.410952	56.000000	50.626000
907.564277	849.405940	55.999999	50.629000
907.564282	849.400952	55.999998	50.633000
907.564282	849.395956	56.000000	50.636000
907.564280	849.391158	55.999999	50.639000
907.564277	849.385938	55.999999	50.641000
907.564277	849.381160	56.000001	50.643000
907.564278	849.375762	56.000001	50.645000
907.564278	849.370760	56.000001	50.648000
907.564277	849.365739	56.000001	50.652000
907.564279	849.360753	56.000000	50.655000
907.564279	849.355963	55.999999	50.658000
907.564281	849.350751	55.999999	50.660000
907.564275	849.345938	56.000001	50.661000
907.564279	849.340752	56.000000	50.661000
907.564280	849.335968	56.000000	50.661000
907.564279	849.330762	56.000000	50.661000
907.564280	849.325935	56.000000	50.661000
907.564280	849.320751	56.000000	50.662000
907.564279	849.315958	55.999999	50.664000
907.564278	849.310966	55.999999	50.666000
907.564278	849.305943	55.999999	50.667000
907.564280	849.300547	56.000000	50.668000
907.564280	849.295357	55.999999	50.669000
907.564282	849.290549	55.999999	50.670000
907.564281	849.285342	56.000000	50.671000
907.564282	849.280553	56.000000	50.673000
907.564281	849.275363	55.999999	50.674000
907.564281	849.270351	56.000000	50.674000
907.564279	849.265732	56.000000	50.675000
907.564283	849.260549	55.999999	50.677000
907.564279	849.255556	56.000001	50.677000
907.564282	849.250559	56.000000	50.677000
907.564280	849.245729	55.999999	50.676000
907.564281	849.240547	56.000000	50.674000
907.564280	849.235553	56.000000	50.673000
907.564282	849.230557	55.999999	50.672000
907.564284	849.225341	55.999999	50.671000
907.564281	849.220349	55.999999	50.669000
907.564283	849.215361	56.000000	50.667000
907.564280	849.210360	56.000000	50.665000
907.564282	849.205531	56.000000	50.664000
907.564279	849.200353	56.000000	50.662000
907.564280	849.195152	55.999999	50.661000
907.564283	849.190356	55.999999	50.661000
907.564281	849.185336	56.000000	50.661000
907.564281	849.180349	56.000000	50.661000
907.564279	849.175359	56.000000	50.662000
907.564279	849.170356	56.000000	50.662000
907.564283	849.165541	56.000000	50.661000
907.564278	849.160347	56.000000	50.660000
907.564280	849.155561	56.000001	50.658000
907.564280	849.150157	56.000001	50.655000
907.564281	849.145144	56.000000	50.652000
907.564282	849.140151	55.999999	50.650000
907.564280	849.135154	56.000000	50.648000
907.564280	849.130156	56.000001	50.646000
907.564283	849.125341	55.999999	50.644000
907.564278	849.120153	56.000001	50.640000
907.564279	849.115161	56.000000	50.636000
907.564281	849.110167	56.000000	50.633000
907.564279	849.105141	56.000000	50.630000
907.564281	849.100165	56.000000	50.627000
907.564280	849.095370	56.000000	50.625000
907.564281	849.090169	56.000001	50.623000
907.564281	849.085157	55.999999	50.621000
907.564282	849.080364	56.000000	50.618000
907.564281	849.074971	55.999999	50.615000
907.564277	849.069971	55.999999	50.613000
907.564276	849.064756	55.999999	50.611000
907.564281	849.059961	55.999999	50.610000
907.564281	849.055169	56.000000	50.610000
907.564279	849.049974	56.000000	50.610000
907.564279	849.044958	56.000000	50.609000
907.564277	849.039962	56.000000	50.609000
907.564277	849.034771	55.999999	50.609000
907.564280	849.029772	56.000000	50.609000
907.564279	849.024759	56.000000	50.611000
907.564278	849.019761	55.999999	50.614000
907.564278	849.014762	56.000000	50.617000
907.564279	849.009970	56.000000	50.621000
907.564281	849.004948	56.000000	50.625000
907.564280	848.999558	55.999999	50.628000
907.564281	848.994571	55.999999	50.631000
907.564281	848.989572	55.999999	50.634000
907.564280	848.984554	55.999999	50.638000
907.564279	848.979561	56.000000	50.641000
907.564280	848.974563	56.000000	50.645000
907.564279	848.969579	56.000000	50.649000
907.564278	848.964553	56.000001	50.652000
907.564277	848.959552	56.000000	50.655000
907.564280	848.954556	56.000000	50.659000
907.564278	848.949374	56.000002	50.661000
907.564278	848.944566	56.000000	50.664000
907.564280	848.939558	55.999999	50.666000
907.564278	848.934558	56.000000	50.667000
907.564283	848.929765	55.999999	50.668000
907.564277	848.924358	56.000000	50.669000
907.564282	848.919159	56.000000	50.668000
907.564280	848.914349	55.999999	50.667000
907.564277	848.909359	56.000000	50.665000
907.564278	848.904155	56.000001	50.662000
907.564278	848.899362	56.000001	50.660000
907.564277	848.894364	56.000000	50.658000
907.564278	848.889357	56.000001	50.655000
907.564282	848.884347	56.000000	50.653000
907.564276	848.879359	56.000000	50.650000
907.564280	848.874363	55.999999	50.648000
907.564282	848.869359	56.000000	50.646000
907.564277	848.864342	55.999999	50.646000
907.564277	848.859344	56.000000	50.647000
907.564279	848.854560	55.999999	50.648000
907.564277	848.849160	56.000001	50.649000
907.564279	848.844139	56.000000	50.651000
907.564282	848.838949	56.000000	50.653000
907.564279	848.833959	56.000001	50.655000
907.564280	848.829168	56.000001	50.658000
907.564279	848.824150	56.000000	50.660000
907.564280	848.819149	56.000000	50.661000
907.564277	848.814152	56.000001	50.662000
907.564279	848.809167	56.000000	50.662000
907.564281	848.804361	56.000001	50.663000
907.564279	848.799354	56.000001	50.663000
907.564280	848.794153	55.999999	50.663000
907.564283	848.789373	56.000000	50.663000
907.564277	848.784364	56.000000	50.663000
907.564277	848.779371	56.000000	50.663000
907.564279	848.773960	56.000000	50.663000
907.564282	848.768959	55.999999	50.663000
907.564279	848.763960	55.999999	50.662000
907.564280	848.758968	55.999999	50.660000
907.564280	848.753750	56.000001	50.657000
907.564277	848.749162	56.000000	50.653000
907.564281	848.743963	56.000000	50.652000
907.564279	848.738968	56.000000	50.653000
907.564280	848.733952	56.000000	50.655000
907.564280	848.729162	56.000000	50.658000
907.564280	848.724148	56.000000	50.659000
907.564282	848.719168	55.999999	50.660000
907.564279	848.713965	56.000001	50.660000
907.564279	848.709176	55.999999	50.661000
907.564281	848.704154	56.000000	50.664000
907.564282	848.698764	56.000000	50.666000
907.564281	848.693759	56.000000	50.668000
907.564282	848.688779	55.999999	50.669000
907.564276	848.683578	56.000000	50.670000
907.564280	848.678764	55.999999	50.670000
907.564279	848.673757	56.000000	50.670000
907.564280	848.668782	56.000000	50.670000
907.564282	848.663777	56.000000	50.670000
907.564279	848.658778	55.999999	50.669000
907.564284	848.653768	55.999999	50.667000
907.564281	848.648976	56.000000	50.666000
907.564281	848.643770	56.000000	50.665000
907.564280	848.638780	55.999999	50.665000
907.564277	848.633971	56.000000	50.666000
907.564282	848.628974	55.999999	50.668000
907.564280	848.623382	56.000000	50.670000
907.564279	848.618587	56.000001	50.672000
907.564283	848.613574	56.000000	50.673000
907.564282	848.608575	56.000000	50.673000
907.564282	848.603566	55.999999	50.671000
907.564279	848.598364	55.999999	50.669000
907.564280	848.593369	56.000000	50.666000
907.564281	848.588572	56.000000	50.662000
907.564281	848.583570	56.000001	50.654000
907.564284	848.578561	55.999999	50.645000
907.564279	848.573561	56.000000	50.636000
907.564279	848.568774	56.000000	50.630000
907.564282	848.563758	55.999999	50.626000
907.564279	848.558761	56.000000	50.624000
907.564275	848.553745	56.000000	50.621000
907.564275	848.548366	56.000001	50.618000
907.564280	848.543367	56.000001	50.615000
907.564280	848.538364	56.000000	50.614000
907.564279	848.533141	56.000000	50.614000
907.564281	848.528356	56.000000	50.614000
907.564279	848.523365	55.999998	50.614000
907.564277	848.518365	56.000001	50.614000
907.564281	848.513346	55.999999	50.614000
907.564279	848.508351	55.999999	50.616000
907.564279	848.503358	56.000000	50.617000
907.564276	848.498372	55.999999	50.619000
907.564280	848.493561	56.000001	50.619000
907.564282	848.488562	56.000001	50.619000
907.564281	848.483367	55.999999	50.618000
907.564281	848.478573	56.000000	50.619000
907.564279	848.472966	55.999999	50.620000
907.564277	848.468170	56.000000	50.622000
907.564278	848.463167	55.999999	50.624000
907.564278	848.458173	56.000000	50.626000
907.564277	848.453166	56.000000	50.628000
907.564277	848.448175	56.000000	50.631000
907.564277	848.443169	56.000000	50.634000
907.564279	848.438171	56.000000	50.638000
907.564278	848.432968	56.000000	50.641000
907.564278	848.428185	55.999999	50.644000
907.564279	848.423175	56.000000	50.648000
907.564281	848.418175	56.000000	50.651000
907.564279	848.413358	56.000000	50.654000
907.564278	848.408380	56.000000	50.656000
907.564279	848.403181	55.999999	50.657000
907.564278	848.397981	56.000000	50.657000
907.564278	848.392762	56.000000	50.659000
907.564278	848.387967	56.000001	50.660000
907.564279	848.382983	56.000000	50.663000
907.564278	848.377982	55.999999	50.665000
907.564279	848.372755	56.000000	50.667000
907.564278	848.368171	55.999999	50.669000
907.564278	848.362980	56.000000	50.671000
907.564278	848.357983	56.000000	50.673000
907.564277	848.352963	56.000000	50.676000
907.564280	848.347957	55.999999	50.679000
907.564281	848.342966	55.999999	50.681000
907.564276	848.337971	56.000000	50.684000
907.564279	848.333171	56.000000	50.686000
907.564275	848.328162	56.000000	50.687000
907.564282	848.322573	55.999999	50.686000
907.564277	848.317770	56.000000	50.685000
907.564280	848.312768	55.999999	50.683000
907.564280	848.307754	56.000002	50.681000
907.564281	848.302762	55.999999	50.678000
907.564281	848.297966	56.000000	50.676000
907.564277	848.292756	55.999999	50.673000
907.564280	848.287772	56.000001	50.671000
907.564279	848.282767	56.000000	50.669000
907.564282	848.277566	55.999999	50.666000
907.564281	848.272760	55.999999	50.664000
907.564282	848.267766	56.000001	50.661000
907.564281	848.262774	56.000000	50.657000
907.564279	848.257768	55.999999	50.654000
907.564279	848.252960	56.000001	50.652000
907.564283	848.247555	56.000000	50.651000
907.564282	848.242581	55.999999	50.651000
907.564280	848.237574	56.000000	50.651000
907.564280	848.232547	55.999999	50.652000
907.564281	848.227555	55.999999	50.652000
907.564280	848.222578	56.000001	50.653000
907.564279	848.217577	56.000000	50.655000
907.564281	848.212558	56.000000	50.657000
907.564282	848.207556	56.000000	50.660000
907.564280	848.202571	56.000000	50.662000
907.564279	848.197573	55.999999	50.665000
907.564279	848.192559	55.999999	50.667000
907.564282	848.187765	55.999999	50.668000
907.564282	848.182563	56.000000	50.670000
907.564280	848.177569	55.999999	50.671000
907.564280	848.172760	56.000000	50.672000
907.564282	848.167350	56.000000	50.672000
907.564280	848.162368	56.000000	50.672000
907.564280	848.157361	56.000000	50.673000
907.564280	848.152349	56.000000	50.674000
907.564282	848.147347	56.000000	50.675000
907.564279	848.142558	56.000000	50.676000
907.564282	848.137361	55.999999	50.676000
907.564279	848.132340	56.000000	50.676000
907.564275	848.127146	56.000000	50.676000
907.564283	848.122563	56.000000	50.676000
907.564279	848.117355	56.000000	50.675000
907.564279	848.112542	56.000001	50.674000
907.564280	848.107141	56.000000	50.671000
907.564279	848.102565	55.999999	50.668000
907.564283	848.097567	56.000000	50.664000
907.564281	848.092141	56.000000	50.659000
907.564281	848.087135	56.000000	50.654000
907.564283	848.082150	56.000000	50.650000
907.564282	848.077156	55.999999	50.647000
907.564281	848.072151	55.999999	50.645000
907.564281	848.067136	55.999999	50.644000
907.564281	848.062151	56.000000	50.643000
907.564278	848.057154	56.000000	50.643000
907.564281	848.052153	56.000000	50.644000
907.564281	848.047142	56.000001	50.646000
907.564279	848.041950	55.999999	50.649000
907.564281	848.037356	56.000000	50.653000
907.564280	848.032359	56.000000	50.656000
907.564280	848.027150	55.999999	50.659000
907.564280	848.022368	55.999999	50.662000
907.564278	848.016753	56.000001	50.665000
907.564281	848.011950	55.999999	50.668000
907.564280	848.006954	55.999999	50.672000
907.564279	848.001967	56.000000	50.675000
907.564278	847.996967	56.000000	50.677000
907.564277	847.991948	56.000000	50.677000
907.564279	847.986948	55.999999	50.676000
907.564280	847.981772	55.999999	50.674000
907.564282	847.976976	56.000000	50.673000
907.564279	847.971949	56.000000	50.672000
907.564281	847.966943	55.999999	50.670000
907.564278	847.961969	56.000000	50.668000
907.564283	847.957178	55.999999	50.666000
907.564280	847.952157	55.999999	50.664000
907.564282	847.947149	56.000000	50.661000
907.564280	847.941770	55.999999	50.660000
907.564281	847.936768	56.000000	50.659000
907.564277	847.931757	56.000000	50.658000
907.564276	847.926742	56.000000	50.656000
907.564276	847.921564	56.000000	50.655000
907.564279	847.916766	56.000001	50.653000
907.564279	847.911754	56.000000	50.652000
907.564279	847.906748	56.000000	50.650000
907.564282	847.901769	55.999999	50.648000
907.564280	847.896769	56.000001	50.647000
907.564283	847.891761	56.000000	50.645000
907.564280	847.886755	56.000000	50.644000
907.564281	847.881970	56.000000	50.643000
907.564282	847.876771	55.999999	50.642000
907.564281	847.871765	55.999999	50.641000
907.564279	847.866562	56.000000	50.641000
907.564280	847.861577	55.999999	50.642000
907.564279	847.856580	56.000001	50.643000
907.564278	847.851562	56.000001	50.643000
907.564280	847.846559	56.000001	50.643000
907.564280	847.841573	55.999999	50.643000
907.564278	847.836564	55.999999	50.643000
907.564277	847.831572	56.000001	50.643000
907.564279	847.826551	56.000000	50.645000
907.564279	847.821374	56.000000	50.647000
907.564279	847.816575	55.999999	50.649000
907.564280	847.811567	56.000002	50.651000
907.564280	847.806750	55.999999	50.653000
907.564279	847.801778	56.000000	50.654000
907.564281	847.796774	55.999999	50.655000
907.564281	847.791361	56.000000	50.657000
907.564280	847.786351	56.000000	50.658000
907.564280	847.781372	55.999999	50.660000
907.564280	847.776376	56.000000	50.661000
907.564281	847.771364	56.000000	50.661000
907.564281	847.766354	56.000000	50.661000
907.564278	847.761366	56.000000	50.660000
907.564281	847.756372	56.000000	50.658000
907.564280	847.751367	55.999999	50.656000
907.564281	847.746359	55.999999	50.654000
907.564281	847.741373	56.000000	50.652000
907.564277	847.736172	56.000000	50.651000
907.564280	847.731358	56.000000	50.650000
907.564279	847.726554	55.999999	50.649000
907.564282	847.721575	55.999999	50.648000
907.564282	847.716171	56.000000	50.646000
907.564280	847.711160	56.000000	50.645000
907.564280	847.706144	56.000001	50.645000
907.564281	847.701168	55.999999	50.646000
907.564284	847.695972	56.000000	50.647000
907.564280	847.690959	56.000000	50.647000
907.564278	847.686149	56.000000	50.646000
907.564282	847.681168	56.000000	50.645000
907.564281	847.676167	56.000000	50.643000
907.564280	847.671161	56.000001	50.642000
907.564283	847.666148	55.999999	50.640000
907.564278	847.661160	56.000001	50.639000
907.564280	847.656166	55.999999	50.637000
907.564279	847.651357	56.000001	50.634000
907.564279	847.646356	56.000000	50.632000
907.564280	847.640958	56.000000	50.630000
907.564280	847.635963	56.000000	50.629000
907.564282	847.630964	56.000001	50.629000
907.564281	847.625960	56.000000	50.630000
907.564281	847.620970	56.000001	50.631000
907.564281	847.615974	55.999999	50.632000
907.564280	847.610768	56.000000	50.634000
907.564276	847.605765	56.000000	50.635000
907.564283	847.600979	56.000000	50.637000
907.564281	847.595972	56.000000	50.639000
907.564280	847.590764	55.999999	50.641000
907.564283	847.585959	56.000000	50.645000
907.564282	847.581173	56.000000	50.649000
907.564281	847.575967	56.000001	50.653000
907.564281	847.571150	56.000000	50.656000
907.564282	847.565752	56.000000	50.658000
907.564279	847.560757	56.000000	50.660000
907.564280	847.555768	56.000000	50.662000
907.564282	847.550757	56.000000	50.663000
907.564281	847.545954	56.000000	50.665000
907.564283	847.540762	55.999999	50.668000
907.564279	847.535969	56.000001	50.670000
907.564281	847.530753	56.000000	50.673000
907.564282	847.525945	56.000001	50.677000
907.564281	847.520753	56.000000	50.680000
907.564280	847.515955	56.000001	50.683000
907.564282	847.510752	56.000000	50.687000
907.564278	847.505938	56.000000	50.690000
907.564280	847.500752	55.999999	50.692000
907.564280	847.495764	55.999999	50.693000
907.564281	847.490556	56.000000	50.695000
907.564278	847.485540	56.000000	50.697000
907.564277	847.480344	55.999999	50.698000
907.564277	847.475560	56.000000	50.697000
907.564279	847.470556	56.000000	50.694000
907.564279	847.465551	56.000000	50.690000
907.564282	847.460559	56.000000	50.686000
907.564279	847.455557	55.999999	50.681000
907.564279	847.450341	55.999999	50.675000
907.564278	847.445540	56.000000	50.666000
907.564277	847.440552	56.000000	50.656000
907.564279	847.435549	56.000000	50.647000
907.564280	847.430548	56.000001	50.638000
907.564280	847.425759	55.999999	50.629000
907.564278	847.420555	56.000001	50.618000
907.564278	847.415354	55.999999	50.608000
907.564279	847.410348	55.999999	50.601000
907.564279	847.405341	55.999999	50.598000
907.564281	847.400360	55.999999	50.598000
907.564278	847.395359	56.000000	50.598000
907.564277	847.390140	56.000000	50.599000
907.564277	847.385344	56.000001	50.600000
907.564280	847.380357	56.000000	50.602000
907.564281	847.375359	56.000000	50.605000
907.564283	847.370358	55.999999	50.608000
907.564283	847.365536	55.999999	50.613000
907.564281	847.360350	56.000000	50.616000
907.564279	847.355350	56.000000	50.620000
907.564279	847.350362	56.000000	50.623000
907.564279	847.345347	56.000000	50.626000
907.564280	847.340149	56.000001	50.630000
907.564281	847.335156	55.999999	50.634000
907.564278	847.329950	56.000000	50.638000
907.564280	847.325140	55.999999	50.642000
907.564278	847.320145	56.000000	50.646000
907.564279	847.315144	56.000000	50.649000
907.564279	847.310151	55.999999	50.651000
907.564280	847.305339	56.000000	50.654000
907.564280	847.300149	56.000002	50.657000
907.564283	847.295137	56.000000	50.662000
907.564279	847.290148	56.000000	50.668000
907.564282	847.285137	56.000000	50.673000
907.564277	847.280152	56.000001	50.677000
907.564281	847.275153	55.999999	50.680000
907.564280	847.270154	56.000000	50.681000
907.564279	847.264944	56.000000	50.682000
907.564276	847.259948	56.000000	50.685000
907.564277	847.254938	55.999999	50.688000
907.564278	847.249934	55.999999	50.690000
907.564279	847.244740	56.000000	50.690000
907.564277	847.239945	56.000000	50.689000
907.564279	847.234956	56.000000	50.689000
907.564278	847.229952	56.000000	50.689000
907.564279	847.224930	55.999999	50.690000
907.564280	847.219950	55.999999	50.691000
907.564279	847.214944	56.000001	50.691000
907.564279	847.209957	56.000000	50.689000
907.564276	847.204950	56.000000	50.687000
907.564279	847.199953	56.000000	50.684000
907.564279	847.194956	56.000000	50.682000
907.564280	847.189562	56.000000	50.680000
907.564279	847.184760	55.999998	50.678000
907.564280	847.179562	56.000001	50.677000
907.564278	847.174759	56.000001	50.677000
907.564279	847.169752	56.000001	50.677000
907.564280	847.164745	55.999999	50.678000
907.564281	847.159558	55.999999	50.678000
907.564281	847.154756	56.000000	50.677000
907.564278	847.149759	56.000001	50.678000
907.564280	847.144748	55.999999	50.678000
907.564281	847.139560	55.999999	50.678000
907.564278	847.134750	55.999999	50.676000
907.564280	847.129753	56.000001	50.674000
907.564280	847.124745	56.000001	50.672000
907.564276	847.119549	56.000002	50.672000
907.564279	847.114751	56.000001	50.673000
907.564280	847.109560	56.000000	50.672000
907.564279	847.104745	55.999999	50.671000
907.564281	847.099554	55.999999	50.668000
907.564279	847.094555	56.000001	50.667000
907.564278	847.089752	55.999999	50.666000
907.564277	847.084749	56.000000	50.667000
907.564282	847.079764	55.999999	50.667000
907.564277	847.074757	56.000000	50.666000
907.564281	847.069764	56.000000	50.664000
907.564275	847.064938	56.000000	50.662000
907.564277	847.059546	56.000001	50.661000
907.564281	847.054553	55.999999	50.660000
907.564279	847.049760	55.999999	50.659000
907.564277	847.044954	56.000000	50.658000
907.564283	847.039359	56.000001	50.657000
907.564282	847.034558	56.000001	50.657000
907.564279	847.029560	56.000000	50.657000
907.564281	847.024567	55.999999	50.657000
907.564279	847.019554	56.000001	50.658000
907.564279	847.014554	55.999999	50.657000
907.564280	847.009569	56.000001	50.657000
907.564282	847.004565	55.999999	50.656000
907.564283	846.999578	55.999999	50.656000
907.564277	846.994562	56.000001	50.657000
907.564281	846.989564	55.999999	50.657000
907.564278	846.984558	56.000000	50.658000
907.564280	846.979566	55.999999	50.658000
907.564282	846.974571	56.000001	50.657000
907.564280	846.969570	56.000000	50.656000
907.564280	846.964562	56.000000	50.655000
907.564281	846.959164	56.000001	50.653000
907.564283	846.954158	55.999999	50.652000
907.564281	846.949172	56.000000	50.651000
907.564281	846.944169	55.999999	50.650000
907.564283	846.939161	55.999999	50.651000
907.564279	846.934165	56.000001	50.652000
907.564281	846.929368	56.000000	50.653000
907.564281	846.924162	56.000000	50.655000
907.564280	846.919358	56.000001	50.657000
907.564280	846.914155	55.999999	50.660000
907.564281	846.909372	56.000000	50.662000
907.564282	846.904163	55.999999	50.663000
907.564279	846.899357	56.000000	50.664000
907.564280	846.894153	56.000001	50.665000
907.564281	846.888768	56.000001	50.666000
907.564280	846.883955	55.999999	50.668000
907.564279	846.878951	56.000000	50.669000
907.564280	846.873751	56.000000	50.671000
907.564279	846.868761	56.000000	50.672000
907.564281	846.863752	56.000000	50.673000
907.564279	846.858564	56.000001	50.674000
907.564281	846.853758	55.999999	50.676000
907.564280	846.848761	55.999999	50.679000
907.564282	846.843761	56.000000	50.682000
907.564280	846.838757	55.999999	50.685000
907.564281	846.833757	56.000000	50.689000
907.564280	846.828755	56.000000	50.693000
907.564280	846.823761	55.999999	50.696000
907.564277	846.818765	56.000001	50.698000
907.564279	846.813561	55.999999	50.699000
907.564277	846.808567	55.999999	50.698000
907.564279	846.803570	56.000000	50.696000
907.564278	846.798567	56.000000	50.695000
907.564278	846.793365	56.000000	50.695000
907.564275	846.788770	56.000001	50.696000
907.564278	846.783768	56.000000	50.697000
907.564280	846.778571	56.000000	50.698000
907.564279	846.773364	56.000000	50.698000
907.564278	846.768772	56.000000	50.698000
907.564278	846.763573	56.000001	50.697000
907.564280	846.758579	56.000001	50.696000
907.564278	846.753562	55.999999	50.695000
907.564281	846.748765	56.000001	50.695000
907.564280	846.743573	56.000000	50.695000
907.564276	846.738376	56.000001	50.695000
907.564281	846.733371	55.999999	50.695000
907.564279	846.728379	56.000000	50.694000
907.564281	846.722974	56.000000	50.693000
907.564278	846.718381	56.000001	50.691000
907.564277	846.713364	56.000001	50.690000
907.564280	846.708385	55.999999	50.689000
907.564277	846.703385	56.000000	50.688000
907.564277	846.698378	56.000001	50.686000
907.564278	846.693359	56.000001	50.684000
907.564278	846.688376	55.999999	50.683000
907.564279	846.683373	56.000001	50.683000
907.564277	846.678376	56.000000	50.683000
907.564278	846.673370	56.000001	50.683000
907.564278	846.668368	56.000001	50.682000
907.564278	846.663182	56.000001	50.682000
907.564277	846.658178	56.000000	50.681000
907.564278	846.653161	56.000000	50.681000
907.564281	846.648171	55.999999	50.680000
907.564282	846.642981	55.999999	50.680000
907.564280	846.638171	55.999998	50.680000
907.564281	846.633153	56.000001	50.679000
907.564278	846.628166	55.999999	50.679000
907.564282	846.623180	56.000001	50.677000
907.564277	846.618175	56.000000	50.676000
907.564279	846.613166	56.000000	50.675000
907.564279	846.608164	56.000000	50.674000
907.564283	846.603174	55.999999	50.674000
907.564278	846.598369	56.000001	50.673000
907.564277	846.593153	56.000000	50.671000
907.564282	846.587761	55.999999	50.671000
907.564281	846.582783	56.000001	50.671000
907.564282	846.577579	55.999999	50.672000
907.564280	846.572750	56.000001	50.673000
907.564280	846.567764	56.000000	50.676000
907.564279	846.562782	56.000000	50.678000
907.564279	846.557784	56.000000	50.679000
907.564281	846.552756	56.000001	50.681000
907.564280	846.547759	55.999999	50.683000
907.564280	846.542768	56.000000	50.684000
907.564280	846.537770	56.000000	50.685000
907.564281	846.532960	56.000000	50.685000
907.564281	846.527556	56.000000	50.686000
907.564278	846.522971	56.000000	50.687000
907.564282	846.517773	55.999999	50.689000
907.564279	846.512760	56.000000	50.691000
907.564281	846.507765	56.000000	50.693000
907.564281	846.502772	56.000001	50.695000
907.564279	846.497571	56.000000	50.696000
907.564282	846.492769	55.999999	50.698000
907.564279	846.487772	56.000000	50.699000
907.564281	846.482784	55.999999	50.701000
907.564282	846.477776	55.999999	50.702000
907.564281	846.472767	55.999999	50.704000
907.564280	846.467760	55.999999	50.705000
907.564283	846.462782	55.999999	50.706000
907.564283	846.457774	55.999999	50.707000
907.564279	846.452758	56.000001	50.707000
907.564283	846.447769	56.000000	50.707000
907.564282	846.442787	56.000001	50.706000
907.564281	846.437376	55.999999	50.705000
907.564282	846.432568	56.000002	50.705000
907.564280	846.427565	55.999999	50.705000
907.564282	846.422581	56.000001	50.705000
907.564281	846.417579	56.000000	50.706000
907.564279	846.412559	55.999999	50.706000
907.564279	846.407360	56.000000	50.707000
907.564280	846.402775	56.000000	50.708000
907.564283	846.397574	55.999999	50.709000
907.564281	846.392567	56.000001	50.709000
907.564280	846.387545	56.000000	50.709000
907.564281	846.382565	55.999999	50.709000
907.564281	846.377576	56.000001	50.709000
907.564281	846.372768	56.000001	50.710000
907.564283	846.367555	55.999999	50.712000
907.564281	846.362372	55.999999	50.714000
907.564281	846.357376	55.999999	50.716000
907.564277	846.352365	56.000001	50.717000
907.564283	846.347364	55.999998	50.718000
907.564278	846.342368	56.000001	50.719000
907.564282	846.337371	55.999999	50.720000
907.564281	846.332364	56.000000	50.722000
907.564278	846.327358	56.000000	50.723000
907.564281	846.322373	56.000001	50.723000
907.564280	846.317370	56.000001	50.724000
907.564280	846.312356	55.999999	50.724000
907.564280	846.307354	56.000002	50.724000
907.564281	846.302376	55.999999	50.725000
907.564281	846.297365	56.000000	50.727000
907.564284	846.292550	56.000000	50.728000
907.564277	846.286935	56.000001	50.728000
907.564277	846.282162	56.000001	50.728000
907.564281	846.277159	55.999998	50.727000
907.564280	846.271940	55.999999	50.727000
907.564280	846.267143	55.999999	50.728000
907.564279	846.262170	56.000001	50.729000
907.564280	846.257176	55.999999	50.729000
907.564283	846.252153	56.000000	50.730000
907.564280	846.247150	56.000000	50.730000
907.564279	846.242165	56.000001	50.729000
907.564278	846.236964	56.000001	50.729000
907.564277	846.231959	56.000001	50.729000
907.564279	846.227144	56.000001	50.730000
907.564280	846.222359	56.000000	50.730000
907.564281	846.217165	55.999999	50.731000
907.564278	846.212163	55.999999	50.732000
907.564279	846.206948	56.000000	50.733000
907.564282	846.202160	56.000000	50.735000
907.564282	846.197158	55.999999	50.737000
907.564278	846.192157	56.000001	50.739000
907.564282	846.187151	55.999999	50.740000
907.564277	846.182160	56.000000	50.741000
907.564280	846.176967	56.000000	50.743000
907.564280	846.172156	56.000000	50.745000
907.564278	846.167151	56.000000	50.748000
907.564278	846.162169	56.000001	50.750000
907.564279	846.156959	56.000001	50.753000
907.564279	846.152157	56.000001	50.756000
907.564281	846.147159	55.999999	50.758000
907.564277	846.142375	56.000001	50.760000
907.564277	846.136958	55.999999	50.761000
907.564278	846.131952	55.999999	50.762000
907.564280	846.126942	56.000000	50.762000
907.564279	846.121962	56.000001	50.762000
907.564278	846.116761	55.999999	50.763000
907.564279	846.111751	55.999999	50.764000
907.564278	846.106742	56.000000	50.765000
907.564277	846.101764	56.000001	50.767000
907.564279	846.096770	55.999999	50.769000
907.564276	846.091758	56.000000	50.771000
907.564277	846.086749	56.000001	50.772000
907.564279	846.081766	56.000001	50.773000
907.564277	846.076777	56.000001	50.774000
907.564279	846.071762	56.000000	50.775000
907.564280	846.066751	55.999999	50.777000
907.564278	846.061563	55.999998	50.780000
907.564279	846.056361	56.000000	50.783000
907.564278	846.051558	56.000001	50.785000
907.564281	846.046543	56.000000	50.787000
907.564279	846.041558	55.999999	50.788000
907.564279	846.036556	55.999998	50.789000
907.564281	846.031752	55.999999	50.792000
907.564280	846.026539	56.000001	50.795000
907.564278	846.021553	56.000000	50.798000
907.564279	846.016560	56.000001	50.799000
907.564281	846.011353	56.000001	50.800000
907.564279	846.006539	56.000000	50.801000
907.564278	846.001554	55.999999	50.802000
907.564282	845.996363	55.999998	50.804000
907.564278	845.991750	56.000001	50.807000
907.564280	845.986337	56.000000	50.809000
907.564278	845.981357	56.000001	50.811000
907.564278	845.976360	56.000000	50.814000
907.564283	845.971353	55.999999	50.816000
907.564280	845.966138	56.000000	50.818000
907.564282	845.961357	55.999999	50.820000
907.564281	845.956361	56.000000	50.822000
907.564279	845.951355	56.000000	50.823000
907.564280	845.946341	56.000000	50.825000
907.564278	845.941363	56.000000	50.828000
907.564281	845.936363	56.000000	50.830000
907.564280	845.931153	56.000000	50.833000
907.564281	845.925947	56.000001	50.835000
907.564281	845.921568	55.999999	50.837000
907.564281	845.916369	56.000001	50.840000
907.564280	845.911365	56.000001	50.842000
907.564282	845.906351	55.999998	50.845000
907.564282	845.901374	56.000000	50.848000
907.564278	845.896375	55.999999	50.850000
907.564280	845.891361	55.999999	50.852000
907.564282	845.886349	56.000000	50.853000
907.564281	845.881163	55.999999	50.854000
907.564280	845.876362	56.000000	50.855000
907.564281	845.871365	56.000001	50.857000
907.564281	845.866349	56.000000	50.858000
907.564282	845.861373	56.000000	50.860000
907.564280	845.856375	56.000000	50.862000
907.564280	845.851365	55.999999	50.864000
907.564280	845.846353	56.000000	50.866000
907.564280	845.841377	55.999999	50.868000
907.564281	845.836173	56.000000	50.870000
907.564278	845.831169	56.000000	50.872000
907.564282	845.826157	56.000001	50.874000
907.564281	845.821181	56.000000	50.877000
907.564283	845.816174	56.000000	50.880000
907.564286	845.811166	55.999999	50.882000
907.564278	845.806156	56.000001	50.885000
907.564281	845.800967	55.999999	50.887000
907.564279	845.796166	56.000002	50.890000
907.564280	845.791171	55.999999	50.893000
907.564283	845.785964	56.000000	50.896000
907.564281	845.781372	56.000000	50.900000
907.564281	845.776169	56.000002	50.903000
907.564281	845.771367	56.000000	50.907000
907.564282	845.766346	55.999999	50.911000
907.564282	845.760959	55.999999	50.916000
907.564280	845.755963	56.000001	50.921000
907.564277	845.750964	56.000001	50.925000
907.564281	845.745948	56.000000	50.931000
907.564278	845.740962	56.000001	50.936000
907.564283	845.735962	55.999999	50.943000
907.564280	845.730958	55.999999	50.948000
907.564281	845.725948	56.000000	50.955000
907.564282	845.720961	55.999999	50.961000
907.564278	845.715758	56.000000	50.966000
907.564283	845.710961	56.000000	50.972000
907.564283	845.705944	56.000001	50.978000
907.564280	845.700963	56.000001	50.984000
907.564282	845.696168	56.000000	50.990000
907.564280	845.691161	55.999999	50.995000
907.564282	845.685948	56.000000	51.000000
907.564281	845.680768	56.000000	51.002000
907.564282	845.675962	55.999999	51.005000
907.564280	845.670963	56.000000	51.008000
907.564283	845.665941	55.999999	51.011000
907.564280	845.660956	55.999999	51.012000
907.564281	845.655962	56.000000	51.015000
907.564281	845.650947	56.000000	51.018000
907.564279	845.645933	56.000000	51.018000
907.564281	845.640949	56.000001	0.000000
907.564279	845.635756	55.999999	0.000000
907.564281	845.630714	56.000000	0.000000
907.564281	845.626123	55.999999	0.000000
907.564281	845.620939	56.000000	0.000000
907.564280	845.616152	56.000000	0.000000
907.564281	845.610946	56.000001	0.000000
907.564281	845.605942	56.000000	0.000000
907.564281	845.600951	56.000000	0.000000
907.564283	845.595955	55.999999	0.000000
907.564281	845.590751	56.000000	0.000000
907.564279	845.585945	56.000000	0.000000
907.564278	845.580758	56.000000	0.000000
907.564282	845.575761	56.000000	0.000000
907.564279	845.570754	56.000001	0.000000
907.564281	845.565937	55.999999	0.000000
907.564283	845.560757	56.000000	0.000000
907.564278	845.555760	56.000000	0.000000
907.564281	845.550760	56.000000	0.000000
907.564280	845.545948	56.000000	0.000000
907.564281	845.540757	56.000001	0.000000
907.564277	845.535759	56.000000	0.000000
907.564276	845.530558	55.999999	0.000000
907.564280	845.525549	56.000000	0.000000
907.564280	845.520554	56.000000	0.000000
907.564278	845.515562	56.000000	0.000000
907.564282	845.510561	55.999999	0.000000
907.564280	845.505749	56.000001	0.000000
907.564280	845.500557	56.000000	0.000000
907.564279	845.495757	56.000001	0.000000
907.564279	845.490762	55.999999	0.000000
907.564279	845.485753	55.999999	0.000000
907.564280	845.480762	56.000000	0.000000
907.564280	845.475761	56.000001	0.000000
907.564280	845.470759	56.000000	0.000000
907.564281	845.465747	56.000000	0.000000
907.564282	845.460363	56.000000	0.000000
907.564279	845.455364	56.000000	0.000000
907.564279	845.450365	56.000001	0.000000
907.564281	845.445351	55.999999	0.000000
907.564278	845.440365	56.000000	0.000000
907.564281	845.435373	55.999999	0.000000
907.564279	845.430366	56.000000	0.000000
907.564281	845.425547	55.999999	0.000000
907.564280	845.420364	56.000000	0.000000
907.564280	845.415357	56.000000	0.000000
907.564279	845.410366	55.999999	0.000000
907.564279	845.405350	56.000000	0.000000
907.564277	845.400153	56.000000	0.000000
907.564276	845.395359	56.000000	0.000000
907.564279	845.390554	55.999999	0.000000
907.564279	845.384953	56.000001	0.000000
907.564280	845.380160	56.000000	0.000000
907.564279	845.375160	56.000000	0.000000
907.564276	845.370161	56.000000	0.000000
907.564280	845.365146	56.000000	0.000000
907.564278	845.360157	56.000000	0.000000
907.564280	845.355154	56.000000	0.000000
907.564277	845.350154	56.000000	0.000000
907.564278	845.345149	56.000000	0.000000
907.564278	845.340160	56.000000	0.000000
907.564279	845.335154	56.000000	0.000000
907.564277	845.330162	56.000001	0.000000
907.564279	845.325146	55.999999	0.000000
907.564281	845.320159	56.000000	0.000000
907.564278	845.314957	56.000001	0.000000
907.564281	845.309772	55.999999	0.000000
907.564278	845.304956	56.000000	0.000000
907.564277	845.299958	55.999999	0.000000
907.564282	845.294755	56.000000	0.000000
907.564281	845.289965	56.000001	0.000000
907.564283	845.284960	56.000000	0.000000
907.564279	845.279955	56.000000	0.000000
907.564279	845.274762	56.000001	0.000000
907.564281	845.269974	56.000000	0.000000
907.564277	845.265150	56.000000	0.000000
907.564279	845.259959	56.000001	0.000000
907.564280	845.254958	56.000000	0.000000
907.564279	845.249767	55.999999	0.000000
907.564282	845.245151	56.000000	0.000000
907.564279	845.239958	56.000001	0.000000
907.564279	845.234955	56.000000	0.000000
907.564279	845.229959	56.000000	0.000000
907.564277	845.224947	56.000000	0.000000
907.564281	845.219950	56.000000	0.000000
907.564280	845.214954	56.000000	0.000000
907.564282	845.209958	55.999999	0.000000
907.564281	845.205149	55.999999	0.000000
907.564284	845.199957	55.999999	0.000000
907.564278	845.194951	56.000001	0.000000
907.564280	845.189953	56.000001	0.000000
907.564277	845.184948	56.000000	0.000000
907.564281	845.179950	56.000000	0.000000
907.564278	845.174957	56.000000	0.000000
907.564281	845.169958	56.000000	0.000000
907.564281	845.165138	55.999999	0.000000
907.564276	845.160154	56.000000	0.000000
907.564279	845.154549	56.000000	0.000000
907.564279	845.149758	56.000000	0.000000
907.564280	845.144748	55.999999	0.000000
907.564280	845.139752	56.000000	0.000000
907.564281	845.134753	56.000001	0.000000
907.564282	845.129755	56.000000	0.000000
907.564280	845.124754	55.999999	0.000000
907.564281	845.119762	56.000000	0.000000
907.564278	845.114752	56.000001	0.000000
907.564280	845.109569	56.000000	0.000000
907.564283	845.104749	55.999999	0.000000
907.564279	845.099752	56.000000	0.000000
907.564280	845.094756	56.000000	0.000000
907.564281	845.089755	55.999999	0.000000
907.564279	845.084954	56.000001	0.000000
907.564281	845.079359	56.000000	0.000000
907.564280	845.074544	56.000001	0.000000
907.564281	845.069560	56.000001	0.000000
907.564282	845.064555	56.000000	0.000000
907.564283	845.059557	55.999999	0.000000
907.564280	845.054545	56.000000	0.000000
907.564284	845.049356	56.000001	0.000000
907.564279	845.044551	56.000000	0.000000
907.564281	845.039556	55.999999	0.000000
907.564280	845.034551	55.999999	0.000000
907.564282	845.029555	56.000000	0.000000
907.564281	845.024549	56.000000	0.000000
907.564281	845.019565	55.999999	0.000000
907.564281	845.014761	55.999999	0.000000
907.564283	845.009759	55.999999	0.000000
907.564284	845.004356	56.000001	0.000000
907.564279	844.999361	56.000000	0.000000
907.564279	844.994365	56.000001	0.000000
907.564282	844.989365	56.000000	0.000000
907.564278	844.984158	56.000001	0.000000
907.564282	844.979360	56.000000	0.000000
907.564280	844.974361	56.000000	0.000000
907.564283	844.969369	55.999999	0.000000
907.564281	844.964363	56.000000	0.000000
907.564279	844.959354	56.000000	0.000000
907.564283	844.954357	56.000000	0.000000
907.564280	844.949362	55.999999	0.000000
907.564283	844.944357	56.000000	0.000000
907.564283	844.939551	56.000001	0.000000
907.564279	844.934356	56.000000	0.000000
907.564280	844.929372	56.000000	0.000000
907.564281	844.924169	55.999999	0.000000
907.564278	844.919363	56.000000	0.000000
907.564280	844.914356	56.000002	0.000000
907.564280	844.909366	56.000000	0.000000
907.564280	844.904367	56.000000	0.000000
907.564280	844.899364	56.000000	0.000000
907.564280	844.894358	56.000000	0.000000
907.564280	844.889365	56.000000	0.000000
907.564280	844.884368	56.000001	0.000000
907.564284	844.879361	55.999998	0.000000
907.564278	844.874345	55.999999	0.000000
907.564281	844.869560	56.000001	0.000000
907.564282	844.864554	56.000001	0.000000
907.564280	844.859367	56.000000	0.000000
907.564278	844.853956	56.000000	0.000000
907.564277	844.849161	56.000000	0.000000
907.564278	844.844169	56.000001	0.000000
907.564281	844.839161	56.000001	0.000000
907.564278	844.834156	56.000000	0.000000
907.564279	844.829169	56.000001	0.000000
907.564281	844.824164	55.999999	0.000000
907.564280	844.819158	55.999999	0.000000
907.564281	844.814157	56.000000	0.000000
907.564278	844.809164	56.000000	0.000000
907.564281	844.804163	56.000001	0.000000
907.564282	844.799357	55.999999	0.000000
907.564278	844.793958	56.000000	0.000000
907.564281	844.789375	55.999999	0.000000
907.564280	844.784360	56.000001	0.000000
907.564279	844.778962	56.000000	0.000000
907.564279	844.773961	56.000001	0.000000
907.564277	844.768981	56.000001	0.000000
907.564279	844.763971	56.000000	0.000000
907.564278	844.758964	56.000000	0.000000
907.564279	844.753952	55.999999	0.000000
907.564278	844.748969	56.000000	0.000000
907.564278	844.743969	56.000000	0.000000
907.564282	844.738980	55.999999	0.000000
907.564279	844.733957	56.000000	0.000000
907.564280	844.729166	56.000001	0.000000
907.564278	844.723964	55.999999	0.000000
907.564279	844.719170	56.000000	0.000000
907.564278	844.713964	56.000001	0.000000
907.564281	844.709163	56.000001	0.000000
907.564279	844.703766	56.000000	0.000000
907.564279	844.698770	56.000000	0.000000
907.564280	844.693756	56.000000	0.000000
907.564279	844.688765	56.000000	0.000000
907.564278	844.683769	56.000000	0.000000
907.564280	844.678773	56.000000	0.000000
907.564279	844.673760	55.999999	0.000000
907.564280	844.668765	56.000000	0.000000
907.564278	844.663757	55.999999	0.000000
907.564276	844.658570	56.000001	0.000000
907.564278	844.653765	56.000000	0.000000
907.564277	844.648778	56.000000	0.000000
907.564280	844.643770	55.999999	0.000000
907.564282	844.638966	55.999999	0.000000
907.564280	844.633754	56.000000	0.000000
907.564279	844.628775	56.000000	0.000000
907.564280	844.623777	56.000000	0.000000
907.564279	844.618768	55.999999	0.000000
907.564280	844.613766	56.000000	0.000000
907.564277	844.608780	56.000001	0.000000
907.564278	844.603776	56.000000	0.000000
907.564279	844.598777	55.999999	0.000000
907.564281	844.593755	55.999999	0.000000
907.564279	844.588770	56.000000	0.000000
907.564279	844.583777	56.000001	0.000000
907.564281	844.578574	55.999999	0.000000
907.564279	844.573755	55.999999	0.000000
907.564280	844.568765	56.000000	0.000000
907.564279	844.563772	56.000000	0.000000
907.564278	844.558974	56.000000	0.000000
907.564281	844.553563	56.000001	0.000000
907.564278	844.548563	56.000001	0.000000
907.564281	844.543569	56.000001	0.000000
907.564278	844.538572	56.000001	0.000000
907.564281	844.533556	56.000000	0.000000
907.564281	844.528565	55.999999	0.000000
907.564282	844.523566	56.000000	0.000000
907.564279	844.518566	56.000000	0.000000
907.564284	844.513161	56.000001	0.000000
907.564278	844.508768	56.000000	0.000000
907.564280	844.503571	56.000000	0.000000
907.564283	844.498566	56.000000	0.000000
907.564280	844.493556	56.000001	0.000000
907.564278	844.488770	55.999999	0.000000
907.564280	844.483176	56.000001	0.000000
907.564284	844.478379	55.999999	0.000000
907.564283	844.473362	55.999998	0.000000
907.564281	844.468376	56.000001	0.000000
907.564281	844.463377	55.999998	0.000000
907.564282	844.458373	56.000000	0.000000
907.564280	844.453157	55.999999	0.000000
907.564280	844.448365	56.000001	0.000000
907.564282	844.443377	55.999999	0.000000
907.564281	844.438378	55.999999	0.000000
907.564281	844.433356	56.000000	0.000000
907.564280	844.428162	56.000000	0.000000
907.564280	844.423373	56.000001	0.000000
907.564280	844.418375	56.000000	0.000000
907.564279	844.413358	56.000001	0.000000
907.564283	844.407760	56.000000	0.000000
907.564282	844.403174	56.000000	0.000000
907.564279	844.398175	56.000000	0.000000
907.564281	844.393159	56.000000	0.000000
907.564281	844.388165	56.000000	0.000000
907.564285	844.383180	56.000000	0.000000
907.564279	844.378170	56.000000	0.000000
907.564278	844.373160	56.000001	0.000000
907.564280	844.368167	56.000001	0.000000
907.564280	844.363179	56.000000	0.000000
907.564279	844.358178	56.000001	0.000000
907.564281	844.353168	55.999999	0.000000
907.564282	844.348169	56.000000	0.000000
907.564279	844.342984	55.999999	0.000000
907.564281	844.338375	56.000000	0.000000
907.564279	844.332764	56.000001	0.000000
907.564281	844.327962	55.999999	0.000000
907.564283	844.322981	56.000000	0.000000
907.564281	844.317976	55.999999	0.000000
907.564281	844.312969	56.000000	0.000000
907.564280	844.307972	55.999999	0.000000
907.564282	844.302982	55.999999	0.000000
907.564279	844.297985	55.999999	0.000000
907.564279	844.292771	56.000001	0.000000
907.564281	844.287969	56.000000	0.000000
907.564280	844.282987	56.000000	0.000000
907.564281	844.277783	56.000001	0.000000
907.564281	844.272968	55.999998	0.000000
907.564281	844.267970	56.000000	0.000000
907.564281	844.263181	56.000000	0.000000
907.564281	844.257581	55.999999	0.000000
907.564279	844.252757	56.000000	0.000000
907.564280	844.247765	56.000001	0.000000
907.564282	844.242773	56.000000	0.000000
907.564280	844.237778	56.000000	0.000000
907.564280	844.232757	55.999999	0.000000
907.564283	844.227751	56.000000	0.000000
907.564279	844.222771	55.999999	0.000000
907.564279	844.217775	55.999999	0.000000
907.564280	844.212765	56.000000	0.000000
907.564279	844.207766	56.000000	0.000000
907.564277	844.202771	56.000001	0.000000
907.564277	844.197773	56.000001	0.000000
907.564280	844.192759	56.000000	0.000000
907.564278	844.187559	56.000000	0.000000
907.564275	844.182369	56.000000	0.000000
907.564278	844.177570	56.000000	0.000000
907.564277	844.172357	55.999999	0.000000
907.564279	844.167560	55.999999	0.000000
907.564279	844.162574	55.999999	0.000000
907.564282	844.157578	56.000000	0.000000
907.564281	844.152547	56.000001	0.000000
907.564281	844.147551	56.000001	0.000000
907.564279	844.142768	56.000001	0.000000
907.564279	844.137569	55.999999	0.000000
907.564277	844.132753	56.000001	0.000000
907.564277	844.127558	56.000000	0.000000
907.564282	844.122765	55.999999	0.000000
907.564279	844.117572	56.000000	0.000000
907.564279	844.112755	56.000001	0.000000
907.564276	844.107147	56.000000	0.000000
907.564278	844.102570	55.999999	0.000000
907.564282	844.097570	56.000000	0.000000
907.564278	844.092552	56.000000	0.000000
907.564280	844.087560	56.000001	0.000000
907.564278	844.082767	55.999999	0.000000
907.564278	844.077576	56.000001	0.000000
907.564278	844.072753	56.000000	0.000000
907.564280	844.067551	56.000001	0.000000
907.564278	844.062567	56.000000	0.000000
907.564278	844.057576	56.000000	0.000000
907.564277	844.052756	56.000000	0.000000
907.564278	844.047560	56.000000	0.000000
907.564278	844.042569	55.999999	0.000000
907.564278	844.037780	56.000000	0.000000
907.564277	844.032360	56.000001	0.000000
907.564277	844.027361	56.000000	0.000000
907.564280	844.022366	55.999999	0.000000
907.564279	844.017371	55.999999	0.000000
907.564277	844.012561	56.000001	0.000000
907.564277	844.007361	56.000000	0.000000
907.564280	844.002366	56.000001	0.000000
907.564276	843.997366	56.000001	0.000000
907.564277	843.992357	56.000001	0.000000
907.564279	843.987360	55.999999	0.000000
907.564279	843.982367	55.999999	0.000000
907.564278	843.977360	56.000001	0.000000
907.564278	843.972349	56.000001	0.000000
907.564278	843.967358	56.000001	0.000000
907.564278	843.962368	55.999999	0.000000
907.564281	843.957165	55.999999	0.000000
907.564279	843.952147	56.000001	0.000000
907.564279	843.947145	56.000001	0.000000
907.564280	843.942161	56.000000	0.000000
907.564279	843.937161	56.000000	0.000000
907.564280	843.932135	56.000000	0.000000
907.564277	843.927143	56.000000	0.000000
907.564281	843.922164	55.999999	0.000000
907.564279	843.917176	56.000000	0.000000
907.564280	843.912151	56.000000	0.000000
907.564282	843.907142	56.000001	0.000000
907.564278	843.902158	56.000001	0.000000
907.564279	843.897174	55.999999	0.000000
907.564278	843.892362	56.000001	0.000000
907.564276	843.887163	55.999999	0.000000
907.564282	843.881761	56.000000	0.000000
907.564280	843.876975	56.000001	0.000000
907.564283	843.871762	56.000000	0.000000
907.564280	843.866971	56.000000	0.000000
907.564279	843.861975	55.999999	0.000000
907.564281	843.856977	56.000000	0.000000
907.564281	843.851976	56.000001	0.000000
907.564281	843.846966	55.999999	0.000000
907.564282	843.841990	56.000001	0.000000
907.564279	843.836980	56.000001	0.000000
907.564282	843.831963	56.000000	0.000000
907.564278	843.826966	55.999999	0.000000
907.564279	843.821988	56.000001	0.000000
907.564281	843.816779	55.999999	0.000000
907.564281	843.811971	56.000001	0.000000
907.564282	843.806563	56.000001	0.000000
907.564278	843.801780	55.999999	0.000000
907.564281	843.796797	56.000000	0.000000
907.564283	843.791768	55.999999	0.000000
907.564279	843.786760	56.000001	0.000000
907.564281	843.781777	55.999999	0.000000
907.564282	843.776575	56.000000	0.000000
907.564280	843.771766	56.000000	0.000000
907.564282	843.766747	56.000001	0.000000
907.564281	843.761764	55.999999	0.000000
907.564281	843.756765	56.000001	0.000000
907.564283	843.751776	56.000000	0.000000
907.564282	843.746742	55.999999	0.000000
907.564279	843.741759	56.000001	0.000000
907.564281	843.736566	56.000002	0.000000
907.564279	843.731763	56.000000	0.000000
907.564283	843.726753	55.999999	0.000000
907.564281	843.721759	56.000000	0.000000
907.564279	843.716763	56.000000	0.000000
907.564279	843.711562	56.000002	0.000000
907.564282	843.706751	55.999999	0.000000
907.564283	843.701763	56.000002	0.000000
907.564284	843.696761	55.999999	51.022000
907.564280	843.691756	55.999998	51.101000
907.564282	843.686754	56.000001	51.328000
907.564281	843.681764	56.000000	51.328000
907.564284	843.676775	56.000001	51.555000
907.564282	843.671757	55.999999	51.858000
907.564280	843.666748	56.000000	52.085000
907.564283	843.661763	55.999998	52.160000
907.564282	843.656564	55.999999	52.160000
907.564283	843.651347	55.999999	0.000000
907.564279	843.646538	56.000000	0.000000
907.564281	843.641557	55.999999	0.000000
907.564280	843.636566	56.000000	0.000000
907.564279	843.631149	55.999999	0.000000
907.564282	843.626537	55.999999	52.462000
907.564283	843.621556	56.000000	52.688000
907.564282	843.616571	56.000000	52.913000
907.564279	843.611552	56.000001	53.214000
907.564279	843.606540	56.000000	53.440000
907.564280	843.601557	56.000000	53.743000
907.564281	843.596562	56.000000	54.197000
907.564280	843.591557	56.000000	54.424000
907.564279	843.586549	56.000001	54.877000
907.564280	843.581152	56.000000	55.332000
907.564281	843.576370	56.000001	55.789000
907.564281	843.571346	56.000001	56.326000
907.564283	843.566348	56.000000	56.864000
907.564281	843.561350	56.000000	57.403000
907.564284	843.556355	56.000000	58.020000
907.564282	843.551354	56.000001	58.637000
907.564281	843.546342	56.000001	59.256000
907.564282	843.541360	56.000000	59.798000
907.564282	843.536370	56.000000	60.418000
907.564282	843.531353	55.999999	60.814000
907.564283	843.526350	56.000000	60.835000
907.564281	843.521359	56.000000	60.855000
907.564279	843.516360	56.000000	60.876000
907.564284	843.511553	56.000000	60.892000
907.564282	843.506347	56.000000	60.907000
907.564282	843.501157	56.000000	60.922000
907.564281	843.496170	55.999999	60.938000
907.564281	843.491151	56.000000	60.954000
907.564281	843.486141	56.000000	60.969000
907.564284	843.481157	55.999999	60.986000
907.564281	843.476162	56.000000	61.007000
907.564281	843.471149	56.000000	61.027000
907.564279	843.465932	56.000000	61.044000
907.564279	843.461149	55.999999	61.057000
907.564281	843.456175	56.000000	61.067000
907.564280	843.451154	56.000000	61.077000
907.564278	843.446138	56.000000	61.090000
907.564277	843.440948	56.000001	61.106000
907.564279	843.436366	56.000001	61.124000
907.564280	843.431158	55.999999	61.143000
907.564277	843.425936	56.000001	61.161000
907.564279	843.420741	56.000000	61.173000
907.564279	843.415950	56.000000	61.180000
907.564278	843.410956	56.000000	61.184000
907.564277	843.405942	56.000000	61.190000
907.564275	843.400946	56.000001	61.203000
907.564279	843.396150	56.000001	61.228000
907.564279	843.390956	55.999999	61.267000
907.564280	843.385937	55.999999	61.312000
907.564279	843.380952	56.000000	61.361000
907.564279	843.376154	56.000000	61.412000
907.564280	843.370961	55.999999	61.438000
907.564277	843.366142	56.000001	61.456000
907.564276	843.360956	56.000000	61.467000
907.564279	843.356157	56.000000	61.472000
907.564277	843.350760	55.999999	61.472000
907.564280	843.345737	56.000000	61.470000
907.564280	843.340757	56.000000	61.466000
907.564277	843.335754	56.000001	61.462000
907.564279	843.330765	56.000000	61.459000
907.564279	843.325743	55.999999	61.458000
907.564279	843.320769	56.000000	61.458000
907.564280	843.315765	56.000001	61.460000
907.564280	843.310760	55.999999	61.464000
907.564273	843.305950	56.000002	61.469000
907.564277	843.300762	56.000000	61.476000
907.564277	843.295764	56.000001	61.487000
907.564279	843.290752	55.999999	61.502000
907.564277	843.285931	56.000000	61.516000
907.564279	843.280753	55.999999	61.528000
907.564280	843.275562	55.999999	61.537000
907.564282	843.270351	55.999998	61.544000
907.564281	843.265535	55.999999	61.550000
907.564281	843.260541	56.000000	61.554000
907.564277	843.255545	56.000002	61.556000
907.564281	843.250554	56.000000	61.555000
907.564279	843.245734	55.999999	61.550000
907.564279	843.240546	55.999999	61.538000
907.564278	843.235548	56.000001	61.522000
907.564280	843.230545	55.999999	61.501000
907.564277	843.225536	56.000000	61.481000
907.564280	843.220353	55.999999	61.464000
907.564274	843.215552	56.000000	61.453000
907.564277	843.210560	56.000001	61.453000
907.564277	843.205743	56.000000	61.467000
907.564278	843.200358	56.000001	61.493000
907.564284	843.195353	55.999999	61.514000
907.564279	843.190354	55.999999	61.530000
907.564281	843.185337	56.000000	61.545000
907.564279	843.180159	56.000001	61.561000
907.564278	843.175356	55.999999	61.578000
907.564280	843.170357	55.999999	61.593000
907.564276	843.165535	56.000001	61.604000
907.564280	843.160149	55.999999	61.608000
907.564279	843.155348	56.000000	61.601000
907.564280	843.150350	55.999999	61.587000
907.564279	843.145333	56.000000	61.572000
907.564281	843.140149	56.000001	61.563000
907.564279	843.135561	55.999999	61.567000
907.564278	843.130554	56.000000	61.576000
907.564284	843.125137	55.999999	61.578000
907.564281	843.120149	56.000000	61.572000
907.564281	843.115155	56.000000	61.566000
907.564277	843.110153	56.000000	61.568000
907.564281	843.105138	56.000000	61.579000
907.564282	843.100146	56.000000	61.594000
907.564282	843.095142	56.000001	61.603000
907.564280	843.090153	56.000001	61.603000
907.564278	843.085134	56.000000	61.593000
907.564281	843.080144	56.000000	61.575000
907.564282	843.075148	55.999999	61.556000
907.564283	843.070151	55.999999	61.543000
907.564280	843.065138	55.999999	61.541000
907.564281	843.060153	55.999999	61.549000
907.564279	843.055158	55.999999	61.561000
907.564281	843.049965	56.000000	61.573000
907.564282	843.044952	56.000000	61.581000
907.564282	843.039962	55.999999	61.588000
907.564282	843.034966	55.999999	61.594000
907.564282	843.029964	56.000000	61.600000
907.564279	843.024955	55.999999	61.604000
907.564281	843.019965	56.000000	61.607000
907.564281	843.014961	56.000000	61.608000
907.564281	843.009963	55.999999	61.609000
907.564280	843.004952	56.000000	61.609000
907.564281	842.999953	56.000000	61.609000
907.564280	842.994967	56.000000	61.609000
907.564279	842.989766	56.000001	61.607000
907.564280	842.985147	56.000000	61.605000
907.564281	842.979961	56.000000	61.602000
907.564281	842.974775	56.000001	61.598000
907.564284	842.969771	56.000000	61.591000
907.564278	842.964755	56.000002	61.575000
907.564280	842.959759	55.999999	61.553000
907.564279	842.954568	56.000001	61.533000
907.564280	842.949768	55.999999	61.524000
907.564280	842.944759	55.999999	61.527000
907.564280	842.939760	56.000000	61.532000
907.564280	842.934757	56.000001	61.534000
907.564280	842.929755	56.000001	61.531000
907.564280	842.924951	56.000001	61.526000
907.564280	842.919755	55.999999	61.526000
907.564279	842.914755	55.999999	61.530000
907.564279	842.909760	56.000001	61.538000
907.564280	842.904753	55.999999	61.545000
907.564278	842.899761	56.000000	61.553000
907.564279	842.894358	55.999999	61.561000
907.564279	842.889565	56.000000	61.570000
907.564279	842.884563	56.000000	61.580000
907.564282	842.879565	56.000000	61.590000
907.564278	842.874570	56.000000	61.600000
907.564280	842.869571	56.000000	61.608000
907.564277	842.864554	56.000000	61.613000
907.564280	842.859563	55.999999	61.614000
907.564277	842.854557	56.000000	61.610000
907.564279	842.849568	56.000000	61.602000
907.564280	842.844552	56.000000	61.594000
907.564279	842.839561	55.999999	61.588000
907.564277	842.834558	56.000001	61.587000
907.564276	842.829568	55.999999	61.591000
907.564278	842.824557	56.000000	61.598000
907.564279	842.819167	55.999999	61.607000
907.564278	842.814360	56.000000	61.613000
907.564281	842.809162	55.999999	61.614000
907.564276	842.804359	56.000000	61.612000
907.564279	842.799366	56.000000	61.605000
907.564278	842.794355	56.000000	61.597000
907.564278	842.789359	56.000001	61.587000
907.564279	842.784362	56.000000	61.578000
907.564283	842.779562	55.999999	61.572000
907.564279	842.774353	56.000000	61.570000
907.564279	842.769566	56.000000	61.572000
907.564279	842.764365	56.000000	61.573000
907.564281	842.759556	55.999999	61.570000
907.564280	842.754562	56.000000	61.563000
907.564282	842.749565	55.999999	61.553000
907.564277	842.744160	55.999999	61.545000
907.564280	842.739168	56.000000	61.543000
907.564278	842.734166	56.000000	61.544000
907.564280	842.729161	55.999999	61.546000
907.564280	842.724165	55.999999	61.546000
907.564277	842.719167	55.999999	61.548000
907.564280	842.714155	55.999999	61.549000
907.564279	842.708969	56.000000	61.551000
907.564281	842.704164	56.000000	61.552000
907.564281	842.699172	56.000001	61.552000
907.564279	842.694170	55.999999	61.552000
907.564282	842.689174	56.000000	61.553000
907.564279	842.684158	56.000000	61.557000
907.564278	842.679175	55.999999	61.564000
907.564279	842.674172	55.999999	61.571000
907.564280	842.668782	56.000001	61.575000
907.564282	842.663969	56.000000	61.573000
907.564283	842.658769	55.999998	61.568000
907.564281	842.653973	56.000001	61.565000
907.564280	842.648979	55.999999	61.566000
907.564282	842.643768	55.999999	61.571000
907.564278	842.638969	56.000001	61.577000
907.564281	842.633966	56.000001	61.578000
907.564280	842.628979	56.000000	61.573000
907.564283	842.623973	55.999999	61.567000
907.564279	842.618970	56.000001	61.562000
907.564279	842.613971	56.000000	61.562000
907.564282	842.608973	56.000001	61.566000
907.564279	842.603970	56.000001	61.570000
907.564279	842.599171	56.000002	61.574000
907.564281	842.593768	55.999999	61.578000
907.564281	842.588774	55.999999	61.581000
907.564281	842.583775	55.999999	61.586000
907.564281	842.578777	56.000001	61.593000
907.564281	842.573571	56.000001	61.600000
907.564284	842.568775	56.000001	61.604000
907.564280	842.563779	56.000000	61.604000
907.564284	842.558782	55.999999	61.597000
907.564283	842.553772	56.000000	61.586000
907.564280	842.548773	56.000001	61.576000
907.564283	842.543781	55.999999	61.571000
907.564282	842.538782	56.000000	61.570000
907.564281	842.533776	55.999999	61.572000
907.564280	842.528978	55.999999	61.575000
907.564281	842.523783	56.000000	61.579000
907.564281	842.518583	56.000001	61.584000
907.564280	842.513376	56.000000	61.590000
907.564279	842.508577	56.000000	61.596000
907.564281	842.503582	56.000000	61.602000
907.564281	842.498579	56.000000	61.607000
907.564282	842.493573	55.999999	61.607000
907.564282	842.488577	56.000000	61.601000
907.564280	842.483383	56.000000	61.585000
907.564282	842.478576	56.000000	61.565000
907.564283	842.473568	56.000001	61.550000
907.564285	842.468769	56.000001	61.542000
907.564282	842.463373	56.000000	61.538000
907.564282	842.458570	55.999999	61.537000
907.564282	842.453563	56.000000	61.539000
907.564281	842.448771	55.999999	61.546000
907.564282	842.443373	56.000000	61.556000
907.564281	842.438370	55.999999	61.565000
907.564282	842.433358	56.000000	61.573000
907.564282	842.428363	56.000000	61.579000
907.564279	842.423182	56.000000	61.585000
907.564281	842.418359	55.999999	61.587000
907.564283	842.413350	55.999999	61.586000
907.564284	842.408366	56.000000	61.580000
907.564282	842.403377	55.999999	61.569000
907.564282	842.398376	56.000001	61.556000
907.564280	842.393345	56.000001	61.543000
907.564281	842.388367	56.000001	61.534000
907.564278	842.383384	55.999999	61.529000
907.564283	842.378380	55.999999	61.526000
907.564284	842.373358	55.999999	61.525000
907.564281	842.367959	56.000000	61.526000
907.564279	842.363176	56.000000	61.529000
907.564281	842.358182	55.999999	61.533000
907.564282	842.353167	56.000000	61.538000
907.564280	842.348167	55.999998	61.544000
907.564281	842.343178	56.000000	61.552000
907.564280	842.338184	55.999999	61.560000
907.564281	842.333165	56.000000	61.567000
907.564280	842.328161	56.000000	61.573000
907.564283	842.323177	55.999999	61.576000
907.564279	842.318178	56.000000	61.576000
907.564280	842.313167	56.000000	61.574000
907.564281	842.308162	56.000000	61.571000
907.564278	842.303369	56.000000	61.568000
907.564278	842.298170	55.999999	61.567000
907.564277	842.292971	56.000000	61.569000
907.564279	842.287966	56.000000	61.572000
907.564279	842.282968	56.000000	61.576000
907.564278	842.277758	56.000000	61.579000
907.564277	842.272950	56.000000	61.583000
907.564277	842.267956	55.999999	61.586000
907.564279	842.262966	56.000000	61.589000
907.564278	842.257961	56.000000	61.592000
907.564279	842.253151	56.000001	61.594000
907.564276	842.247953	55.999999	61.596000
907.564278	842.242966	56.000000	61.596000
907.564279	842.237960	56.000000	61.595000
907.564279	842.232948	56.000000	61.593000
907.564281	842.228163	55.999999	61.591000
907.564281	842.222972	55.999999	61.589000
907.564280	842.217763	56.000001	61.589000
907.564279	842.212543	56.000000	61.591000
907.564279	842.207744	56.000000	61.595000
907.564279	842.202763	56.000000	61.597000
907.564279	842.197571	56.000001	61.595000
907.564277	842.192746	56.000001	61.588000
907.564277	842.187754	56.000000	61.579000
907.564279	842.182769	56.000001	61.572000
907.564282	842.177782	55.999999	61.571000
907.564276	842.172755	56.000000	61.577000
907.564281	842.167767	55.999999	61.586000
907.564279	842.162774	56.000001	61.594000
907.564280	842.157768	56.000000	61.596000
907.564280	842.152766	56.000000	61.592000
907.564278	842.147757	56.000000	61.582000
907.564280	842.142569	55.999999	61.570000
907.564279	842.137565	55.999999	61.563000
907.564280	842.132553	56.000000	61.560000
907.564281	842.127348	56.000000	61.559000
907.564282	842.122569	55.999999	61.559000
907.564279	842.117569	56.000001	61.558000
907.564279	842.112551	55.999999	61.556000
907.564279	842.107549	56.000000	61.553000
907.564279	842.102563	56.000001	61.551000
907.564281	842.097573	56.000000	61.549000
907.564280	842.092558	55.999999	61.549000
907.564279	842.087555	56.000001	61.548000
907.564276	842.082771	55.999999	61.549000
907.564278	842.077564	56.000001	61.550000
907.564280	842.072757	56.000001	61.552000
907.564280	842.067153	55.999999	61.557000
907.564281	842.061961	56.000000	61.564000
907.564280	842.057163	56.000000	61.571000
907.564281	842.052156	55.999999	61.578000
907.564278	842.047150	56.000001	61.580000
907.564284	842.042171	55.999999	61.579000
907.564282	842.037163	56.000001	61.574000
907.564282	842.032158	56.000001	61.568000
907.564282	842.027154	55.999999	61.563000
907.564284	842.022173	56.000000	61.561000
907.564281	842.017173	56.000000	61.562000
907.564280	842.011956	56.000000	61.562000
907.564281	842.007142	55.999999	61.560000
907.564281	842.002371	56.000000	61.555000
907.564282	841.996984	56.000000	61.549000
907.564279	841.992358	56.000001	61.545000
907.564281	841.986740	56.000001	61.542000
907.564282	841.981969	56.000000	61.543000
907.564281	841.976978	56.000001	61.545000
907.564280	841.971963	56.000001	61.549000
907.564280	841.966941	56.000000	61.553000
907.564279	841.961963	55.999999	61.558000
907.564281	841.956974	55.999999	61.562000
907.564279	841.951768	56.000000	61.564000
907.564281	841.946951	56.000000	61.561000
907.564278	841.941966	56.000001	61.554000
907.564279	841.936964	55.999999	61.544000
907.564279	841.931961	55.999999	61.535000
907.564280	841.927157	56.000000	61.530000
907.564280	841.921965	56.000000	61.529000
907.564281	841.916969	55.999999	61.532000
907.564278	841.912163	56.000001	61.535000
907.564282	841.906746	56.000001	61.536000
907.564280	841.901764	56.000000	61.536000
907.564278	841.896767	56.000001	61.536000
907.564279	841.891752	56.000000	61.537000
907.564281	841.886747	56.000000	61.538000
907.564281	841.881769	56.000001	61.539000
907.564279	841.876752	56.000001	61.538000
907.564280	841.871755	56.000000	61.536000
907.564282	841.866747	55.999998	61.534000
907.564278	841.861561	55.999999	61.531000
907.564279	841.856762	56.000000	61.530000
907.564281	841.851754	56.000001	61.530000
907.564279	841.846752	56.000001	61.532000
907.564279	841.841775	56.000000	61.533000
907.564279	841.836361	55.999999	61.535000
907.564281	841.831553	55.999999	61.537000
907.564280	841.826550	55.999999	61.538000
907.564280	841.821567	55.999999	61.538000
907.564279	841.816567	55.999999	61.538000
907.564280	841.811552	56.000001	61.538000
907.564280	841.806544	56.000002	61.539000
907.564279	841.801568	55.999999	61.540000
907.564279	841.796562	56.000002	61.543000
907.564278	841.791553	55.999998	61.547000
907.564277	841.786339	56.000001	61.552000
907.564282	841.781556	55.999999	61.557000
907.564279	841.776352	55.999999	61.562000
907.564280	841.771552	55.999999	61.565000
907.564281	841.766542	56.000001	61.567000
907.564279	841.761152	56.000000	61.567000
907.564279	841.756352	56.000000	61.566000
907.564279	841.751362	56.000001	61.566000
907.564276	841.746334	56.000000	61.564000
907.564275	841.741343	56.000000	61.561000
907.564278	841.736348	55.999999	61.555000
907.564280	841.731345	56.000000	61.548000
907.564279	841.726335	56.000000	61.541000
907.564278	841.721360	56.000000	61.538000
907.564278	841.716352	55.999999	61.540000
907.564276	841.711347	56.000000	61.545000
907.564278	841.706337	56.000001	61.551000
907.564279	841.701369	56.000001	61.557000
907.564278	841.696361	56.000001	61.561000
907.564281	841.691546	55.999999	61.563000
907.564279	841.686129	56.000001	61.561000
907.564280	841.681161	56.000000	61.556000
907.564277	841.676165	56.000001	61.549000
907.564279	841.671151	56.000000	61.543000
907.564278	841.666139	56.000000	61.541000
907.564276	841.661166	55.999999	61.540000
907.564278	841.656166	55.999999	61.542000
907.564281	841.651151	55.999999	61.544000
907.564277	841.646132	56.000000	61.546000
907.564277	841.641153	56.000000	61.549000
907.564279	841.636177	56.000000	61.553000
907.564280	841.631162	56.000002	61.557000
907.564277	841.626334	55.999999	61.561000
907.564279	841.621150	56.000000	61.564000
907.564276	841.616368	56.000000	61.564000
907.564279	841.610971	56.000000	61.560000
907.564278	841.605936	56.000000	61.555000
907.564279	841.600941	56.000000	61.547000
907.564280	841.595954	56.000000	61.540000
907.564280	841.590962	56.000000	61.535000
907.564278	841.585951	56.000001	61.534000
907.564281	841.580958	56.000001	61.535000
907.564279	841.575964	56.000000	61.538000
907.564280	841.570961	56.000000	61.542000
907.564280	841.566151	55.999999	61.546000
907.564281	841.560750	55.999999	61.550000
907.564281	841.556157	55.999999	61.553000
907.564279	841.550956	56.000001	61.555000
907.564279	841.545946	56.000000	61.555000
907.564279	841.540971	56.000000	61.555000
907.564282	841.535571	56.000000	61.554000
907.564281	841.530777	56.000001	61.553000
907.564283	841.525736	56.000000	61.550000
907.564280	841.520738	56.000001	61.546000
907.564279	841.515756	56.000000	61.540000
907.564279	841.510760	55.999999	61.535000
907.564279	841.505945	56.000002	61.531000
907.564281	841.500548	56.000001	61.528000
907.564280	841.495960	56.000001	61.526000
907.564281	841.490761	56.000000	61.523000
907.564280	841.485940	56.000000	61.521000
907.564281	841.480748	56.000000	61.520000
907.564282	841.475558	55.999999	61.521000
907.564283	841.470752	55.999999	61.525000
907.564281	841.465344	56.000000	61.531000
907.564279	841.460149	56.000001	61.537000
907.564279	841.455156	56.000001	61.538000
907.564279	841.450159	56.000001	61.534000
907.564279	841.444950	55.999999	61.528000
907.564283	841.439961	55.999999	61.523000
907.564277	841.434767	56.000001	61.522000
907.564279	841.429969	55.999999	61.525000
907.564279	841.424953	55.999999	61.531000
907.564280	841.419954	55.999999	61.537000
907.564280	841.414964	55.999998	61.543000
907.564279	841.409968	56.000000	61.548000
907.564278	841.404953	56.000001	61.551000
907.564277	841.399952	56.000000	61.552000
907.564277	841.394761	56.000000	61.549000
907.564281	841.389966	55.999999	61.543000
907.564277	841.384759	56.000001	61.536000
907.564275	841.379754	56.000000	61.532000
907.564279	841.374546	56.000000	61.532000
907.564279	841.369757	56.000000	61.536000
907.564279	841.364759	56.000000	61.540000
907.564277	841.359771	55.999999	61.545000
907.564278	841.354763	56.000000	61.549000
907.564277	841.349750	56.000000	61.552000
907.564277	841.344742	56.000001	61.554000
907.564279	841.339757	56.000000	61.556000
907.564278	841.334759	56.000000	61.558000
907.564280	841.329756	55.999999	61.559000
907.564278	841.324948	55.999999	61.558000
907.564278	841.319952	55.999999	61.555000
907.564280	841.314950	56.000000	61.552000
907.564279	841.309556	56.000000	61.550000
907.564280	841.304546	55.999998	61.551000
907.564278	841.299554	56.000000	61.552000
907.564280	841.294559	56.000000	61.553000
907.564279	841.289556	56.000000	61.553000
907.564282	841.284544	56.000000	61.552000
907.564274	841.279752	56.000000	61.549000
907.564280	841.274765	56.000000	61.547000
907.564280	841.269371	55.999999	61.547000
907.564277	841.264545	56.000000	61.547000
907.564279	841.259551	56.000000	61.547000
907.564278	841.254361	56.000000	61.546000
907.564280	841.249770	56.000000	61.545000
907.564280	841.244751	56.000001	61.545000
907.564278	841.239742	56.000000	61.546000
907.564280	841.234358	56.000000	61.547000
907.564281	841.229370	55.999998	61.548000
907.564281	841.224371	56.000000	61.547000
907.564282	841.219159	55.999999	61.544000
907.564277	841.214345	56.000000	61.538000
907.564280	841.209353	56.000001	61.531000
907.564278	841.204360	56.000000	61.526000
907.564279	841.199565	56.000001	61.524000
907.564280	841.194360	55.999999	61.524000
907.564278	841.189357	55.999998	61.528000
907.564280	841.184364	56.000002	61.534000
907.564279	841.179578	56.000000	61.542000
907.564279	841.174360	55.999999	61.551000
907.564280	841.169548	56.000000	61.560000
907.564279	841.164344	56.000000	61.567000
907.564278	841.159170	56.000000	61.571000
907.564279	841.154168	56.000000	61.571000
907.564284	841.149155	55.999998	61.567000
907.564280	841.144161	55.999999	61.561000
907.564281	841.139186	56.000000	61.555000
907.564279	841.134190	56.000001	61.549000
907.564281	841.128967	55.999999	61.545000
907.564280	841.124165	56.000000	61.543000
907.564278	841.119179	56.000001	61.541000
907.564281	841.114188	55.999999	61.540000
907.564281	841.109183	56.000000	61.538000
907.564281	841.104172	56.000001	61.536000
907.564282	841.099169	56.000000	61.534000
907.564281	841.094179	56.000001	61.533000
907.564282	841.089190	56.000001	61.531000
907.564285	841.083985	55.999999	61.528000
907.564281	841.078969	56.000000	61.526000
907.564278	841.073972	56.000001	61.524000
907.564282	841.068792	56.000001	61.525000
907.564285	841.063996	55.999999	61.528000
907.564280	841.058961	56.000000	61.533000
907.564281	841.053948	56.000000	61.538000
907.564280	841.048961	56.000000	61.543000
907.564281	841.043783	56.000000	61.547000
907.564327	841.041766	56.000001	61.548000
