918.325540	830.701293	56.000001	50.712000
918.324732	830.701073	56.000000	50.690000
918.324295	830.696472	55.999999	50.676000
918.324151	830.691183	55.999999	50.673000
918.324047	830.686099	56.000000	50.668000
918.324068	830.681053	56.000001	50.662000
918.324033	830.676105	55.999999	50.658000
918.324064	830.671070	55.999999	50.655000
918.324047	830.666059	56.000000	50.654000
918.324053	830.661115	56.000000	50.654000
918.324062	830.656043	56.000000	50.655000
918.324068	830.651108	56.000000	50.656000
918.324062	830.646051	56.000000	50.658000
918.324058	830.641289	56.000000	50.660000
918.324067	830.635672	56.000000	50.662000
918.324066	830.630876	56.000000	50.664000
918.324075	830.625864	56.000000	50.667000
918.324066	830.620869	56.000001	50.670000
918.324074	830.615673	56.000000	50.675000
918.324070	830.610859	56.000000	50.679000
918.324077	830.605861	56.000001	50.683000
918.324067	830.600866	56.000001	50.686000
918.324077	830.595859	56.000001	50.689000
918.324069	830.591067	55.999999	50.693000
918.324073	830.585847	56.000000	50.698000
918.324071	830.581074	55.999999	50.702000
918.324074	830.575859	56.000000	50.706000
918.324069	830.571062	56.000000	50.709000
918.324073	830.565852	56.000001	50.712000
918.324069	830.560661	55.999998	50.714000
918.324072	830.555668	56.000000	50.716000
918.324073	830.550654	56.000000	50.717000
918.324071	830.545655	55.999999	50.719000
918.324070	830.540651	56.000000	50.720000
918.324071	830.535660	56.000000	50.721000
918.324073	830.530860	56.000000	50.721000
918.324073	830.525649	55.999999	50.721000
918.324073	830.520664	56.000000	50.721000
918.324071	830.515661	56.000000	50.720000
918.324073	830.510460	56.000000	50.719000
918.324072	830.505649	56.000001	50.717000
918.324073	830.500662	55.999999	50.714000
918.324069	830.495661	55.999999	50.710000
918.324068	830.490452	56.000000	50.705000
918.324070	830.485448	56.000001	50.699000
918.324070	830.480458	56.000000	50.695000
918.324071	830.475461	56.000000	50.692000
918.324073	830.470456	56.000000	50.690000
918.324072	830.465455	56.000001	50.688000
918.324068	830.460453	55.999999	50.686000
918.324069	830.455458	56.000000	50.683000
918.324074	830.450663	56.000001	50.679000
918.324070	830.445450	56.000001	50.675000
918.324071	830.440458	56.000000	50.671000
918.324073	830.435455	55.999999	50.667000
918.324072	830.430462	56.000001	50.663000
918.324072	830.425447	55.999999	50.659000
918.324071	830.420459	56.000000	50.655000
918.324072	830.415464	55.999999	50.651000
918.324070	830.410654	56.000001	50.647000
918.324078	830.405448	55.999999	50.644000
918.324073	830.400456	56.000001	50.642000
918.324069	830.395459	56.000000	50.639000
918.324072	830.390455	56.000001	50.637000
918.324074	830.385449	56.000000	50.634000
918.324074	830.380455	56.000000	50.632000
918.324070	830.375462	56.000001	50.631000
918.324072	830.370252	55.999999	50.629000
918.324075	830.365452	56.000001	50.628000
918.324068	830.360456	56.000001	50.627000
918.324069	830.355457	56.000001	50.627000
918.324070	830.350455	56.000000	50.627000
918.324071	830.345458	56.000001	50.627000
918.324074	830.340660	55.999999	50.627000
918.324071	830.335464	56.000002	50.629000
918.324069	830.330065	56.000000	50.630000
918.324069	830.325063	56.000000	50.633000
918.324072	830.320269	55.999999	50.636000
918.324073	830.315274	55.999999	50.638000
918.324072	830.310266	55.999999	50.640000
918.324069	830.305258	56.000001	50.643000
918.324069	830.300263	56.000000	50.645000
918.324071	830.295272	56.000000	50.647000
918.324069	830.290069	56.000000	50.650000
918.324071	830.285267	55.999999	50.653000
918.324071	830.280281	56.000000	50.655000
918.324071	830.275077	56.000000	50.656000
918.324072	830.270273	56.000001	50.657000
918.324074	830.265263	56.000000	50.658000
918.324067	830.260272	56.000001	50.659000
918.324069	830.255068	55.999999	50.660000
918.324073	830.250064	56.000000	50.659000
918.324071	830.244867	55.999999	50.657000
918.324071	830.240066	56.000000	50.656000
918.324071	830.235059	55.999999	50.655000
918.324070	830.230065	56.000000	50.655000
918.324072	830.225063	56.000000	50.656000
918.324070	830.220065	56.000000	50.657000
918.324067	830.215065	56.000002	50.657000
918.324070	830.209869	55.999999	50.657000
918.324071	830.204864	56.000000	50.657000
918.324069	830.200072	55.999998	50.657000
918.324070	830.195067	56.000001	50.658000
918.324069	830.190072	56.000001	50.660000
918.324067	830.185270	56.000000	50.662000
918.324072	830.179875	55.999999	50.665000
918.324073	830.174880	55.999999	50.666000
918.324071	830.169869	55.999999	50.667000
918.324071	830.164872	55.999999	50.668000
918.324072	830.159875	55.999999	50.670000
918.324072	830.154874	56.000000	50.673000
918.324070	830.149873	56.000000	50.676000
918.324071	830.144673	56.000000	50.679000
918.324071	830.139870	55.999999	50.683000
918.324067	830.134871	56.000000	50.686000
918.324072	830.129868	56.000001	50.689000
918.324073	830.124474	55.999999	50.692000
918.324069	830.120066	55.999999	50.695000
918.324071	830.114869	55.999999	50.699000
918.324072	830.109875	56.000001	50.702000
918.324067	830.104668	56.000001	50.706000
918.324069	830.099668	56.000000	50.709000
918.324071	830.094669	56.000001	50.711000
918.324072	830.089673	55.999999	50.711000
918.324071	830.084675	56.000000	50.711000
918.324069	830.079670	56.000000	50.712000
918.324070	830.074673	55.999999	50.713000
918.324071	830.069671	56.000001	50.714000
918.324071	830.064670	55.999999	50.713000
918.324071	830.059671	56.000001	50.709000
918.324070	830.054668	56.000001	50.705000
918.324070	830.049665	55.999999	50.701000
918.324070	830.044660	55.999999	50.698000
918.324070	830.039665	56.000001	50.696000
918.324072	830.034860	56.000000	50.694000
918.324069	830.029465	56.000000	50.691000
918.324071	830.024464	55.999999	50.689000
918.324070	830.019264	56.000000	50.686000
918.324069	830.014466	56.000000	50.684000
918.324069	830.009466	56.000000	50.683000
918.324069	830.004468	56.000000	50.681000
918.324073	829.999279	55.999998	50.679000
918.324068	829.994269	56.000002	50.677000
918.324075	829.989470	56.000001	50.676000
918.324077	829.984464	55.999998	50.675000
918.324074	829.979478	55.999999	50.676000
918.324073	829.974476	56.000001	50.677000
918.324077	829.969467	55.999999	50.679000
918.324077	829.964467	56.000000	50.680000
918.324072	829.959475	56.000000	50.680000
918.324073	829.954282	56.000001	50.681000
918.324073	829.949279	56.000000	50.682000
918.324074	829.944284	55.999999	50.684000
918.324071	829.939290	56.000001	50.685000
918.324070	829.934291	56.000000	50.686000
918.324072	829.929094	55.999999	50.686000
918.324071	829.924485	56.000002	50.685000
918.324072	829.919296	56.000000	50.685000
918.324071	829.914493	55.999998	50.685000
918.324075	829.909290	55.999998	50.686000
918.324071	829.904483	55.999999	50.686000
918.324070	829.899293	56.000000	50.687000
918.324071	829.894490	56.000001	50.687000
918.324072	829.889288	56.000000	50.688000
918.324070	829.884480	55.999999	50.690000
918.324072	829.879098	56.000000	50.693000
918.324073	829.874091	55.999999	50.695000
918.324073	829.869085	56.000000	50.696000
918.324075	829.864087	56.000000	50.697000
918.324070	829.858894	56.000000	50.696000
918.324069	829.854084	56.000001	50.695000
918.324070	829.849080	55.999999	50.694000
918.324071	829.843889	55.999998	50.693000
918.324072	829.839081	55.999999	50.693000
918.324073	829.834076	56.000000	50.694000
918.324072	829.829083	55.999999	50.695000
918.324073	829.824076	56.000001	50.694000
918.324075	829.819279	56.000001	50.693000
918.324068	829.814079	56.000001	50.691000
918.324069	829.809081	56.000000	50.689000
918.324071	829.803888	56.000001	50.688000
918.324071	829.798892	55.999999	50.686000
918.324069	829.793887	56.000001	50.683000
918.324076	829.788881	55.999999	50.679000
918.324072	829.783884	55.999999	50.675000
918.324070	829.778886	56.000002	50.670000
918.324072	829.774076	56.000002	50.665000
918.324077	829.768878	56.000000	50.659000
918.324073	829.763875	55.999999	50.653000
918.324070	829.758873	56.000000	50.647000
918.324071	829.754069	56.000000	50.641000
918.324072	829.748874	56.000001	50.636000
918.324072	829.743884	55.999999	50.631000
918.324071	829.738876	55.999999	50.627000
918.324071	829.734073	56.000000	50.623000
918.324070	829.728670	56.000000	50.619000
918.324072	829.723671	56.000000	50.619000
918.324071	829.718675	56.000000	50.619000
918.324071	829.713672	56.000000	50.621000
918.324068	829.708662	55.999999	50.624000
918.324071	829.703671	56.000000	50.627000
918.324074	829.698671	55.999999	50.630000
918.324068	829.693467	56.000000	50.633000
918.324070	829.688673	56.000001	50.637000
918.324070	829.683672	55.999999	50.641000
918.324067	829.678673	56.000000	50.646000
918.324071	829.673669	56.000001	50.651000
918.324070	829.668663	56.000001	50.655000
918.324069	829.663871	56.000000	50.660000
918.324068	829.658667	56.000000	50.664000
918.324071	829.653264	56.000000	50.669000
918.324070	829.648463	55.999999	50.673000
918.324070	829.643270	55.999999	50.678000
918.324066	829.638476	55.999999	50.682000
918.324068	829.633471	55.999999	50.686000
918.324070	829.628269	55.999999	50.689000
918.324070	829.623268	56.000001	50.692000
918.324072	829.618479	55.999999	50.695000
918.324067	829.613473	56.000000	50.698000
918.324074	829.608271	55.999998	50.701000
918.324072	829.603478	55.999999	50.705000
918.324070	829.598480	55.999999	50.709000
918.324071	829.593477	55.999999	50.712000
918.324071	829.588474	55.999999	50.713000
918.324071	829.583673	56.000000	50.712000
918.324071	829.578280	56.000000	50.710000
918.324071	829.573276	56.000000	50.706000
918.324071	829.568276	56.000000	50.701000
918.324072	829.563276	56.000000	50.695000
918.324072	829.558283	55.999999	50.689000
918.324073	829.553279	56.000000	50.682000
918.324072	829.548276	56.000000	50.676000
918.324073	829.543085	56.000000	50.671000
918.324071	829.538287	56.000000	50.665000
918.324071	829.533280	55.999999	50.661000
918.324072	829.528280	56.000000	50.658000
918.324073	829.523285	56.000000	50.656000
918.324071	829.518288	56.000001	50.653000
918.324070	829.513481	56.000000	50.650000
918.324071	829.508276	56.000000	50.648000
918.324073	829.502882	56.000001	50.647000
918.324069	829.498088	56.000000	50.646000
918.324070	829.493077	55.999999	50.644000
918.324071	829.488072	55.999999	50.643000
918.324075	829.483084	55.999998	50.642000
918.324070	829.477876	56.000001	50.642000
918.324073	829.473075	55.999999	50.643000
918.324072	829.468073	56.000001	50.646000
918.324067	829.463087	56.000001	50.648000
918.324071	829.458085	56.000001	50.650000
918.324072	829.453079	56.000000	50.652000
918.324072	829.447874	56.000000	50.654000
918.324070	829.443080	55.999999	50.657000
918.324072	829.438089	56.000000	50.660000
918.324075	829.433082	56.000000	50.664000
918.324074	829.427871	55.999999	50.667000
918.324072	829.422680	55.999999	50.669000
918.324070	829.417883	56.000000	50.671000
918.324074	829.412881	56.000001	50.673000
918.324074	829.407670	56.000001	50.675000
918.324072	829.402877	56.000001	50.678000
918.324071	829.397887	56.000000	50.679000
918.324071	829.392872	56.000001	50.680000
918.324072	829.387874	56.000001	50.681000
918.324075	829.382882	56.000000	50.681000
918.324072	829.377889	56.000001	50.681000
918.324071	829.372878	55.999999	50.683000
918.324069	829.367874	56.000001	50.684000
918.324072	829.362876	56.000000	50.685000
918.324071	829.357887	55.999999	50.685000
918.324073	829.352479	55.999999	50.685000
918.324071	829.347476	56.000001	50.684000
918.324072	829.342486	55.999999	50.683000
918.324067	829.337685	56.000001	50.682000
918.324069	829.332683	55.999999	50.682000
918.324070	829.327675	56.000001	50.681000
918.324070	829.322684	56.000000	50.681000
918.324069	829.317890	56.000001	50.679000
918.324071	829.312679	55.999999	50.677000
918.324069	829.307675	56.000001	50.676000
918.324071	829.302677	56.000000	50.676000
918.324073	829.297871	55.999999	50.679000
918.324075	829.292662	55.999999	50.682000
918.324074	829.287868	55.999999	50.684000
918.324070	829.282664	56.000000	50.685000
918.324068	829.277475	56.000001	50.686000
918.324069	829.272466	56.000001	50.688000
918.324073	829.267463	56.000000	50.690000
918.324072	829.262473	56.000000	50.693000
918.324069	829.257478	56.000001	50.696000
918.324067	829.252477	56.000000	50.698000
918.324073	829.247468	55.999999	50.699000
918.324070	829.242274	55.999999	50.699000
918.324074	829.237680	56.000000	50.699000
918.324071	829.232473	56.000001	50.699000
918.324071	829.227456	56.000000	50.698000
918.324070	829.222271	56.000001	50.698000
918.324070	829.217676	56.000001	50.699000
918.324072	829.212473	56.000001	50.700000
918.324073	829.207463	55.999999	50.700000
918.324069	829.201864	56.000000	50.701000
918.324069	829.197264	56.000001	50.700000
918.324070	829.192268	56.000000	50.699000
918.324074	829.187261	55.999999	50.698000
918.324070	829.182273	56.000000	50.697000
918.324069	829.177274	56.000000	50.696000
918.324069	829.172270	56.000000	50.694000
918.324071	829.167260	56.000000	50.690000
918.324069	829.162274	56.000000	50.684000
918.324071	829.157273	56.000001	50.678000
918.324070	829.152267	56.000000	50.674000
918.324071	829.147262	56.000001	50.671000
918.324071	829.142272	56.000000	50.668000
918.324071	829.137272	55.999999	50.665000
918.324069	829.132269	56.000000	50.661000
918.324068	829.127051	56.000000	50.658000
918.324071	829.121870	56.000001	50.657000
918.324068	829.117066	56.000000	50.657000
918.324068	829.112061	55.999999	50.657000
918.324069	829.107055	55.999999	50.658000
918.324071	829.102060	56.000001	50.658000
918.324067	829.097061	56.000000	50.658000
918.324068	829.091642	56.000001	50.657000
918.324069	829.087048	56.000000	50.656000
918.324070	829.082060	56.000000	50.656000
918.324070	829.077060	56.000001	50.655000
918.324067	829.071859	56.000000	50.656000
918.324069	829.067050	56.000000	50.656000
918.324068	829.062065	56.000000	50.657000
918.324072	829.057269	55.999999	50.658000
918.324069	829.051661	55.999999	50.659000
918.324069	829.047066	55.999999	50.661000
918.324074	829.042068	56.000002	50.662000
918.324070	829.037074	56.000000	50.664000
918.324071	829.032063	55.999998	50.667000
918.324069	829.027063	56.000001	50.669000
918.324072	829.021869	55.999999	50.671000
918.324068	829.017074	55.999999	50.672000
918.324069	829.011863	56.000001	50.674000
918.324072	829.006851	55.999999	50.675000
918.324069	829.002069	56.000000	50.676000
918.324069	828.997072	56.000000	50.678000
918.324071	828.992069	56.000001	50.678000
918.324069	828.987060	55.999999	50.678000
918.324070	828.982071	56.000002	50.677000
918.324069	828.976867	56.000000	50.674000
918.324071	828.971663	55.999999	50.672000
918.324068	828.966860	55.999999	50.671000
918.324068	828.961871	55.999999	50.671000
918.324069	828.956662	55.999999	50.672000
918.324070	828.951873	56.000001	50.674000
918.324072	828.946862	55.999999	50.674000
918.324072	828.941670	55.999999	50.673000
918.324071	828.936870	56.000001	50.672000
918.324070	828.931870	56.000000	50.671000
918.324069	828.926860	56.000000	50.671000
918.324072	828.921871	55.999999	50.673000
918.324070	828.917077	55.999998	50.674000
918.324072	828.911870	56.000000	50.674000
918.324069	828.906862	56.000001	50.672000
918.324071	828.901462	55.999999	50.671000
918.324070	828.896661	56.000000	50.669000
918.324070	828.891657	56.000001	50.668000
918.324074	828.886649	55.999999	50.667000
918.324069	828.881669	56.000001	50.666000
918.324071	828.876675	55.999999	50.664000
918.324071	828.871664	56.000001	50.663000
918.324075	828.866661	56.000000	50.662000
918.324072	828.861665	55.999999	50.663000
918.324073	828.856671	55.999999	50.664000
918.324069	828.851665	56.000001	50.666000
918.324072	828.846661	56.000000	50.669000
918.324069	828.841664	55.999999	50.672000
918.324071	828.836674	55.999999	50.675000
918.324075	828.831667	56.000001	50.679000
918.324071	828.826664	56.000001	50.683000
918.324070	828.821468	56.000001	50.686000
918.324073	828.816467	56.000001	50.690000
918.324070	828.811667	56.000000	50.693000
918.324069	828.806663	56.000000	50.695000
918.324069	828.801674	55.999999	50.697000
918.324069	828.796676	56.000001	50.697000
918.324071	828.791665	56.000001	50.698000
918.324072	828.786666	56.000000	50.699000
918.324073	828.781666	56.000000	50.700000
918.324075	828.776670	56.000000	50.701000
918.324070	828.771671	56.000001	50.702000
918.324073	828.766663	55.999999	50.702000
918.324068	828.761665	56.000000	50.702000
918.324071	828.756670	55.999999	50.703000
918.324072	828.751270	55.999999	50.704000
918.324072	828.746262	56.000001	50.704000
918.324075	828.741469	55.999999	50.705000
918.324075	828.736471	56.000000	50.704000
918.324073	828.731271	56.000001	50.704000
918.324072	828.726463	56.000001	50.704000
918.324074	828.721469	56.000000	50.703000
918.324071	828.716475	55.999999	50.702000
918.324070	828.711475	56.000000	50.701000
918.324071	828.706459	55.999999	50.699000
918.324068	828.701473	56.000000	50.697000
918.324069	828.696470	56.000001	50.693000
918.324072	828.691470	55.999999	50.688000
918.324073	828.686454	55.999999	50.683000
918.324069	828.681471	56.000001	50.678000
918.324073	828.676057	56.000000	50.673000
918.324068	828.671261	55.999999	50.670000
918.324073	828.666250	56.000001	50.667000
918.324072	828.661273	56.000000	50.664000
918.324072	828.656261	56.000000	50.661000
918.324070	828.651262	55.999999	50.659000
918.324068	828.646251	56.000000	50.658000
918.324070	828.641263	56.000000	50.658000
918.324073	828.636261	56.000000	50.658000
918.324072	828.631267	55.999998	50.659000
918.324072	828.626249	55.999999	50.659000
918.324072	828.621259	56.000001	50.660000
918.324073	828.616254	56.000000	50.661000
918.324071	828.611258	56.000000	50.662000
918.324072	828.606243	55.999999	50.663000
918.324073	828.601067	56.000000	50.663000
918.324074	828.596062	56.000000	50.663000
918.324072	828.591060	56.000000	50.661000
918.324073	828.586052	56.000000	50.658000
918.324069	828.581062	56.000001	50.656000
918.324070	828.576060	56.000000	50.653000
918.324073	828.571058	56.000000	50.650000
918.324074	828.566046	56.000000	50.646000
918.324074	828.561058	56.000001	50.642000
918.324076	828.556062	55.999999	50.641000
918.324073	828.551059	56.000001	50.641000
918.324073	828.546050	56.000000	50.642000
918.324070	828.541064	56.000000	50.643000
918.324071	828.536060	56.000000	50.644000
918.324069	828.531268	55.999999	50.644000
918.324070	828.525657	55.999999	50.645000
918.324067	828.520863	56.000000	50.646000
918.324070	828.515864	56.000000	50.649000
918.324073	828.510864	56.000000	50.651000
918.324068	828.505856	56.000000	50.654000
918.324071	828.500669	56.000001	50.657000
918.324066	828.495864	56.000000	50.660000
918.324071	828.490671	56.000000	50.663000
918.324073	828.485853	56.000000	50.666000
918.324072	828.480871	55.999999	50.670000
918.324073	828.475861	56.000000	50.674000
918.324068	828.470872	55.999999	50.678000
918.324070	828.465657	56.000000	50.681000
918.324071	828.460863	55.999999	50.683000
918.324073	828.455861	56.000001	50.686000
918.324070	828.450464	56.000000	50.688000
918.324070	828.445656	55.999998	50.691000
918.324070	828.440666	55.999999	50.694000
918.324071	828.435663	56.000001	50.698000
918.324071	828.430672	56.000000	50.702000
918.324072	828.425658	56.000000	50.704000
918.324072	828.420671	56.000000	50.705000
918.324068	828.415462	56.000000	50.705000
918.324070	828.410671	56.000000	50.705000
918.324071	828.405657	56.000001	50.705000
918.324072	828.400663	56.000001	50.705000
918.324067	828.395667	56.000001	50.705000
918.324069	828.390670	56.000001	50.703000
918.324071	828.385659	55.999999	50.699000
918.324068	828.380866	56.000000	50.694000
918.324070	828.375466	56.000001	50.691000
918.324073	828.370466	55.999999	50.689000
918.324069	828.365260	56.000000	50.689000
918.324070	828.360470	56.000000	50.688000
918.324069	828.355278	56.000002	50.687000
918.324071	828.350472	55.999999	50.685000
918.324069	828.345459	56.000002	50.684000
918.324072	828.340466	55.999999	50.684000
918.324070	828.335473	56.000000	50.684000
918.324071	828.330672	56.000000	50.683000
918.324072	828.325465	55.999998	50.683000
918.324073	828.320668	55.999998	50.682000
918.324071	828.315672	56.000000	50.681000
918.324071	828.310670	55.999999	50.679000
918.324069	828.305658	56.000000	50.678000
918.324069	828.300270	56.000000	50.676000
918.324067	828.295274	55.999999	50.676000
918.324070	828.290271	56.000000	50.675000
918.324065	828.285068	55.999999	50.675000
918.324067	828.280270	55.999999	50.674000
918.324071	828.275271	55.999999	50.673000
918.324071	828.270272	56.000000	50.672000
918.324068	828.265267	55.999999	50.673000
918.324070	828.260272	56.000001	50.675000
918.324069	828.255276	55.999998	50.676000
918.324069	828.250267	56.000000	50.677000
918.324069	828.245261	56.000000	50.677000
918.324069	828.240269	55.999999	50.677000
918.324072	828.235262	56.000000	50.677000
918.324070	828.230262	55.999999	50.677000
918.324071	828.224859	55.999999	50.676000
918.324071	828.219860	56.000000	50.675000
918.324071	828.215064	56.000000	50.674000
918.324069	828.210057	56.000000	50.673000
918.324071	828.205057	56.000000	50.670000
918.324069	828.200059	56.000001	50.667000
918.324069	828.194866	56.000000	50.664000
918.324070	828.190056	55.999999	50.662000
918.324074	828.184854	56.000000	50.662000
918.324070	828.180059	55.999999	50.663000
918.324071	828.175055	55.999999	50.664000
918.324070	828.170054	55.999999	50.666000
918.324071	828.164856	55.999999	50.667000
918.324068	828.159868	55.999999	50.668000
918.324067	828.155066	56.000001	50.670000
918.324070	828.149659	56.000001	50.673000
918.324072	828.144464	56.000000	50.676000
918.324069	828.139862	56.000000	50.679000
918.324071	828.134670	56.000000	50.683000
918.324073	828.129864	56.000000	50.686000
918.324073	828.124856	55.999999	50.688000
918.324071	828.119859	56.000000	50.691000
918.324070	828.114863	56.000001	50.694000
918.324075	828.109864	56.000000	50.697000
918.324072	828.104863	55.999999	50.701000
918.324069	828.099870	56.000000	50.706000
918.324073	828.094867	55.999999	50.710000
918.324071	828.089864	56.000000	50.714000
918.324072	828.084866	56.000001	50.717000
918.324072	828.079669	56.000000	50.721000
918.324076	828.074675	56.000000	50.726000
918.324071	828.069672	56.000001	50.730000
918.324073	828.064666	56.000000	50.736000
918.324070	828.059671	56.000000	50.740000
918.324071	828.054675	56.000000	50.745000
918.324072	828.049670	56.000000	50.748000
918.324072	828.044667	56.000001	50.751000
918.324072	828.039478	55.999999	50.754000
918.324070	828.034664	56.000000	50.757000
918.324072	828.029662	56.000001	50.759000
918.324071	828.024658	56.000002	50.761000
918.324073	828.019662	55.999999	50.763000
918.324070	828.014668	56.000000	50.764000
918.324072	828.009470	55.999999	50.765000
918.324071	828.004663	56.000001	50.765000
918.324071	827.999474	55.999999	50.764000
918.324066	827.994272	56.000000	50.762000
918.324072	827.989475	56.000000	50.760000
918.324069	827.984470	56.000000	50.759000
918.324070	827.979475	56.000000	50.758000
918.324071	827.974474	56.000000	50.756000
918.324071	827.969475	55.999999	50.753000
918.324070	827.964476	56.000001	50.750000
918.324070	827.959485	56.000000	50.748000
918.324071	827.954477	56.000000	50.746000
918.324072	827.949484	56.000001	50.745000
918.324068	827.944281	56.000001	50.743000
918.324069	827.939294	56.000000	50.741000
918.324069	827.934686	55.999999	50.740000
918.324072	827.929488	55.999998	50.739000
918.324070	827.924285	55.999999	50.739000
918.324068	827.918892	56.000001	50.737000
918.324070	827.914285	56.000000	50.735000
918.324072	827.909289	55.999999	50.733000
918.324069	827.904285	56.000000	50.732000
918.324070	827.899289	56.000000	50.731000
918.324070	827.894279	56.000000	50.730000
918.324074	827.889276	56.000000	50.729000
918.324072	827.884475	55.999999	50.727000
918.324069	827.879277	56.000000	50.725000
918.324073	827.874274	55.999998	50.723000
918.324068	827.869269	55.999999	50.720000
918.324070	827.864473	56.000000	50.718000
918.324070	827.859282	56.000001	50.715000
918.324071	827.854474	56.000001	50.713000
918.324070	827.848869	56.000000	50.710000
918.324070	827.843879	55.999999	50.709000
918.324068	827.839079	56.000001	50.708000
918.324069	827.834081	56.000000	50.707000
918.324070	827.829071	55.999998	50.706000
918.324068	827.824082	56.000000	50.705000
918.324068	827.819075	56.000000	50.704000
918.324067	827.813878	56.000000	50.704000
918.324073	827.809071	56.000000	50.705000
918.324067	827.804074	56.000001	50.707000
918.324069	827.799082	56.000000	50.709000
918.324070	827.793878	55.999999	50.710000
918.324071	827.789078	56.000000	50.710000
918.324071	827.784082	56.000000	50.711000
918.324067	827.779080	56.000001	50.712000
918.324069	827.774282	55.999999	50.713000
918.324070	827.768680	56.000001	50.714000
918.324069	827.763683	56.000001	50.716000
918.324068	827.758688	56.000001	50.719000
918.324068	827.753880	55.999999	50.722000
918.324069	827.748873	56.000000	50.724000
918.324071	827.743872	55.999999	50.727000
918.324066	827.738877	56.000001	50.731000
918.324068	827.734072	56.000000	50.734000
918.324069	827.728870	56.000000	50.739000
918.324068	827.723870	55.999999	50.744000
918.324068	827.718863	56.000000	50.749000
918.324070	827.714066	56.000000	50.753000
918.324071	827.708662	56.000000	50.756000
918.324071	827.703870	56.000000	50.758000
918.324069	827.698867	56.000000	50.762000
918.324073	827.693473	56.000001	50.766000
918.324072	827.688663	55.999999	50.770000
918.324073	827.683473	56.000000	50.773000
918.324070	827.678680	56.000000	50.775000
918.324069	827.673678	56.000001	50.776000
918.324074	827.668668	55.999999	50.776000
918.324071	827.663676	55.999999	50.776000
918.324071	827.658681	56.000000	50.776000
918.324070	827.653682	56.000001	50.776000
918.324073	827.648680	56.000002	50.777000
918.324071	827.643689	56.000000	50.777000
918.324070	827.638479	56.000001	50.778000
918.324072	827.633682	56.000000	50.778000
918.324072	827.628671	56.000001	50.778000
918.324072	827.623481	56.000002	50.777000
918.324073	827.618087	55.999998	50.778000
918.324071	827.613484	56.000001	50.779000
918.324072	827.608480	56.000000	50.780000
918.324072	827.603086	55.999999	50.782000
918.324069	827.598485	55.999999	50.783000
918.324074	827.593482	56.000000	50.785000
918.324070	827.588478	56.000001	50.786000
918.324070	827.583492	56.000000	50.788000
918.324071	827.578488	56.000001	50.790000
918.324069	827.573477	55.999999	50.791000
918.324070	827.568476	56.000001	50.792000
918.324073	827.563486	56.000000	50.792000
918.324070	827.558487	56.000001	50.792000
918.324070	827.553491	56.000000	50.792000
918.324072	827.548076	55.999999	50.794000
918.324072	827.543089	56.000000	50.796000
918.324070	827.538288	55.999999	50.799000
918.324070	827.533286	55.999999	50.802000
918.324069	827.528272	56.000000	50.805000
918.324068	827.523081	56.000001	50.807000
918.324070	827.518484	56.000001	50.810000
918.324072	827.513478	56.000001	50.813000
918.324073	827.508268	55.999999	50.817000
918.324070	827.503265	56.000000	50.821000
918.324070	827.498275	56.000000	50.825000
918.324072	827.493266	56.000000	50.828000
918.324071	827.488262	56.000000	50.831000
918.324074	827.483268	55.999999	50.834000
918.324072	827.478270	56.000000	50.836000
918.324066	827.472869	56.000001	50.838000
918.324071	827.467860	55.999999	50.839000
918.324071	827.463068	55.999999	50.841000
918.324069	827.457880	56.000000	50.842000
918.324073	827.453072	55.999999	50.844000
918.324070	827.448068	55.999998	50.845000
918.324072	827.443068	56.000000	50.845000
918.324071	827.438275	56.000000	50.845000
918.324068	827.432468	56.000000	50.845000
918.324073	827.428067	56.000000	50.845000
918.324073	827.423078	56.000000	50.844000
918.324069	827.418084	55.999999	50.844000
918.324070	827.412882	56.000001	50.843000
918.324072	827.408079	56.000000	50.843000
918.324072	827.403084	56.000001	50.844000
918.324073	827.397882	56.000000	50.847000
918.324069	827.392476	56.000000	50.849000
918.324072	827.387880	56.000002	50.851000
918.324070	827.382874	56.000000	50.852000
918.324069	827.377680	55.999999	50.853000
918.324071	827.372873	56.000000	50.854000
918.324073	827.367867	56.000001	50.856000
918.324074	827.362875	56.000000	50.858000
918.324075	827.357884	56.000000	50.860000
918.324072	827.352877	55.999999	50.862000
918.324071	827.347667	55.999999	50.864000
918.324074	827.342878	55.999999	50.866000
918.324073	827.337878	56.000000	50.868000
918.324072	827.333075	56.000000	50.870000
918.324073	827.328074	56.000000	50.872000
918.324073	827.322679	56.000000	50.875000
918.324069	827.317674	55.999999	50.879000
918.324067	827.312678	56.000000	50.882000
918.324072	827.307662	56.000001	50.884000
918.324069	827.302670	56.000001	50.887000
918.324072	827.297672	56.000000	50.889000
918.324069	827.292674	56.000001	50.892000
918.324070	827.287665	55.999999	50.894000
918.324072	827.282680	55.999999	50.896000
918.324072	827.277883	56.000001	50.897000
918.324068	827.272472	56.000001	50.898000
918.324071	827.267868	56.000001	50.900000
918.324073	827.262679	56.000001	50.902000
918.324070	827.257886	56.000000	50.904000
918.324072	827.252466	56.000000	50.906000
918.324071	827.247259	56.000000	50.908000
918.324070	827.242270	56.000001	50.910000
918.324067	827.237477	56.000001	50.913000
918.324069	827.232464	56.000001	50.915000
918.324067	827.227456	56.000000	50.918000
918.324071	827.222467	56.000000	50.921000
918.324067	827.217268	56.000000	50.924000
918.324067	827.212267	56.000001	50.927000
918.324068	827.207462	56.000000	50.932000
918.324071	827.202477	55.999999	50.938000
918.324066	827.197473	56.000000	50.946000
918.324068	827.192466	55.999999	50.954000
918.324071	827.187461	56.000000	50.963000
918.324072	827.182679	56.000000	50.973000
918.324073	827.177673	56.000000	50.981000
918.324069	827.172068	56.000001	50.991000
918.324072	827.167264	56.000000	50.999000
918.324069	827.162277	56.000000	51.008000
918.324069	827.157274	56.000000	51.017000
918.324069	827.152081	56.000000	51.026000
918.324072	827.147265	56.000000	51.036000
918.324070	827.142275	56.000001	51.047000
918.324068	827.137271	56.000001	51.058000
918.324068	827.132479	56.000001	51.070000
918.324073	827.127270	56.000000	51.082000
918.324071	827.122282	56.000001	51.093000
918.324068	827.117274	56.000001	51.104000
918.324068	827.112277	56.000000	51.114000
918.324069	827.107262	56.000000	51.124000
918.324068	827.102470	56.000001	51.133000
918.324071	827.096862	56.000000	51.142000
918.324070	827.091863	56.000001	51.150000
918.324070	827.086860	56.000000	51.158000
918.324071	827.082068	56.000000	51.166000
918.324070	827.077064	56.000000	51.174000
918.324069	827.072068	56.000001	51.182000
918.324070	827.066861	56.000001	51.191000
918.324068	827.062072	55.999999	51.200000
918.324071	827.057071	56.000000	51.209000
918.324067	827.052072	56.000001	51.217000
918.324072	827.046853	56.000000	51.225000
918.324068	827.042069	56.000000	51.232000
918.324069	827.036871	56.000000	51.237000
918.324065	827.032072	56.000000	51.242000
918.324070	827.027062	56.000000	51.245000
918.324071	827.021661	56.000001	51.249000
918.324072	827.016469	56.000000	51.251000
918.324069	827.011871	56.000001	51.254000
918.324069	827.006857	55.999999	51.257000
918.324071	827.001870	56.000000	51.259000
918.324072	826.996664	55.999999	51.260000
918.324068	826.991871	56.000001	51.260000
918.324071	826.986858	56.000000	51.260000
918.324072	826.981874	56.000000	51.259000
918.324069	826.977070	56.000000	51.258000
918.324071	826.971868	56.000000	51.257000
918.324071	826.966860	56.000000	51.255000
918.324071	826.961870	56.000000	51.251000
918.324073	826.956877	56.000000	51.245000
918.324069	826.951872	56.000000	51.236000
918.324072	826.946457	55.999999	51.224000
918.324073	826.941464	55.999999	51.211000
918.324066	826.936664	56.000000	51.199000
918.324069	826.931665	55.999999	51.190000
918.324074	826.926650	56.000000	51.182000
918.324072	826.921662	55.999999	51.176000
918.324067	826.916663	56.000000	51.170000
918.324068	826.911661	56.000000	51.164000
918.324066	826.906658	56.000001	51.160000
918.324071	826.901664	56.000001	51.159000
918.324072	826.896663	56.000000	51.160000
918.324068	826.891662	56.000001	51.163000
918.324070	826.886867	56.000001	51.166000
918.324069	826.881669	55.999999	51.170000
918.324068	826.876667	56.000001	51.172000
918.324069	826.871464	56.000000	51.172000
918.324069	826.866458	56.000002	0.000000
918.324070	826.861271	56.000001	0.000000
918.324071	826.856471	56.000001	0.000000
918.324072	826.851261	56.000002	51.174000
918.324074	826.846457	56.000000	51.180000
918.324071	826.841463	56.000001	51.191000
918.324072	826.836460	56.000000	51.208000
918.324072	826.831464	56.000000	51.231000
918.324072	826.826454	55.999999	51.254000
918.324071	826.821463	56.000001	51.278000
918.324071	826.816465	55.999999	51.302000
918.324072	826.811460	55.999999	51.326000
918.324071	826.806454	55.999999	51.348000
918.324070	826.801267	56.000000	51.370000
918.324072	826.796062	56.000000	51.388000
918.324073	826.791264	56.000001	51.404000
918.324073	826.786258	56.000000	51.417000
918.324069	826.781265	55.999999	51.420000
918.324069	826.776269	56.000000	51.423000
918.324072	826.771266	55.999999	0.000000
918.324068	826.766064	56.000001	0.000000
918.324072	826.761268	56.000000	0.000000
918.324072	826.756271	55.999999	0.000000
918.324073	826.751264	55.999999	0.000000
918.324072	826.746260	55.999999	0.000000
918.324071	826.741271	56.000002	0.000000
918.324072	826.736270	55.999998	0.000000
918.324072	826.731263	56.000001	0.000000
918.324070	826.726255	56.000001	0.000000
918.324070	826.721060	56.000001	0.000000
918.324071	826.716058	56.000000	0.000000
918.324069	826.711065	56.000000	0.000000
918.324073	826.706054	55.999999	0.000000
918.324068	826.701065	56.000001	0.000000
918.324068	826.696067	56.000001	0.000000
918.324071	826.691068	56.000001	51.426000
918.324072	826.686056	55.999999	51.433000
918.324073	826.681267	56.000000	51.452000
918.324071	826.676268	56.000001	51.478000
918.324074	826.671273	55.999999	51.504000
918.324071	826.666263	56.000000	51.534000
918.324075	826.661277	56.000000	51.558000
918.324067	826.656073	56.000001	51.579000
918.324070	826.650867	55.999999	51.590000
918.324072	826.645658	56.000000	51.594000
918.324071	826.640871	55.999999	51.594000
918.324066	826.635665	55.999999	0.000000
918.324069	826.630869	55.999999	0.000000
918.324071	826.625865	55.999999	0.000000
918.324072	826.620875	55.999999	0.000000
918.324072	826.615868	55.999999	0.000000
918.324070	826.610869	56.000001	0.000000
918.324072	826.605655	55.999998	0.000000
918.324070	826.600866	55.999999	0.000000
918.324069	826.595858	56.000001	0.000000
918.324068	826.590867	56.000000	0.000000
918.324075	826.585860	55.999999	0.000000
918.324071	826.580865	56.000000	0.000000
918.324069	826.575664	56.000000	0.000000
918.324071	826.570661	55.999998	0.000000
918.324071	826.565459	56.000001	0.000000
918.324071	826.560664	55.999999	0.000000
918.324069	826.555664	56.000000	0.000000
918.324070	826.550660	55.999999	0.000000
918.324071	826.545655	56.000001	0.000000
918.324073	826.540664	56.000000	0.000000
918.324071	826.535666	55.999999	0.000000
918.324071	826.530669	56.000001	0.000000
918.324071	826.525660	56.000001	0.000000
918.324067	826.520673	56.000000	0.000000
918.324069	826.515674	56.000000	0.000000
918.324068	826.510677	56.000000	0.000000
918.324070	826.505663	56.000000	0.000000
918.324067	826.500672	56.000001	0.000000
918.324072	826.495274	56.000001	0.000000
918.324073	826.490273	55.999999	0.000000
918.324069	826.485463	56.000000	0.000000
918.324072	826.480469	55.999999	0.000000
918.324072	826.475478	56.000000	0.000000
918.324073	826.470469	56.000001	0.000000
918.324070	826.465466	55.999999	0.000000
918.324069	826.460276	55.999999	0.000000
918.324070	826.455475	56.000001	0.000000
918.324072	826.450266	56.000001	51.597000
918.324071	826.445466	56.000001	51.601000
918.324071	826.440473	56.000001	51.601000
918.324069	826.435476	55.999999	0.000000
918.324070	826.430273	55.999999	0.000000
918.324073	826.425069	55.999999	0.000000
918.324072	826.420075	56.000000	0.000000
918.324073	826.415068	56.000000	0.000000
918.324070	826.410272	56.000001	51.604000
918.324069	826.405063	56.000001	51.636000
918.324069	826.400071	56.000000	51.707000
918.324069	826.395253	56.000000	51.778000
918.324069	826.390056	56.000000	51.856000
918.324071	826.385256	56.000000	51.934000
918.324069	826.380254	55.999999	52.004000
918.324069	826.375253	56.000000	52.072000
918.324069	826.370054	56.000001	52.124000
918.324070	826.365255	56.000000	52.154000
918.324070	826.360255	56.000000	52.168000
918.324068	826.355253	55.999999	52.168000
918.324072	826.349856	56.000001	0.000000
918.324070	826.344859	56.000000	0.000000
918.324071	826.339860	55.999999	0.000000
918.324071	826.335069	55.999999	0.000000
918.324075	826.330058	56.000000	0.000000
918.324071	826.324864	56.000000	52.175000
918.324070	826.320066	56.000000	52.183000
918.324071	826.315071	56.000001	52.190000
918.324066	826.310062	56.000001	52.190000
918.324070	826.305063	55.999998	0.000000
918.324069	826.300060	55.999999	52.203000
918.324073	826.295065	56.000001	52.217000
918.324075	826.290059	56.000000	52.237000
918.324071	826.285062	56.000001	52.257000
918.324069	826.280069	56.000001	52.270000
918.324072	826.274672	55.999999	52.270000
918.324070	826.269668	56.000000	0.000000
918.324071	826.264676	56.000002	0.000000
918.324069	826.259880	55.999999	0.000000
918.324070	826.254869	56.000001	0.000000
918.324072	826.249869	56.000001	0.000000
918.324069	826.244872	56.000000	0.000000
918.324073	826.239875	55.999999	0.000000
918.324074	826.234879	56.000000	0.000000
918.324072	826.229875	56.000001	0.000000
918.324071	826.224876	56.000000	0.000000
918.324071	826.219679	56.000001	0.000000
918.324071	826.214870	56.000000	0.000000
918.324071	826.209866	56.000001	0.000000
918.324070	826.204870	56.000000	0.000000
918.324071	826.199479	56.000001	0.000000
918.324069	826.194679	56.000000	0.000000
918.324073	826.189672	56.000000	0.000000
918.324072	826.184669	56.000001	0.000000
918.324070	826.179276	56.000001	0.000000
918.324071	826.174481	55.999999	0.000000
918.324070	826.169680	56.000001	0.000000
918.324071	826.164681	56.000000	0.000000
918.324072	826.159681	55.999999	0.000000
918.324074	826.154678	55.999999	0.000000
918.324072	826.149675	55.999999	0.000000
918.324069	826.144677	55.999999	0.000000
918.324069	826.139687	55.999999	0.000000
918.324067	826.134682	56.000000	52.277000
918.324075	826.129682	56.000000	52.290000
918.324069	826.124273	56.000000	52.309000
918.324070	826.119286	56.000001	52.337000
918.324072	826.114474	55.999999	52.358000
918.324069	826.109469	56.000000	52.379000
918.324067	826.104270	56.000001	52.400000
918.324068	826.099466	55.999999	52.436000
918.324069	826.094075	56.000001	52.480000
918.324071	826.089270	55.999999	52.546000
918.324069	826.084267	56.000000	52.579000
918.324071	826.079277	56.000001	52.607000
918.324069	826.074266	56.000000	52.637000
918.324070	826.069268	56.000000	52.665000
918.324070	826.064268	56.000001	52.691000
918.324070	826.059079	56.000000	52.704000
918.324071	826.054270	55.999999	52.715000
918.324070	826.049072	56.000001	52.722000
918.324071	826.044077	55.999999	52.739000
918.324069	826.039077	55.999999	52.781000
918.324072	826.034067	55.999999	52.828000
918.324071	826.029068	56.000000	52.892000
918.324070	826.023867	55.999999	52.922000
918.324066	826.019070	56.000000	52.949000
918.324067	826.014062	56.000000	52.976000
918.324069	826.008660	56.000000	53.002000
918.324070	826.004064	56.000000	53.024000
918.324068	825.999063	56.000000	53.041000
918.324069	825.994061	56.000000	53.048000
918.324072	825.989054	56.000001	53.056000
918.324071	825.984060	56.000000	53.061000
918.324069	825.979071	56.000001	53.063000
918.324069	825.974063	56.000001	53.063000
918.324070	825.968666	56.000000	0.000000
918.324072	825.963870	55.999999	0.000000
918.324072	825.958677	56.000000	0.000000
918.324070	825.953869	56.000000	0.000000
918.324072	825.948866	56.000000	0.000000
918.324070	825.943877	56.000000	0.000000
918.324070	825.938880	56.000000	0.000000
918.324069	825.934074	56.000000	0.000000
918.324069	825.928875	56.000001	0.000000
918.324072	825.923678	55.999999	0.000000
918.324071	825.918884	56.000001	0.000000
918.324075	825.914074	56.000000	0.000000
918.324069	825.908877	56.000001	0.000000
918.324074	825.903877	56.000001	0.000000
918.324066	825.898883	56.000001	0.000000
918.324072	825.893476	56.000000	0.000000
918.324072	825.888485	56.000000	0.000000
918.324069	825.883683	56.000000	0.000000
918.324070	825.878682	55.999999	0.000000
918.324070	825.873676	56.000001	53.064000
918.324072	825.868672	55.999999	53.067000
918.324075	825.863678	55.999999	53.067000
918.324069	825.858681	55.999999	0.000000
918.324069	825.853873	56.000000	0.000000
918.324072	825.848673	56.000000	0.000000
918.324069	825.843675	55.999999	0.000000
918.324069	825.838672	56.000000	0.000000
918.324073	825.833865	56.000001	0.000000
918.324068	825.828670	56.000000	0.000000
918.324070	825.823675	56.000001	0.000000
918.324071	825.818273	56.000001	0.000000
918.324072	825.813462	55.999999	0.000000
918.324074	825.808470	55.999999	0.000000
918.324073	825.803477	56.000000	0.000000
918.324072	825.798476	56.000001	53.073000
918.324071	825.793479	56.000001	53.096000
918.324069	825.788473	56.000001	53.140000
918.324072	825.783469	56.000000	53.189000
918.324072	825.778479	55.999998	53.238000
918.324072	825.773468	55.999999	53.286000
918.324070	825.768470	56.000000	53.338000
918.324071	825.763279	56.000000	53.389000
918.324076	825.758480	55.999999	53.439000
918.324071	825.753479	55.999998	53.493000
918.324075	825.748274	55.999999	53.541000
918.324072	825.743083	56.000001	53.596000
918.324071	825.738084	55.999998	53.649000
918.324068	825.733286	56.000000	53.657000
918.324071	825.728279	56.000001	53.659000
918.324074	825.723288	56.000000	53.661000
918.324073	825.718286	56.000000	53.665000
918.324072	825.713287	55.999998	53.671000
918.324070	825.708076	56.000001	53.677000
918.324071	825.703286	56.000001	53.680000
918.324070	825.698282	56.000001	53.683000
918.324067	825.693281	56.000000	53.689000
918.324072	825.688276	56.000000	53.696000
918.324069	825.683283	56.000001	53.700000
918.324070	825.678288	56.000001	53.705000
918.324072	825.673288	55.999999	53.716000
918.324072	825.667880	55.999999	53.730000
918.324075	825.663093	56.000000	53.745000
918.324067	825.658089	56.000001	53.761000
918.324070	825.653086	56.000001	53.778000
918.324071	825.648077	56.000001	53.798000
918.324071	825.643093	56.000000	53.817000
918.324069	825.637887	56.000001	53.838000
918.324068	825.633091	56.000001	53.858000
918.324072	825.628081	56.000000	53.880000
918.324072	825.623090	56.000000	53.900000
918.324068	825.618084	56.000001	53.911000
918.324067	825.613085	55.999999	53.922000
918.324069	825.608067	56.000001	53.937000
918.324073	825.603085	55.999999	53.951000
918.324070	825.598083	55.999999	53.963000
918.324067	825.592682	56.000001	53.973000
918.324072	825.587872	55.999999	53.980000
918.324070	825.582883	56.000000	53.983000
918.324068	825.577881	55.999999	53.984000
918.324070	825.572873	55.999999	53.984000
918.324071	825.567869	56.000001	0.000000
918.324070	825.562885	56.000001	0.000000
918.324067	825.557886	56.000001	0.000000
918.324068	825.552883	56.000000	0.000000
918.324073	825.548078	56.000000	0.000000
918.324068	825.542888	56.000001	0.000000
918.324073	825.538089	56.000000	0.000000
918.324071	825.533086	56.000001	0.000000
918.324070	825.528077	56.000000	0.000000
918.324068	825.522888	56.000000	0.000000
918.324066	825.517477	56.000000	0.000000
918.324067	825.512675	56.000000	0.000000
918.324070	825.507673	55.999999	0.000000
918.324070	825.502691	56.000000	0.000000
918.324070	825.497686	55.999999	0.000000
918.324069	825.492469	56.000001	0.000000
918.324067	825.487664	56.000000	0.000000
918.324069	825.482681	56.000001	0.000000
918.324069	825.477677	56.000000	0.000000
918.324070	825.472671	56.000000	0.000000
918.324073	825.467879	55.999999	53.985000
918.324071	825.462682	56.000001	53.986000
918.324068	825.457682	56.000000	53.993000
918.324064	825.452672	56.000001	54.007000
918.324070	825.447867	55.999999	54.027000
918.324073	825.442272	55.999999	54.033000
918.324072	825.437469	55.999999	54.040000
918.324071	825.432466	55.999999	54.040000
918.324073	825.427462	55.999999	0.000000
918.324073	825.422071	56.000000	0.000000
918.324072	825.417465	56.000001	0.000000
918.324067	825.412264	56.000001	0.000000
918.324073	825.407459	56.000001	0.000000
918.324072	825.402468	56.000000	0.000000
918.324070	825.397464	56.000001	0.000000
918.324069	825.392465	56.000001	54.047000
918.324071	825.387458	56.000002	54.053000
918.324069	825.382471	56.000001	54.065000
918.324069	825.377662	55.999999	54.071000
918.324073	825.372471	56.000000	54.071000
918.324075	825.367252	56.000001	0.000000
918.324074	825.362071	55.999999	0.000000
918.324072	825.357270	56.000000	0.000000
918.324071	825.352265	55.999999	54.082000
918.324069	825.347264	56.000000	54.112000
918.324065	825.342278	56.000000	54.162000
918.324071	825.337270	55.999999	54.210000
918.324069	825.332272	55.999999	54.257000
918.324068	825.327265	56.000000	54.304000
918.324068	825.322277	56.000000	54.345000
918.324069	825.317075	56.000000	54.366000
918.324071	825.312270	56.000000	54.387000
918.324070	825.307270	56.000001	54.387000
918.324070	825.302275	56.000001	0.000000
918.324073	825.297072	56.000001	0.000000
918.324072	825.291876	56.000000	0.000000
918.324072	825.286865	56.000000	0.000000
918.324073	825.281880	55.999999	0.000000
918.324070	825.277080	55.999999	0.000000
918.324070	825.272074	56.000000	0.000000
918.324071	825.267074	56.000000	0.000000
918.324071	825.262074	55.999999	54.398000
918.324070	825.257074	56.000000	54.403000
918.324068	825.252073	56.000000	54.417000
918.324068	825.247063	56.000000	54.433000
918.324072	825.242073	56.000000	54.450000
918.324072	825.237071	55.999999	54.450000
918.324073	825.232079	56.000000	0.000000
918.324069	825.227068	56.000001	0.000000
918.324072	825.222082	56.000001	0.000000
918.324072	825.216675	56.000000	0.000000
918.324072	825.211882	55.999999	0.000000
918.324074	825.206866	55.999999	0.000000
918.324074	825.201886	55.999999	54.459000
918.324073	825.196880	56.000000	54.467000
918.324069	825.191883	56.000001	54.485000
918.324071	825.186671	55.999999	54.519000
918.324072	825.181883	56.000000	54.562000
918.324070	825.176680	55.999999	54.637000
918.324068	825.171874	56.000001	54.717000
918.324072	825.166661	55.999999	54.812000
918.324071	825.161875	56.000000	54.853000
918.324070	825.156872	56.000000	54.893000
918.324070	825.151873	56.000000	54.938000
918.324072	825.146865	56.000000	54.988000
918.324074	825.141475	55.999999	55.040000
918.324075	825.136461	55.999999	55.075000
918.324071	825.131671	56.000002	55.083000
918.324072	825.126660	55.999999	55.088000
918.324072	825.121677	56.000000	55.097000
918.324071	825.116667	56.000000	55.105000
918.324069	825.111678	56.000001	55.113000
918.324071	825.106659	56.000000	55.120000
918.324071	825.101680	56.000000	55.127000
918.324068	825.096665	55.999999	55.132000
918.324072	825.091671	55.999999	55.138000
918.324070	825.086460	56.000000	55.144000
918.324070	825.081679	56.000001	55.151000
918.324074	825.076669	55.999999	55.159000
918.324072	825.071670	56.000000	55.167000
918.324072	825.066250	56.000000	55.173000
918.324071	825.061470	56.000000	55.181000
918.324069	825.056465	56.000000	55.310000
918.324067	825.051267	56.000002	55.320000
918.324066	825.046458	55.999999	55.334000
918.324070	825.041475	56.000001	55.344000
918.324069	825.036461	56.000001	55.354000
918.324069	825.031265	56.000000	55.368000
918.324070	825.026453	56.000000	55.379000
918.324071	825.021468	55.999999	55.387000
918.324070	825.016455	56.000000	55.442000
918.324066	825.011264	56.000000	55.719000
918.324071	825.006455	56.000000	56.035000
918.324071	825.001467	55.999999	56.350000
918.324070	824.996457	55.999999	56.709000
918.324066	824.991266	56.000001	57.068000
918.324072	824.986050	55.999999	57.425000
918.324067	824.981268	55.999999	57.734000
918.324070	824.976253	56.000000	58.041000
918.324069	824.971261	55.999999	58.390000
918.324070	824.966253	56.000000	58.572000
918.324069	824.961265	56.000000	58.875000
918.324070	824.956267	55.999999	59.092000
918.324071	824.951065	56.000000	59.437000
918.324068	824.946251	56.000000	59.738000
918.324070	824.941268	55.999999	60.080000
918.324066	824.936258	56.000000	60.420000
918.324069	824.931466	55.999999	60.761000
918.324071	824.926254	56.000000	60.882000
918.324070	824.921265	55.999999	60.878000
918.324071	824.915861	56.000001	60.878000
918.324070	824.911064	55.999999	60.878000
918.324071	824.906055	56.000000	60.877000
918.324072	824.901062	55.999999	60.877000
918.324068	824.896063	55.999999	60.879000
918.324070	824.890869	56.000000	60.885000
918.324068	824.885860	56.000000	60.893000
918.324067	824.881069	55.999999	60.899000
918.324070	824.876070	56.000002	60.906000
918.324072	824.871069	56.000000	60.915000
918.324068	824.865858	56.000001	60.926000
918.324066	824.861074	56.000000	60.938000
918.324070	824.856073	55.999999	60.948000
918.324066	824.851069	56.000000	60.959000
918.324070	824.846062	56.000000	60.972000
918.324069	824.840872	56.000001	60.991000
918.324069	824.835666	56.000000	61.010000
918.324067	824.830874	56.000000	61.031000
918.324071	824.825869	56.000001	61.047000
918.324071	824.820680	56.000000	61.058000
918.324070	824.815878	55.999999	61.067000
918.324069	824.810875	56.000000	61.078000
918.324069	824.805469	56.000001	61.097000
918.324071	824.800879	56.000001	61.121000
918.324071	824.795873	56.000000	61.152000
918.324070	824.790876	55.999999	61.183000
918.324072	824.785865	56.000000	61.210000
918.324069	824.780877	56.000000	61.237000
918.324068	824.775867	56.000000	61.264000
918.324071	824.770870	55.999999	61.293000
918.324075	824.765470	56.000000	61.320000
918.324069	824.760673	55.999999	61.339000
918.324073	824.755465	55.999999	61.356000
918.324072	824.750670	56.000000	61.371000
918.324071	824.745661	56.000001	61.388000
918.324068	824.740669	56.000001	61.410000
918.324066	824.735661	56.000001	61.434000
918.324071	824.730662	56.000001	61.464000
918.324070	824.725655	56.000001	61.494000
918.324070	824.720469	55.999999	61.519000
918.324069	824.715466	56.000000	61.538000
918.324073	824.710663	55.999999	61.555000
918.324071	824.705663	56.000001	61.571000
918.324071	824.700665	56.000000	61.586000
918.324071	824.695659	56.000001	61.600000
918.324072	824.690259	56.000000	61.612000
918.324068	824.685255	56.000000	61.618000
918.324068	824.680265	56.000000	61.616000
918.324072	824.675469	56.000000	61.602000
918.324075	824.670458	55.999999	61.579000
918.324070	824.665452	56.000000	61.555000
918.324068	824.660464	56.000000	61.541000
918.324071	824.655466	56.000000	61.548000
918.324070	824.650453	56.000000	61.579000
918.324067	824.645456	56.000000	61.611000
918.324068	824.640464	56.000000	61.631000
918.324072	824.635463	55.999999	61.640000
918.324075	824.630458	55.999999	61.641000
918.324072	824.625459	55.999999	61.635000
918.324066	824.620471	55.999998	61.625000
918.324073	824.615070	56.000000	61.616000
918.324073	824.610272	56.000000	61.613000
918.324068	824.605266	55.999999	61.616000
918.324070	824.600278	56.000000	61.620000
918.324071	824.595272	56.000000	61.623000
918.324072	824.590271	56.000000	61.622000
918.324070	824.585070	56.000000	61.621000
918.324070	824.580275	55.999999	61.621000
918.324072	824.575270	55.999999	61.621000
918.324074	824.570268	55.999998	61.620000
918.324071	824.565262	56.000000	61.618000
918.324069	824.560075	55.999999	61.616000
918.324072	824.555271	56.000000	61.614000
918.324068	824.550266	56.000000	61.614000
918.324069	824.545266	56.000002	61.614000
918.324072	824.539675	56.000001	61.614000
918.324068	824.534870	55.999999	61.610000
918.324069	824.529874	56.000000	61.606000
918.324070	824.525069	56.000000	61.607000
918.324072	824.520076	56.000000	61.613000
918.324072	824.515066	55.999999	61.621000
918.324073	824.510072	55.999999	61.628000
918.324067	824.504868	55.999999	61.634000
918.324068	824.499879	55.999999	61.638000
918.324068	824.495065	56.000002	61.641000
918.324070	824.490076	56.000000	61.643000
918.324072	824.485064	56.000001	61.647000
918.324066	824.480076	56.000001	61.655000
918.324071	824.475058	56.000001	61.664000
918.324070	824.470068	56.000001	61.673000
918.324070	824.464666	56.000000	61.675000
918.324071	824.459662	56.000001	61.664000
918.324073	824.454865	55.999999	61.641000
918.324069	824.449859	55.999999	61.613000
918.324070	824.444856	55.999999	61.595000
918.324068	824.439866	55.999999	61.594000
918.324069	824.434860	56.000000	61.601000
918.324066	824.429868	56.000000	61.610000
918.324072	824.424867	56.000001	61.619000
918.324069	824.419876	55.999999	61.629000
918.324069	824.414863	56.000000	61.635000
918.324068	824.410060	56.000001	61.636000
918.324069	824.404859	55.999999	61.626000
918.324071	824.399866	55.999999	61.607000
918.324069	824.394856	55.999999	61.589000
918.324069	824.389467	56.000001	61.581000
918.324070	824.384664	56.000000	61.585000
918.324068	824.379674	55.999999	61.595000
918.324070	824.374470	56.000001	61.605000
918.324068	824.369662	56.000000	61.610000
918.324069	824.364666	55.999999	61.612000
918.324070	824.359669	55.999999	61.611000
918.324071	824.354672	56.000002	61.609000
918.324071	824.349664	56.000000	61.609000
918.324071	824.344665	55.999999	61.610000
918.324069	824.339673	55.999999	61.612000
918.324067	824.334670	56.000000	61.614000
918.324069	824.329662	56.000001	61.618000
918.324070	824.324469	55.999998	61.624000
918.324067	824.319666	56.000000	61.632000
918.324068	824.314470	56.000000	61.643000
918.324071	824.309470	56.000000	61.650000
918.324069	824.304469	56.000001	61.650000
918.324069	824.299481	55.999999	61.642000
918.324069	824.294478	56.000001	61.629000
918.324070	824.289473	55.999999	61.621000
918.324068	824.284470	55.999999	61.618000
918.324070	824.279475	56.000000	61.616000
918.324067	824.274472	56.000001	61.609000
918.324072	824.269473	55.999998	61.596000
918.324073	824.264670	55.999999	61.582000
918.324071	824.259479	55.999999	61.577000
918.324069	824.254670	55.999999	61.582000
918.324069	824.249465	56.000000	61.592000
918.324070	824.244475	55.999999	61.605000
918.324070	824.239075	56.000000	61.619000
918.324068	824.234275	56.000001	61.629000
918.324072	824.229075	56.000002	61.635000
918.324072	824.224076	55.999999	61.634000
918.324069	824.219278	56.000001	61.629000
918.324070	824.214272	56.000001	61.626000
918.324067	824.209272	56.000000	61.626000
918.324067	824.204275	56.000000	61.630000
918.324070	824.199283	56.000001	61.633000
918.324071	824.194268	56.000001	61.634000
918.324070	824.189264	56.000000	61.630000
918.324071	824.184272	56.000001	61.624000
918.324069	824.179271	55.999999	61.620000
918.324069	824.174465	56.000002	61.621000
918.324071	824.169265	56.000000	61.627000
918.324071	824.164078	55.999999	61.636000
918.324069	824.159082	55.999999	61.643000
918.324067	824.154075	56.000000	61.648000
918.324071	824.149070	55.999999	61.649000
918.324070	824.144071	55.999999	61.643000
918.324072	824.139076	55.999998	61.633000
918.324069	824.134076	55.999999	61.625000
918.324070	824.129264	56.000000	61.620000
918.324071	824.124267	56.000001	61.620000
918.324069	824.119273	56.000001	61.621000
918.324070	824.114274	56.000000	61.622000
918.324071	824.109076	56.000001	61.621000
918.324074	824.104084	56.000001	61.618000
918.324069	824.099079	56.000000	61.612000
918.324069	824.094271	56.000000	61.607000
918.324073	824.088876	56.000000	61.605000
918.324072	824.083879	56.000000	61.608000
918.324072	824.078878	55.999999	61.613000
918.324072	824.073879	55.999999	61.620000
918.324073	824.068872	56.000000	61.625000
918.324072	824.063682	56.000000	61.626000
918.324074	824.058678	56.000000	61.623000
918.324072	824.053871	56.000000	61.616000
918.324070	824.048868	56.000000	61.608000
918.324070	824.043869	56.000001	61.601000
918.324069	824.038877	55.999999	61.597000
918.324071	824.033870	56.000000	61.596000
918.324072	824.028867	56.000000	61.595000
918.324070	824.023674	55.999999	61.590000
918.324070	824.018880	55.999999	61.582000
918.324070	824.013676	56.000000	61.571000
918.324070	824.008468	56.000001	61.566000
918.324072	824.003671	55.999999	61.570000
918.324074	823.998676	55.999999	61.579000
918.324072	823.993674	55.999999	61.590000
918.324073	823.988668	56.000000	61.600000
918.324074	823.983680	56.000000	61.608000
918.324072	823.978679	56.000001	61.613000
918.324069	823.973674	56.000000	61.616000
918.324072	823.968677	56.000001	61.614000
918.324070	823.963687	56.000000	61.605000
918.324071	823.958691	56.000001	61.593000
918.324075	823.953879	55.999999	61.583000
918.324075	823.948685	56.000000	61.579000
918.324072	823.943687	56.000000	61.581000
918.324071	823.938486	55.999999	61.586000
918.324070	823.933280	55.999999	61.593000
918.324071	823.928478	55.999999	61.601000
918.324072	823.923481	56.000000	61.607000
918.324068	823.918486	56.000000	61.611000
918.324070	823.913480	56.000000	61.612000
918.324073	823.908672	56.000001	61.610000
918.324071	823.903479	56.000000	61.607000
918.324073	823.898478	56.000000	61.607000
918.324073	823.893277	55.999999	61.610000
918.324068	823.888474	56.000000	61.611000
918.324070	823.883481	56.000000	61.605000
918.324068	823.878483	56.000000	61.587000
918.324069	823.873479	55.999999	61.564000
918.324071	823.868476	56.000000	61.547000
918.324069	823.863078	56.000001	61.540000
918.324067	823.858087	56.000000	61.542000
918.324068	823.853273	56.000000	61.546000
918.324070	823.848271	56.000000	61.552000
918.324071	823.843278	55.999999	61.559000
918.324070	823.838285	55.999999	61.567000
918.324069	823.833280	56.000001	61.576000
918.324069	823.828266	56.000001	61.585000
918.324069	823.823277	56.000000	61.594000
918.324068	823.818085	56.000000	61.601000
918.324068	823.813281	56.000000	61.605000
918.324070	823.808266	55.999999	61.606000
918.324069	823.803289	56.000000	61.603000
918.324070	823.798285	56.000000	61.596000
918.324072	823.793284	56.000000	61.588000
918.324069	823.787877	55.999999	61.582000
918.324070	823.782878	55.999999	61.581000
918.324067	823.778084	56.000000	61.583000
918.324069	823.773084	56.000000	61.588000
918.324070	823.768068	55.999999	61.595000
918.324070	823.763076	56.000000	61.603000
918.324067	823.758076	56.000000	61.609000
918.324070	823.753069	55.999999	61.612000
918.324069	823.748064	56.000000	61.611000
918.324071	823.743075	56.000000	61.605000
918.324071	823.738069	56.000000	61.595000
918.324069	823.733069	56.000000	61.585000
918.324071	823.728062	56.000000	61.579000
918.324071	823.723081	56.000000	61.576000
918.324067	823.717873	56.000000	61.575000
918.324067	823.712677	56.000001	61.577000
918.324070	823.707868	56.000000	61.580000
918.324069	823.702880	56.000000	61.587000
918.324069	823.697881	56.000000	61.595000
918.324069	823.692885	56.000000	61.605000
918.324070	823.687869	56.000000	61.615000
918.324072	823.682885	55.999999	61.624000
918.324066	823.678076	56.000001	61.631000
918.324074	823.672671	56.000001	61.636000
918.324069	823.668067	56.000000	61.638000
918.324070	823.662878	55.999999	61.639000
918.324067	823.658074	56.000001	61.642000
918.324073	823.652876	55.999999	61.647000
918.324069	823.647861	56.000001	61.651000
918.324068	823.642872	56.000001	61.652000
918.324071	823.637674	56.000000	61.647000
918.324072	823.632467	55.999999	61.640000
918.324069	823.627661	56.000000	61.635000
918.324068	823.622684	56.000000	61.634000
918.324069	823.617678	56.000001	61.638000
918.324071	823.612477	56.000001	61.644000
918.324074	823.607675	55.999999	61.650000
918.324073	823.602692	56.000000	61.655000
918.324065	823.597684	56.000002	61.660000
918.324071	823.592681	55.999999	61.665000
918.324071	823.587679	56.000001	61.669000
918.324070	823.582691	56.000001	61.672000
918.324072	823.577680	55.999998	61.673000
918.324073	823.572491	55.999998	61.673000
918.324065	823.567880	56.000002	61.673000
918.324070	823.562287	55.999999	61.672000
918.324073	823.557281	56.000000	61.669000
918.324069	823.552277	56.000001	61.662000
918.324073	823.547478	56.000001	61.650000
918.324073	823.542496	56.000000	61.634000
918.324070	823.537495	56.000000	61.620000
918.324074	823.532486	55.999999	61.610000
918.324071	823.527471	55.999998	61.605000
918.324070	823.522489	56.000002	61.601000
918.324071	823.517482	55.999999	61.598000
918.324070	823.512489	56.000000	61.594000
918.324070	823.507476	56.000000	61.592000
918.324072	823.502483	56.000000	61.592000
918.324069	823.497478	55.999999	61.595000
918.324070	823.492073	56.000001	61.601000
918.324072	823.486872	56.000001	61.607000
918.324071	823.482077	55.999999	61.611000
918.324073	823.477284	55.999999	61.612000
918.324074	823.472278	56.000001	61.611000
918.324069	823.467072	56.000001	61.610000
918.324071	823.462282	55.999998	61.610000
918.324070	823.457286	56.000000	61.610000
918.324068	823.452280	56.000001	61.606000
918.324072	823.447272	55.999999	61.599000
918.324069	823.442480	56.000000	61.589000
918.324071	823.437481	55.999999	61.580000
918.324071	823.432281	55.999999	61.577000
918.324067	823.427067	56.000000	61.580000
918.324068	823.422285	56.000002	61.587000
918.324069	823.416875	56.000000	61.596000
918.324070	823.411868	56.000001	61.604000
918.324069	823.406868	56.000000	61.609000
918.324068	823.401877	56.000001	61.611000
918.324069	823.397070	56.000001	61.614000
918.324071	823.392069	56.000001	61.617000
918.324071	823.387053	56.000000	61.621000
918.324071	823.381871	56.000001	61.624000
918.324072	823.377065	56.000001	61.621000
918.324069	823.372069	56.000002	61.613000
918.324070	823.367057	56.000001	61.601000
918.324072	823.362074	56.000001	61.594000
918.324069	823.357068	56.000001	61.594000
918.324070	823.352069	56.000000	61.599000
918.324073	823.347064	55.999999	61.605000
918.324069	823.341669	56.000001	61.606000
918.324067	823.336668	55.999999	61.601000
918.324071	823.331877	56.000000	61.593000
918.324070	823.326868	56.000000	61.586000
918.324072	823.321878	56.000000	61.582000
918.324070	823.316669	55.999999	61.580000
918.324068	823.311873	56.000001	61.578000
918.324069	823.306864	56.000001	61.576000
918.324071	823.301877	56.000000	61.573000
918.324069	823.296874	56.000001	61.569000
918.324070	823.291864	56.000001	61.567000
918.324070	823.286867	56.000001	61.569000
918.324070	823.281875	56.000000	61.573000
918.324069	823.276871	56.000000	61.578000
918.324070	823.271870	56.000000	61.582000
918.324072	823.266663	55.999999	61.583000
918.324070	823.261476	56.000001	61.580000
918.324070	823.256475	56.000001	61.574000
918.324071	823.251678	55.999999	61.568000
918.324073	823.246665	55.999999	61.564000
918.324072	823.241677	55.999999	61.563000
918.324071	823.236668	56.000000	61.563000
918.324071	823.231669	56.000000	61.564000
918.324071	823.226664	56.000000	61.565000
918.324071	823.221673	56.000000	61.565000
918.324071	823.216668	55.999999	61.567000
918.324072	823.211668	56.000000	61.571000
918.324071	823.206661	55.999999	61.576000
918.324069	823.201470	56.000001	61.582000
918.324075	823.196669	55.999999	61.586000
918.324072	823.191464	56.000000	61.590000
918.324071	823.186461	56.000000	61.591000
918.324072	823.181478	55.999999	61.592000
918.324068	823.176471	56.000000	61.591000
918.324071	823.171469	56.000000	61.591000
918.324070	823.166262	56.000000	61.592000
918.324064	823.161272	56.000001	61.593000
918.324067	823.156472	56.000000	61.594000
918.324068	823.151468	55.999999	61.593000
918.324070	823.146463	56.000001	61.592000
918.324069	823.141481	56.000001	61.590000
918.324066	823.136469	56.000000	61.588000
918.324067	823.131474	55.999999	61.586000
918.324068	823.126462	56.000001	61.584000
918.324067	823.121472	55.999999	61.581000
918.324068	823.116059	56.000001	61.578000
918.324068	823.111266	56.000001	61.577000
918.324069	823.106056	56.000000	61.578000
918.324072	823.101271	55.999998	61.579000
918.324069	823.096267	56.000001	61.581000
918.324070	823.091269	56.000000	61.583000
918.324069	823.086264	56.000000	61.584000
918.324069	823.081277	56.000000	61.586000
918.324070	823.076272	56.000001	61.589000
918.324065	823.071470	56.000000	61.594000
918.324070	823.066265	56.000001	61.599000
918.324070	823.061476	56.000000	61.605000
918.324072	823.056270	56.000000	61.610000
918.324067	823.051469	55.999999	61.612000
918.324069	823.046261	55.999999	61.612000
918.324069	823.040867	56.000001	61.607000
918.324070	823.036062	56.000000	61.600000
918.324070	823.031069	56.000001	61.594000
918.324070	823.026064	56.000000	61.591000
918.324072	823.021080	55.999999	61.589000
918.324073	823.016064	56.000000	61.587000
918.324073	823.011069	56.000000	61.584000
918.324070	823.006069	56.000002	61.584000
918.324072	823.001080	56.000001	61.586000
918.324071	822.996069	56.000000	61.591000
918.324069	822.991069	56.000000	61.597000
918.324069	822.986066	56.000001	61.600000
918.324072	822.981073	55.999999	61.599000
918.324071	822.976064	55.999999	61.596000
918.324070	822.971065	55.999999	61.592000
918.324070	822.965668	56.000002	61.588000
918.324068	822.960868	55.999999	61.588000
918.324069	822.955861	56.000000	61.588000
918.324072	822.950863	56.000001	61.589000
918.324071	822.945856	56.000000	61.589000
918.324069	822.940867	56.000001	61.589000
918.324074	822.935657	55.999999	61.589000
918.324070	822.930663	55.999999	61.592000
918.324071	822.925862	56.000001	61.594000
918.324068	822.920871	56.000001	61.594000
918.324070	822.915863	56.000000	61.589000
918.324074	822.910860	56.000001	61.580000
918.324074	822.905859	56.000000	61.570000
918.324072	822.901074	56.000000	61.562000
918.324070	822.895859	55.999999	61.560000
918.324072	822.890457	55.999999	61.563000
918.324074	822.885464	55.999999	61.569000
918.324072	822.880668	55.999999	61.573000
918.324074	822.875660	55.999998	61.574000
918.324069	822.870672	56.000001	61.573000
918.324071	822.865665	56.000001	61.572000
918.324071	822.860679	56.000001	61.575000
918.324069	822.855672	56.000000	61.581000
918.324070	822.850661	56.000000	61.587000
918.324067	822.845667	56.000000	61.593000
918.324068	822.840667	56.000000	61.597000
918.324073	822.835670	56.000000	61.597000
918.324072	822.830669	56.000000	61.595000
918.324072	822.825672	56.000000	61.590000
918.324072	822.820481	56.000001	61.585000
918.324069	822.815468	56.000001	61.581000
918.324070	822.810463	56.000000	61.578000
918.324069	822.805462	56.000000	61.576000
918.324071	822.800478	56.000000	61.573000
918.324069	822.795471	56.000000	61.570000
918.324071	822.790468	55.999998	61.568000
918.324071	822.785473	56.000002	61.570000
918.324074	822.780482	56.000001	61.574000
918.324074	822.775480	56.000000	61.580000
918.324074	822.770674	56.000001	61.585000
918.324069	822.765481	56.000000	61.590000
918.324068	822.760489	56.000002	61.594000
918.324069	822.755274	56.000001	61.597000
918.324071	822.750671	55.999999	61.600000
918.324071	822.745276	55.999999	61.602000
918.324069	822.740077	55.999999	61.603000
918.324071	822.734871	56.000000	61.602000
918.324072	822.730270	56.000000	61.599000
918.324070	822.725269	56.000001	61.593000
918.324068	822.720275	56.000001	61.586000
918.324071	822.715272	56.000000	61.577000
918.324070	822.710272	55.999998	61.568000
918.324070	822.705269	55.999999	61.561000
918.324067	822.700286	56.000001	61.557000
918.324071	822.695275	55.999999	61.556000
918.324070	822.690277	56.000002	61.558000
918.324069	822.685074	56.000001	61.560000
918.324071	822.680283	55.999999	61.563000
918.324070	822.675271	56.000000	61.566000
918.324071	822.670273	56.000001	61.568000
918.324066	822.665073	56.000002	61.570000
918.324066	822.660076	56.000000	61.572000
918.324070	822.655278	56.000001	61.574000
918.324071	822.650272	55.999999	61.574000
918.324072	822.645069	56.000001	61.571000
918.324067	822.640266	55.999999	61.566000
918.324071	822.635260	56.000001	61.560000
918.324069	822.630267	55.999998	61.556000
918.324070	822.625256	55.999999	61.555000
918.324071	822.620074	56.000000	61.557000
918.324070	822.615264	56.000002	61.560000
918.324070	822.610258	55.999999	61.565000
918.324071	822.605251	56.000001	61.569000
918.324072	822.600070	56.000000	61.574000
918.324069	822.594860	56.000000	61.578000
918.324068	822.589863	56.000001	61.581000
918.324070	822.584865	55.999999	61.582000
918.324069	822.579877	55.999999	61.582000
918.324070	822.575058	56.000000	61.580000
918.324070	822.570066	56.000000	61.577000
918.324072	822.565062	56.000000	61.576000
918.324069	822.559873	56.000000	61.575000
918.324070	822.555058	56.000000	61.576000
918.324073	822.550061	55.999999	61.576000
918.324070	822.545057	56.000001	61.575000
918.324067	822.540071	56.000002	61.572000
918.324073	822.535063	55.999999	61.566000
918.324073	822.530069	56.000001	61.562000
918.324070	822.525065	55.999998	61.561000
918.324069	822.520071	56.000000	61.561000
918.324070	822.514860	56.000001	61.563000
918.324070	822.509672	56.000001	61.564000
918.324070	822.504866	56.000000	61.566000
918.324069	822.499875	56.000002	61.568000
918.324070	822.494871	56.000000	61.572000
918.324069	822.489867	55.999999	61.576000
918.324066	822.484865	56.000001	61.581000
918.324070	822.479874	55.999999	61.585000
918.324071	822.474670	55.999999	61.588000
918.324072	822.469864	56.000000	61.590000
918.324069	822.464864	55.999999	61.592000
918.324071	822.459867	56.000001	61.592000
918.324065	822.454863	56.000000	61.590000
918.324070	822.449865	56.000000	61.585000
918.324070	822.444465	55.999999	61.575000
918.324072	822.439474	56.000001	61.563000
918.324072	822.434464	56.000001	61.553000
918.324069	822.429655	55.999999	61.547000
918.324070	822.424656	56.000000	61.548000
918.324066	822.419468	56.000001	61.552000
918.324069	822.414661	55.999999	61.559000
918.324072	822.409455	55.999999	61.565000
918.324071	822.404853	55.999999	61.571000
918.324074	822.399655	55.999999	61.575000
918.324070	822.394851	55.999999	61.576000
918.324069	822.389658	56.000001	61.574000
918.324064	822.384852	56.000000	61.568000
918.324069	822.379660	55.999999	61.561000
918.324067	822.374852	56.000001	61.555000
918.324070	822.369658	55.999998	61.552000
918.324070	822.364660	56.000001	61.552000
918.324068	822.359461	56.000001	61.555000
918.324070	822.354658	55.999999	61.560000
918.324071	822.349658	55.999999	61.565000
918.324070	822.344652	56.000001	61.570000
918.324069	822.339659	56.000001	61.575000
918.324070	822.334662	56.000001	61.580000
918.324072	822.329659	56.000000	61.584000
918.324069	822.324864	55.999999	61.587000
918.324069	822.319672	56.000000	61.588000
918.324070	822.314661	55.999999	61.585000
918.324069	822.309660	55.999999	61.581000
918.324068	822.304855	56.000001	61.576000
918.324068	822.299666	55.999999	61.573000
918.324071	822.294860	56.000000	61.570000
918.324072	822.289262	55.999999	61.567000
918.324070	822.284460	56.000001	61.566000
918.324071	822.279463	56.000001	61.566000
918.324071	822.274458	55.999999	61.566000
918.324070	822.269456	56.000000	61.569000
918.324074	822.264458	56.000000	61.572000
918.324072	822.259460	55.999999	61.575000
918.324070	822.254661	56.000001	61.576000
918.324073	822.249456	55.999999	61.574000
918.324073	822.244463	55.999998	61.571000
918.324069	822.239467	56.000001	61.568000
918.324071	822.234663	55.999999	61.566000
918.324074	822.229465	55.999998	61.568000
918.324069	822.224472	55.999999	61.574000
918.324069	822.219473	56.000000	61.581000
918.324068	822.214472	56.000001	61.587000
918.324073	822.209073	56.000001	61.592000
918.324070	822.204271	56.000002	61.593000
918.324071	822.199278	56.000000	61.591000
918.324070	822.194074	56.000001	61.586000
918.324070	822.189270	55.999999	61.580000
918.324067	822.184274	56.000000	61.575000
918.324071	822.179274	56.000000	61.572000
918.324069	822.174271	55.999999	61.571000
918.324072	822.169262	56.000001	61.571000
918.324070	822.164266	56.000000	61.571000
918.324068	822.159270	56.000002	61.571000
918.324070	822.154261	56.000001	61.571000
918.324073	822.149257	56.000001	61.571000
918.324072	822.144457	56.000001	61.571000
918.324069	822.139264	55.999999	61.572000
918.324070	822.133879	56.000000	61.574000
918.324071	822.128666	56.000000	61.576000
918.324072	822.124064	55.999999	61.577000
918.324072	822.119074	55.999999	61.578000
918.324070	822.114068	55.999999	61.578000
918.324072	822.108866	55.999999	61.579000
918.324070	822.104066	56.000000	61.580000
918.324071	822.099071	56.000000	61.580000
918.324071	822.094064	55.999998	61.580000
918.324071	822.088863	56.000001	61.577000
918.324072	822.084056	56.000000	61.571000
918.324070	822.079069	56.000002	61.565000
918.324075	822.074063	55.999998	61.559000
918.324073	822.069065	56.000001	61.556000
918.324074	822.064061	55.999997	61.557000
918.324070	822.058675	56.000000	61.560000
918.324066	822.053666	56.000001	61.565000
918.324068	822.048860	55.999999	61.569000
918.324072	822.043865	56.000001	61.572000
918.324071	822.038883	55.999999	61.574000
918.324073	822.033874	56.000001	61.575000
918.324072	822.028871	55.999999	61.574000
918.324072	822.023880	55.999999	61.572000
918.324074	822.018881	55.999999	61.570000
918.324072	822.013880	56.000000	61.569000
918.324075	822.008877	55.999998	61.568000
918.324071	822.003881	56.000001	61.568000
918.324072	821.998889	56.000000	61.568000
918.324073	821.993889	56.000000	61.571000
918.324070	821.988889	55.999999	61.574000
918.324068	821.983694	55.999999	61.578000
918.324070	821.978903	55.999999	61.582000
918.324069	821.973704	55.999999	61.585000
918.324070	821.968902	55.999999	61.587000
918.324067	821.963907	56.000002	61.588000
918.324070	821.958710	56.000001	61.585000
918.324072	821.953909	56.000000	61.581000
918.324068	821.948905	56.000001	61.576000
918.324071	821.943901	56.000000	61.573000
918.324068	821.938915	55.999999	61.573000
918.324073	821.934092	56.000000	61.575000
918.324072	821.928907	56.000000	61.578000
918.324069	821.923702	56.000001	61.581000
918.324072	821.918907	56.000000	61.583000
918.324071	821.913904	55.999999	61.583000
918.324071	821.908692	56.000000	61.584000
918.324072	821.903492	56.000001	61.585000
918.324067	821.898701	56.000001	61.587000
918.324071	821.893696	56.000000	61.590000
918.324070	821.888692	56.000000	61.592000
918.324068	821.883487	56.000001	61.593000
918.324069	821.878706	56.000000	61.593000
918.324067	821.873703	56.000000	61.591000
918.324072	821.868686	56.000000	61.587000
918.324071	821.863701	56.000000	61.583000
918.324067	821.858702	56.000001	61.578000
918.324071	821.853901	56.000000	61.574000
918.324069	821.848685	55.999999	61.571000
918.324066	821.843692	56.000001	61.569000
918.324067	821.838694	56.000001	61.568000
918.324067	821.833487	56.000000	61.567000
918.324070	821.828482	56.000001	61.565000
918.324072	821.823298	56.000001	61.564000
918.324069	821.818492	56.000000	61.563000
918.324072	821.813496	56.000000	61.562000
918.324072	821.808486	56.000000	61.564000
918.324071	821.803484	56.000000	61.566000
918.324070	821.798494	56.000001	61.569000
918.324067	821.793488	56.000000	61.572000
918.324071	821.788472	56.000000	61.574000
918.324069	821.783271	56.000000	61.575000
918.324067	821.778673	56.000000	61.577000
918.324070	821.773475	56.000000	61.577000
918.324074	821.768458	56.000001	61.577000
918.324069	821.763065	56.000000	61.575000
918.324067	821.758267	56.000001	61.571000
918.324070	821.753267	56.000000	61.566000
918.324071	821.748248	55.999999	61.562000
918.324074	821.743266	55.999999	61.561000
918.324070	821.738066	56.000001	61.565000
918.324068	821.733263	55.999999	61.571000
918.324071	821.728253	55.999999	61.577000
918.324070	821.723268	55.999999	61.581000
918.324068	821.718060	55.999999	61.582000
918.324068	821.713271	56.000001	61.582000
918.324071	821.708253	56.000001	61.580000
918.324069	821.703262	56.000001	61.579000
918.324071	821.698062	55.999999	61.578000
918.324068	821.693467	56.000000	61.579000
918.324070	821.688052	56.000000	61.582000
918.324070	821.682870	56.000001	61.584000
918.324072	821.678076	55.999999	61.585000
918.324068	821.673078	55.999999	61.585000
918.324073	821.668069	55.999999	61.585000
918.324071	821.663074	55.999999	61.584000
918.324072	821.658073	56.000000	61.584000
918.324071	821.652875	56.000000	61.586000
918.324072	821.648066	56.000001	61.589000
918.324071	821.643076	56.000000	61.592000
918.324071	821.638272	56.000000	61.594000
918.324072	821.633073	56.000000	61.594000
918.324071	821.628060	56.000000	61.592000
918.324070	821.623064	55.999999	61.588000
918.324072	821.618068	56.000001	61.584000
918.324070	821.612672	56.000000	61.579000
918.324076	821.607853	55.999998	61.576000
918.324073	821.602668	56.000000	61.573000
918.324071	821.597868	56.000001	61.571000
918.324070	821.592870	55.999999	61.571000
918.324070	821.587859	56.000000	61.573000
918.324074	821.582864	55.999999	61.576000
918.324070	821.577666	56.000000	61.579000
918.324070	821.572871	56.000001	61.582000
918.324070	821.568061	56.000000	61.583000
918.324069	821.562874	56.000001	61.580000
918.324070	821.557872	55.999999	61.573000
918.324070	821.552873	55.999999	61.564000
918.324069	821.547858	55.999999	61.555000
918.324069	821.542873	56.000001	61.550000
918.324071	821.537468	55.999999	61.550000
918.324071	821.532465	56.000002	61.554000
918.324071	821.527650	55.999999	61.560000
918.324068	821.522660	56.000000	61.568000
918.324069	821.517660	56.000000	61.575000
918.324072	821.512670	56.000001	61.580000
918.324073	821.507654	55.999999	61.581000
918.324068	821.502673	56.000001	61.580000
918.324070	821.497859	56.000000	61.576000
918.324070	821.492466	55.999999	61.573000
918.324071	821.487657	56.000001	61.572000
918.324070	821.482668	56.000001	61.572000
918.324070	821.477665	55.999998	61.574000
918.324071	821.472474	56.000001	61.574000
918.324071	821.467660	56.000000	61.573000
918.324069	821.462270	56.000001	61.569000
918.324068	821.457470	56.000001	61.565000
918.324070	821.452262	55.999999	61.561000
918.324070	821.447465	56.000001	61.556000
918.324071	821.442468	56.000000	61.551000
918.324068	821.437471	55.999999	61.544000
918.324072	821.432472	56.000001	61.537000
918.324070	821.427465	56.000000	61.531000
918.324074	821.422478	56.000001	61.530000
918.324069	821.417275	55.999998	61.532000
918.324068	821.412279	56.000000	61.538000
918.324070	821.407465	55.999998	61.547000
918.324073	821.402475	55.999999	61.556000
918.324067	821.397475	55.999999	61.565000
918.324074	821.389471	56.000000	61.573000
918.324071	821.386255	56.000000	61.581000
918.324072	821.381676	55.999998	61.587000
918.324068	821.376660	56.000000	61.592000
918.324069	821.371670	56.000001	61.595000
918.324071	821.366250	55.999999	61.596000
918.324070	821.361465	55.999999	61.594000
918.324073	821.356465	56.000000	61.590000
918.324069	821.351467	56.000000	61.584000
918.324070	821.346253	56.000001	61.580000
918.324071	821.341463	56.000000	61.577000
918.324069	821.336466	56.000001	61.576000
918.324066	821.331668	56.000001	61.575000
918.324071	821.326446	56.000000	61.572000
918.324071	821.321464	56.000000	61.569000
918.324071	821.316463	55.999999	61.566000
918.324068	821.311264	56.000001	61.564000
918.324071	821.306054	56.000000	61.562000
918.324073	821.301265	55.999999	61.561000
918.324071	821.296267	56.000001	61.560000
918.324069	821.291261	56.000002	61.558000
918.324072	821.286055	56.000000	61.556000
918.324069	821.281471	55.999999	61.556000
918.324069	821.276261	56.000001	61.559000
918.324073	821.271272	56.000001	61.564000
918.324073	821.266261	55.999999	61.570000
918.324069	821.261261	56.000000	61.576000
918.324071	821.256270	56.000000	61.579000
918.324071	821.251465	55.999998	61.579000
918.324071	821.246058	56.000000	61.574000
918.324074	821.241271	55.999999	61.568000
918.324072	821.235867	55.999999	61.562000
918.324068	821.231066	56.000001	61.560000
918.324068	821.225854	56.000001	61.560000
918.324072	821.221063	55.999999	61.563000
918.324072	821.216065	56.000001	61.565000
918.324072	821.211061	56.000001	61.568000
918.324071	821.206052	56.000001	61.570000
918.324072	821.201059	55.999999	61.572000
918.324070	821.196063	55.999999	61.574000
918.324074	821.191057	55.999999	61.575000
918.324069	821.186050	56.000000	61.574000
918.324070	821.181066	56.000001	61.572000
918.324071	821.176054	56.000000	61.568000
918.324072	821.171062	56.000000	61.565000
918.324069	821.166054	56.000000	61.564000
918.324066	821.160465	56.000001	61.566000
918.324074	821.155866	56.000000	61.569000
918.324070	821.150864	56.000001	61.574000
918.324071	821.145851	55.999999	61.578000
918.324071	821.140664	55.999999	61.582000
918.324071	821.135863	56.000001	61.585000
918.324071	821.130862	56.000001	61.588000
918.324073	821.125853	56.000000	61.589000
918.324070	821.120863	56.000001	61.590000
918.324069	821.115857	56.000001	61.587000
918.324069	821.110865	56.000000	61.582000
918.324070	821.105847	55.999999	61.575000
918.324069	821.100863	55.999999	61.569000
918.324071	821.095858	55.999998	61.565000
918.324073	821.091061	55.999999	61.565000
918.324072	821.085654	55.999998	61.567000
918.324070	821.080663	55.999999	61.570000
918.324070	821.075669	56.000000	61.573000
918.324071	821.070872	56.000000	61.574000
918.324071	821.065859	56.000000	61.576000
918.324070	821.060666	55.999999	61.577000
918.324069	821.055862	56.000000	61.579000
918.324068	821.050871	56.000002	61.581000
918.324072	821.045854	56.000000	61.582000
918.324069	821.040868	56.000001	61.581000
918.324072	821.035868	56.000000	61.579000
918.324069	821.030668	55.999999	61.574000
918.324071	821.025652	56.000000	61.569000
918.324069	821.020858	56.000000	61.568000
918.324071	821.015857	56.000001	61.570000
918.324072	821.010456	56.000000	61.576000
918.324070	821.005448	56.000000	61.584000
918.324068	821.000455	55.999999	61.591000
918.324071	820.995659	56.000000	61.598000
918.324067	820.990654	56.000001	61.603000
918.324068	820.985643	56.000001	61.605000
918.324069	820.980656	56.000001	61.603000
918.324068	820.975653	56.000000	61.597000
918.324070	820.970660	55.999999	61.588000
918.324072	820.965644	56.000001	61.579000
918.324069	820.960662	56.000001	61.574000
918.324067	820.955660	56.000000	61.572000
918.324069	820.950660	56.000001	61.572000
918.324068	820.945444	56.000000	61.573000
918.324071	820.940651	56.000000	61.572000
918.324070	820.935259	55.999999	61.569000
918.324069	820.930259	56.000000	61.567000
918.324067	820.925446	56.000001	61.565000
918.324069	820.920463	55.999999	61.564000
918.324069	820.915261	56.000000	61.564000
918.324069	820.910460	56.000000	61.565000
918.324065	820.905460	56.000000	61.569000
918.324072	820.900466	56.000000	61.573000
918.324070	820.895068	55.999999	61.576000
918.324068	820.890466	55.999999	61.576000
918.324070	820.885464	56.000000	61.569000
918.324070	820.880265	55.999999	61.557000
918.324070	820.875462	56.000000	61.544000
918.324070	820.870460	56.000001	61.534000
918.324069	820.865455	56.000000	61.531000
918.324070	820.860068	55.999999	61.530000
918.324065	820.855258	56.000001	61.531000
918.324067	820.850261	56.000000	61.531000
918.324066	820.845253	56.000000	61.532000
918.324071	820.840267	56.000000	61.535000
918.324070	820.835259	55.999999	61.540000
918.324070	820.830063	56.000000	61.547000
918.324070	820.825258	56.000001	61.555000
918.324069	820.820270	56.000001	61.563000
918.324071	820.815069	55.999999	61.571000
918.324073	820.810262	56.000001	61.577000
918.324072	820.805255	56.000000	61.579000
918.324071	820.800267	55.999998	61.578000
918.324071	820.795264	56.000000	61.574000
918.324072	820.790454	56.000001	61.571000
918.324069	820.785057	56.000001	61.568000
918.324067	820.780066	56.000000	61.568000
918.324073	820.775071	55.999999	61.569000
918.324070	820.770259	56.000000	61.571000
918.324070	820.765259	56.000001	61.572000
918.324073	820.760266	55.999999	61.571000
918.324071	820.755268	55.999999	61.569000
918.324071	820.750061	56.000000	61.565000
918.324070	820.745258	56.000001	61.560000
918.324069	820.740268	56.000000	61.556000
918.324072	820.735269	56.000000	61.554000
918.324069	820.730472	55.999999	61.555000
918.324071	820.725261	55.999999	61.560000
918.324066	820.720472	55.999999	61.567000
918.324071	820.715272	56.000000	61.574000
918.324075	820.709864	56.000000	61.581000
918.324073	820.704861	56.000000	61.586000
918.324056	820.702211	56.000002	61.587000
