941.786472	789.392965	55.999999	50.732000
941.786508	789.391760	55.999997	50.737000
941.786103	789.387128	56.000001	50.739000
941.785977	789.382021	55.999998	50.739000
941.785860	789.376934	56.000002	50.738000
941.785880	789.371890	56.000001	50.738000
941.785832	789.366919	55.999999	50.737000
941.785877	789.361892	55.999999	50.735000
941.785856	789.356885	55.999999	50.733000
941.785869	789.351953	56.000002	50.731000
941.785865	789.346866	56.000000	50.728000
941.785875	789.341920	55.999998	50.725000
941.785864	789.336468	56.000001	50.721000
941.785877	789.331519	56.000000	50.717000
941.785876	789.326487	55.999998	50.711000
941.785878	789.321483	56.000000	50.707000
941.785877	789.316480	56.000001	50.703000
941.785870	789.311696	56.000002	50.699000
941.785880	789.306683	56.000000	50.695000
941.785871	789.301672	55.999998	50.691000
941.785881	789.296682	56.000000	50.687000
941.785872	789.291488	55.999999	50.684000
941.785882	789.286867	55.999998	50.682000
941.785872	789.281672	56.000001	50.681000
941.785883	789.276657	56.000001	50.680000
941.785875	789.271893	55.999999	50.680000
941.785879	789.266852	56.000001	50.681000
941.785880	789.261467	56.000002	50.682000
941.785880	789.256249	56.000000	50.683000
941.785871	789.251280	56.000001	50.683000
941.785881	789.246271	56.000001	50.684000
941.785876	789.241465	55.999999	50.686000
941.785878	789.236263	56.000000	50.688000
941.785878	789.231468	56.000001	50.690000
941.785877	789.226465	56.000002	50.692000
941.785880	789.221263	56.000000	50.694000
941.785881	789.216456	56.000000	50.696000
941.785880	789.211479	56.000000	50.698000
941.785878	789.206266	55.999999	50.699000
941.785880	789.201457	56.000000	50.701000
941.785876	789.196451	55.999999	50.703000
941.785881	789.191479	56.000001	50.705000
941.785881	789.186259	55.999999	50.708000
941.785879	789.181254	55.999999	50.711000
941.785881	789.176249	55.999999	50.714000
941.785881	789.171276	56.000000	50.716000
941.785878	789.166272	56.000001	50.718000
941.785881	789.161449	55.999999	50.720000
941.785883	789.156256	55.999999	50.722000
941.785882	789.151274	55.999999	50.723000
941.785876	789.146474	56.000000	50.724000
941.785877	789.141464	56.000001	50.725000
941.785882	789.136647	55.999998	50.726000
941.785882	789.131666	55.999999	50.726000
941.785882	789.126257	55.999999	50.727000
941.785878	789.121659	55.999999	50.727000
941.785877	789.116452	56.000000	50.728000
941.785879	789.111268	56.000000	50.729000
941.785879	789.106257	55.999998	50.730000
941.785882	789.101255	55.999998	50.730000
941.785881	789.096242	55.999999	50.729000
941.785880	789.091265	55.999999	50.728000
941.785882	789.086264	56.000000	50.728000
941.785883	789.081259	56.000000	50.727000
941.785882	789.076257	56.000000	50.727000
941.785878	789.071252	55.999999	50.728000
941.785881	789.066252	56.000000	50.728000
941.785879	789.061470	56.000000	50.728000
941.785875	789.056266	56.000000	50.728000
941.785880	789.051458	56.000001	50.729000
941.785883	789.046444	56.000000	50.731000
941.785879	789.041449	55.999999	50.732000
941.785882	789.035868	56.000001	50.733000
941.785882	789.031094	56.000000	50.734000
941.785879	789.026061	56.000001	50.735000
941.785881	789.021047	56.000001	50.736000
941.785882	789.016053	55.999999	50.738000
941.785885	789.011083	55.999999	50.739000
941.785885	789.006080	55.999999	50.741000
941.785884	789.001066	55.999999	50.742000
941.785884	788.996043	55.999999	50.743000
941.785878	788.991068	55.999999	50.744000
941.785879	788.986266	56.000001	50.745000
941.785883	788.981076	55.999999	50.746000
941.785881	788.976065	56.000000	50.747000
941.785881	788.971099	56.000000	50.747000
941.785880	788.966076	55.999999	50.748000
941.785882	788.960674	55.999998	50.748000
941.785880	788.955867	56.000002	50.748000
941.785880	788.950691	55.999999	50.748000
941.785882	788.945882	56.000001	50.748000
941.785881	788.940689	56.000000	50.747000
941.785885	788.935876	55.999999	50.745000
941.785880	788.930900	55.999999	50.744000
941.785881	788.925887	56.000000	50.744000
941.785881	788.920884	56.000002	50.743000
941.785880	788.915868	56.000000	50.743000
941.785885	788.910692	56.000000	50.742000
941.785885	788.906084	56.000000	50.741000
941.785881	788.900886	55.999998	50.739000
941.785879	788.896067	56.000000	50.737000
941.785880	788.890896	56.000000	50.736000
941.785883	788.885687	56.000000	50.735000
941.785883	788.880885	56.000000	50.735000
941.785885	788.875670	55.999998	50.734000
941.785885	788.870685	55.999999	50.732000
941.785885	788.865876	55.999999	50.729000
941.785880	788.860884	55.999999	50.728000
941.785884	788.855873	55.999999	50.726000
941.785880	788.850900	56.000002	50.726000
941.785884	788.845889	56.000001	50.726000
941.785882	788.840881	55.999998	50.726000
941.785883	788.836074	56.000001	50.726000
941.785878	788.831089	56.000001	50.724000
941.785879	788.826069	55.999999	50.723000
941.785881	788.821080	55.999999	50.722000
941.785880	788.816071	55.999999	50.722000
941.785878	788.810283	56.000000	50.722000
941.785881	788.805686	56.000001	50.723000
941.785878	788.800699	56.000001	50.724000
941.785879	788.795678	56.000001	50.724000
941.785879	788.790699	56.000001	50.724000
941.785881	788.785685	56.000001	50.724000
941.785880	788.780688	56.000001	50.723000
941.785882	788.775675	55.999999	50.722000
941.785879	788.770493	56.000001	50.722000
941.785880	788.765687	55.999999	50.722000
941.785881	788.760688	55.999998	50.722000
941.785882	788.755869	56.000001	50.722000
941.785880	788.750689	56.000001	50.722000
941.785880	788.745877	55.999999	50.721000
941.785880	788.740487	56.000002	50.720000
941.785880	788.735272	55.999999	50.719000
941.785880	788.730291	55.999999	50.720000
941.785881	788.725280	55.999999	50.722000
941.785881	788.720289	55.999998	50.724000
941.785877	788.715285	56.000000	50.726000
941.785880	788.710492	55.999999	50.727000
941.785879	788.705474	55.999998	50.727000
941.785881	788.700477	56.000000	50.727000
941.785880	788.695472	55.999999	50.728000
941.785881	788.690490	56.000000	50.729000
941.785879	788.685690	55.999999	50.730000
941.785878	788.680488	56.000002	50.731000
941.785882	788.675673	55.999999	50.733000
941.785882	788.670703	56.000000	50.734000
941.785882	788.665697	56.000000	50.735000
941.785880	788.660094	56.000001	50.735000
941.785881	788.655268	55.999999	50.736000
941.785879	788.649889	55.999999	50.736000
941.785880	788.645290	56.000000	50.736000
941.785879	788.640281	56.000002	50.735000
941.785879	788.635267	56.000000	50.734000
941.785878	788.630282	55.999999	50.733000
941.785880	788.625283	55.999999	50.731000
941.785881	788.620276	55.999999	50.731000
941.785877	788.615062	56.000001	50.731000
941.785880	788.610277	55.999998	50.732000
941.785879	788.605281	56.000001	50.733000
941.785878	788.600285	56.000001	50.734000
941.785878	788.595258	56.000001	50.734000
941.785881	788.590479	56.000000	50.733000
941.785879	788.585081	55.999999	50.732000
941.785882	788.580089	56.000000	50.732000
941.785878	788.575073	56.000000	50.733000
941.785881	788.570075	55.999999	50.734000
941.785878	788.565276	56.000001	50.736000
941.785880	788.560281	55.999999	50.736000
941.785880	788.555279	56.000001	50.735000
941.785881	788.550291	55.999999	50.734000
941.785880	788.545280	55.999999	50.735000
941.785877	788.540288	56.000001	50.736000
941.785881	788.535470	56.000000	50.738000
941.785882	788.530286	55.999999	50.740000
941.785881	788.525279	56.000000	50.741000
941.785878	788.520476	55.999999	50.742000
941.785881	788.515268	56.000000	50.741000
941.785877	788.510071	56.000000	50.740000
941.785882	788.504875	55.999999	50.738000
941.785879	788.499683	56.000000	50.736000
941.785880	788.494868	56.000000	50.735000
941.785880	788.490079	56.000001	50.734000
941.785877	788.484881	56.000000	50.734000
941.785882	788.480089	56.000001	50.734000
941.785881	788.475071	55.999999	50.733000
941.785879	788.470083	56.000001	50.732000
941.785882	788.465088	56.000000	50.730000
941.785877	788.460086	56.000000	50.729000
941.785880	788.455073	56.000000	50.727000
941.785881	788.450083	56.000000	50.726000
941.785881	788.445078	56.000000	50.723000
941.785880	788.439700	55.999999	50.720000
941.785879	788.434680	56.000002	50.717000
941.785879	788.429678	56.000001	50.715000
941.785881	788.424682	55.999999	50.713000
941.785883	788.419694	55.999999	50.711000
941.785879	788.414877	56.000001	50.709000
941.785878	788.409880	56.000001	50.708000
941.785877	788.404886	56.000000	50.707000
941.785877	788.399898	55.999999	50.707000
941.785878	788.394884	56.000001	50.707000
941.785880	788.389884	55.999999	50.709000
941.785879	788.384685	56.000000	50.710000
941.785880	788.379892	56.000000	50.711000
941.785880	788.374886	56.000000	50.713000
941.785880	788.369881	56.000000	50.713000
941.785881	788.364690	56.000000	50.714000
941.785883	788.359493	56.000001	50.716000
941.785880	788.354474	56.000000	50.718000
941.785884	788.349281	56.000000	50.720000
941.785881	788.344687	55.999999	50.722000
941.785878	788.339495	56.000000	50.724000
941.785882	788.334479	56.000001	50.725000
941.785881	788.329683	56.000000	50.726000
941.785880	788.324688	56.000001	50.727000
941.785879	788.319700	56.000000	50.728000
941.785881	788.314683	55.999999	50.729000
941.785879	788.309688	56.000000	50.729000
941.785882	788.304490	56.000000	50.730000
941.785883	788.299502	55.999998	50.732000
941.785880	788.294478	56.000001	50.733000
941.785884	788.289286	56.000000	50.734000
941.785884	788.284089	56.000000	50.734000
941.785881	788.279292	56.000000	50.734000
941.785882	788.274080	55.999999	50.734000
941.785882	788.269278	56.000000	50.732000
941.785880	788.264089	55.999999	50.731000
941.785885	788.259285	56.000000	50.730000
941.785881	788.254283	56.000000	50.729000
941.785877	788.249280	56.000001	50.728000
941.785882	788.244288	55.999999	50.726000
941.785882	788.239290	56.000000	50.725000
941.785883	788.234276	56.000000	50.724000
941.785878	788.229277	56.000001	50.723000
941.785879	788.224285	56.000000	50.723000
941.785880	788.219095	56.000001	50.723000
941.785880	788.213682	56.000000	50.724000
941.785879	788.209073	56.000000	50.726000
941.785880	788.204084	56.000001	50.726000
941.785882	788.198891	56.000000	50.726000
941.785882	788.194082	56.000001	50.725000
941.785881	788.189073	56.000000	50.724000
941.785882	788.184088	56.000000	50.723000
941.785884	788.178893	55.999999	50.723000
941.785884	788.174081	55.999999	50.724000
941.785882	788.169067	56.000000	50.725000
941.785880	788.164089	56.000000	50.726000
941.785881	788.159292	56.000001	50.726000
941.785879	788.154088	56.000000	50.725000
941.785879	788.149270	56.000000	50.725000
941.785881	788.144080	56.000000	50.724000
941.785878	788.138691	56.000000	50.725000
941.785879	788.133681	56.000000	50.725000
941.785881	788.128869	56.000001	50.725000
941.785879	788.123676	56.000001	50.725000
941.785878	788.118699	56.000000	50.725000
941.785883	788.113881	56.000001	50.723000
941.785879	788.108677	56.000001	50.722000
941.785879	788.103885	55.999999	50.720000
941.785878	788.098888	56.000001	50.719000
941.785881	788.093889	55.999999	50.718000
941.785878	788.089072	56.000000	50.717000
941.785880	788.084079	56.000000	50.714000
941.785878	788.078885	56.000000	50.711000
941.785883	788.073876	56.000000	50.708000
941.785882	788.069071	56.000000	50.705000
941.785884	788.063280	55.999999	50.701000
941.785879	788.058489	56.000000	50.697000
941.785880	788.053479	56.000001	50.693000
941.785879	788.048662	56.000001	50.688000
941.785880	788.043475	56.000000	50.684000
941.785880	788.038290	56.000000	50.679000
941.785877	788.033688	56.000001	50.675000
941.785883	788.028669	55.999999	50.671000
941.785881	788.023684	56.000000	50.669000
941.785875	788.018690	56.000001	50.669000
941.785880	788.013690	55.999999	50.670000
941.785879	788.008665	56.000000	50.671000
941.785881	788.003685	55.999999	50.673000
941.785881	787.998701	56.000000	50.677000
941.785878	787.993682	56.000000	50.681000
941.785883	787.988470	56.000000	50.686000
941.785879	787.983482	56.000000	50.692000
941.785881	787.978087	56.000001	50.697000
941.785881	787.973290	56.000001	50.702000
941.785878	787.968465	56.000001	50.707000
941.785877	787.963479	56.000000	50.712000
941.785880	787.958493	55.999999	50.717000
941.785880	787.953488	56.000001	50.722000
941.785880	787.948463	56.000001	50.728000
941.785880	787.943479	56.000000	50.734000
941.785881	787.938485	55.999999	50.741000
941.785878	787.933475	56.000000	50.748000
941.785877	787.928666	56.000001	50.754000
941.785878	787.923480	56.000001	50.760000
941.785881	787.918492	55.999999	50.766000
941.785881	787.913085	56.000000	50.771000
941.785882	787.908265	55.999999	50.776000
941.785880	787.903286	56.000000	50.782000
941.785882	787.898088	55.999999	50.786000
941.785881	787.893089	55.999998	50.791000
941.785880	787.888264	56.000000	50.796000
941.785880	787.883274	55.999999	50.801000
941.785877	787.878286	56.000000	50.804000
941.785881	787.873085	56.000000	50.807000
941.785880	787.868263	56.000000	50.810000
941.785879	787.863274	55.999999	50.811000
941.785881	787.858288	55.999999	50.812000
941.785879	787.853290	56.000001	50.810000
941.785878	787.848269	56.000000	50.807000
941.785880	787.843278	55.999999	50.802000
941.785876	787.837893	56.000001	50.797000
941.785880	787.832896	56.000000	50.792000
941.785881	787.827862	56.000000	50.788000
941.785878	787.822887	56.000000	50.784000
941.785881	787.818086	56.000000	50.780000
941.785879	787.812895	56.000000	50.776000
941.785880	787.808066	56.000000	50.773000
941.785876	787.803077	56.000001	50.768000
941.785879	787.797687	55.999999	50.762000
941.785880	787.793093	56.000000	50.756000
941.785879	787.788074	56.000000	50.753000
941.785880	787.782886	56.000000	50.752000
941.785880	787.778297	56.000001	50.752000
941.785882	787.772895	55.999999	50.752000
941.785878	787.768079	56.000000	50.750000
941.785879	787.762876	56.000000	50.748000
941.785879	787.758096	56.000000	50.746000
941.785878	787.752893	56.000000	50.745000
941.785879	787.748071	56.000000	50.745000
941.785880	787.743074	56.000000	50.746000
941.785880	787.738093	56.000000	50.747000
941.785881	787.732894	56.000000	50.747000
941.785880	787.728065	56.000000	50.748000
941.785880	787.723076	56.000000	50.749000
941.785880	787.717886	56.000000	50.750000
941.785880	787.713091	56.000000	50.752000
941.785882	787.708068	56.000001	50.754000
941.785876	787.703077	56.000001	50.756000
941.785881	787.698080	55.999999	50.757000
941.785878	787.692884	55.999999	50.759000
941.785882	787.687866	55.999999	50.761000
941.785878	787.682671	56.000001	50.764000
941.785880	787.677687	56.000000	50.766000
941.785882	787.672483	55.999999	50.769000
941.785881	787.667860	56.000000	50.771000
941.785881	787.662666	55.999999	50.772000
941.785879	787.657880	56.000001	50.772000
941.785880	787.652691	56.000000	50.773000
941.785879	787.647858	55.999999	50.774000
941.785879	787.642872	56.000000	50.775000
941.785880	787.637885	56.000001	50.777000
941.785882	787.632892	56.000001	50.779000
941.785878	787.628066	56.000000	50.781000
941.785880	787.623081	55.999999	50.783000
941.785882	787.617893	55.999999	50.783000
941.785880	787.612697	56.000001	50.782000
941.785885	787.607466	56.000000	50.780000
941.785878	787.602672	56.000000	50.779000
941.785878	787.597481	56.000001	50.780000
941.785880	787.592692	56.000000	50.780000
941.785882	787.587466	56.000000	50.780000
941.785881	787.582672	56.000000	50.780000
941.785884	787.577681	55.999999	50.779000
941.785878	787.572681	55.999999	50.778000
941.785881	787.567668	56.000001	50.778000
941.785878	787.562669	56.000001	50.777000
941.785882	787.557680	56.000001	50.775000
941.785877	787.552680	56.000001	50.772000
941.785882	787.547848	55.999999	50.770000
941.785880	787.542663	56.000000	50.769000
941.785882	787.537266	55.999999	50.769000
941.785879	787.532473	56.000001	50.769000
941.785880	787.527048	55.999999	50.768000
941.785881	787.522268	56.000002	50.767000
941.785883	787.517473	55.999999	50.765000
941.785882	787.512486	56.000002	50.764000
941.785881	787.507462	56.000001	50.763000
941.785884	787.502473	56.000001	50.762000
941.785883	787.497478	56.000000	50.762000
941.785883	787.492490	55.999999	50.762000
941.785882	787.487459	55.999999	50.763000
941.785877	787.482463	56.000002	50.764000
941.785881	787.477479	55.999999	50.765000
941.785880	787.472683	56.000001	50.766000
941.785878	787.467057	56.000000	50.766000
941.785882	787.461866	55.999998	50.767000
941.785878	787.456852	56.000000	50.767000
941.785878	787.451877	56.000000	50.767000
941.785881	787.447053	56.000001	50.767000
941.785881	787.442259	56.000002	50.768000
941.785883	787.437060	56.000000	50.768000
941.785880	787.432276	55.999999	50.768000
941.785882	787.427046	55.999998	50.769000
941.785879	787.422256	56.000001	50.769000
941.785882	787.417263	55.999998	50.770000
941.785881	787.412278	56.000002	50.770000
941.785884	787.407253	56.000000	50.770000
941.785881	787.402065	56.000002	50.770000
941.785881	787.397265	56.000000	50.771000
941.785882	787.391886	56.000001	50.771000
941.785884	787.386861	55.999999	50.772000
941.785881	787.381673	55.999999	50.772000
941.785879	787.376864	56.000001	50.772000
941.785878	787.371874	56.000001	50.772000
941.785881	787.367065	56.000001	50.772000
941.785879	787.362069	56.000002	50.772000
941.785882	787.357074	55.999999	50.773000
941.785879	787.352093	55.999999	50.774000
941.785879	787.347068	56.000000	50.774000
941.785881	787.342074	56.000002	50.775000
941.785882	787.337080	56.000000	50.775000
941.785883	787.332094	55.999998	50.775000
941.785880	787.327068	56.000001	50.775000
941.785883	787.321875	55.999998	50.776000
941.785878	787.316671	56.000001	50.776000
941.785878	787.311690	56.000000	50.777000
941.785881	787.306473	56.000002	50.776000
941.785882	787.301875	56.000002	50.777000
941.785879	787.296668	55.999999	50.778000
941.785882	787.291687	56.000000	50.779000
941.785883	787.286866	55.999999	50.781000
941.785881	787.281872	55.999999	50.782000
941.785882	787.276871	55.999998	50.783000
941.785879	787.271886	56.000002	50.784000
941.785878	787.266868	56.000001	50.785000
941.785882	787.261865	56.000000	50.787000
941.785883	787.256869	55.999999	50.789000
941.785878	787.251889	56.000000	50.791000
941.785883	787.246863	55.999998	50.793000
941.785878	787.241480	55.999998	50.795000
941.785879	787.236273	56.000001	50.797000
941.785881	787.231492	55.999999	50.799000
941.785884	787.226470	55.999998	50.802000
941.785880	787.221472	56.000000	50.803000
941.785879	787.216671	55.999999	50.803000
941.785882	787.211696	56.000000	50.803000
941.785880	787.206673	56.000000	50.803000
941.785880	787.201666	56.000000	50.803000
941.785877	787.196664	55.999999	50.803000
941.785884	787.191486	56.000002	50.803000
941.785879	787.186872	56.000001	50.804000
941.785880	787.181869	56.000002	50.805000
941.785880	787.176866	56.000001	50.805000
941.785880	787.171888	56.000001	50.805000
941.785881	787.166267	56.000000	50.805000
941.785880	787.161269	55.999999	50.804000
941.785880	787.156269	56.000000	50.803000
941.785878	787.151283	56.000000	50.804000
941.785877	787.146259	55.999999	50.804000
941.785878	787.141272	56.000000	50.804000
941.785882	787.136468	56.000000	50.803000
941.785878	787.131484	56.000000	50.802000
941.785882	787.126475	55.999998	50.802000
941.785878	787.121463	55.999999	50.802000
941.785878	787.116468	55.999999	50.803000
941.785879	787.111481	56.000001	50.804000
941.785884	787.106474	56.000000	50.804000
941.785880	787.101468	56.000001	50.804000
941.785878	787.096464	56.000000	50.805000
941.785881	787.091086	55.999999	50.807000
941.785878	787.086081	55.999999	50.808000
941.785883	787.081074	56.000000	50.809000
941.785882	787.076076	55.999999	50.810000
941.785881	787.071300	55.999999	50.811000
941.785881	787.066279	55.999999	50.814000
941.785879	787.061081	56.000000	50.818000
941.785879	787.056282	55.999999	50.821000
941.785884	787.051292	55.999999	50.825000
941.785882	787.046274	55.999999	50.828000
941.785879	787.041277	56.000000	50.830000
941.785882	787.036272	55.999999	50.833000
941.785882	787.031097	56.000000	50.835000
941.785879	787.026275	56.000002	50.838000
941.785878	787.021277	56.000001	50.842000
941.785880	787.016075	56.000000	50.846000
941.785880	787.010690	56.000000	50.850000
941.785879	787.006071	56.000000	50.853000
941.785882	787.000874	55.999999	50.855000
941.785878	786.996068	56.000001	50.858000
941.785882	786.991100	56.000000	50.860000
941.785881	786.986093	55.999999	50.863000
941.785880	786.981077	56.000000	50.865000
941.785879	786.976051	56.000001	50.868000
941.785883	786.971083	55.999999	50.870000
941.785880	786.966079	56.000001	50.872000
941.785878	786.961090	56.000001	50.874000
941.785879	786.956063	55.999999	50.876000
941.785879	786.951072	55.999999	50.878000
941.785881	786.945857	55.999999	50.880000
941.785882	786.940681	56.000000	50.881000
941.785881	786.935673	56.000000	50.882000
941.785881	786.930500	56.000001	50.884000
941.785880	786.925874	56.000002	50.885000
941.785880	786.920681	55.999999	50.887000
941.785881	786.915660	56.000000	50.888000
941.785883	786.910881	56.000001	50.890000
941.785882	786.905875	55.999999	50.891000
941.785877	786.900484	56.000000	50.892000
941.785885	786.895881	55.999999	50.893000
941.785878	786.890888	56.000000	50.894000
941.785878	786.886080	56.000001	50.895000
941.785884	786.880884	55.999998	50.896000
941.785878	786.876078	56.000001	50.898000
941.785882	786.870889	55.999999	50.900000
941.785881	786.865475	56.000000	50.902000
941.785878	786.860085	55.999999	50.904000
941.785881	786.855474	55.999998	50.906000
941.785878	786.850493	55.999999	50.907000
941.785879	786.845683	55.999999	50.909000
941.785883	786.840681	55.999998	50.912000
941.785881	786.835672	56.000000	50.915000
941.785879	786.830682	56.000000	50.918000
941.785879	786.825661	56.000001	50.921000
941.785879	786.820674	56.000001	50.924000
941.785877	786.815672	56.000001	50.927000
941.785878	786.810703	55.999999	50.930000
941.785882	786.805680	55.999999	50.933000
941.785880	786.800675	55.999998	50.936000
941.785880	786.795866	56.000000	50.939000
941.785880	786.790277	55.999999	50.943000
941.785876	786.785267	56.000000	50.946000
941.785876	786.780081	55.999999	50.949000
941.785878	786.775273	56.000001	50.952000
941.785879	786.770296	55.999999	50.955000
941.785879	786.765476	56.000001	50.959000
941.785877	786.760483	56.000000	50.962000
941.785882	786.755475	55.999999	50.965000
941.785883	786.750499	55.999999	50.968000
941.785878	786.745473	56.000000	50.971000
941.785879	786.740477	56.000000	50.974000
941.785881	786.735464	55.999999	50.977000
941.785881	786.730291	55.999999	50.981000
941.785879	786.725481	56.000000	50.983000
941.785880	786.720682	56.000000	50.987000
941.785878	786.714881	55.999999	50.990000
941.785883	786.710093	55.999999	50.994000
941.785879	786.705286	55.999999	50.998000
941.785879	786.700085	55.999999	51.003000
941.785882	786.695271	56.000001	51.007000
941.785881	786.690291	55.999999	51.010000
941.785879	786.685293	56.000001	51.015000
941.785878	786.680285	55.999999	51.020000
941.785880	786.675266	56.000000	51.024000
941.785879	786.670295	56.000000	51.028000
941.785881	786.665490	56.000000	51.032000
941.785882	786.660290	56.000000	51.035000
941.785879	786.655058	55.999998	51.039000
941.785880	786.650082	55.999999	51.042000
941.785881	786.645478	55.999998	51.045000
941.785878	786.640080	55.999999	51.048000
941.785880	786.635266	56.000000	51.051000
941.785877	786.630087	56.000001	51.055000
941.785878	786.625080	56.000001	51.056000
941.785881	786.620278	55.999999	51.059000
941.785878	786.614865	56.000000	51.061000
941.785882	786.610277	56.000001	51.063000
941.785885	786.605278	55.999999	51.065000
941.785876	786.600084	56.000002	51.066000
941.785880	786.595270	55.999999	51.069000
941.785882	786.590282	55.999999	51.069000
941.785878	786.585485	56.000000	0.000000
941.785878	786.580287	56.000001	0.000000
941.785881	786.575268	56.000001	0.000000
941.785879	786.569872	56.000000	0.000000
941.785880	786.564871	56.000000	0.000000
941.785882	786.559881	55.999998	0.000000
941.785880	786.554869	56.000000	0.000000
941.785881	786.550078	56.000000	0.000000
941.785877	786.545076	56.000000	0.000000
941.785883	786.539885	56.000000	0.000000
941.785878	786.535070	55.999999	0.000000
941.785881	786.530074	55.999999	0.000000
941.785879	786.525084	56.000000	0.000000
941.785879	786.519887	56.000000	0.000000
941.785877	786.515067	56.000001	0.000000
941.785880	786.510080	56.000000	0.000000
941.785883	786.505086	56.000000	0.000000
941.785880	786.500081	55.999999	0.000000
941.785880	786.494669	56.000000	0.000000
941.785880	786.489681	56.000000	0.000000
941.785881	786.484683	56.000001	0.000000
941.785885	786.479675	56.000000	0.000000
941.785881	786.474666	55.999999	0.000000
941.785878	786.469472	56.000000	0.000000
941.785882	786.464689	55.999999	0.000000
941.785881	786.459689	56.000000	0.000000
941.785879	786.454485	56.000001	0.000000
941.785883	786.449685	55.999999	0.000000
941.785880	786.444691	56.000000	0.000000
941.785878	786.439698	56.000001	0.000000
941.785880	786.434675	56.000001	0.000000
941.785879	786.429695	56.000000	0.000000
941.785878	786.424699	56.000000	0.000000
941.785879	786.419300	55.999999	0.000000
941.785880	786.414291	55.999999	0.000000
941.785876	786.409501	55.999999	0.000000
941.785876	786.404302	55.999999	0.000000
941.785880	786.399502	55.999999	0.000000
941.785882	786.394492	56.000001	0.000000
941.785882	786.389285	55.999999	0.000000
941.785880	786.384295	56.000000	0.000000
941.785880	786.379505	56.000001	0.000000
941.785882	786.374489	55.999999	0.000000
941.785882	786.369502	56.000000	0.000000
941.785879	786.364312	56.000000	0.000000
941.785879	786.359516	55.999999	0.000000
941.785877	786.354303	55.999999	0.000000
941.785880	786.349496	56.000000	0.000000
941.785879	786.344098	56.000000	0.000000
941.785880	786.339318	56.000000	0.000000
941.785884	786.333901	55.999999	0.000000
941.785877	786.329102	56.000000	0.000000
941.785879	786.324306	56.000001	0.000000
941.785878	786.319309	56.000000	0.000000
941.785878	786.314104	56.000000	0.000000
941.785877	786.309306	55.999999	0.000000
941.785879	786.304302	55.999999	0.000000
941.785880	786.299310	55.999999	0.000000
941.785883	786.294295	56.000000	0.000000
941.785881	786.289495	55.999999	0.000000
941.785883	786.284101	55.999999	0.000000
941.785879	786.279316	56.000000	0.000000
941.785884	786.274298	56.000000	0.000000
941.785882	786.268888	55.999999	0.000000
941.785879	786.263692	55.999999	0.000000
941.785880	786.259102	55.999999	0.000000
941.785883	786.253894	56.000001	0.000000
941.785883	786.249102	55.999999	0.000000
941.785880	786.243894	56.000000	0.000000
941.785882	786.239099	55.999998	0.000000
941.785881	786.233886	56.000001	0.000000
941.785883	786.229080	55.999999	0.000000
941.785885	786.224095	56.000001	0.000000
941.785878	786.218908	56.000001	0.000000
941.785882	786.214288	56.000000	0.000000
941.785881	786.209285	56.000002	0.000000
941.785881	786.204087	55.999999	0.000000
941.785881	786.199094	56.000000	0.000000
941.785880	786.193679	56.000000	0.000000
941.785881	786.188873	55.999998	0.000000
941.785877	786.183683	56.000000	0.000000
941.785879	786.178691	56.000000	0.000000
941.785878	786.173681	56.000001	0.000000
941.785879	786.168867	56.000000	0.000000
941.785880	786.163676	55.999999	0.000000
941.785882	786.158897	56.000001	0.000000
941.785878	786.153877	56.000000	0.000000
941.785882	786.148866	55.999999	0.000000
941.785881	786.143878	56.000000	0.000000
941.785880	786.138888	55.999999	0.000000
941.785881	786.133881	56.000000	0.000000
941.785880	786.129078	56.000000	0.000000
941.785881	786.123875	56.000001	0.000000
941.785880	786.118483	56.000001	0.000000
941.785877	786.113481	56.000000	0.000000
941.785881	786.108685	56.000000	0.000000
941.785876	786.103678	56.000000	0.000000
941.785879	786.098481	55.999999	0.000000
941.785879	786.093668	56.000001	0.000000
941.785879	786.088667	56.000000	0.000000
941.785878	786.083691	55.999999	0.000000
941.785882	786.078488	55.999999	0.000000
941.785880	786.073669	56.000000	0.000000
941.785881	786.068661	55.999998	0.000000
941.785882	786.063887	56.000002	0.000000
941.785879	786.058701	55.999999	0.000000
941.785881	786.053683	55.999998	0.000000
941.785882	786.048466	56.000002	0.000000
941.785878	786.043280	55.999999	0.000000
941.785881	786.038492	56.000001	0.000000
941.785881	786.033084	55.999999	0.000000
941.785878	786.028471	56.000001	0.000000
941.785880	786.023483	56.000001	0.000000
941.785880	786.018484	55.999999	0.000000
941.785881	786.013091	55.999999	0.000000
941.785881	786.008470	56.000000	0.000000
941.785880	786.003486	55.999999	0.000000
941.785879	785.998487	56.000002	0.000000
941.785881	785.993493	56.000001	0.000000
941.785879	785.988469	55.999999	0.000000
941.785879	785.983487	56.000002	0.000000
941.785878	785.978489	56.000000	0.000000
941.785878	785.973288	56.000000	0.000000
941.785879	785.968067	55.999998	0.000000
941.785876	785.963273	56.000001	0.000000
941.785882	785.958287	56.000000	0.000000
941.785880	785.952495	56.000002	0.000000
941.785882	785.947461	56.000001	0.000000
941.785880	785.942475	55.999999	0.000000
941.785882	785.937281	56.000001	0.000000
941.785882	785.932490	55.999999	0.000000
941.785880	785.927464	56.000000	0.000000
941.785881	785.922468	55.999998	0.000000
941.785886	785.917481	55.999999	0.000000
941.785880	785.912491	55.999999	0.000000
941.785883	785.907665	55.999999	0.000000
941.785880	785.902469	56.000002	0.000000
941.785881	785.897470	56.000001	0.000000
941.785880	785.892088	56.000000	0.000000
941.785881	785.887061	56.000000	0.000000
941.785882	785.882069	56.000001	0.000000
941.785878	785.877069	56.000002	0.000000
941.785877	785.872090	56.000002	0.000000
941.785880	785.867257	55.999999	0.000000
941.785882	785.862264	55.999999	0.000000
941.785882	785.857274	55.999999	0.000000
941.785881	785.852288	55.999999	0.000000
941.785879	785.847257	56.000002	0.000000
941.785880	785.842261	56.000002	0.000000
941.785883	785.837263	56.000000	0.000000
941.785880	785.832282	55.999999	0.000000
941.785880	785.827256	55.999998	0.000000
941.785881	785.821669	56.000001	0.000000
941.785879	785.816860	56.000000	0.000000
941.785878	785.811880	56.000001	0.000000
941.785878	785.806859	56.000002	0.000000
941.785876	785.801666	56.000002	0.000000
941.785882	785.796857	55.999998	0.000000
941.785880	785.792076	56.000000	0.000000
941.785879	785.786853	56.000002	0.000000
941.785880	785.782058	55.999999	0.000000
941.785879	785.777062	55.999998	0.000000
941.785882	785.772292	56.000001	0.000000
941.785882	785.767265	55.999998	0.000000
941.785881	785.762080	56.000002	0.000000
941.785881	785.757081	56.000001	0.000000
941.785879	785.752094	56.000001	0.000000
941.785878	785.746673	56.000001	0.000000
941.785880	785.741283	56.000002	0.000000
941.785875	785.736680	56.000001	0.000000
941.785878	785.731686	56.000001	0.000000
941.785881	785.726667	55.999999	0.000000
941.785879	785.721680	55.999999	0.000000
941.785882	785.716861	56.000000	0.000000
941.785881	785.711894	56.000000	0.000000
941.785879	785.706868	55.999998	0.000000
941.785879	785.701875	55.999998	0.000000
941.785881	785.696874	55.999999	0.000000
941.785882	785.692102	55.999998	0.000000
941.785879	785.686873	56.000000	0.000000
941.785880	785.681877	56.000000	0.000000
941.785879	785.676874	55.999998	0.000000
941.785877	785.671499	56.000001	0.000000
941.785880	785.666480	56.000002	0.000000
941.785880	785.661475	56.000001	0.000000
941.785883	785.656468	55.999998	0.000000
941.785880	785.651486	55.999999	0.000000
941.785880	785.646468	56.000001	0.000000
941.785876	785.641666	56.000001	0.000000
941.785880	785.636671	55.999999	0.000000
941.785879	785.631686	56.000001	0.000000
941.785880	785.626661	56.000001	0.000000
941.785883	785.621666	55.999998	0.000000
941.785876	785.616662	55.999999	0.000000
941.785881	785.611482	55.999999	0.000000
941.785878	785.606669	56.000002	0.000000
941.785881	785.601673	55.999998	0.000000
941.785880	785.596260	56.000002	0.000000
941.785881	785.591088	56.000001	0.000000
941.785879	785.586272	56.000000	0.000000
941.785877	785.581265	56.000001	0.000000
941.785880	785.576266	56.000000	0.000000
941.785879	785.571284	55.999999	0.000000
941.785879	785.566479	55.999999	0.000000
941.785878	785.561280	56.000001	0.000000
941.785885	785.556276	55.999998	0.000000
941.785879	785.551296	56.000001	0.000000
941.785880	785.546084	56.000002	0.000000
941.785877	785.541274	56.000000	0.000000
941.785880	785.536270	56.000002	0.000000
941.785881	785.531294	55.999998	0.000000
941.785880	785.526267	56.000000	0.000000
941.785882	785.520690	55.999998	0.000000
941.785881	785.516070	56.000000	0.000000
941.785882	785.510893	56.000000	0.000000
941.785881	785.506083	55.999999	0.000000
941.785882	785.500886	55.999998	0.000000
941.785883	785.495864	56.000000	0.000000
941.785882	785.491093	56.000000	0.000000
941.785878	785.486074	56.000000	0.000000
941.785883	785.481070	55.999998	0.000000
941.785884	785.475863	55.999999	0.000000
941.785878	785.471082	56.000000	0.000000
941.785883	785.466078	55.999998	0.000000
941.785883	785.460881	56.000001	0.000000
941.785883	785.455872	55.999998	0.000000
941.785881	785.450885	56.000000	0.000000
941.785881	785.445686	55.999998	0.000000
941.785879	785.440484	56.000000	0.000000
941.785881	785.435670	56.000001	0.000000
941.785883	785.430687	56.000000	0.000000
941.785880	785.425875	56.000001	0.000000
941.785879	785.420683	55.999998	0.000000
941.785880	785.415673	55.999999	0.000000
941.785879	785.410699	56.000001	0.000000
941.785881	785.405877	55.999999	0.000000
941.785882	785.400888	55.999999	0.000000
941.785881	785.395879	55.999998	0.000000
941.785881	785.390700	56.000000	0.000000
941.785881	785.385889	56.000001	0.000000
941.785879	785.380888	56.000001	0.000000
941.785886	785.376074	55.999998	0.000000
941.785879	785.370298	55.999999	0.000000
941.785882	785.365490	55.999998	0.000000
941.785880	785.360486	55.999999	0.000000
941.785883	785.355481	55.999998	0.000000
941.785881	785.350495	56.000001	0.000000
941.785879	785.345689	56.000000	0.000000
941.785882	785.340682	56.000000	0.000000
941.785881	785.335672	56.000000	0.000000
941.785880	785.330698	56.000001	0.000000
941.785880	785.325680	56.000001	0.000000
941.785882	785.320688	56.000001	0.000000
941.785877	785.315675	56.000000	0.000000
941.785879	785.310696	55.999999	0.000000
941.785878	785.305881	56.000001	0.000000
941.785882	785.300689	55.999999	0.000000
941.785882	785.295266	56.000000	0.000000
941.785879	785.290286	56.000000	0.000000
941.785880	785.285484	55.999998	0.000000
941.785880	785.280284	56.000000	0.000000
941.785878	785.275269	56.000001	0.000000
941.785878	785.270289	55.999999	0.000000
941.785879	785.265483	56.000001	0.000000
941.785880	785.260487	56.000000	0.000000
941.785878	785.255472	56.000000	0.000000
941.785880	785.250491	55.999999	0.000000
941.785879	785.245286	55.999999	0.000000
941.785880	785.240287	56.000001	0.000000
941.785878	785.235468	56.000001	0.000000
941.785880	785.230488	56.000000	0.000000
941.785880	785.225479	55.999998	0.000000
941.785880	785.220090	56.000000	0.000000
941.785881	785.215079	56.000002	0.000000
941.785878	785.210087	56.000001	0.000000
941.785879	785.205291	56.000000	0.000000
941.785881	785.200294	56.000001	0.000000
941.785879	785.195275	55.999999	0.000000
941.785881	785.190297	55.999998	0.000000
941.785881	785.184893	55.999999	0.000000
941.785881	785.180289	55.999999	0.000000
941.785881	785.175284	56.000000	0.000000
941.785880	785.170294	56.000001	0.000000
941.785877	785.165099	55.999998	0.000000
941.785879	785.160092	55.999999	0.000000
941.785876	785.155277	56.000001	0.000000
941.785880	785.150286	55.999999	0.000000
941.785878	785.144689	56.000001	0.000000
941.785881	785.139889	55.999999	0.000000
941.785878	785.134877	56.000002	0.000000
941.785879	785.129885	56.000001	0.000000
941.785877	785.124891	56.000000	0.000000
941.785880	785.119888	56.000000	0.000000
941.785881	785.114678	56.000000	0.000000
941.785881	785.110083	55.999999	0.000000
941.785881	785.105085	55.999998	0.000000
941.785880	785.100084	55.999999	0.000000
941.785879	785.095074	56.000000	0.000000
941.785880	785.090085	55.999999	0.000000
941.785879	785.085086	55.999999	0.000000
941.785878	785.080084	56.000000	0.000000
941.785880	785.075063	56.000001	0.000000
941.785879	785.069673	56.000001	0.000000
941.785880	785.064488	56.000001	0.000000
941.785879	785.059685	55.999999	0.000000
941.785878	785.054683	56.000000	0.000000
941.785881	785.049688	56.000000	0.000000
941.785879	785.044897	56.000000	0.000000
941.785882	785.039698	56.000001	0.000000
941.785879	785.034683	56.000000	0.000000
941.785882	785.029891	56.000000	0.000000
941.785877	785.024899	55.999999	0.000000
941.785879	785.019895	56.000000	0.000000
941.785879	785.014886	56.000001	0.000000
941.785880	785.009887	55.999999	0.000000
941.785877	785.004888	56.000001	0.000000
941.785880	784.999894	55.999998	0.000000
941.785884	784.994481	56.000000	0.000000
941.785881	784.989473	55.999999	0.000000
941.785882	784.984292	56.000000	0.000000
941.785883	784.979498	55.999998	0.000000
941.785882	784.974488	55.999999	0.000000
941.785879	784.969480	56.000000	0.000000
941.785883	784.964488	55.999999	0.000000
941.785880	784.959494	56.000001	0.000000
941.785879	784.954685	55.999999	0.000000
941.785878	784.949686	56.000000	0.000000
941.785878	784.944695	56.000001	0.000000
941.785882	784.939505	56.000000	0.000000
941.785878	784.934684	55.999999	0.000000
941.785878	784.929684	56.000000	0.000000
941.785879	784.924693	56.000000	0.000000
941.785882	784.919105	55.999999	0.000000
941.785883	784.914289	56.000000	0.000000
941.785879	784.909486	56.000000	0.000000
941.785881	784.904302	56.000001	0.000000
941.785881	784.899501	56.000000	0.000000
941.785883	784.894290	56.000001	0.000000
941.785881	784.889478	56.000001	0.000000
941.785879	784.884294	55.999999	0.000000
941.785878	784.879499	55.999999	0.000000
941.785881	784.874490	56.000001	0.000000
941.785881	784.869485	55.999998	0.000000
941.785882	784.864499	56.000000	0.000000
941.785881	784.859501	55.999999	0.000000
941.785880	784.854483	56.000001	0.000000
941.785880	784.849288	56.000001	0.000000
941.785880	784.844091	56.000000	0.000000
941.785882	784.839101	56.000000	0.000000
941.785877	784.833890	56.000001	0.000000
941.785882	784.829288	55.999999	0.000000
941.785883	784.824093	55.999999	0.000000
941.785879	784.819103	56.000001	0.000000
941.785878	784.814094	56.000000	0.000000
941.785879	784.809285	56.000001	0.000000
941.785882	784.804295	56.000000	0.000000
941.785881	784.799298	56.000000	0.000000
941.785881	784.794279	55.999999	0.000000
941.785879	784.789279	56.000001	0.000000
941.785878	784.784290	56.000000	0.000000
941.785879	784.779492	56.000002	0.000000
941.785879	784.774077	55.999999	0.000000
941.785877	784.768671	56.000000	0.000000
941.785879	784.763889	56.000000	0.000000
941.785881	784.758898	55.999999	0.000000
941.785880	784.753686	55.999999	0.000000
941.785879	784.748879	56.000000	0.000000
941.785880	784.743891	55.999999	0.000000
941.785883	784.738902	56.000000	0.000000
941.785880	784.733889	56.000000	0.000000
941.785883	784.729081	56.000000	0.000000
941.785881	784.724100	56.000001	0.000000
941.785881	784.719097	56.000001	0.000000
941.785880	784.713694	56.000000	0.000000
941.785881	784.709088	56.000000	0.000000
941.785882	784.704095	56.000001	0.000000
941.785882	784.698908	56.000000	0.000000
941.785879	784.693284	55.999999	0.000000
941.785880	784.688880	55.999999	0.000000
941.785877	784.683484	55.999998	0.000000
941.785879	784.678699	56.000002	51.071000
941.785879	784.673686	56.000001	51.071000
941.785877	784.668674	56.000000	0.000000
941.785880	784.663690	56.000001	0.000000
941.785880	784.658899	56.000001	0.000000
941.785879	784.653687	55.999998	0.000000
941.785877	784.648872	56.000001	0.000000
941.785878	784.643892	56.000001	0.000000
941.785881	784.638896	55.999999	0.000000
941.785883	784.633886	55.999999	0.000000
941.785881	784.629075	56.000000	0.000000
941.785881	784.623882	56.000001	0.000000
941.785878	784.618489	56.000001	0.000000
941.785878	784.613276	56.000000	0.000000
941.785878	784.608470	55.999999	0.000000
941.785880	784.603475	56.000001	0.000000
941.785881	784.598490	56.000000	51.075000
941.785878	784.593478	56.000001	51.219000
941.785875	784.588667	56.000001	51.447000
941.785880	784.583482	56.000001	51.599000
941.785882	784.578690	56.000000	51.904000
941.785881	784.573678	56.000000	52.371000
941.785878	784.568671	56.000002	52.763000
941.785880	784.563684	56.000000	53.311000
941.785884	784.558697	55.999999	53.852000
941.785881	784.553681	56.000001	54.389000
941.785879	784.548867	56.000001	54.846000
941.785881	784.543282	56.000001	55.455000
941.785880	784.538293	55.999998	55.914000
941.785878	784.533093	56.000000	56.449000
941.785878	784.528280	56.000000	56.982000
941.785879	784.523291	55.999999	57.588000
941.785877	784.518299	56.000001	58.115000
941.785881	784.513293	55.999999	58.638000
941.785878	784.508271	56.000001	59.155000
941.785880	784.503488	56.000001	59.741000
941.785879	784.498496	55.999999	60.252000
941.785875	784.493484	56.000001	60.762000
941.785877	784.488468	56.000000	60.764000
941.785880	784.483484	55.999999	60.758000
941.785879	784.478498	56.000000	60.742000
941.785879	784.473483	56.000000	60.729000
941.785883	784.468077	55.999999	60.719000
941.785879	784.463083	56.000001	60.714000
941.785881	784.458087	55.999999	60.715000
941.785878	784.453090	56.000001	60.717000
941.785881	784.448074	55.999999	60.719000
941.785884	784.443092	56.000000	60.728000
941.785882	784.438296	55.999999	60.744000
941.785880	784.433099	56.000000	60.766000
941.785881	784.428282	55.999999	60.794000
941.785880	784.423294	56.000001	60.826000
941.785878	784.418303	55.999999	60.864000
941.785879	784.413296	56.000002	60.899000
941.785881	784.408283	56.000001	60.924000
941.785881	784.403106	56.000000	60.939000
941.785881	784.398302	56.000000	60.955000
941.785878	784.392901	56.000001	60.972000
941.785881	784.387877	55.999999	60.984000
941.785883	784.382485	56.000001	60.989000
941.785883	784.377891	56.000001	60.990000
941.785880	784.372885	56.000000	60.990000
941.785884	784.367869	55.999999	60.989000
941.785880	784.362879	56.000000	60.991000
941.785881	784.358090	56.000000	60.998000
941.785880	784.352887	55.999999	61.007000
941.785878	784.348061	55.999999	61.019000
941.785882	784.343088	55.999999	61.031000
941.785878	784.338086	56.000000	61.042000
941.785880	784.333082	56.000002	61.055000
941.785882	784.328068	55.999999	61.069000
941.785883	784.323080	55.999999	61.090000
941.785883	784.317484	55.999999	61.121000
941.785884	784.312489	56.000000	61.148000
941.785881	784.307662	55.999999	61.173000
941.785878	784.302682	56.000001	61.204000
941.785880	784.297689	56.000001	61.236000
941.785883	784.292885	55.999998	61.273000
941.785879	784.287670	56.000002	61.313000
941.785882	784.282877	55.999999	61.345000
941.785879	784.277888	55.999998	61.372000
941.785882	784.272887	55.999999	61.389000
941.785883	784.267871	55.999999	61.398000
941.785881	784.262879	55.999999	61.402000
941.785880	784.257891	56.000000	61.404000
941.785880	784.252887	55.999999	61.407000
941.785880	784.247864	56.000000	61.410000
941.785878	784.242878	56.000000	61.417000
941.785882	784.237688	56.000001	61.426000
941.785884	784.232484	56.000001	61.434000
941.785881	784.227668	55.999999	61.438000
941.785879	784.222873	56.000001	61.437000
941.785879	784.217679	55.999999	61.433000
941.785881	784.212881	56.000001	61.427000
941.785880	784.207863	56.000001	61.421000
941.785882	784.202874	56.000001	61.413000
941.785882	784.197886	56.000001	61.404000
941.785879	784.192884	56.000001	61.398000
941.785879	784.187863	56.000001	61.395000
941.785878	784.183077	55.999998	61.396000
941.785880	784.177884	56.000002	61.397000
941.785879	784.172882	56.000001	61.399000
941.785882	784.167266	55.999998	61.413000
941.785882	784.162678	55.999999	61.448000
941.785881	784.157481	56.000001	61.506000
941.785882	784.152488	56.000001	61.568000
941.785883	784.147475	55.999999	61.619000
941.785878	784.142679	56.000001	61.650000
941.785881	784.137284	56.000002	61.671000
941.785881	784.132489	55.999999	61.686000
941.785884	784.127671	56.000000	61.699000
941.785880	784.122682	56.000000	61.708000
941.785879	784.117694	56.000000	61.711000
941.785876	784.112686	56.000000	61.708000
941.785879	784.107664	55.999999	61.697000
941.785882	784.102672	55.999999	61.684000
941.785880	784.097689	56.000000	61.676000
941.785880	784.092283	56.000002	61.675000
941.785878	784.087263	56.000002	61.681000
941.785880	784.082066	56.000000	61.689000
941.785881	784.077278	56.000000	61.696000
941.785879	784.072290	56.000000	61.697000
941.785884	784.067272	55.999999	61.690000
941.785879	784.062465	56.000002	61.675000
941.785881	784.057479	56.000001	61.655000
941.785880	784.052484	56.000001	61.637000
941.785878	784.047464	56.000000	61.630000
941.785880	784.042474	55.999999	61.636000
941.785883	784.037478	55.999998	61.645000
941.785883	784.032488	56.000000	61.654000
941.785883	784.027465	56.000001	61.663000
941.785878	784.022471	56.000001	61.669000
941.785881	784.016866	56.000001	61.670000
941.785881	784.012081	55.999998	61.664000
941.785881	784.007060	55.999999	61.658000
941.785883	784.002067	55.999999	61.658000
941.785882	783.997071	56.000000	61.665000
941.785882	783.992286	55.999999	61.676000
941.785882	783.987067	55.999999	61.691000
941.785881	783.982277	56.000001	61.704000
941.785881	783.977275	56.000002	61.714000
941.785879	783.971886	56.000000	61.718000
941.785881	783.967260	55.999998	61.716000
941.785883	783.962272	55.999999	61.709000
941.785883	783.957273	55.999999	61.700000
941.785883	783.952284	56.000000	61.693000
941.785876	783.947260	56.000001	61.689000
941.785880	783.941867	56.000002	61.686000
941.785878	783.936871	56.000001	61.681000
941.785881	783.931880	56.000001	61.671000
941.785878	783.927066	55.999999	61.659000
941.785877	783.921864	56.000001	61.649000
941.785879	783.916870	56.000000	61.644000
941.785880	783.911883	55.999999	61.644000
941.785880	783.907065	56.000001	61.650000
941.785876	783.902058	56.000002	61.660000
941.785878	783.896845	56.000002	61.673000
941.785876	783.892051	55.999999	61.688000
941.785880	783.887072	56.000000	61.701000
941.785877	783.882085	56.000001	61.711000
941.785882	783.877077	56.000000	61.717000
941.785883	783.872092	55.999999	61.719000
941.785879	783.866472	56.000001	61.711000
941.785880	783.861674	55.999999	61.693000
941.785881	783.856668	56.000000	61.674000
941.785880	783.851697	56.000000	61.668000
941.785878	783.846676	56.000000	61.675000
941.785879	783.841880	56.000001	61.685000
941.785880	783.836660	55.999999	61.693000
941.785882	783.831888	56.000001	61.697000
941.785881	783.826872	56.000000	61.695000
941.785879	783.821870	55.999999	61.688000
941.785878	783.816873	56.000001	61.680000
941.785880	783.811895	56.000001	61.676000
941.785883	783.806677	55.999999	61.678000
941.785882	783.801876	56.000001	61.686000
941.785879	783.796681	55.999999	61.695000
941.785881	783.791492	56.000000	61.706000
941.785883	783.786285	56.000001	61.714000
941.785880	783.781274	55.999999	61.719000
941.785885	783.776481	55.999999	61.720000
941.785877	783.771499	56.000000	61.716000
941.785882	783.766481	56.000000	61.707000
941.785880	783.761682	55.999999	61.697000
941.785883	783.756473	55.999998	61.690000
941.785882	783.751694	55.999999	61.685000
941.785878	783.746677	56.000000	61.681000
941.785880	783.741672	56.000001	61.675000
941.785880	783.736672	56.000000	61.671000
941.785878	783.731691	56.000000	61.672000
941.785879	783.726472	56.000001	61.677000
941.785880	783.721668	56.000000	61.684000
941.785880	783.716268	56.000001	61.692000
941.785880	783.711288	55.999999	61.698000
941.785880	783.706074	56.000000	61.701000
941.785879	783.701473	55.999999	61.696000
941.785881	783.696470	55.999999	61.685000
941.785878	783.691494	55.999999	61.671000
941.785883	783.686478	56.000000	61.664000
941.785878	783.681674	55.999999	61.666000
941.785880	783.676681	56.000000	61.673000
941.785880	783.671696	56.000001	61.682000
941.785877	783.666673	56.000001	61.692000
941.785879	783.661670	56.000001	61.701000
941.785880	783.656669	56.000000	61.706000
941.785880	783.651494	55.999999	61.705000
941.785878	783.646672	56.000000	61.698000
941.785882	783.641272	55.999999	61.691000
941.785880	783.636270	55.999998	61.689000
941.785878	783.631087	56.000000	61.693000
941.785881	783.626271	56.000000	61.699000
941.785882	783.621282	55.999998	61.704000
941.785883	783.616269	55.999999	61.706000
941.785880	783.611286	55.999999	61.702000
941.785879	783.606469	56.000001	61.690000
941.785879	783.601474	56.000003	61.672000
941.785880	783.596455	56.000002	61.656000
941.785878	783.591484	56.000002	61.651000
941.785881	783.586466	56.000001	61.655000
941.785881	783.581470	55.999999	61.664000
941.785878	783.576460	56.000000	61.671000
941.785879	783.571095	56.000001	61.676000
941.785881	783.565885	56.000001	61.676000
941.785882	783.560883	55.999999	61.673000
941.785881	783.556065	56.000000	61.672000
941.785882	783.551090	56.000002	61.674000
941.785880	783.546072	56.000001	61.679000
941.785881	783.541277	55.999999	61.686000
941.785881	783.536261	56.000000	61.692000
941.785883	783.531288	56.000000	61.696000
941.785881	783.526280	56.000001	61.695000
941.785879	783.521280	56.000001	61.687000
941.785882	783.516277	56.000001	61.671000
941.785879	783.511285	56.000001	61.653000
941.785881	783.506280	56.000000	61.642000
941.785879	783.501274	55.999999	61.642000
941.785883	783.495861	55.999999	61.649000
941.785881	783.490887	55.999998	61.659000
941.785878	783.485882	55.999999	61.668000
941.785881	783.480886	55.999999	61.677000
941.785880	783.475876	55.999999	61.684000
941.785880	783.470890	56.000000	61.688000
941.785881	783.465875	56.000000	61.690000
941.785882	783.460880	56.000000	61.691000
941.785881	783.456068	55.999999	61.691000
941.785880	783.450902	56.000002	61.692000
941.785876	783.446074	56.000000	61.694000
941.785880	783.441061	56.000001	61.695000
941.785882	783.436071	56.000000	61.695000
941.785880	783.431086	56.000002	61.694000
941.785880	783.426062	56.000001	61.693000
941.785881	783.421079	56.000001	61.693000
941.785881	783.415872	55.999998	61.693000
941.785877	783.410488	55.999999	61.694000
941.785882	783.405688	56.000001	61.693000
941.785878	783.400681	56.000001	61.689000
941.785878	783.395474	55.999998	61.684000
941.785882	783.390689	56.000000	61.679000
941.785882	783.385877	55.999999	61.676000
941.785880	783.380683	56.000000	61.674000
941.785881	783.375667	55.999999	61.673000
941.785879	783.370895	56.000001	61.672000
941.785878	783.365883	56.000001	61.669000
941.785877	783.360878	56.000001	61.667000
941.785881	783.355867	56.000001	61.664000
941.785882	783.350887	56.000001	61.660000
941.785883	783.345664	56.000000	61.650000
941.785879	783.340864	56.000000	61.636000
941.785880	783.335462	56.000000	61.622000
941.785877	783.330283	56.000001	61.616000
941.785880	783.325669	56.000001	61.617000
941.785878	783.320480	55.999999	61.621000
941.785879	783.315271	56.000000	61.626000
941.785878	783.310496	56.000001	61.632000
941.785883	783.305676	55.999999	61.638000
941.785879	783.300671	56.000000	61.646000
941.785878	783.295663	56.000001	61.656000
941.785879	783.290702	56.000000	61.664000
941.785880	783.285686	56.000002	61.669000
941.785879	783.280677	56.000001	61.680000
941.785880	783.275672	55.999999	61.688000
941.785883	783.270693	56.000000	61.687000
941.785881	783.265683	56.000001	61.683000
941.785880	783.260276	56.000002	61.677000
941.785876	783.255272	56.000002	61.679000
941.785881	783.250295	56.000001	61.692000
941.785878	783.245085	56.000001	61.703000
941.785877	783.240084	56.000001	61.711000
941.785881	783.235264	56.000000	61.720000
941.785880	783.230291	55.999998	61.725000
941.785877	783.225482	56.000001	61.724000
941.785880	783.220466	56.000001	61.719000
941.785877	783.215459	56.000000	61.712000
941.785879	783.210490	55.999998	61.703000
941.785879	783.205487	56.000000	61.699000
941.785878	783.200481	56.000001	61.704000
941.785877	783.195475	56.000002	61.716000
941.785880	783.190496	56.000001	61.728000
941.785879	783.185088	55.999999	61.727000
941.785877	783.180091	56.000000	61.710000
941.785876	783.175263	56.000002	61.684000
941.785882	783.169883	56.000000	61.665000
941.785878	783.165084	56.000002	61.657000
941.785879	783.160090	56.000000	61.650000
941.785879	783.155078	55.999999	61.641000
941.785879	783.150287	55.999998	61.631000
941.785877	783.145280	56.000000	61.626000
941.785876	783.140281	56.000001	61.626000
941.785878	783.135270	56.000002	61.632000
941.785878	783.130296	56.000000	61.640000
941.785881	783.125292	55.999999	61.650000
941.785877	783.120299	55.999998	61.660000
941.785877	783.115283	56.000000	61.669000
941.785881	783.109893	56.000001	61.674000
941.785880	783.104910	55.999998	61.671000
941.785882	783.099902	56.000002	61.660000
941.785878	783.094679	56.000002	61.649000
941.785883	783.089698	56.000000	61.645000
941.785880	783.084904	56.000002	61.649000
941.785883	783.079899	55.999998	61.656000
941.785879	783.074879	55.999998	61.661000
941.785877	783.070091	56.000002	61.661000
941.785880	783.065105	56.000002	61.657000
941.785884	783.060096	55.999998	61.652000
941.785880	783.055078	56.000001	61.652000
941.785879	783.050097	56.000002	61.657000
941.785879	783.044905	56.000002	61.665000
941.785882	783.040105	55.999998	61.672000
941.785878	783.034684	56.000003	61.679000
941.785879	783.029698	55.999998	61.682000
941.785881	783.024711	56.000002	61.682000
941.785884	783.019699	56.000000	61.680000
941.785882	783.014682	55.999998	61.678000
941.785881	783.009485	55.999999	61.678000
941.785878	783.004702	56.000002	61.683000
941.785881	782.999705	55.999999	61.690000
941.785880	782.994885	56.000001	61.699000
941.785878	782.989896	55.999999	61.704000
941.785880	782.984904	56.000000	61.706000
941.785877	782.979900	56.000002	61.705000
941.785879	782.974875	56.000001	61.706000
941.785878	782.969891	55.999999	61.709000
941.785879	782.964696	55.999999	61.714000
941.785878	782.959303	56.000002	61.721000
941.785881	782.954483	56.000001	61.727000
941.785879	782.949689	55.999998	61.732000
941.785882	782.944306	56.000001	61.735000
941.785880	782.939707	56.000002	61.737000
941.785882	782.934489	56.000001	61.738000
941.785880	782.929491	56.000000	61.739000
941.785879	782.924695	56.000000	61.740000
941.785881	782.919702	55.999999	61.739000
941.785882	782.914695	56.000002	61.737000
941.785880	782.909698	55.999999	61.732000
941.785878	782.904705	55.999999	61.724000
941.785884	782.899511	55.999998	61.714000
941.785880	782.894696	56.000001	61.704000
941.785882	782.889701	56.000001	61.696000
941.785879	782.884306	55.999999	61.689000
941.785880	782.879305	55.999999	61.682000
941.785877	782.874301	56.000002	61.677000
941.785878	782.869502	55.999998	61.672000
941.785879	782.864301	55.999998	61.670000
941.785879	782.859498	55.999999	61.668000
941.785880	782.854491	56.000000	61.666000
941.785882	782.849491	55.999998	61.662000
941.785878	782.844497	56.000002	61.657000
941.785882	782.839498	56.000001	61.651000
941.785878	782.834297	56.000002	61.645000
941.785880	782.829091	55.999999	61.642000
941.785878	782.824297	56.000001	61.641000
941.785880	782.819299	55.999999	61.641000
941.785880	782.814288	55.999999	61.643000
941.785883	782.809081	55.999998	61.645000
941.785888	782.803897	56.000000	61.648000
941.785880	782.798896	55.999999	61.650000
941.785878	782.793883	56.000001	61.651000
941.785881	782.789089	56.000000	61.654000
941.785878	782.783685	56.000000	61.658000
941.785880	782.778890	56.000000	61.664000
941.785880	782.773875	56.000001	61.670000
941.785880	782.769079	56.000000	61.676000
941.785881	782.764085	56.000000	61.680000
941.785878	782.759091	55.999998	61.678000
941.785882	782.754070	55.999999	61.673000
941.785883	782.749076	56.000002	61.667000
941.785882	782.744091	55.999999	61.663000
941.785884	782.739099	55.999999	61.662000
941.785878	782.734083	56.000002	61.665000
941.785879	782.728682	55.999998	61.669000
941.785879	782.723679	55.999999	61.672000
941.785880	782.718686	55.999999	61.675000
941.785879	782.713674	55.999998	61.676000
941.785880	782.708668	56.000000	61.676000
941.785882	782.703682	56.000001	61.675000
941.785879	782.698680	56.000001	61.673000
941.785879	782.693680	55.999999	61.670000
941.785880	782.688884	56.000001	61.667000
941.785881	782.683890	56.000001	61.664000
941.785879	782.678906	55.999999	61.662000
941.785879	782.673885	56.000001	61.662000
941.785882	782.669092	55.999999	61.662000
941.785882	782.664098	56.000000	61.660000
941.785881	782.658906	55.999999	61.656000
941.785878	782.653497	55.999999	61.648000
941.785878	782.648486	55.999999	61.639000
941.785878	782.643498	55.999999	61.631000
941.785876	782.638300	56.000001	61.625000
941.785877	782.633488	55.999999	61.623000
941.785878	782.628480	56.000000	61.624000
941.785878	782.623481	56.000000	61.627000
941.785879	782.618498	56.000002	61.630000
941.785876	782.613489	56.000000	61.633000
941.785877	782.608676	56.000001	61.635000
941.785878	782.603685	55.999999	61.637000
941.785882	782.598692	55.999999	61.640000
941.785880	782.593681	56.000000	61.643000
941.785879	782.588869	55.999999	61.646000
941.785878	782.583679	56.000002	61.647000
941.785876	782.578281	56.000000	61.648000
941.785880	782.573289	55.999999	61.647000
941.785876	782.568072	56.000001	61.647000
941.785881	782.563292	56.000000	61.647000
941.785878	782.558097	55.999998	61.648000
941.785881	782.553298	56.000000	61.652000
941.785883	782.548480	56.000001	61.656000
941.785879	782.543482	56.000002	61.661000
941.785878	782.538495	55.999999	61.666000
941.785882	782.533495	55.999999	61.671000
941.785878	782.528488	56.000002	61.676000
941.785880	782.523492	55.999999	61.680000
941.785880	782.518502	55.999999	61.683000
941.785879	782.513299	55.999998	61.682000
941.785882	782.508486	55.999998	61.679000
941.785880	782.503078	55.999999	61.672000
941.785876	782.498077	56.000000	61.667000
941.785882	782.492892	55.999999	61.664000
941.785879	782.488279	55.999999	61.662000
941.785883	782.483076	56.000000	61.659000
941.785883	782.478078	56.000001	61.655000
941.785881	782.473076	56.000002	61.651000
941.785881	782.468260	55.999998	61.648000
941.785877	782.463276	56.000002	61.649000
941.785877	782.458272	56.000001	61.652000
941.785883	782.453271	55.999998	61.655000
941.785881	782.448261	55.999998	61.656000
941.785882	782.443280	55.999999	61.655000
941.785880	782.438083	56.000001	61.653000
941.785880	782.433286	55.999999	61.649000
941.785880	782.427867	55.999998	61.647000
941.785881	782.422875	55.999998	61.646000
941.785881	782.418080	56.000001	61.645000
941.785880	782.412877	56.000000	61.644000
941.785883	782.407866	56.000000	61.643000
941.785881	782.402872	55.999999	61.642000
941.785881	782.398079	55.999999	61.643000
941.785877	782.393076	56.000000	61.644000
941.785878	782.388072	55.999999	61.645000
941.785879	782.383074	55.999999	61.643000
941.785879	782.378084	56.000001	61.639000
941.785876	782.373071	56.000000	61.633000
941.785880	782.367855	56.000001	61.628000
941.785880	782.363070	56.000001	61.625000
941.785880	782.357674	56.000000	61.626000
941.785881	782.352679	56.000000	61.629000
941.785883	782.347662	55.999999	61.634000
941.785877	782.342868	56.000001	61.638000
941.785879	782.337673	56.000001	61.641000
941.785879	782.332680	55.999999	61.641000
941.785880	782.327641	56.000000	61.639000
941.785879	782.322853	56.000001	61.634000
941.785878	782.317870	56.000000	61.626000
941.785881	782.312870	56.000001	61.618000
941.785882	782.307856	56.000001	61.612000
941.785880	782.302859	56.000000	61.612000
941.785880	782.298067	56.000001	61.615000
941.785880	782.293088	55.999999	61.621000
941.785879	782.288069	56.000001	61.626000
941.785882	782.282668	56.000000	61.629000
941.785885	782.277657	55.999999	61.631000
941.785879	782.272678	56.000000	61.632000
941.785883	782.267270	55.999999	61.633000
941.785880	782.262676	56.000000	61.636000
941.785880	782.257475	56.000000	61.639000
941.785879	782.252682	56.000001	61.644000
941.785880	782.247462	56.000001	61.647000
941.785882	782.242671	56.000000	61.650000
941.785880	782.237673	55.999999	61.650000
941.785880	782.232685	56.000000	61.650000
941.785879	782.227667	56.000001	61.648000
941.785880	782.222876	56.000000	61.645000
941.785883	782.217673	56.000000	61.642000
941.785878	782.212887	56.000000	61.639000
941.785883	782.207278	55.999999	61.637000
941.785877	782.202281	56.000001	61.638000
941.785880	782.197283	56.000000	61.640000
941.785881	782.192299	56.000001	61.643000
941.785881	782.187276	55.999999	61.646000
941.785877	782.182280	56.000001	61.648000
941.785880	782.177486	56.000002	61.649000
941.785882	782.172499	55.999999	61.649000
941.785882	782.167475	56.000001	61.650000
941.785881	782.162478	55.999999	61.652000
941.785883	782.157485	55.999999	61.656000
941.785879	782.152495	56.000001	61.661000
941.785879	782.147485	55.999999	61.667000
941.785880	782.142677	56.000001	61.673000
941.785878	782.137484	56.000001	61.679000
941.785878	782.132093	56.000000	61.683000
941.785879	782.127074	55.999999	61.685000
941.785878	782.121882	56.000001	61.683000
941.785879	782.117073	56.000000	61.677000
941.785880	782.112291	55.999999	61.667000
941.785881	782.107078	55.999998	61.657000
941.785880	782.102277	56.000000	61.649000
941.785883	782.097274	55.999998	61.646000
941.785882	782.092288	55.999999	61.644000
941.785881	782.087274	56.000000	61.644000
941.785882	782.082283	55.999999	61.641000
941.785882	782.077283	56.000001	61.637000
941.785882	782.072093	55.999999	61.631000
941.785881	782.067266	56.000000	61.623000
941.785879	782.062273	55.999998	61.615000
941.785878	782.056671	56.000001	61.609000
941.785879	782.052091	55.999999	61.607000
941.785879	782.046871	56.000001	61.608000
941.785878	782.041869	55.999999	61.613000
941.785877	782.036878	56.000001	61.621000
941.785879	782.032090	56.000000	61.630000
941.785882	782.026870	56.000001	61.639000
941.785879	782.021874	56.000002	61.647000
941.785881	782.016865	56.000001	61.653000
941.785881	782.012088	55.999998	61.657000
941.785879	782.007064	56.000001	61.660000
941.785882	782.002064	56.000000	61.660000
941.785879	781.997074	56.000001	61.656000
941.785878	781.992097	56.000002	61.649000
941.785877	781.986866	55.999998	61.641000
941.785882	781.981668	56.000000	61.632000
941.785881	781.976655	55.999998	61.625000
941.785883	781.971691	55.999999	61.620000
941.785882	781.966670	55.999999	61.618000
941.785879	781.961670	56.000001	61.619000
941.785884	781.956459	55.999998	61.623000
941.785880	781.951674	55.999999	61.628000
941.785880	781.946857	56.000000	61.635000
941.785881	781.941862	55.999999	61.642000
941.785878	781.936862	56.000001	61.648000
941.785878	781.931885	56.000001	61.653000
941.785879	781.926856	56.000001	61.654000
941.785882	781.921868	56.000000	61.653000
941.785879	781.916866	56.000000	61.648000
941.785879	781.912084	56.000000	61.643000
941.785881	781.906452	55.999998	61.636000
941.785884	781.901466	55.999998	61.630000
941.785880	781.896466	55.999999	61.624000
941.785879	781.891495	56.000001	61.619000
941.785879	781.886471	55.999998	61.615000
941.785877	781.881477	56.000001	61.615000
941.785881	781.876665	56.000001	61.618000
941.785880	781.871691	56.000001	61.624000
941.785879	781.866659	56.000001	61.633000
941.785877	781.861472	56.000002	61.641000
941.785879	781.856677	56.000000	61.648000
941.785877	781.851709	56.000000	61.653000
941.785881	781.846676	56.000001	61.656000
941.785879	781.841677	55.999999	61.659000
941.785880	781.836655	55.999999	61.661000
941.785880	781.831289	55.999998	61.665000
941.785879	781.826275	55.999999	61.669000
941.785883	781.821289	55.999999	61.672000
941.785883	781.816274	56.000000	61.673000
941.785881	781.811092	56.000001	61.669000
941.785880	781.806266	55.999999	61.660000
941.785880	781.801275	55.999999	61.651000
941.785879	781.796468	56.000001	61.646000
941.785881	781.791299	56.000000	61.644000
941.785881	781.786464	55.999999	61.643000
941.785881	781.781464	55.999999	61.642000
941.785882	781.776255	55.999999	61.639000
941.785876	781.771483	56.000003	61.636000
941.785880	781.766457	55.999999	61.634000
941.785880	781.761466	55.999999	61.634000
941.785880	781.756253	56.000002	61.637000
941.785884	781.751073	55.999998	61.642000
941.785881	781.746246	56.000002	61.645000
941.785880	781.741063	56.000002	61.645000
941.785884	781.736250	55.999999	61.643000
941.785880	781.731278	56.000000	61.640000
941.785883	781.726256	56.000000	61.639000
941.785881	781.721058	56.000000	61.640000
941.785881	781.716249	56.000001	61.642000
941.785884	781.711080	55.999999	61.643000
941.785883	781.706265	56.000000	61.643000
941.785881	781.701253	56.000001	61.641000
941.785880	781.696252	56.000000	61.641000
941.785880	781.691276	56.000000	61.641000
941.785880	781.686263	56.000001	61.641000
941.785877	781.680861	55.999999	61.642000
941.785879	781.675839	56.000001	61.640000
941.785882	781.670872	55.999998	61.635000
941.785883	781.666056	56.000000	61.630000
941.785880	781.661062	55.999999	61.627000
941.785876	781.656050	56.000000	61.627000
941.785883	781.650871	55.999999	61.632000
941.785882	781.646051	55.999999	61.637000
941.785881	781.641055	55.999999	61.642000
941.785881	781.636058	56.000001	61.644000
941.785881	781.631082	55.999999	61.643000
941.785880	781.626043	56.000001	61.641000
941.785879	781.620849	56.000001	61.639000
941.785880	781.616257	56.000001	61.637000
941.785881	781.611089	56.000001	61.638000
941.785881	781.605674	56.000001	61.640000
941.785879	781.600664	55.999999	61.641000
941.785881	781.595655	56.000002	61.643000
941.785879	781.590684	56.000000	61.644000
941.785877	781.585663	56.000001	61.646000
941.785883	781.580667	55.999999	61.649000
941.785880	781.575857	55.999999	61.651000
941.785879	781.570681	55.999999	61.652000
941.785883	781.565873	55.999998	61.652000
941.785882	781.560869	56.000000	61.652000
941.785881	781.555856	56.000001	61.654000
941.785880	781.550881	55.999999	61.657000
941.785880	781.545874	56.000001	61.662000
941.785882	781.540685	55.999999	61.668000
941.785881	781.535874	55.999999	61.672000
941.785879	781.530686	55.999999	61.674000
941.785882	781.525670	56.000000	61.672000
941.785882	781.520682	56.000000	61.666000
941.785886	781.515681	55.999999	61.657000
941.785879	781.510705	55.999999	61.649000
941.785881	781.505889	55.999999	61.645000
941.785877	781.500692	56.000000	61.646000
941.785881	781.495887	56.000001	61.650000
941.785882	781.490907	55.999999	61.655000
941.785882	781.485684	55.999999	61.659000
941.785880	781.480881	55.999999	61.662000
941.785880	781.475876	56.000001	61.662000
941.785882	781.470897	55.999999	61.660000
941.785882	781.466085	55.999999	61.655000
941.785877	781.460900	55.999999	61.649000
941.785880	781.455489	56.000000	61.646000
941.785879	781.450504	56.000000	61.647000
941.785879	781.445493	56.000000	61.650000
941.785879	781.440487	56.000001	61.653000
941.785878	781.435483	55.999999	61.654000
941.785881	781.430497	56.000001	61.652000
941.785882	781.425692	56.000001	61.647000
941.785880	781.420498	56.000001	61.641000
941.785880	781.415670	56.000001	61.637000
941.785881	781.410696	56.000000	61.634000
941.785881	781.405693	55.999999	61.634000
941.785880	781.400690	56.000000	61.635000
941.785885	781.395675	55.999999	61.636000
941.785881	781.390687	55.999999	61.637000
941.785882	781.385486	55.999999	61.637000
941.785881	781.380287	56.000001	61.637000
941.785882	781.375274	56.000001	61.638000
941.785881	781.370290	56.000001	61.639000
941.785883	781.365488	55.999999	61.641000
941.785879	781.360278	56.000001	61.642000
941.785880	781.355256	55.999999	61.642000
941.785879	781.350476	56.000001	61.642000
941.785880	781.345476	55.999999	61.641000
941.785880	781.340092	55.999999	61.641000
941.785881	781.335468	56.000000	61.641000
941.785880	781.330486	55.999999	61.641000
941.785880	781.325477	56.000000	61.640000
941.785883	781.320480	56.000001	61.639000
941.785880	781.315466	55.999999	61.637000
941.785882	781.310480	55.999999	61.636000
941.785880	781.305072	55.999998	61.636000
941.785876	781.300083	55.999999	61.636000
941.785878	781.295067	56.000000	61.637000
941.785879	781.290084	56.000000	61.639000
941.785880	781.285076	56.000000	61.641000
941.785880	781.280290	56.000001	61.644000
941.785880	781.275069	56.000000	61.646000
941.785879	781.270073	55.999999	61.646000
941.785877	781.265267	56.000002	61.644000
941.785879	781.260267	56.000002	61.638000
941.785879	781.255255	56.000002	61.631000
941.785878	781.250277	56.000001	61.623000
941.785881	781.245263	55.999999	61.619000
941.785880	781.240060	55.999999	61.618000
941.785879	781.235255	55.999999	61.620000
941.785882	781.229883	55.999999	61.623000
941.785883	781.224870	55.999999	61.626000
941.785879	781.219669	56.000000	61.627000
941.785879	781.214854	55.999999	61.628000
941.785879	781.209877	55.999999	61.627000
941.785879	781.204874	55.999999	61.627000
941.785880	781.199880	56.000000	61.628000
941.785877	781.194861	55.999999	61.631000
941.785877	781.190078	55.999998	61.635000
941.785881	781.185081	55.999999	61.640000
941.785880	781.180066	55.999998	61.645000
941.785879	781.175055	55.999999	61.649000
941.785880	781.169876	56.000000	61.651000
941.785882	781.165068	56.000001	61.650000
941.785881	781.160068	56.000002	61.647000
941.785881	781.154667	56.000000	61.642000
941.785880	781.149880	55.999999	61.637000
941.785884	781.144685	56.000000	61.634000
941.785880	781.139685	56.000002	61.634000
941.785879	781.134666	56.000002	61.635000
941.785878	781.129676	56.000001	61.637000
941.785879	781.124868	55.999999	61.640000
941.785882	781.119884	56.000000	61.644000
941.785880	781.114668	56.000001	61.647000
941.785882	781.109878	55.999999	61.648000
941.785879	781.104872	55.999998	61.647000
941.785879	781.099872	56.000000	61.643000
941.785879	781.094864	56.000000	61.637000
941.785879	781.089676	56.000001	61.631000
941.785879	781.085069	56.000002	61.626000
941.785882	781.079484	55.999999	61.622000
941.785879	781.074471	55.999999	61.621000
941.785880	781.069475	56.000002	61.621000
941.785880	781.064482	56.000000	61.622000
941.785881	781.059483	55.999999	61.623000
941.785879	781.054469	55.999998	61.624000
941.785880	781.049679	55.999998	61.624000
941.785878	781.044671	55.999999	61.623000
941.785880	781.039681	56.000002	61.621000
941.785880	781.034676	55.999999	61.617000
941.785879	781.029680	56.000000	61.611000
941.785882	781.024686	56.000001	61.604000
941.785880	781.019687	56.000000	61.599000
941.785880	781.014668	55.999998	61.596000
941.785880	781.009684	56.000002	61.595000
941.785880	781.004076	56.000001	61.598000
941.785881	780.999283	55.999998	61.603000
941.785881	780.994277	56.000002	61.609000
941.785882	780.989284	55.999998	61.615000
941.785879	780.984283	56.000003	61.621000
941.785884	780.979293	55.999998	61.626000
941.785877	780.974284	56.000003	61.631000
941.785882	780.969287	55.999998	61.636000
941.785877	780.964493	56.000000	61.640000
941.785881	780.959486	55.999998	61.644000
941.785879	780.954474	56.000002	61.647000
941.785883	780.949488	55.999998	61.647000
941.785879	780.944494	56.000002	61.644000
941.785880	780.939495	55.999999	61.640000
941.785878	780.934486	56.000000	61.635000
941.785882	780.929089	56.000000	61.632000
941.785880	780.924089	55.999998	61.629000
941.785878	780.918885	55.999999	61.628000
941.785887	780.913877	55.999998	61.627000
941.785883	780.908859	56.000002	61.626000
941.785878	780.904086	56.000001	61.626000
941.785882	780.899287	55.999999	61.626000
941.785878	780.894277	56.000000	61.625000
941.785880	780.889277	55.999998	61.625000
941.785878	780.884283	56.000000	61.625000
941.785878	780.879300	56.000001	61.626000
941.785882	780.874275	55.999998	61.629000
941.785884	780.869074	55.999999	61.632000
941.785879	780.864295	56.000001	61.637000
941.785882	780.859301	55.999998	61.642000
941.785880	780.853699	55.999998	61.647000
941.785883	780.849086	56.000000	61.651000
941.785882	780.843889	55.999998	61.654000
941.785882	780.838899	56.000001	61.656000
941.785881	780.833895	56.000001	61.657000
941.785878	780.829087	56.000001	61.656000
941.785878	780.824091	56.000002	61.652000
941.785880	780.818901	55.999999	61.643000
941.785881	780.814086	56.000001	61.631000
941.785881	780.809095	55.999998	61.618000
941.785878	780.804098	56.000000	61.608000
941.785879	780.799099	56.000002	61.604000
941.785877	780.794085	56.000000	61.604000
941.785879	780.789281	56.000001	61.609000
941.785876	780.783893	56.000003	61.614000
941.785877	780.778698	56.000002	61.621000
941.785878	780.773687	56.000002	61.624000
941.785879	780.768477	56.000002	61.624000
941.785877	780.763483	56.000001	61.621000
941.785879	780.758697	55.999999	61.615000
941.785880	780.753685	56.000001	61.612000
941.785879	780.748677	56.000001	61.611000
941.785882	780.743677	56.000000	61.613000
941.785882	780.738896	56.000000	61.616000
941.785884	780.733893	55.999999	61.620000
941.785877	780.728883	56.000000	61.624000
941.785878	780.723689	55.999999	61.627000
941.785878	780.718901	56.000001	61.630000
941.785877	780.713897	56.000002	61.633000
941.785880	780.708887	56.000000	61.637000
941.785881	780.703077	55.999999	61.642000
941.785880	780.698490	55.999999	61.646000
941.785883	780.693487	55.999999	61.649000
941.785878	780.688486	55.999999	61.651000
941.785879	780.683489	56.000001	61.652000
941.785880	780.678498	56.000001	61.651000
941.785878	780.673492	56.000002	61.651000
941.785877	780.668476	56.000001	61.649000
941.785880	780.663686	55.999999	61.646000
941.785879	780.658688	55.999998	61.642000
941.785879	780.653680	55.999998	61.638000
941.785883	780.648673	55.999999	61.634000
941.785880	780.643681	55.999998	61.630000
941.785880	780.638688	56.000001	61.628000
941.785879	780.633692	56.000000	61.627000
941.785878	780.628265	56.000000	61.628000
941.785882	780.623283	56.000001	61.629000
941.785880	780.618277	56.000001	61.632000
941.785878	780.613283	56.000002	61.637000
941.785881	780.608269	56.000000	61.643000
941.785881	780.603291	55.999999	61.649000
941.785881	780.598295	55.999998	61.653000
941.785880	780.593297	55.999999	61.654000
941.785882	780.588473	56.000000	61.653000
941.785881	780.583488	56.000001	61.651000
941.785878	780.578483	56.000001	61.649000
941.785878	780.573480	56.000001	61.647000
941.785880	780.568461	56.000002	61.646000
941.785879	780.563472	56.000002	61.643000
941.785881	780.558475	55.999999	61.640000
941.785878	780.553067	55.999999	61.637000
941.785877	780.548259	56.000000	61.635000
941.785882	780.543068	56.000001	61.634000
941.785882	780.538077	56.000002	61.633000
941.785876	780.533081	55.999999	61.632000
941.785880	780.528069	55.999999	61.630000
941.785880	780.523083	55.999998	61.629000
941.785879	780.518082	56.000002	61.629000
941.785879	780.513286	55.999998	61.630000
941.785878	780.508281	56.000000	61.631000
941.785882	780.503083	55.999998	61.631000
941.785882	780.497880	56.000000	61.631000
941.785876	780.493275	55.999999	61.629000
941.785882	780.488265	55.999998	61.628000
941.785880	780.483283	56.000002	61.629000
941.785878	780.477680	56.000001	61.632000
941.785882	780.472887	55.999999	61.637000
941.785880	780.467869	55.999999	61.641000
941.785878	780.462882	56.000002	61.645000
941.785879	780.457883	56.000000	61.645000
941.785878	780.453081	56.000002	61.643000
941.785877	780.447867	55.999999	61.638000
941.785879	780.443085	56.000000	61.631000
941.785879	780.438087	55.999998	61.627000
941.785880	780.433093	56.000000	61.625000
941.785879	780.428075	56.000002	61.624000
941.785876	780.422884	56.000002	61.624000
941.785881	780.417877	55.999998	61.624000
941.785878	780.413080	56.000002	61.625000
941.785878	780.408060	55.999999	61.627000
941.785881	780.403083	55.999998	61.629000
941.785882	780.397479	56.000001	61.631000
941.785880	780.392893	56.000000	61.630000
941.785878	780.387673	56.000001	61.628000
941.785878	780.382883	56.000002	61.625000
941.785880	780.377678	56.000000	61.622000
941.785878	780.372881	55.999999	61.622000
941.785881	780.367660	56.000001	61.623000
941.785882	780.362875	55.999999	61.625000
941.785881	780.357678	56.000000	61.627000
941.785880	780.352896	55.999999	61.628000
941.785883	780.347868	56.000000	61.628000
941.785886	780.342878	55.999998	61.629000
941.785881	780.337875	55.999998	61.630000
941.785884	780.333075	56.000001	61.633000
941.785881	780.327457	56.000001	61.636000
941.785880	780.322468	56.000001	61.640000
941.785876	780.317469	56.000002	61.642000
941.785880	780.312485	56.000002	61.643000
941.785881	780.307467	56.000001	61.641000
941.785883	780.302473	56.000000	61.637000
941.785881	780.297478	55.999999	61.634000
941.785878	780.292682	56.000002	61.633000
941.785878	780.287658	56.000002	61.633000
941.785881	780.282678	56.000002	61.635000
941.785879	780.277684	56.000001	61.638000
941.785880	780.272684	56.000002	61.641000
941.785880	780.267663	56.000001	61.643000
941.785877	780.262677	56.000000	61.642000
941.785878	780.257686	56.000001	61.638000
941.785880	780.252285	56.000002	61.630000
941.785881	780.247257	56.000001	61.621000
941.785879	780.242268	56.000000	61.613000
941.785882	780.237272	55.999999	61.611000
941.785880	780.232289	56.000001	61.614000
941.785881	780.227260	56.000001	61.619000
941.785879	780.222275	56.000000	61.626000
941.785884	780.217276	55.999999	61.631000
941.785882	780.212489	56.000001	61.633000
941.785881	780.207455	56.000001	61.633000
941.785880	780.202463	56.000000	61.632000
941.785882	780.197473	55.999999	61.632000
941.785880	780.192287	56.000001	61.633000
941.785881	780.187456	55.999999	61.635000
941.785883	780.182667	56.000000	61.636000
941.785882	780.177270	56.000002	61.634000
941.785877	780.171893	56.000002	61.630000
941.785881	780.167074	55.999999	61.625000
941.785877	780.161861	56.000001	61.621000
941.785880	780.157065	55.999999	61.619000
941.785880	780.152289	56.000000	61.619000
941.785881	780.147270	55.999999	61.619000
941.785878	780.142073	56.000000	61.619000
941.785881	780.137279	56.000001	61.620000
941.785881	780.132287	56.000001	61.622000
941.785878	780.127270	56.000000	61.626000
941.785882	780.122278	56.000001	61.631000
941.785879	780.117268	56.000001	61.637000
941.785876	780.112272	56.000000	61.641000
941.785885	780.107260	56.000000	61.642000
941.785881	780.101870	55.999999	61.640000
941.785880	780.096864	56.000001	61.635000
941.785879	780.091881	56.000001	61.628000
941.785875	780.086856	56.000000	61.622000
941.785879	780.081864	56.000000	61.617000
941.785882	780.076863	56.000000	61.614000
941.785881	780.071868	55.999999	61.613000
941.785880	780.066844	55.999999	61.614000
941.785879	780.062058	55.999999	61.617000
941.785880	780.057059	55.999999	61.620000
941.785880	780.052077	55.999999	61.623000
941.785881	780.047056	55.999999	61.626000
941.785880	780.042055	56.000001	61.627000
941.785880	780.037065	56.000002	61.627000
941.785879	780.032077	56.000000	61.627000
941.785878	780.026851	55.999999	61.627000
941.785879	780.021654	56.000001	61.628000
941.785877	780.016664	56.000002	61.631000
941.785881	780.011674	56.000001	61.634000
941.785876	780.006456	56.000001	61.637000
941.785881	780.001659	56.000000	61.640000
941.785878	779.996664	56.000002	61.642000
941.785881	779.991488	56.000001	61.643000
941.785877	779.986852	55.999999	61.641000
941.785877	779.981852	56.000001	61.637000
941.785878	779.976855	55.999999	61.632000
941.785880	779.971886	56.000001	61.625000
941.785882	779.966867	55.999999	61.618000
941.785881	779.961670	55.999998	61.613000
941.785881	779.956866	56.000000	61.610000
941.785882	779.951890	55.999999	61.611000
941.785883	779.946479	56.000000	61.613000
941.785879	779.941474	56.000001	61.616000
941.785881	779.936466	56.000000	61.620000
941.785880	779.931491	56.000000	61.623000
941.785882	779.926278	56.000000	61.627000
941.785883	779.921283	55.999999	61.630000
941.785880	779.916480	56.000000	61.632000
941.785878	779.911695	55.999999	61.632000
941.785881	779.906677	56.000000	61.631000
941.785881	779.901682	56.000000	61.630000
941.785879	779.896669	56.000001	61.629000
941.785879	779.891686	56.000000	61.629000
941.785882	779.886667	55.999999	61.631000
941.785880	779.881284	56.000001	61.633000
941.785879	779.876674	56.000001	61.635000
941.785878	779.871300	56.000001	61.636000
941.785878	779.866283	55.999999	61.637000
941.785880	779.861090	55.999999	61.638000
941.785878	779.856470	56.000001	61.639000
941.785876	779.851290	56.000001	61.640000
941.785881	779.846277	56.000001	61.640000
941.785883	779.841090	56.000000	61.638000
941.785879	779.836479	56.000002	61.635000
941.785881	779.831498	56.000001	61.632000
941.785877	779.826483	56.000000	61.630000
941.785880	779.821487	55.999999	61.627000
941.785882	779.816480	56.000000	61.624000
941.785880	779.811502	56.000000	61.622000
941.785882	779.806470	56.000000	61.619000
941.785880	779.801475	55.999999	61.619000
941.785882	779.796272	56.000002	61.620000
941.785880	779.790902	56.000001	61.622000
941.785877	779.786279	55.999999	61.623000
941.785881	779.781089	55.999999	61.621000
941.785882	779.776278	56.000000	61.618000
941.785882	779.771099	56.000001	61.614000
941.785880	779.766275	56.000001	61.611000
941.785878	779.761070	56.000001	61.610000
941.785881	779.756070	56.000000	61.612000
941.785879	779.751293	56.000001	61.615000
941.785880	779.746280	55.999998	61.620000
941.785879	779.741284	56.000001	61.625000
941.785881	779.736273	56.000000	61.630000
941.785879	779.731094	56.000000	61.633000
941.785878	779.726274	56.000001	61.634000
941.785879	779.720876	56.000000	61.633000
941.785883	779.715665	56.000001	61.631000
941.785881	779.710886	56.000000	61.628000
941.785880	779.706077	56.000000	61.626000
941.785882	779.700881	56.000001	61.626000
941.785880	779.695871	56.000000	61.626000
941.785880	779.690888	56.000000	61.627000
941.785880	779.686079	56.000000	61.628000
941.785880	779.681085	56.000000	61.627000
941.785879	779.676070	56.000000	61.626000
941.785880	779.671085	56.000001	61.624000
941.785877	779.666077	56.000000	61.622000
941.785882	779.660888	56.000000	61.621000
941.785882	779.656080	56.000000	61.622000
941.785880	779.651088	56.000000	61.623000
941.785880	779.646069	55.999999	61.624000
941.785879	779.640691	56.000001	61.627000
941.785880	779.635681	55.999999	61.628000
941.785881	779.630687	56.000001	61.630000
941.785878	779.625677	56.000000	61.631000
941.785880	779.620678	56.000000	61.631000
941.785883	779.615865	55.999999	61.631000
941.785882	779.610688	56.000000	61.630000
941.785882	779.605876	56.000000	61.630000
941.785883	779.600867	55.999998	61.630000
941.785880	779.595861	56.000001	61.631000
941.785885	779.590882	55.999999	61.632000
941.785879	779.585864	56.000001	61.634000
941.785880	779.580671	56.000000	61.635000
941.785884	779.575652	55.999999	61.636000
941.785880	779.570884	55.999999	61.637000
941.785879	779.565471	56.000000	61.637000
941.785881	779.560473	56.000000	61.638000
941.785880	779.555261	55.999999	61.640000
941.785879	779.550478	55.999999	61.644000
941.785880	779.545478	56.000000	61.650000
941.785880	779.540473	56.000000	61.656000
941.785880	779.535460	55.999999	61.662000
941.785881	779.530475	56.000000	61.665000
941.785881	779.525675	55.999999	61.665000
941.785883	779.520671	56.000001	61.662000
941.785882	779.515666	56.000000	61.657000
941.785880	779.510677	55.999999	61.652000
941.785880	779.505670	56.000000	61.648000
941.785883	779.500672	55.999999	61.647000
941.785881	779.495664	56.000002	61.648000
941.785880	779.490674	56.000001	61.650000
941.785882	779.485473	56.000001	61.649000
941.785879	779.480484	55.999999	61.646000
941.785879	779.475464	56.000002	61.640000
941.785881	779.470480	56.000000	61.632000
941.785881	779.465676	55.999999	61.625000
941.785877	779.460480	55.999999	61.620000
941.785883	779.455477	56.000001	61.618000
941.785879	779.450689	56.000002	61.619000
941.785878	779.445674	56.000001	61.622000
941.785881	779.440677	56.000000	61.625000
941.785882	779.435670	55.999998	61.629000
941.785881	779.430692	56.000000	61.632000
941.785878	779.425873	55.999999	61.633000
941.785879	779.420677	55.999999	61.632000
941.785878	779.415661	56.000001	61.630000
941.785878	779.410272	56.000001	61.627000
941.785884	779.405469	56.000000	61.624000
941.785877	779.400293	56.000001	61.621000
941.785879	779.395278	56.000000	61.620000
941.785898	779.393050	56.000001	61.619000
