931.009178	808.294624	56.000004	50.694000
931.008460	808.294584	55.999999	50.700000
931.008104	808.289841	56.000000	50.699000
931.007911	808.284951	56.000001	50.699000
931.007763	808.279670	55.999999	50.698000
931.007755	808.274801	56.000001	50.698000
931.007705	808.269258	56.000000	50.696000
931.007716	808.264200	55.999999	50.695000
931.007699	808.259449	56.000000	50.693000
931.007722	808.254462	56.000001	50.691000
931.007710	808.249399	56.000001	50.691000
931.007724	808.244465	56.000000	50.690000
931.007716	808.239218	56.000000	50.689000
931.007732	808.234447	56.000000	50.688000
931.007720	808.229413	56.000001	50.686000
931.007728	808.224431	56.000001	50.685000
931.007724	808.219432	56.000002	50.685000
931.007725	808.214432	56.000002	50.684000
931.007728	808.209233	55.999999	50.683000
931.007725	808.204218	56.000000	50.682000
931.007730	808.199443	55.999999	50.681000
931.007728	808.194038	56.000000	50.681000
931.007729	808.189027	56.000001	50.682000
931.007727	808.183837	56.000001	50.684000
931.007735	808.179035	56.000001	50.685000
931.007728	808.174251	55.999999	50.686000
931.007736	808.169214	55.999998	50.687000
931.007731	808.164241	55.999999	50.688000
931.007731	808.159230	56.000000	50.689000
931.007730	808.154042	56.000001	50.690000
931.007731	808.149219	56.000000	50.692000
931.007731	808.144228	56.000000	50.693000
931.007734	808.139240	56.000000	50.694000
931.007731	808.134223	55.999999	50.693000
931.007728	808.129231	55.999999	50.692000
931.007732	808.124023	55.999999	50.692000
931.007728	808.118828	56.000000	50.691000
931.007732	808.113828	56.000000	50.691000
931.007727	808.108819	55.999999	50.691000
931.007729	808.103826	55.999999	50.691000
931.007730	808.099019	56.000000	50.692000
931.007729	808.094031	56.000001	50.693000
931.007729	808.088820	55.999999	50.694000
931.007728	808.084039	55.999999	50.695000
931.007730	808.079037	56.000000	50.695000
931.007733	808.074037	56.000001	50.695000
931.007727	808.069009	56.000001	50.696000
931.007731	808.064019	56.000001	50.697000
931.007728	808.059225	55.999999	50.697000
931.007730	808.054033	56.000000	50.698000
931.007730	808.049023	56.000001	50.698000
931.007733	808.043622	56.000000	50.700000
931.007730	808.038825	56.000002	50.701000
931.007730	808.033632	56.000001	50.701000
931.007729	808.028605	56.000001	50.702000
931.007732	808.023409	55.999999	50.701000
931.007729	808.018822	55.999998	50.701000
931.007732	808.013842	56.000000	50.701000
931.007732	808.008831	56.000001	50.701000
931.007734	808.004028	55.999999	50.701000
931.007730	807.998620	56.000000	50.701000
931.007731	807.993813	56.000001	50.701000
931.007732	807.988810	56.000001	50.702000
931.007730	807.983830	56.000001	50.702000
931.007730	807.978847	56.000002	50.703000
931.007728	807.973831	56.000000	50.703000
931.007733	807.968419	55.999999	50.704000
931.007732	807.963425	56.000002	50.704000
931.007732	807.958420	56.000001	50.703000
931.007733	807.953422	55.999999	50.701000
931.007730	807.948612	55.999998	50.700000
931.007729	807.943636	56.000000	50.698000
931.007732	807.938630	55.999998	50.696000
931.007730	807.933431	56.000000	50.694000
931.007730	807.928604	56.000000	50.692000
931.007732	807.923626	55.999999	50.690000
931.007730	807.918607	56.000001	50.689000
931.007736	807.913609	55.999999	50.688000
931.007733	807.908597	56.000000	50.689000
931.007728	807.903622	55.999999	50.689000
931.007728	807.898629	56.000000	50.689000
931.007731	807.893232	56.000000	50.688000
931.007730	807.888214	56.000000	50.687000
931.007733	807.883229	56.000000	50.687000
931.007733	807.878214	56.000000	50.688000
931.007731	807.873225	56.000001	50.689000
931.007729	807.868409	55.999999	50.689000
931.007731	807.863432	55.999999	50.689000
931.007730	807.858232	56.000001	50.688000
931.007730	807.853439	55.999999	50.688000
931.007734	807.848414	56.000000	50.687000
931.007731	807.843428	56.000001	50.687000
931.007732	807.838409	55.999999	50.688000
931.007731	807.833412	56.000000	50.688000
931.007729	807.828397	55.999999	50.689000
931.007728	807.823425	56.000000	50.690000
931.007730	807.818222	56.000000	50.692000
931.007728	807.813034	56.000000	50.693000
931.007730	807.808209	56.000000	50.695000
931.007732	807.803232	56.000000	50.696000
931.007728	807.798232	56.000001	50.696000
931.007730	807.793222	56.000000	50.697000
931.007730	807.788212	56.000001	50.698000
931.007729	807.783234	56.000000	50.699000
931.007732	807.778244	55.999999	50.700000
931.007729	807.773039	55.999999	50.700000
931.007728	807.768214	56.000000	50.701000
931.007728	807.763229	56.000000	50.701000
931.007730	807.758243	56.000000	50.703000
931.007730	807.753236	56.000000	50.704000
931.007727	807.748202	56.000000	50.706000
931.007729	807.742616	56.000000	50.708000
931.007732	807.738034	55.999999	50.709000
931.007732	807.733049	56.000001	50.711000
931.007732	807.728016	56.000001	50.713000
931.007731	807.723023	55.999999	50.715000
931.007732	807.718030	56.000001	50.716000
931.007732	807.712847	56.000001	50.717000
931.007732	807.708014	56.000000	50.718000
931.007731	807.703009	56.000000	50.718000
931.007733	807.698220	55.999999	50.718000
931.007730	807.693044	56.000000	50.719000
931.007733	807.688225	55.999999	50.719000
931.007730	807.683028	56.000001	50.720000
931.007732	807.678015	56.000000	50.721000
931.007729	807.673040	55.999999	50.722000
931.007731	807.667636	56.000000	50.724000
931.007730	807.662637	56.000000	50.724000
931.007729	807.657625	55.999999	50.723000
931.007727	807.652827	56.000001	50.721000
931.007730	807.647814	55.999999	50.719000
931.007733	807.642818	56.000000	50.717000
931.007729	807.637834	56.000002	50.716000
931.007731	807.632845	55.999999	50.716000
931.007731	807.628017	55.999999	50.716000
931.007730	807.622817	56.000001	50.714000
931.007734	807.617822	55.999999	50.711000
931.007729	807.612438	55.999999	50.707000
931.007730	807.607811	56.000001	50.702000
931.007728	807.602819	56.000001	50.697000
931.007731	807.597825	56.000000	50.693000
931.007729	807.592235	56.000001	50.690000
931.007728	807.587610	55.999999	50.687000
931.007731	807.582416	55.999999	50.684000
931.007731	807.577622	56.000001	50.681000
931.007728	807.572637	56.000001	50.677000
931.007729	807.567619	56.000000	50.674000
931.007730	807.562620	56.000000	50.672000
931.007726	807.557830	56.000000	50.672000
931.007733	807.552635	55.999999	50.672000
931.007733	807.547222	56.000001	50.671000
931.007732	807.542421	56.000000	50.669000
931.007731	807.537624	55.999999	50.666000
931.007732	807.532641	55.999999	50.663000
931.007733	807.527621	55.999999	50.661000
931.007732	807.522623	55.999999	50.659000
931.007735	807.517223	56.000000	50.658000
931.007731	807.512243	56.000001	50.658000
931.007731	807.507427	56.000000	50.658000
931.007731	807.502418	55.999999	50.659000
931.007731	807.497419	55.999999	50.661000
931.007730	807.492441	55.999999	50.663000
931.007730	807.487426	55.999999	50.666000
931.007732	807.482429	55.999999	50.670000
931.007730	807.477218	55.999999	50.674000
931.007731	807.472433	56.000001	50.679000
931.007733	807.467420	55.999998	50.683000
931.007731	807.462436	56.000000	50.688000
931.007731	807.457432	55.999999	50.691000
931.007733	807.452440	56.000000	50.695000
931.007734	807.447016	55.999999	50.698000
931.007730	807.442022	56.000001	50.700000
931.007733	807.437221	55.999999	50.701000
931.007729	807.432032	56.000001	50.701000
931.007731	807.427014	56.000001	50.701000
931.007730	807.422218	56.000000	50.702000
931.007730	807.417221	56.000000	50.704000
931.007730	807.412238	56.000001	50.706000
931.007734	807.407217	55.999999	50.708000
931.007731	807.402220	56.000001	50.709000
931.007732	807.397219	55.999999	50.709000
931.007731	807.392233	56.000001	50.708000
931.007734	807.387216	56.000000	50.706000
931.007730	807.382226	55.999999	50.704000
931.007733	807.377221	56.000000	50.703000
931.007732	807.371633	55.999999	50.702000
931.007737	807.367018	55.999999	50.699000
931.007731	807.362025	56.000001	50.694000
931.007728	807.356817	55.999999	50.688000
931.007732	807.352038	55.999999	50.684000
931.007729	807.347022	56.000000	50.682000
931.007728	807.342028	56.000000	50.681000
931.007732	807.337026	56.000000	50.679000
931.007730	807.332039	56.000000	50.674000
931.007729	807.326823	56.000001	50.670000
931.007733	807.322022	55.999999	50.666000
931.007729	807.317018	56.000001	50.664000
931.007733	807.312031	55.999999	50.662000
931.007729	807.307021	56.000000	50.659000
931.007731	807.301624	55.999999	50.656000
931.007731	807.296810	56.000000	50.652000
931.007730	807.291622	56.000000	50.651000
931.007730	807.286814	56.000001	50.652000
931.007730	807.281631	56.000000	50.655000
931.007731	807.276821	56.000000	50.658000
931.007730	807.271832	56.000000	50.661000
931.007733	807.266809	55.999999	50.664000
931.007732	807.261813	55.999999	50.668000
931.007733	807.256619	55.999999	50.672000
931.007731	807.251843	56.000000	50.677000
931.007730	807.246829	55.999999	50.681000
931.007734	807.241822	55.999999	50.685000
931.007732	807.236807	55.999999	50.689000
931.007734	807.231826	55.999999	50.692000
931.007732	807.226821	56.000001	50.697000
931.007731	807.221631	56.000000	50.701000
931.007731	807.216419	55.999999	50.706000
931.007734	807.211630	56.000000	50.710000
931.007732	807.206410	56.000000	50.714000
931.007732	807.201628	56.000000	50.716000
931.007728	807.196415	56.000000	50.718000
931.007732	807.191635	56.000000	50.719000
931.007728	807.186614	56.000001	50.721000
931.007733	807.181614	55.999999	50.723000
931.007727	807.176215	56.000000	50.725000
931.007733	807.171634	55.999999	50.728000
931.007730	807.166626	56.000002	50.731000
931.007732	807.161621	55.999998	50.733000
931.007733	807.156411	55.999999	50.733000
931.007733	807.151626	56.000002	50.731000
931.007733	807.146204	55.999999	50.728000
931.007729	807.141217	56.000001	50.725000
931.007731	807.136418	56.000001	50.724000
931.007731	807.131427	56.000001	50.724000
931.007730	807.126413	55.999999	50.722000
931.007733	807.121417	55.999999	50.717000
931.007733	807.116413	55.999999	50.711000
931.007728	807.111425	55.999999	50.704000
931.007733	807.106408	56.000001	50.700000
931.007731	807.101621	56.000000	50.698000
931.007733	807.096422	56.000000	50.696000
931.007733	807.091633	56.000000	50.694000
931.007727	807.086410	56.000001	50.692000
931.007732	807.081629	56.000001	50.690000
931.007729	807.076225	56.000000	50.689000
931.007729	807.071226	56.000000	50.689000
931.007729	807.066000	56.000000	50.689000
931.007730	807.061207	56.000000	50.689000
931.007731	807.056007	55.999999	50.690000
931.007731	807.051230	56.000000	50.690000
931.007729	807.046209	56.000001	50.689000
931.007731	807.041211	56.000000	50.689000
931.007730	807.036203	56.000000	50.688000
931.007730	807.031228	56.000000	50.687000
931.007731	807.026213	56.000000	50.687000
931.007729	807.021209	56.000000	50.689000
931.007729	807.016198	56.000000	50.690000
931.007728	807.011224	55.999999	50.691000
931.007731	807.006219	56.000000	50.693000
931.007731	807.001217	55.999999	50.694000
931.007730	806.995803	56.000000	50.695000
931.007730	806.990815	56.000000	50.696000
931.007727	806.986020	56.000001	50.697000
931.007731	806.981026	55.999998	50.698000
931.007729	806.976002	56.000000	50.699000
931.007730	806.970810	56.000000	50.699000
931.007729	806.965809	55.999999	50.698000
931.007732	806.961018	56.000000	50.697000
931.007727	806.956013	56.000001	50.695000
931.007729	806.951023	56.000001	50.693000
931.007728	806.945827	56.000001	50.694000
931.007731	806.941231	56.000000	50.694000
931.007731	806.936029	56.000001	50.695000
931.007728	806.931017	56.000001	50.694000
931.007731	806.926011	56.000000	50.693000
931.007731	806.920622	56.000001	50.693000
931.007729	806.915627	56.000000	50.694000
931.007731	806.910631	55.999999	50.696000
931.007724	806.905831	56.000001	50.698000
931.007728	806.900825	56.000000	50.700000
931.007731	806.895822	55.999999	50.701000
931.007730	806.890831	56.000000	50.702000
931.007731	806.885817	56.000001	50.703000
931.007727	806.880822	56.000001	50.703000
931.007729	806.875821	56.000001	50.703000
931.007728	806.870827	56.000000	50.704000
931.007730	806.865835	56.000001	50.704000
931.007729	806.861039	56.000000	50.705000
931.007731	806.855826	55.999999	50.706000
931.007731	806.850840	56.000000	50.707000
931.007729	806.845431	56.000001	50.709000
931.007730	806.840420	56.000000	50.711000
931.007732	806.835616	56.000000	50.712000
931.007729	806.830429	56.000000	50.714000
931.007729	806.825634	56.000000	50.714000
931.007731	806.820638	56.000000	50.715000
931.007729	806.815627	56.000001	50.715000
931.007730	806.810635	56.000000	50.716000
931.007731	806.805646	55.999999	50.717000
931.007727	806.800635	56.000000	50.716000
931.007728	806.795616	55.999999	50.715000
931.007729	806.790623	56.000000	50.713000
931.007730	806.785629	55.999999	50.710000
931.007727	806.780642	56.000001	50.708000
931.007729	806.775432	56.000000	50.707000
931.007730	806.770234	55.999999	50.705000
931.007731	806.765232	56.000000	50.702000
931.007729	806.760429	56.000001	50.700000
931.007732	806.755217	55.999998	50.698000
931.007730	806.750417	56.000000	50.697000
931.007731	806.745420	56.000000	50.695000
931.007730	806.740432	56.000000	50.694000
931.007731	806.735415	56.000001	50.693000
931.007732	806.730417	55.999998	50.692000
931.007734	806.725416	56.000000	50.691000
931.007730	806.720419	56.000000	50.689000
931.007729	806.715404	56.000001	50.687000
931.007730	806.710406	56.000001	50.685000
931.007734	806.705208	55.999998	50.682000
931.007729	806.700231	55.999999	50.680000
931.007731	806.695020	56.000001	50.678000
931.007730	806.690022	56.000000	50.676000
931.007731	806.685213	56.000000	50.675000
931.007733	806.679834	56.000000	50.673000
931.007732	806.675217	55.999998	50.672000
931.007734	806.670211	55.999999	50.671000
931.007733	806.665206	55.999999	50.671000
931.007734	806.660225	56.000001	50.671000
931.007731	806.655230	56.000000	50.670000
931.007732	806.650231	56.000000	50.670000
931.007734	806.645215	56.000000	50.669000
931.007732	806.640430	56.000001	50.670000
931.007733	806.635217	55.999999	50.671000
931.007732	806.630202	55.999999	50.673000
931.007734	806.625198	56.000000	50.677000
931.007731	806.619620	55.999999	50.680000
931.007732	806.615015	56.000000	50.683000
931.007734	806.609812	55.999999	50.686000
931.007730	806.605004	56.000001	50.689000
931.007729	806.600019	56.000001	50.693000
931.007731	806.595012	56.000000	50.697000
931.007730	806.590001	55.999999	50.702000
931.007733	806.585003	56.000000	50.706000
931.007732	806.579822	56.000000	50.709000
931.007732	806.575021	55.999999	50.711000
931.007731	806.570022	56.000000	50.713000
931.007731	806.565009	56.000000	50.715000
931.007730	806.560222	56.000001	50.717000
931.007730	806.555012	56.000000	50.720000
931.007727	806.549595	56.000000	50.723000
931.007728	806.544803	55.999999	50.726000
931.007730	806.539827	55.999999	50.729000
931.007729	806.534824	55.999999	50.731000
931.007728	806.529615	56.000000	50.733000
931.007727	806.524810	55.999999	50.734000
931.007729	806.519828	55.999999	50.736000
931.007727	806.514613	56.000000	50.738000
931.007730	806.509801	56.000001	50.739000
931.007726	806.504799	55.999999	50.738000
931.007731	806.499820	55.999999	50.737000
931.007727	806.494615	56.000000	50.736000
931.007729	806.489812	56.000001	50.735000
931.007729	806.485001	55.999999	50.735000
931.007728	806.479815	56.000002	50.736000
931.007731	806.474407	56.000000	50.736000
931.007727	806.469594	56.000000	50.734000
931.007728	806.464604	56.000000	50.732000
931.007729	806.459422	56.000000	50.730000
931.007728	806.454619	55.999999	50.728000
931.007727	806.449617	56.000001	50.726000
931.007731	806.444619	56.000001	50.723000
931.007727	806.439636	56.000000	50.718000
931.007729	806.434621	56.000000	50.713000
931.007728	806.429607	56.000000	50.707000
931.007730	806.424810	55.999999	50.700000
931.007729	806.419631	55.999999	50.694000
931.007727	806.414634	56.000000	50.688000
931.007732	806.409630	55.999998	50.683000
931.007729	806.404825	56.000001	50.679000
931.007734	806.399242	55.999999	50.675000
931.007731	806.394028	56.000001	50.671000
931.007731	806.389212	55.999999	50.668000
931.007728	806.384416	56.000000	50.665000
931.007729	806.379235	55.999999	50.662000
931.007725	806.374422	55.999999	50.660000
931.007732	806.369418	56.000000	50.659000
931.007729	806.364221	55.999999	50.660000
931.007731	806.359430	56.000001	50.662000
931.007730	806.354408	56.000000	50.665000
931.007730	806.349404	56.000001	50.668000
931.007727	806.344413	56.000001	50.671000
931.007727	806.339425	56.000000	50.676000
931.007728	806.334426	56.000000	50.681000
931.007728	806.329415	56.000000	50.687000
931.007733	806.324013	55.999999	50.693000
931.007731	806.319022	56.000000	50.698000
931.007726	806.314211	56.000000	50.701000
931.007728	806.309005	56.000000	50.703000
931.007727	806.304213	56.000000	50.705000
931.007728	806.299220	56.000002	50.707000
931.007730	806.294222	56.000000	50.710000
931.007729	806.289209	56.000000	50.713000
931.007728	806.284211	56.000001	50.717000
931.007730	806.279211	56.000000	50.721000
931.007730	806.274201	56.000000	50.727000
931.007732	806.269206	56.000000	50.732000
931.007731	806.264208	55.999999	50.737000
931.007730	806.259217	56.000001	50.742000
931.007730	806.254218	56.000000	50.746000
931.007732	806.248610	56.000001	50.750000
931.007737	806.243809	56.000001	50.755000
931.007729	806.238804	55.999999	50.761000
931.007731	806.233806	56.000001	50.766000
931.007730	806.229006	56.000000	50.772000
931.007733	806.224011	55.999999	50.777000
931.007731	806.219010	56.000001	50.782000
931.007732	806.214015	56.000001	50.786000
931.007732	806.209006	55.999999	50.789000
931.007731	806.204007	55.999999	50.791000
931.007731	806.198999	56.000001	50.792000
931.007731	806.193998	56.000001	50.793000
931.007727	806.188996	55.999999	50.796000
931.007728	806.184007	56.000000	50.799000
931.007731	806.179004	56.000000	50.802000
931.007730	806.173610	56.000001	50.804000
931.007729	806.168602	55.999999	50.806000
931.007729	806.163613	55.999999	50.807000
931.007734	806.158616	55.999999	50.808000
931.007730	806.153613	56.000000	50.808000
931.007729	806.148607	56.000001	50.807000
931.007733	806.143616	56.000000	50.807000
931.007730	806.138822	56.000000	50.807000
931.007732	806.133823	55.999999	50.808000
931.007734	806.128814	55.999999	50.809000
931.007732	806.123809	56.000000	50.810000
931.007729	806.118832	56.000001	50.809000
931.007729	806.113838	56.000000	50.808000
931.007734	806.108823	56.000000	50.807000
931.007732	806.103821	55.999999	50.806000
931.007729	806.098425	56.000000	50.806000
931.007730	806.093436	55.999999	50.807000
931.007732	806.088435	55.999999	50.807000
931.007731	806.083439	55.999999	50.807000
931.007731	806.078647	56.000000	50.807000
931.007729	806.073650	56.000001	50.806000
931.007732	806.068638	56.000000	50.806000
931.007732	806.063234	56.000000	50.806000
931.007731	806.058640	55.999999	50.806000
931.007732	806.053647	55.999999	50.806000
931.007728	806.048635	56.000000	50.805000
931.007730	806.043642	56.000001	50.803000
931.007730	806.038847	56.000000	50.801000
931.007733	806.033644	55.999999	50.799000
931.007730	806.028632	55.999999	50.799000
931.007729	806.023242	56.000001	50.797000
931.007733	806.018248	55.999999	50.795000
931.007728	806.013453	56.000000	50.792000
931.007730	806.008436	56.000001	50.790000
931.007736	806.003436	55.999999	50.790000
931.007729	805.998444	56.000001	50.791000
931.007731	805.993447	55.999999	50.792000
931.007730	805.988426	56.000001	50.790000
931.007731	805.983437	55.999999	50.788000
931.007729	805.978444	56.000001	50.786000
931.007731	805.973456	56.000000	50.786000
931.007729	805.968431	56.000000	50.787000
931.007734	805.963435	55.999999	50.787000
931.007732	805.958444	56.000000	50.785000
931.007728	805.953445	56.000001	50.783000
931.007728	805.948225	56.000000	50.780000
931.007730	805.943026	56.000002	50.779000
931.007729	805.938238	56.000001	50.777000
931.007730	805.933053	56.000000	50.776000
931.007731	805.928229	55.999998	50.775000
931.007734	805.923036	55.999999	50.774000
931.007731	805.918241	56.000001	50.773000
931.007732	805.913052	55.999999	50.772000
931.007728	805.908231	56.000001	50.772000
931.007731	805.903234	56.000000	50.771000
931.007728	805.898239	56.000001	50.769000
931.007732	805.893241	56.000000	50.769000
931.007730	805.888234	55.999999	50.768000
931.007731	805.883034	55.999999	50.768000
931.007729	805.878236	56.000000	50.768000
931.007730	805.872840	56.000001	50.768000
931.007729	805.867825	56.000000	50.768000
931.007731	805.862827	55.999999	50.769000
931.007729	805.858031	56.000000	50.771000
931.007729	805.853038	56.000000	50.772000
931.007729	805.848022	55.999999	50.774000
931.007732	805.843027	55.999999	50.776000
931.007728	805.837830	56.000000	50.778000
931.007732	805.833039	56.000000	50.780000
931.007727	805.828018	56.000001	50.782000
931.007728	805.823024	56.000001	50.784000
931.007731	805.818025	55.999999	50.787000
931.007731	805.813037	55.999999	50.789000
931.007731	805.808218	55.999999	50.792000
931.007730	805.803020	55.999999	50.794000
931.007731	805.797417	56.000000	50.796000
931.007731	805.792627	56.000000	50.798000
931.007728	805.787808	56.000001	50.799000
931.007733	805.782614	56.000000	50.799000
931.007731	805.777819	55.999999	50.799000
931.007729	805.772826	56.000000	50.800000
931.007728	805.767813	56.000000	50.801000
931.007732	805.762816	55.999999	50.802000
931.007732	805.757812	55.999999	50.804000
931.007731	805.752826	56.000000	50.804000
931.007732	805.747800	55.999999	50.803000
931.007731	805.742808	56.000000	50.802000
931.007730	805.737815	56.000001	50.802000
931.007730	805.732824	56.000000	50.803000
931.007730	805.727802	56.000000	50.804000
931.007732	805.722399	56.000001	50.805000
931.007728	805.717604	56.000000	50.804000
931.007732	805.712619	55.999999	50.804000
931.007731	805.707599	56.000000	50.804000
931.007732	805.702603	55.999999	50.805000
931.007732	805.697600	56.000000	50.808000
931.007731	805.692622	56.000001	50.810000
931.007730	805.687597	55.999999	50.812000
931.007731	805.682608	56.000000	50.813000
931.007730	805.677614	55.999999	50.814000
931.007729	805.672431	56.000001	50.815000
931.007730	805.667612	56.000001	50.817000
931.007731	805.662612	56.000000	50.819000
931.007730	805.657620	56.000001	50.821000
931.007731	805.652031	56.000000	50.823000
931.007729	805.647012	56.000000	50.825000
931.007732	805.642215	55.999999	50.827000
931.007732	805.637208	56.000000	50.829000
931.007730	805.632226	55.999999	50.832000
931.007733	805.627400	55.999999	50.836000
931.007734	805.622410	55.999999	50.840000
931.007731	805.617405	56.000000	50.844000
931.007732	805.612418	56.000001	50.847000
931.007731	805.607404	56.000000	50.851000
931.007734	805.602412	55.999999	50.854000
931.007734	805.597409	56.000000	50.857000
931.007731	805.592414	55.999999	50.859000
931.007730	805.587396	56.000000	50.860000
931.007731	805.582401	55.999999	50.862000
931.007731	805.577406	56.000001	50.864000
931.007729	805.572020	55.999999	50.865000
931.007730	805.567022	56.000001	50.865000
931.007733	805.562221	55.999999	50.865000
931.007729	805.557028	55.999999	50.865000
931.007732	805.552230	56.000000	50.865000
931.007734	805.547218	55.999999	50.866000
931.007732	805.542224	56.000000	50.866000
931.007733	805.537226	56.000000	50.867000
931.007728	805.532230	56.000000	50.869000
931.007730	805.527218	56.000000	50.870000
931.007732	805.522229	55.999999	50.872000
931.007733	805.517225	55.999999	50.873000
931.007734	805.512238	55.999998	50.874000
931.007734	805.507215	55.999999	50.875000
931.007730	805.502225	56.000001	50.877000
931.007731	805.496818	56.000000	50.879000
931.007726	805.491834	56.000001	50.881000
931.007729	805.486818	56.000000	50.884000
931.007728	805.481825	56.000000	50.887000
931.007729	805.477029	56.000001	50.889000
931.007730	805.472031	56.000000	50.892000
931.007729	805.467026	56.000000	50.894000
931.007730	805.462025	56.000000	50.896000
931.007730	805.457023	56.000000	50.899000
931.007729	805.451832	56.000000	50.902000
931.007730	805.447021	55.999999	50.906000
931.007729	805.442022	56.000000	50.911000
931.007731	805.436819	56.000000	50.915000
931.007730	805.432037	56.000000	50.920000
931.007729	805.426820	56.000001	50.924000
931.007729	805.421617	56.000000	50.928000
931.007732	805.416609	56.000000	50.932000
931.007730	805.411624	56.000000	50.936000
931.007730	805.406419	56.000000	50.940000
931.007732	805.401817	56.000001	50.944000
931.007728	805.396813	55.999999	50.949000
931.007730	805.391826	55.999999	50.954000
931.007729	805.386814	56.000001	50.960000
931.007728	805.381815	56.000000	50.966000
931.007731	805.376817	55.999999	50.972000
931.007728	805.371835	55.999999	50.978000
931.007728	805.366814	56.000000	50.985000
931.007731	805.361824	56.000000	50.992000
931.007731	805.356824	56.000001	51.000000
931.007732	805.351631	56.000000	51.010000
931.007731	805.346418	56.000000	51.021000
931.007732	805.341620	55.999999	51.032000
931.007731	805.336416	56.000001	51.043000
931.007731	805.331630	56.000001	51.054000
931.007729	805.326612	56.000000	51.065000
931.007730	805.321617	56.000000	51.078000
931.007730	805.316614	56.000000	51.090000
931.007729	805.311629	56.000000	51.103000
931.007728	805.306414	55.999999	51.117000
931.007730	805.301618	56.000001	51.129000
931.007728	805.296623	56.000000	51.141000
931.007730	805.291637	55.999999	51.153000
931.007729	805.286619	56.000000	51.165000
931.007731	805.281825	56.000000	51.176000
931.007731	805.276825	56.000000	51.188000
931.007730	805.271226	55.999999	51.201000
931.007728	805.266221	55.999999	51.215000
931.007728	805.261419	56.000001	51.228000
931.007728	805.256211	56.000000	51.242000
931.007730	805.251434	56.000001	51.257000
931.007731	805.246214	56.000000	51.270000
931.007730	805.241420	56.000000	51.284000
931.007730	805.236416	55.999999	51.295000
931.007733	805.231431	55.999999	51.306000
931.007728	805.226408	56.000001	51.317000
931.007731	805.221422	56.000000	51.329000
931.007729	805.216212	56.000000	51.342000
931.007727	805.211628	56.000000	51.352000
931.007732	805.206413	56.000000	51.364000
931.007730	805.201621	56.000001	51.372000
931.007728	805.195808	56.000000	51.382000
931.007732	805.191221	56.000000	51.392000
931.007733	805.186013	56.000000	51.400000
931.007728	805.181218	56.000000	51.407000
931.007730	805.176207	56.000000	51.413000
931.007733	805.171224	55.999999	51.424000
931.007731	805.166217	56.000001	51.433000
931.007729	805.161217	56.000000	51.448000
931.007731	805.156408	56.000001	51.457000
931.007733	805.151428	55.999999	51.468000
931.007729	805.146214	56.000000	51.474000
931.007729	805.141416	56.000000	51.480000
931.007730	805.136214	56.000000	51.488000
931.007726	805.131224	56.000000	51.495000
931.007730	805.126414	55.999999	51.498000
931.007731	805.120819	55.999999	51.505000
931.007734	805.115803	56.000000	51.508000
931.007731	805.110820	56.000001	51.512000
931.007733	805.106006	55.999999	51.512000
931.007732	805.101024	55.999999	0.000000
931.007732	805.096005	55.999999	0.000000
931.007728	805.091018	56.000000	0.000000
931.007731	805.086014	55.999999	0.000000
931.007730	805.081220	56.000001	0.000000
931.007732	805.076015	56.000001	0.000000
931.007728	805.071026	56.000000	0.000000
931.007733	805.065820	56.000002	0.000000
931.007732	805.061215	56.000001	0.000000
931.007733	805.056015	56.000000	0.000000
931.007732	805.051025	56.000001	0.000000
931.007731	805.045620	56.000000	0.000000
931.007732	805.040812	55.999999	0.000000
931.007730	805.035612	56.000000	0.000000
931.007729	805.030815	56.000000	0.000000
931.007732	805.025806	56.000000	0.000000
931.007732	805.020809	55.999999	0.000000
931.007729	805.015801	56.000000	0.000000
931.007732	805.010807	56.000000	0.000000
931.007731	805.005803	55.999999	0.000000
931.007732	805.000605	56.000000	0.000000
931.007733	804.995800	55.999999	0.000000
931.007732	804.990809	55.999999	0.000000
931.007732	804.985805	56.000000	0.000000
931.007729	804.981010	55.999999	0.000000
931.007728	804.975800	55.999999	0.000000
931.007732	804.970408	56.000000	0.000000
931.007730	804.965410	55.999999	0.000000
931.007730	804.960408	56.000000	0.000000
931.007730	804.955408	56.000000	0.000000
931.007729	804.950614	56.000001	0.000000
931.007731	804.945612	56.000001	0.000000
931.007730	804.940610	56.000000	0.000000
931.007731	804.935603	55.999999	0.000000
931.007728	804.930614	56.000001	0.000000
931.007731	804.925413	56.000000	0.000000
931.007731	804.920808	56.000000	0.000000
931.007732	804.915613	56.000000	0.000000
931.007732	804.910617	56.000000	0.000000
931.007729	804.905219	56.000001	0.000000
931.007730	804.900221	56.000000	0.000000
931.007736	804.895218	55.999999	0.000000
931.007729	804.890221	56.000000	0.000000
931.007729	804.885224	56.000000	0.000000
931.007732	804.880422	55.999999	0.000000
931.007732	804.875413	55.999999	0.000000
931.007730	804.870421	56.000002	0.000000
931.007728	804.865413	56.000000	0.000000
931.007731	804.860421	56.000001	0.000000
931.007729	804.855212	56.000001	0.000000
931.007729	804.850417	56.000001	0.000000
931.007728	804.845419	56.000000	0.000000
931.007732	804.840423	55.999999	0.000000
931.007730	804.835216	56.000000	0.000000
931.007732	804.830425	55.999999	0.000000
931.007726	804.825018	56.000000	0.000000
931.007729	804.820024	56.000000	0.000000
931.007730	804.815020	55.999999	0.000000
931.007728	804.810025	56.000000	0.000000
931.007730	804.805022	55.999999	0.000000
931.007729	804.799827	56.000000	0.000000
931.007729	804.795222	56.000000	0.000000
931.007733	804.790219	55.999998	0.000000
931.007729	804.785018	56.000000	0.000000
931.007728	804.780423	56.000000	0.000000
931.007732	804.775410	55.999999	0.000000
931.007731	804.770221	56.000001	0.000000
931.007729	804.765225	55.999998	0.000000
931.007728	804.760218	55.999999	0.000000
931.007729	804.755014	56.000000	0.000000
931.007732	804.749817	56.000001	0.000000
931.007730	804.745016	55.999998	0.000000
931.007729	804.740019	56.000000	0.000000
931.007728	804.735013	56.000000	0.000000
931.007731	804.729817	55.999998	0.000000
931.007729	804.725017	56.000001	0.000000
931.007730	804.720020	55.999999	0.000000
931.007731	804.714814	56.000000	0.000000
931.007728	804.710020	56.000001	0.000000
931.007730	804.705022	56.000001	0.000000
931.007730	804.700027	55.999999	0.000000
931.007729	804.695023	56.000001	0.000000
931.007731	804.690030	56.000000	0.000000
931.007734	804.685027	56.000001	0.000000
931.007727	804.680032	55.999999	0.000000
931.007732	804.674630	55.999999	0.000000
931.007728	804.669833	56.000001	0.000000
931.007730	804.664628	55.999999	0.000000
931.007729	804.659637	56.000000	0.000000
931.007730	804.654626	56.000000	0.000000
931.007727	804.649827	56.000001	0.000000
931.007730	804.644822	56.000000	0.000000
931.007730	804.639835	56.000001	0.000000
931.007730	804.634821	56.000000	0.000000
931.007730	804.629818	56.000000	0.000000
931.007729	804.625018	56.000000	0.000000
931.007733	804.619821	56.000000	0.000000
931.007727	804.615015	56.000001	0.000000
931.007731	804.609627	55.999999	0.000000
931.007730	804.605018	56.000001	0.000000
931.007732	804.599420	56.000001	0.000000
931.007732	804.594420	55.999999	0.000000
931.007731	804.589433	56.000001	0.000000
931.007729	804.584632	55.999999	0.000000
931.007729	804.579639	55.999998	0.000000
931.007731	804.574614	56.000001	0.000000
931.007730	804.569613	56.000000	0.000000
931.007733	804.564626	56.000000	0.000000
931.007731	804.559644	56.000001	0.000000
931.007733	804.554633	56.000000	0.000000
931.007733	804.549623	56.000001	0.000000
931.007731	804.544813	55.999999	0.000000
931.007730	804.539618	56.000001	0.000000
931.007729	804.534633	55.999999	0.000000
931.007731	804.529640	56.000000	0.000000
931.007731	804.524429	55.999999	0.000000
931.007728	804.519429	56.000000	0.000000
931.007731	804.514234	56.000001	0.000000
931.007728	804.509236	56.000001	0.000000
931.007730	804.504039	56.000000	0.000000
931.007734	804.499422	55.999998	0.000000
931.007733	804.494420	55.999999	0.000000
931.007732	804.489428	55.999999	0.000000
931.007731	804.484437	55.999999	0.000000
931.007731	804.479447	56.000000	0.000000
931.007728	804.474423	56.000000	0.000000
931.007731	804.469421	56.000000	0.000000
931.007731	804.464429	56.000000	0.000000
931.007727	804.459437	56.000001	0.000000
931.007730	804.454419	55.999999	0.000000
931.007731	804.449411	56.000000	0.000000
931.007728	804.444025	56.000001	0.000000
931.007730	804.439240	55.999999	0.000000
931.007733	804.434229	55.999999	0.000000
931.007731	804.429016	56.000001	0.000000
931.007729	804.424019	56.000001	0.000000
931.007731	804.419228	56.000001	0.000000
931.007731	804.414211	56.000000	0.000000
931.007730	804.409202	56.000001	0.000000
931.007728	804.404214	56.000001	0.000000
931.007730	804.399236	56.000000	0.000000
931.007731	804.394225	56.000001	0.000000
931.007728	804.389222	56.000002	0.000000
931.007731	804.384221	56.000001	0.000000
931.007730	804.379236	56.000000	0.000000
931.007728	804.374212	56.000001	0.000000
931.007729	804.368805	56.000000	0.000000
931.007733	804.363817	55.999999	0.000000
931.007730	804.359031	56.000000	0.000000
931.007728	804.353826	56.000001	0.000000
931.007731	804.349011	56.000000	0.000000
931.007729	804.344014	56.000000	0.000000
931.007729	804.339030	55.999999	0.000000
931.007729	804.334011	56.000001	0.000000
931.007731	804.328995	55.999999	0.000000
931.007733	804.324011	55.999999	0.000000
931.007732	804.319030	56.000000	0.000000
931.007729	804.314020	55.999999	0.000000
931.007731	804.309014	56.000000	0.000000
931.007730	804.304019	55.999999	0.000000
931.007734	804.299027	56.000001	0.000000
931.007729	804.293617	56.000000	0.000000
931.007731	804.288587	55.999999	0.000000
931.007731	804.283610	55.999999	0.000000
931.007730	804.278631	56.000001	0.000000
931.007728	804.273823	56.000000	0.000000
931.007729	804.268801	56.000000	0.000000
931.007732	804.263815	56.000000	0.000000
931.007730	804.258832	56.000001	0.000000
931.007734	804.253824	56.000001	0.000000
931.007728	804.248797	56.000001	0.000000
931.007730	804.243810	56.000001	0.000000
931.007731	804.238831	56.000000	0.000000
931.007729	804.233838	56.000000	0.000000
931.007732	804.228820	56.000001	0.000000
931.007728	804.223425	56.000000	0.000000
931.007729	804.218438	56.000001	0.000000
931.007729	804.213439	56.000000	0.000000
931.007729	804.208403	56.000000	0.000000
931.007727	804.203615	56.000000	0.000000
931.007731	804.198426	56.000000	0.000000
931.007729	804.193629	55.999999	0.000000
931.007733	804.188619	56.000000	0.000000
931.007729	804.183619	56.000001	0.000000
931.007730	804.178627	56.000000	0.000000
931.007729	804.173636	56.000001	0.000000
931.007731	804.168610	56.000002	0.000000
931.007731	804.163602	55.999999	0.000000
931.007732	804.158618	55.999998	0.000000
931.007728	804.153636	55.999999	0.000000
931.007731	804.148416	56.000000	0.000000
931.007732	804.143219	56.000000	0.000000
931.007732	804.138227	56.000001	0.000000
931.007731	804.133245	56.000000	0.000000
931.007727	804.128412	56.000000	0.000000
931.007728	804.123408	56.000000	0.000000
931.007731	804.118435	55.999999	0.000000
931.007728	804.113448	55.999999	0.000000
931.007734	804.108431	55.999999	0.000000
931.007729	804.103435	55.999999	0.000000
931.007729	804.098443	55.999999	0.000000
931.007729	804.093455	55.999999	0.000000
931.007727	804.088423	56.000000	0.000000
931.007728	804.083420	56.000000	0.000000
931.007726	804.078439	56.000001	0.000000
931.007730	804.072862	56.000000	0.000000
931.007729	804.068234	55.999998	0.000000
931.007733	804.063235	56.000000	0.000000
931.007727	804.058044	56.000001	0.000000
931.007729	804.053064	56.000000	0.000000
931.007732	804.048235	55.999999	0.000000
931.007730	804.043222	56.000001	0.000000
931.007733	804.038234	56.000000	0.000000
931.007731	804.033051	55.999999	0.000000
931.007731	804.028440	56.000001	0.000000
931.007732	804.023224	55.999999	0.000000
931.007728	804.018438	56.000001	0.000000
931.007729	804.013246	56.000000	0.000000
931.007731	804.008232	56.000000	0.000000
931.007726	804.003222	56.000001	0.000000
931.007732	803.997820	56.000000	0.000000
931.007731	803.992830	55.999999	0.000000
931.007730	803.988022	56.000000	0.000000
931.007732	803.982821	56.000001	0.000000
931.007733	803.978024	56.000000	0.000000
931.007731	803.972831	56.000000	0.000000
931.007732	803.968022	55.999999	0.000000
931.007735	803.963022	55.999999	0.000000
931.007730	803.958017	55.999999	0.000000
931.007731	803.953015	56.000001	0.000000
931.007731	803.948012	56.000000	0.000000
931.007731	803.943020	56.000000	0.000000
931.007730	803.938020	56.000000	0.000000
931.007730	803.933030	55.999999	0.000000
931.007729	803.928010	56.000000	0.000000
931.007731	803.922621	55.999999	0.000000
931.007730	803.917826	55.999999	0.000000
931.007730	803.912619	55.999999	0.000000
931.007733	803.907813	56.000000	0.000000
931.007734	803.902629	56.000000	0.000000
931.007732	803.897835	56.000000	0.000000
931.007731	803.892837	56.000000	0.000000
931.007728	803.887815	56.000001	0.000000
931.007736	803.882816	56.000001	0.000000
931.007732	803.877832	55.999999	0.000000
931.007734	803.872824	55.999999	0.000000
931.007730	803.867792	56.000002	0.000000
931.007728	803.862806	56.000002	0.000000
931.007734	803.857615	55.999998	0.000000
931.007733	803.852827	56.000001	0.000000
931.007728	803.847411	56.000000	0.000000
931.007732	803.842408	56.000000	0.000000
931.007729	803.837417	56.000000	0.000000
931.007731	803.832430	56.000001	0.000000
931.007729	803.827591	56.000001	0.000000
931.007729	803.822604	56.000000	0.000000
931.007734	803.817610	55.999999	0.000000
931.007731	803.812633	55.999999	0.000000
931.007730	803.807614	56.000000	0.000000
931.007727	803.802628	55.999999	0.000000
931.007734	803.797622	56.000000	0.000000
931.007728	803.792641	56.000000	0.000000
931.007734	803.787812	55.999999	0.000000
931.007733	803.782613	56.000000	0.000000
931.007726	803.777621	55.999999	0.000000
931.007730	803.772244	56.000000	0.000000
931.007731	803.767223	56.000000	0.000000
931.007728	803.762430	56.000001	0.000000
931.007731	803.757428	56.000000	0.000000
931.007730	803.752242	56.000000	0.000000
931.007730	803.747425	56.000000	0.000000
931.007732	803.742425	56.000000	0.000000
931.007730	803.737420	56.000000	0.000000
931.007733	803.732237	56.000000	0.000000
931.007731	803.727226	56.000000	0.000000
931.007732	803.722435	56.000001	0.000000
931.007733	803.717426	55.999999	0.000000
931.007729	803.712444	56.000001	0.000000
931.007729	803.707226	56.000000	0.000000
931.007729	803.702222	56.000000	0.000000
931.007729	803.697014	56.000001	0.000000
931.007728	803.692037	56.000001	0.000000
931.007729	803.686828	56.000001	0.000000
931.007730	803.682227	55.999999	0.000000
931.007729	803.677221	55.999999	0.000000
931.007730	803.672248	55.999999	0.000000
931.007732	803.667235	56.000000	0.000000
931.007732	803.662234	55.999999	0.000000
931.007733	803.657224	55.999999	0.000000
931.007731	803.652241	55.999999	0.000000
931.007732	803.647220	56.000000	0.000000
931.007733	803.642233	56.000001	0.000000
931.007728	803.637024	56.000000	0.000000
931.007729	803.632240	56.000001	0.000000
931.007730	803.627218	56.000000	0.000000
931.007728	803.621829	56.000000	0.000000
931.007729	803.617016	56.000000	0.000000
931.007732	803.611825	56.000001	0.000000
931.007728	803.606814	56.000001	0.000000
931.007727	803.602032	56.000000	0.000000
931.007730	803.597017	56.000000	0.000000
931.007731	803.592035	56.000000	0.000000
931.007730	803.587014	56.000002	0.000000
931.007732	803.582026	55.999999	0.000000
931.007731	803.576813	56.000001	0.000000
931.007727	803.572032	56.000001	0.000000
931.007729	803.567004	56.000001	0.000000
931.007729	803.562018	56.000001	0.000000
931.007731	803.557225	56.000000	0.000000
931.007730	803.552235	55.999999	0.000000
931.007730	803.546818	55.999998	0.000000
931.007731	803.541827	55.999998	0.000000
931.007733	803.536622	55.999999	0.000000
931.007730	803.531835	56.000000	0.000000
931.007732	803.526808	56.000001	0.000000
931.007728	803.521815	56.000001	0.000000
931.007729	803.516819	56.000000	0.000000
931.007727	803.511835	56.000000	0.000000
931.007728	803.506816	56.000001	0.000000
931.007727	803.501825	56.000001	0.000000
931.007729	803.496812	55.999999	0.000000
931.007730	803.491825	55.999999	0.000000
931.007729	803.486812	56.000002	0.000000
931.007731	803.481819	56.000000	0.000000
931.007726	803.476812	56.000001	0.000000
931.007731	803.471414	56.000000	0.000000
931.007730	803.466606	56.000000	51.519000
931.007731	803.461420	55.999999	51.582000
931.007731	803.456414	55.999999	51.924000
931.007731	803.451616	56.000000	52.094000
931.007729	803.446595	55.999999	52.321000
931.007730	803.441607	56.000000	52.321000
931.007730	803.436607	56.000002	0.000000
931.007729	803.431612	56.000001	0.000000
931.007729	803.426603	55.999998	0.000000
931.007730	803.421619	55.999999	0.000000
931.007728	803.416403	56.000001	0.000000
931.007729	803.411612	56.000001	52.435000
931.007731	803.406597	55.999999	52.720000
931.007730	803.401608	55.999999	52.892000
931.007729	803.396200	56.000002	53.122000
931.007730	803.391211	56.000001	53.122000
931.007730	803.386194	56.000001	0.000000
931.007729	803.381400	55.999998	0.000000
931.007731	803.376393	56.000001	0.000000
931.007728	803.371408	56.000001	0.000000
931.007733	803.366406	56.000001	0.000000
931.007730	803.361407	55.999998	0.000000
931.007733	803.356197	55.999998	0.000000
931.007728	803.351414	56.000000	0.000000
931.007726	803.346398	56.000001	0.000000
931.007729	803.341415	56.000001	0.000000
931.007729	803.336210	56.000000	0.000000
931.007729	803.331419	56.000001	0.000000
931.007729	803.326407	55.999999	53.179000
931.007733	803.321011	55.999999	53.179000
931.007730	803.315607	56.000001	53.411000
931.007731	803.311222	55.999998	53.590000
931.007730	803.306010	56.000001	53.650000
931.007731	803.301017	56.000000	53.829000
931.007734	803.296207	56.000002	54.007000
931.007730	803.291218	55.999999	54.126000
931.007732	803.286218	55.999999	54.365000
931.007730	803.281227	55.999998	54.798000
931.007733	803.276213	55.999999	55.168000
931.007730	803.271227	55.999999	55.389000
931.007731	803.266213	55.999999	55.729000
931.007730	803.261426	56.000001	56.140000
931.007732	803.256219	56.000001	56.551000
931.007733	803.251030	55.999999	56.845000
931.007729	803.245825	55.999999	57.289000
931.007732	803.241032	56.000001	57.751000
931.007731	803.235818	55.999999	57.941000
931.007729	803.230826	55.999999	57.941000
931.007735	803.226021	56.000001	0.000000
931.007728	803.221025	56.000001	0.000000
931.007729	803.216019	56.000001	0.000000
931.007729	803.211025	56.000000	0.000000
931.007731	803.206024	56.000000	0.000000
931.007730	803.201221	56.000000	58.196000
931.007732	803.196015	56.000000	58.713000
931.007732	803.191027	56.000000	59.225000
931.007731	803.185813	55.999999	59.678000
931.007733	803.181223	55.999998	59.753000
931.007729	803.176012	56.000000	59.852000
931.007730	803.170620	55.999998	59.979000
931.007728	803.165417	55.999998	60.103000
931.007728	803.160628	56.000001	60.219000
931.007732	803.155613	56.000001	60.277000
931.007730	803.150617	55.999999	60.360000
931.007728	803.145803	56.000002	60.394000
931.007728	803.140811	56.000001	60.408000
931.007730	803.135796	55.999999	60.469000
931.007731	803.130813	55.999998	60.606000
931.007730	803.125804	56.000000	60.742000
931.007731	803.121011	56.000001	60.861000
931.007729	803.115605	56.000000	60.938000
931.007729	803.110815	56.000001	61.010000
931.007730	803.105809	56.000001	61.022000
931.007731	803.100815	56.000000	61.036000
931.007729	803.095210	56.000002	61.075000
931.007728	803.090414	55.999999	61.132000
931.007730	803.085408	55.999999	61.118000
931.007732	803.080619	55.999999	61.096000
931.007730	803.075607	56.000000	61.072000
931.007730	803.070606	56.000001	61.094000
931.007731	803.065601	56.000001	61.077000
931.007730	803.060615	56.000000	61.048000
931.007728	803.055608	56.000001	61.013000
931.007728	803.050409	56.000000	60.977000
931.007729	803.045610	56.000000	60.942000
931.007730	803.040617	55.999999	60.906000
931.007729	803.035608	55.999999	60.864000
931.007730	803.030808	56.000001	60.826000
931.007728	803.025610	55.999999	60.788000
931.007729	803.020217	56.000001	60.750000
931.007730	803.015010	55.999999	60.715000
931.007727	803.010407	55.999999	60.681000
931.007727	803.005214	56.000001	60.683000
931.007728	803.000419	56.000001	60.705000
931.007730	802.995417	56.000001	60.749000
931.007728	802.990416	56.000001	60.804000
931.007727	802.985417	55.999999	60.869000
931.007729	802.980421	55.999999	60.945000
931.007733	802.975424	55.999999	61.027000
931.007730	802.970418	55.999999	61.115000
931.007728	802.965228	56.000002	61.197000
931.007728	802.960429	55.999999	61.269000
931.007727	802.955417	56.000000	61.319000
931.007729	802.950215	56.000000	61.347000
931.007732	802.944819	56.000001	61.374000
931.007729	802.940023	55.999999	61.400000
931.007728	802.935208	56.000000	61.431000
931.007726	802.930009	56.000001	61.466000
931.007732	802.925015	55.999999	61.501000
931.007728	802.920222	56.000002	61.519000
931.007727	802.915206	56.000001	61.526000
931.007729	802.910204	55.999999	61.527000
931.007729	802.905210	56.000000	61.520000
931.007729	802.900220	55.999998	61.503000
931.007728	802.895207	56.000000	61.477000
931.007730	802.890205	56.000001	61.448000
931.007728	802.885214	56.000001	61.423000
931.007733	802.880218	55.999998	61.406000
931.007730	802.875009	55.999998	61.392000
931.007729	802.869802	56.000001	61.386000
931.007733	802.864821	56.000000	61.387000
931.007733	802.859818	56.000000	61.391000
931.007730	802.855013	56.000001	61.387000
931.007727	802.850009	56.000001	61.370000
931.007733	802.845018	56.000000	61.344000
931.007735	802.840022	55.999998	61.317000
931.007729	802.835013	56.000000	61.292000
931.007727	802.830009	56.000001	61.266000
931.007727	802.825014	56.000000	61.240000
931.007730	802.820017	55.999998	61.217000
931.007732	802.815010	55.999999	61.204000
931.007730	802.810010	56.000000	61.214000
931.007730	802.804811	56.000000	61.258000
931.007732	802.799622	56.000000	61.327000
931.007733	802.794614	56.000000	61.412000
931.007732	802.789611	56.000000	61.507000
931.007730	802.784619	55.999999	61.570000
931.007730	802.779621	55.999999	61.591000
931.007728	802.774819	56.000001	61.596000
931.007730	802.769809	56.000000	61.592000
931.007732	802.764817	56.000000	61.584000
931.007730	802.760019	55.999999	61.573000
931.007727	802.755017	55.999999	61.561000
931.007733	802.749814	55.999999	61.552000
931.007730	802.745021	56.000000	61.543000
931.007730	802.739827	56.000000	61.534000
931.007734	802.735018	56.000000	61.520000
931.007728	802.729808	56.000000	61.501000
931.007728	802.724425	56.000001	61.484000
931.007729	802.719427	56.000001	61.484000
931.007733	802.714623	56.000000	61.509000
931.007730	802.709416	55.999999	61.560000
931.007729	802.704624	56.000001	61.604000
931.007731	802.699634	56.000000	61.628000
931.007728	802.694628	56.000001	61.639000
931.007728	802.689619	56.000001	61.643000
931.007730	802.684627	56.000001	61.644000
931.007732	802.679633	56.000000	61.645000
931.007733	802.674630	56.000000	61.647000
931.007732	802.669615	56.000001	61.648000
931.007732	802.664624	55.999998	61.647000
931.007731	802.659631	56.000000	61.645000
931.007730	802.654624	55.999999	61.642000
931.007733	802.649223	56.000000	61.640000
931.007729	802.644234	56.000000	61.641000
931.007736	802.639440	55.999999	61.643000
931.007730	802.634231	56.000000	61.645000
931.007730	802.629423	56.000000	61.644000
931.007732	802.624427	56.000001	61.641000
931.007729	802.619235	56.000000	61.638000
931.007735	802.614431	56.000000	61.637000
931.007733	802.609416	55.999999	61.636000
931.007729	802.604426	55.999999	61.632000
931.007731	802.599235	55.999998	61.622000
931.007732	802.594428	55.999999	61.606000
931.007731	802.589412	55.999999	61.593000
931.007730	802.584417	56.000001	61.591000
931.007730	802.579234	56.000002	61.600000
931.007730	802.574417	56.000000	61.611000
931.007729	802.569204	56.000000	61.617000
931.007729	802.564217	56.000001	61.618000
931.007730	802.559027	56.000002	61.618000
931.007731	802.554418	55.999999	61.619000
931.007731	802.549410	55.999998	61.621000
931.007732	802.544417	56.000001	61.622000
931.007731	802.539230	55.999999	61.619000
931.007731	802.534420	55.999999	61.613000
931.007731	802.529414	56.000001	61.606000
931.007732	802.524421	56.000001	61.604000
931.007732	802.519430	55.999999	61.608000
931.007731	802.514422	55.999999	61.617000
931.007730	802.509408	56.000001	61.629000
931.007731	802.504616	55.999999	61.638000
931.007728	802.499426	56.000000	61.643000
931.007733	802.494019	55.999998	61.645000
931.007729	802.489012	56.000000	61.647000
931.007727	802.484019	56.000002	61.651000
931.007729	802.479028	55.999999	61.657000
931.007729	802.474018	56.000000	61.661000
931.007733	802.469208	55.999999	61.664000
931.007731	802.464219	56.000000	61.665000
931.007731	802.459220	56.000001	61.662000
931.007727	802.454219	56.000002	61.658000
931.007731	802.449206	56.000000	61.652000
931.007730	802.444218	56.000000	61.646000
931.007732	802.439222	55.999999	61.641000
931.007733	802.434220	55.999999	61.638000
931.007730	802.429205	56.000000	61.635000
931.007733	802.424216	56.000000	61.632000
931.007727	802.418823	56.000001	61.632000
931.007729	802.413819	56.000000	61.636000
931.007729	802.408810	55.999999	61.641000
931.007731	802.404017	56.000000	61.644000
931.007729	802.399035	56.000000	61.642000
931.007730	802.394030	56.000001	61.636000
931.007728	802.388813	55.999999	61.628000
931.007731	802.384024	55.999999	61.625000
931.007730	802.379031	56.000000	61.625000
931.007729	802.374030	56.000000	61.629000
931.007728	802.369017	55.999999	61.634000
931.007726	802.364025	56.000000	61.637000
931.007729	802.359034	55.999999	61.637000
931.007727	802.353834	56.000002	61.633000
931.007733	802.349019	56.000000	61.627000
931.007732	802.343630	56.000000	61.623000
931.007730	802.338636	56.000000	61.623000
931.007729	802.333836	56.000000	61.627000
931.007730	802.328814	56.000000	61.633000
931.007727	802.323831	56.000001	61.639000
931.007728	802.318836	56.000001	61.644000
931.007732	802.313642	55.999998	61.647000
931.007729	802.308825	56.000001	61.648000
931.007730	802.303836	55.999999	61.649000
931.007729	802.298842	56.000000	61.650000
931.007729	802.293843	55.999999	61.652000
931.007728	802.288829	56.000001	61.655000
931.007729	802.283841	56.000001	61.657000
931.007735	802.278847	55.999998	61.657000
931.007730	802.273844	55.999999	61.654000
931.007730	802.268435	56.000001	61.648000
931.007732	802.263441	56.000000	61.642000
931.007730	802.258442	56.000000	61.635000
931.007729	802.253645	56.000001	61.627000
931.007727	802.248627	56.000001	61.619000
931.007729	802.243637	55.999999	61.614000
931.007731	802.238638	56.000000	61.615000
931.007730	802.233637	56.000001	61.623000
931.007727	802.228623	56.000000	61.634000
931.007730	802.223634	55.999999	61.644000
931.007730	802.218642	56.000000	61.648000
931.007729	802.213636	55.999999	61.642000
931.007729	802.208627	56.000001	61.632000
931.007727	802.203631	56.000000	61.625000
931.007731	802.198636	55.999999	61.624000
931.007730	802.193246	56.000001	61.627000
931.007731	802.188421	55.999999	61.633000
931.007730	802.183234	56.000001	61.639000
931.007729	802.178442	56.000000	61.644000
931.007726	802.173436	56.000000	61.649000
931.007728	802.168419	56.000000	61.654000
931.007733	802.163429	56.000000	61.660000
931.007728	802.158429	56.000000	61.665000
931.007730	802.153428	56.000000	61.671000
931.007730	802.148418	56.000000	61.675000
931.007729	802.143421	55.999999	61.678000
931.007730	802.138433	56.000000	61.681000
931.007729	802.133432	56.000000	61.684000
931.007731	802.128222	56.000000	61.689000
931.007731	802.123027	56.000000	61.695000
931.007734	802.118026	56.000000	61.700000
931.007731	802.113034	55.999999	61.704000
931.007731	802.108010	55.999998	61.703000
931.007731	802.103220	56.000001	61.694000
931.007728	802.098226	56.000000	61.677000
931.007729	802.093228	56.000002	61.658000
931.007730	802.088214	56.000001	61.647000
931.007730	802.083221	56.000000	61.643000
931.007733	802.078429	55.999999	61.644000
931.007730	802.073228	55.999999	61.645000
931.007731	802.068410	55.999999	61.647000
931.007733	802.063215	56.000000	61.647000
931.007730	802.058425	55.999999	61.647000
931.007731	802.053223	56.000000	61.647000
931.007733	802.047809	55.999999	61.648000
931.007732	802.042821	56.000000	61.650000
931.007732	802.038027	55.999999	61.651000
931.007731	802.033033	55.999999	61.651000
931.007728	802.028015	55.999999	61.649000
931.007733	802.023018	55.999999	61.647000
931.007734	802.018024	56.000000	61.647000
931.007731	802.013030	56.000000	61.650000
931.007731	802.008010	55.999998	61.653000
931.007734	802.003025	56.000000	61.654000
931.007733	801.998023	55.999999	61.649000
931.007730	801.993027	56.000000	61.638000
931.007731	801.988016	55.999998	61.625000
931.007735	801.982824	56.000001	61.615000
931.007733	801.978024	55.999999	61.611000
931.007730	801.972422	56.000000	61.611000
931.007730	801.967612	56.000002	61.613000
931.007729	801.962416	55.999999	61.618000
931.007729	801.957822	56.000001	61.624000
931.007733	801.952832	56.000001	61.632000
931.007732	801.947812	55.999999	61.640000
931.007731	801.942821	55.999999	61.647000
931.007731	801.937830	55.999999	61.653000
931.007732	801.932837	55.999997	61.657000
931.007731	801.927813	55.999999	61.661000
931.007730	801.922823	56.000000	61.662000
931.007735	801.918031	56.000000	61.661000
931.007730	801.912832	56.000000	61.656000
931.007733	801.907817	56.000001	61.647000
931.007731	801.902815	56.000001	61.634000
931.007729	801.897418	56.000002	61.616000
931.007730	801.892228	55.999999	61.603000
931.007731	801.887620	56.000000	61.597000
931.007733	801.882621	55.999999	61.597000
931.007732	801.877418	55.999998	61.600000
931.007731	801.872623	56.000000	61.604000
931.007732	801.867617	55.999999	61.609000
931.007729	801.862419	56.000000	61.616000
931.007728	801.857618	56.000000	61.624000
931.007730	801.852634	56.000002	61.634000
931.007728	801.847613	56.000001	61.643000
931.007733	801.842619	56.000000	61.652000
931.007731	801.837618	55.999999	61.658000
931.007729	801.832632	56.000001	61.658000
931.007730	801.827616	56.000000	61.655000
931.007727	801.822218	55.999999	61.650000
931.007734	801.817220	55.999999	61.650000
931.007730	801.812231	56.000000	61.654000
931.007732	801.807209	56.000000	61.658000
931.007729	801.802215	56.000001	61.660000
931.007729	801.797418	56.000000	61.656000
931.007727	801.792430	56.000001	61.648000
931.007731	801.787413	56.000000	61.638000
931.007729	801.782424	55.999998	61.631000
931.007728	801.777414	56.000002	61.632000
931.007728	801.772427	56.000000	61.639000
931.007731	801.767410	55.999999	61.650000
931.007729	801.762222	56.000000	61.663000
931.007730	801.757621	56.000000	61.672000
931.007729	801.752232	56.000000	61.670000
931.007728	801.747017	55.999999	61.648000
931.007731	801.741827	56.000000	61.622000
931.007731	801.737216	55.999999	61.610000
931.007729	801.732235	56.000000	61.609000
931.007732	801.727010	56.000000	61.607000
931.007728	801.722222	56.000000	61.598000
931.007730	801.717218	55.999999	61.588000
931.007728	801.712227	56.000000	61.585000
931.007728	801.707210	56.000000	61.590000
931.007730	801.702219	56.000001	61.600000
931.007732	801.697215	55.999999	61.612000
931.007730	801.692032	55.999999	61.624000
931.007728	801.687212	56.000000	61.634000
931.007729	801.682220	56.000000	61.642000
931.007730	801.677016	56.000001	61.648000
931.007732	801.671630	55.999999	61.650000
931.007730	801.666814	55.999999	61.648000
931.007729	801.661825	55.999999	61.643000
931.007731	801.656825	56.000000	61.640000
931.007730	801.652035	55.999999	61.640000
931.007730	801.647021	56.000000	61.642000
931.007727	801.642027	56.000001	61.643000
931.007728	801.637026	55.999999	61.643000
931.007728	801.631835	55.999999	61.640000
931.007729	801.627021	55.999999	61.636000
931.007728	801.622026	56.000000	61.634000
931.007728	801.617018	56.000000	61.635000
931.007728	801.611830	55.999999	61.639000
931.007733	801.606818	56.000000	61.645000
931.007729	801.602018	56.000000	61.653000
931.007730	801.596609	56.000001	61.661000
931.007729	801.591820	56.000000	61.669000
931.007730	801.586810	56.000001	61.676000
931.007730	801.581820	55.999999	61.683000
931.007731	801.576808	55.999999	61.690000
931.007732	801.571818	55.999999	61.697000
931.007728	801.566804	56.000000	61.703000
931.007731	801.561816	56.000000	61.707000
931.007729	801.556808	55.999998	61.709000
931.007730	801.551820	56.000000	61.707000
931.007729	801.546799	56.000000	61.703000
931.007731	801.541809	56.000000	61.700000
931.007729	801.536805	56.000000	61.700000
931.007728	801.531821	56.000000	61.702000
931.007732	801.526603	56.000001	61.704000
931.007733	801.521609	56.000000	61.702000
931.007729	801.516403	56.000000	61.697000
931.007727	801.511411	56.000000	61.691000
931.007730	801.506603	56.000001	61.689000
931.007729	801.501613	55.999999	61.692000
931.007732	801.496602	56.000000	61.698000
931.007732	801.491620	56.000000	61.701000
931.007734	801.486414	55.999998	61.698000
931.007732	801.481820	56.000000	61.691000
931.007732	801.476409	56.000001	61.683000
931.007731	801.471828	55.999999	61.676000
931.007734	801.466614	55.999999	61.672000
931.007732	801.461826	56.000001	61.667000
931.007730	801.456825	55.999998	61.657000
931.007731	801.451628	56.000000	61.643000
931.007732	801.446215	55.999999	61.626000
931.007734	801.441224	55.999999	61.614000
931.007729	801.436217	55.999999	61.609000
931.007731	801.431424	56.000000	61.610000
931.007730	801.426411	55.999998	61.612000
931.007730	801.421416	56.000001	61.616000
931.007729	801.416209	55.999999	61.619000
931.007730	801.411417	56.000001	61.620000
931.007732	801.406412	55.999999	61.622000
931.007731	801.401416	55.999999	61.624000
931.007731	801.396411	56.000000	61.628000
931.007731	801.391416	56.000001	61.633000
931.007732	801.386212	55.999998	61.637000
931.007734	801.381617	55.999998	61.640000
931.007732	801.376419	56.000000	61.642000
931.007731	801.371218	56.000000	61.642000
931.007727	801.365817	55.999999	61.641000
931.007729	801.361220	56.000000	61.642000
931.007733	801.356212	56.000000	61.643000
931.007727	801.351025	56.000001	61.646000
931.007729	801.346216	55.999998	61.649000
931.007731	801.341223	56.000000	61.651000
931.007733	801.336207	56.000000	61.652000
931.007733	801.331224	56.000000	61.653000
931.007733	801.326212	56.000000	61.654000
931.007731	801.321225	55.999999	61.655000
931.007731	801.316217	55.999999	61.658000
931.007729	801.311229	56.000001	61.659000
931.007733	801.306218	56.000000	61.659000
931.007732	801.301230	56.000001	61.658000
931.007731	801.295820	56.000000	61.656000
931.007730	801.290823	56.000000	61.657000
931.007731	801.285827	56.000001	61.661000
931.007732	801.281025	55.999999	61.667000
931.007730	801.276017	56.000000	61.672000
931.007728	801.271023	56.000000	61.675000
931.007733	801.266025	56.000000	61.674000
931.007731	801.261032	56.000000	61.669000
931.007731	801.256013	56.000001	61.663000
931.007730	801.251026	56.000000	61.661000
931.007732	801.246020	55.999999	61.661000
931.007730	801.241228	56.000001	61.663000
931.007732	801.236017	56.000000	61.664000
931.007728	801.231018	56.000000	61.663000
931.007730	801.226017	56.000001	61.661000
931.007727	801.220623	55.999999	61.658000
931.007729	801.215608	55.999999	61.656000
931.007728	801.210609	56.000001	61.653000
931.007730	801.205813	55.999998	61.649000
931.007729	801.200621	56.000000	61.643000
931.007732	801.195807	55.999999	61.637000
931.007729	801.190817	55.999999	61.632000
931.007730	801.185811	56.000000	61.628000
931.007730	801.180819	56.000001	61.625000
931.007729	801.175807	56.000000	61.624000
931.007728	801.170814	55.999999	61.623000
931.007730	801.165810	55.999998	61.622000
931.007731	801.160824	56.000000	61.621000
931.007729	801.155812	56.000001	61.620000
931.007729	801.150411	55.999998	61.616000
931.007731	801.145408	56.000000	61.608000
931.007729	801.140421	56.000001	61.599000
931.007729	801.135406	55.999999	61.592000
931.007731	801.130409	55.999999	61.590000
931.007732	801.125414	55.999998	61.593000
931.007729	801.120623	56.000000	61.599000
931.007729	801.115607	55.999999	61.605000
931.007730	801.110619	55.999999	61.610000
931.007729	801.105619	56.000000	61.614000
931.007728	801.100623	56.000001	61.616000
931.007727	801.095408	55.999999	61.617000
931.007730	801.090617	55.999999	61.618000
931.007730	801.085615	56.000001	61.621000
931.007728	801.080615	56.000001	61.625000
931.007731	801.075015	56.000002	61.631000
931.007729	801.070215	56.000000	61.635000
931.007729	801.065008	56.000000	61.635000
931.007730	801.060210	56.000002	61.631000
931.007729	801.054813	56.000001	61.626000
931.007730	801.050007	56.000002	61.622000
931.007729	801.045207	55.999999	61.622000
931.007731	801.040422	55.999998	61.626000
931.007732	801.035409	56.000002	61.632000
931.007733	801.030415	55.999999	61.638000
931.007732	801.025408	55.999998	61.642000
931.007730	801.020420	55.999998	61.641000
931.007729	801.015405	55.999999	61.637000
931.007731	801.010418	56.000002	61.629000
931.007730	801.005414	55.999999	61.620000
931.007730	801.000229	56.000000	61.610000
931.007731	800.995019	56.000001	61.604000
931.007731	800.990010	55.999999	61.602000
931.007732	800.985011	55.999998	61.601000
931.007731	800.980230	55.999999	61.600000
931.007730	800.975218	55.999999	61.598000
931.007727	800.970218	55.999999	61.595000
931.007729	800.965224	56.000000	61.592000
931.007729	800.960226	56.000001	61.591000
931.007729	800.955214	56.000000	61.591000
931.007731	800.950222	55.999999	61.591000
931.007728	800.945220	56.000001	61.591000
931.007727	800.940235	56.000001	61.593000
931.007732	800.935221	56.000000	61.598000
931.007732	800.930222	55.999999	61.604000
931.007732	800.924822	56.000000	61.613000
931.007729	800.919842	56.000001	61.622000
931.007730	800.915023	55.999999	61.630000
931.007733	800.909824	55.999998	61.638000
931.007731	800.904824	55.999999	61.643000
931.007731	800.899834	56.000000	61.645000
931.007734	800.895022	55.999998	61.644000
931.007732	800.889620	56.000000	61.642000
931.007730	800.885025	55.999999	61.641000
931.007731	800.880031	55.999999	61.641000
931.007731	800.875217	56.000002	61.641000
931.007730	800.870014	56.000001	61.640000
931.007732	800.865221	55.999998	61.635000
931.007730	800.860029	55.999999	61.630000
931.007729	800.855214	56.000001	61.627000
931.007730	800.849613	56.000000	61.628000
931.007731	800.844627	56.000002	61.631000
931.007728	800.839639	56.000000	61.633000
931.007730	800.834629	56.000000	61.632000
931.007730	800.829620	55.999999	61.627000
931.007730	800.824623	56.000000	61.619000
931.007728	800.819828	55.999999	61.611000
931.007731	800.814824	56.000001	61.606000
931.007729	800.809821	56.000001	61.604000
931.007732	800.804821	55.999999	61.605000
931.007733	800.799829	56.000001	61.607000
931.007728	800.794824	56.000001	61.611000
931.007728	800.789819	56.000001	61.614000
931.007732	800.784819	56.000000	61.617000
931.007731	800.779825	55.999999	61.619000
931.007733	800.774432	55.999998	61.620000
931.007730	800.769420	56.000002	61.620000
931.007732	800.764625	55.999998	61.619000
931.007730	800.759429	56.000002	61.618000
931.007730	800.754624	55.999999	61.619000
931.007732	800.749611	55.999998	61.620000
931.007733	800.744622	55.999999	61.622000
931.007731	800.739630	56.000000	61.624000
931.007729	800.734627	56.000002	61.624000
931.007729	800.729614	56.000001	61.621000
931.007730	800.724623	56.000002	61.617000
931.007733	800.719629	55.999999	61.614000
931.007730	800.714622	55.999999	61.614000
931.007730	800.709618	55.999998	61.616000
931.007732	800.704424	56.000000	61.620000
931.007727	800.699229	56.000001	61.623000
931.007728	800.694232	56.000000	61.625000
931.007729	800.689213	55.999999	61.626000
931.007730	800.684226	55.999999	61.625000
931.007731	800.679236	55.999999	61.624000
931.007728	800.674233	56.000001	61.624000
931.007727	800.669420	55.999999	61.627000
931.007729	800.664227	56.000001	61.629000
931.007730	800.659430	56.000001	61.630000
931.007730	800.654427	56.000001	61.628000
931.007728	800.649415	55.999999	61.623000
931.007731	800.644419	55.999998	61.617000
931.007732	800.639420	55.999999	61.613000
931.007730	800.634414	55.999999	61.612000
931.007733	800.629413	55.999999	61.615000
931.007731	800.624012	56.000000	61.619000
931.007728	800.619026	56.000001	61.623000
931.007731	800.613835	55.999999	61.626000
931.007731	800.609023	55.999999	61.627000
931.007730	800.604027	55.999999	61.628000
931.007728	800.599027	55.999999	61.628000
931.007730	800.594229	56.000001	61.627000
931.007730	800.589217	56.000001	61.626000
931.007730	800.584211	56.000001	61.625000
931.007727	800.579228	56.000001	61.623000
931.007730	800.574228	56.000002	61.618000
931.007728	800.569215	56.000001	61.611000
931.007730	800.564214	56.000000	61.603000
931.007731	800.559230	55.999999	61.597000
931.007729	800.554221	56.000000	61.594000
931.007729	800.548819	56.000001	61.596000
931.007728	800.543818	55.999999	61.601000
931.007733	800.538826	56.000000	61.607000
931.007729	800.533831	56.000000	61.614000
931.007732	800.528807	56.000000	61.618000
931.007731	800.523811	56.000000	61.621000
931.007730	800.519020	55.999999	61.621000
931.007731	800.514018	55.999999	61.620000
931.007728	800.509008	55.999998	61.618000
931.007728	800.504013	55.999999	61.619000
931.007726	800.499024	55.999999	61.620000
931.007729	800.494020	56.000000	61.623000
931.007726	800.489213	55.999999	61.624000
931.007729	800.484022	56.000000	61.624000
931.007729	800.479038	56.000000	61.622000
931.007728	800.473637	56.000001	61.619000
931.007730	800.468622	56.000000	61.617000
931.007732	800.463617	55.999999	61.617000
931.007730	800.458639	56.000000	61.618000
931.007732	800.453645	55.999999	61.620000
931.007728	800.448624	56.000001	61.620000
931.007728	800.443820	56.000000	61.620000
931.007731	800.438640	56.000000	61.618000
931.007726	800.433849	56.000000	61.616000
931.007730	800.428830	56.000000	61.613000
931.007730	800.423824	56.000000	61.610000
931.007728	800.418829	56.000000	61.607000
931.007728	800.413831	55.999999	61.604000
931.007727	800.408826	56.000000	61.604000
931.007729	800.403833	56.000001	61.605000
931.007729	800.398233	55.999999	61.608000
931.007731	800.393434	56.000000	61.610000
931.007727	800.388610	56.000001	61.612000
931.007732	800.383420	56.000000	61.614000
931.007729	800.378629	56.000000	61.616000
931.007728	800.373440	55.999999	61.619000
931.007731	800.368623	55.999999	61.622000
931.007732	800.363624	56.000000	61.623000
931.007732	800.358623	56.000001	61.624000
931.007732	800.353627	56.000000	61.622000
931.007731	800.348616	56.000001	61.620000
931.007729	800.343628	56.000001	61.620000
931.007728	800.338627	56.000000	61.621000
931.007732	800.333425	56.000001	61.623000
931.007729	800.328612	56.000000	61.623000
931.007730	800.323230	56.000001	61.622000
931.007732	800.318232	56.000000	61.618000
931.007731	800.313026	56.000001	61.613000
931.007734	800.308408	55.999999	61.611000
931.007730	800.303225	56.000000	61.610000
931.007730	800.298427	56.000001	61.612000
931.007734	800.293235	56.000000	61.614000
931.007732	800.288417	56.000000	61.617000
931.007731	800.283421	55.999999	61.618000
931.007730	800.278436	55.999998	61.618000
931.007733	800.273233	56.000000	61.616000
931.007731	800.268405	56.000000	61.614000
931.007731	800.263418	55.999999	61.612000
931.007731	800.258433	55.999999	61.611000
931.007733	800.253445	55.999999	61.612000
931.007734	800.248025	55.999999	61.614000
931.007734	800.243023	55.999999	61.617000
931.007730	800.238032	56.000001	61.621000
931.007730	800.233052	56.000002	61.626000
931.007732	800.228215	56.000002	61.630000
931.007731	800.223217	56.000001	61.635000
931.007730	800.218231	56.000000	61.638000
931.007730	800.213046	56.000001	61.639000
931.007734	800.208225	56.000000	61.639000
931.007731	800.203225	56.000001	61.638000
931.007729	800.198233	56.000000	61.636000
931.007730	800.193253	56.000001	61.634000
931.007728	800.188227	55.999999	61.631000
931.007732	800.183212	56.000001	61.629000
931.007730	800.178216	55.999999	61.625000
931.007731	800.172842	56.000001	61.622000
931.007729	800.168019	56.000000	61.620000
931.007729	800.162822	56.000002	61.619000
931.007732	800.158022	56.000001	61.620000
931.007732	800.153044	56.000001	61.622000
931.007731	800.148022	56.000000	61.624000
931.007730	800.143019	55.999999	61.626000
931.007732	800.138020	56.000001	61.627000
931.007731	800.133034	56.000000	61.627000
931.007729	800.128020	56.000000	61.627000
931.007733	800.123017	55.999999	61.625000
931.007732	800.118229	56.000000	61.621000
931.007729	800.113040	56.000001	61.614000
931.007734	800.108018	56.000000	61.607000
931.007730	800.102614	56.000001	61.600000
931.007730	800.097813	56.000001	61.595000
931.007729	800.092623	56.000001	61.591000
931.007728	800.087417	56.000001	61.588000
931.007732	800.082610	56.000001	61.585000
931.007731	800.077816	56.000000	61.583000
931.007729	800.072837	56.000000	61.582000
931.007729	800.067616	55.999999	61.583000
931.007729	800.062817	56.000001	61.586000
931.007728	800.057608	56.000001	61.591000
931.007730	800.052828	56.000000	61.596000
931.007730	800.047812	55.999999	61.600000
931.007730	800.042815	56.000000	61.604000
931.007729	800.037809	56.000001	61.606000
931.007734	800.032833	55.999999	61.607000
931.007730	800.027417	56.000000	61.607000
931.007731	800.022432	56.000000	61.605000
931.007731	800.017422	55.999999	61.603000
931.007731	800.012425	55.999999	61.600000
931.007729	800.007407	56.000000	61.599000
931.007730	800.002424	56.000001	61.599000
931.007733	799.997624	56.000000	61.601000
931.007729	799.992627	56.000001	61.604000
931.007730	799.987622	55.999999	61.606000
931.007728	799.982619	55.999999	61.607000
931.007731	799.977617	56.000000	61.607000
931.007730	799.972628	55.999998	61.607000
931.007732	799.967605	55.999998	61.609000
931.007731	799.962613	56.000000	61.611000
931.007729	799.957622	56.000001	61.615000
931.007732	799.952229	56.000001	61.620000
931.007729	799.947210	56.000001	61.625000
931.007732	799.942221	56.000001	61.628000
931.007731	799.937217	55.999999	61.629000
931.007729	799.932228	56.000001	61.628000
931.007730	799.927206	56.000001	61.626000
931.007729	799.922413	55.999999	61.628000
931.007731	799.917421	56.000000	61.630000
931.007730	799.912435	56.000000	61.631000
931.007728	799.907219	56.000000	61.629000
931.007730	799.902222	56.000000	61.624000
931.007731	799.897426	56.000000	61.621000
931.007732	799.892440	56.000001	61.621000
931.007728	799.887415	56.000000	61.623000
931.007729	799.882411	56.000000	61.627000
931.007731	799.877009	56.000001	61.628000
931.007729	799.872040	56.000000	61.626000
931.007728	799.867022	55.999999	61.618000
931.007731	799.861820	56.000001	61.610000
931.007730	799.857215	56.000000	61.605000
931.007729	799.852034	56.000000	61.605000
931.007729	799.847225	55.999999	61.609000
931.007732	799.842015	56.000000	61.614000
931.007730	799.837206	56.000000	61.619000
931.007727	799.832234	56.000000	61.622000
931.007731	799.827224	55.999999	61.622000
931.007728	799.822226	55.999999	61.620000
931.007730	799.817221	56.000000	61.618000
931.007732	799.812239	56.000000	61.617000
931.007728	799.807228	56.000002	61.617000
931.007725	799.801822	56.000001	61.616000
931.007733	799.796608	55.999999	61.613000
931.007732	799.791824	55.999999	61.608000
931.007729	799.786819	56.000001	61.601000
931.007730	799.781824	56.000000	61.596000
931.007730	799.776815	56.000000	61.594000
931.007731	799.772038	55.999999	61.595000
931.007727	799.767010	56.000001	61.600000
931.007731	799.762030	56.000000	61.605000
931.007732	799.756599	55.999999	61.611000
931.007733	799.752024	56.000001	61.617000
931.007731	799.747012	56.000000	61.621000
931.007729	799.742014	56.000001	61.624000
931.007729	799.737208	55.999999	61.624000
931.007733	799.732033	55.999999	61.622000
931.007733	799.726612	55.999999	61.618000
931.007730	799.721818	56.000001	61.614000
931.007729	799.716596	55.999998	61.611000
931.007731	799.711813	56.000000	61.608000
931.007732	799.706806	56.000000	61.605000
931.007729	799.701819	56.000000	61.599000
931.007730	799.696603	56.000000	61.594000
931.007730	799.691823	55.999998	61.590000
931.007732	799.686815	55.999998	61.590000
931.007734	799.681824	55.999998	61.594000
931.007732	799.676805	56.000001	61.601000
931.007730	799.671821	55.999999	61.608000
931.007733	799.666812	56.000001	61.614000
931.007731	799.661827	56.000001	61.616000
931.007729	799.656809	56.000001	61.613000
931.007729	799.651429	56.000000	61.604000
931.007731	799.646418	55.999999	61.597000
931.007730	799.641433	56.000000	61.595000
931.007732	799.636386	55.999999	61.596000
931.007729	799.631388	56.000000	61.600000
931.007730	799.626402	55.999999	61.604000
931.007730	799.621437	56.000002	61.606000
931.007734	799.616615	55.999998	61.607000
931.007733	799.611627	56.000000	61.606000
931.007728	799.606420	55.999999	61.604000
931.007730	799.601829	56.000000	61.602000
931.007734	799.596630	56.000000	61.601000
931.007732	799.591626	56.000000	61.603000
931.007728	799.586603	56.000001	61.608000
931.007732	799.581820	56.000001	61.614000
931.007732	799.576220	55.999999	61.617000
931.007733	799.571234	55.999998	61.616000
931.007729	799.566221	56.000000	61.612000
931.007730	799.561224	56.000000	61.605000
931.007731	799.556423	56.000000	61.600000
931.007732	799.551439	55.999999	61.599000
931.007730	799.546408	55.999999	61.602000
931.007729	799.541418	56.000000	61.605000
931.007731	799.536421	56.000001	61.606000
931.007733	799.531443	56.000001	61.606000
931.007730	799.526424	56.000000	61.603000
931.007729	799.521429	56.000000	61.600000
931.007731	799.516423	56.000001	61.597000
931.007734	799.511444	56.000000	61.595000
931.007729	799.506417	55.999999	61.595000
931.007729	799.501022	55.999999	61.596000
931.007727	799.496015	55.999999	61.598000
931.007727	799.490834	56.000001	61.600000
931.007726	799.486024	56.000001	61.600000
931.007730	799.481220	56.000001	61.599000
931.007730	799.476218	55.999999	61.597000
931.007726	799.471238	56.000001	61.594000
931.007728	799.466235	56.000000	61.593000
931.007731	799.461228	56.000001	61.593000
931.007730	799.456213	56.000001	61.594000
931.007731	799.450819	56.000000	61.595000
931.007729	799.446227	56.000001	61.595000
931.007728	799.441223	56.000000	61.594000
931.007730	799.436221	55.999999	61.593000
931.007730	799.431234	56.000000	61.592000
931.007728	799.425822	55.999999	61.593000
931.007731	799.420827	56.000000	61.595000
931.007729	799.415809	55.999999	61.598000
931.007729	799.410821	56.000001	61.601000
931.007731	799.405825	55.999999	61.605000
931.007731	799.401028	55.999999	61.610000
931.007731	799.396019	55.999999	61.615000
931.007731	799.390823	56.000000	61.620000
931.007728	799.386022	55.999999	61.623000
931.007729	799.381018	56.000000	61.626000
931.007730	799.376015	55.999999	61.625000
931.007728	799.371015	56.000000	61.621000
931.007731	799.366007	55.999999	61.616000
931.007729	799.361017	55.999999	61.610000
931.007730	799.356010	56.000000	61.605000
931.007731	799.350621	55.999999	61.599000
931.007728	799.345623	55.999999	61.593000
931.007732	799.340612	56.000001	61.588000
931.007731	799.335604	56.000001	61.587000
931.007726	799.330608	56.000001	61.588000
931.007728	799.325804	56.000000	61.590000
931.007727	799.320811	56.000000	61.592000
931.007728	799.315800	56.000001	61.593000
931.007729	799.310821	56.000001	61.593000
931.007730	799.305624	55.999998	61.591000
931.007730	799.300814	55.999999	61.589000
931.007729	799.295814	55.999999	61.590000
931.007726	799.290825	56.000002	61.593000
931.007728	799.285806	56.000000	61.598000
931.007727	799.281005	56.000001	61.602000
931.007736	799.275401	55.999999	61.605000
931.007733	799.270417	55.999998	61.607000
931.007729	799.265215	55.999999	61.607000
931.007730	799.260415	56.000001	61.606000
931.007728	799.255404	56.000001	61.605000
931.007730	799.250416	56.000002	61.603000
931.007728	799.245617	56.000000	61.601000
931.007730	799.240406	56.000000	61.600000
931.007731	799.235600	56.000001	61.599000
931.007733	799.230615	55.999999	61.601000
931.007728	799.225620	56.000001	61.603000
931.007729	799.220615	56.000001	61.606000
931.007732	799.215602	56.000001	61.608000
931.007729	799.210622	56.000000	61.608000
931.007731	799.205229	56.000000	61.602000
931.007729	799.200224	55.999999	61.594000
931.007729	799.195203	56.000000	61.586000
931.007728	799.190222	56.000001	61.580000
931.007731	799.185225	56.000000	61.579000
931.007729	799.180222	56.000001	61.581000
931.007732	799.175415	56.000001	61.585000
931.007727	799.170426	56.000000	61.589000
931.007733	799.165426	56.000000	61.592000
931.007732	799.160427	56.000000	61.595000
931.007731	799.155392	55.999999	61.596000
931.007729	799.150411	55.999999	61.597000
931.007730	799.145421	56.000000	61.597000
931.007730	799.140429	56.000000	61.598000
931.007730	799.135406	56.000000	61.598000
931.007729	799.130024	56.000000	61.598000
931.007730	799.125215	56.000000	61.596000
931.007730	799.120034	55.999999	61.592000
931.007732	799.115196	56.000000	61.589000
931.007732	799.110005	56.000000	61.587000
931.007731	799.105203	56.000000	61.589000
931.007729	799.100024	56.000000	61.592000
931.007732	799.095211	56.000001	61.596000
931.007728	799.090214	56.000000	61.601000
931.007729	799.085222	55.999998	61.605000
931.007732	799.080031	55.999999	61.609000
931.007732	799.075218	55.999999	61.612000
931.007731	799.070214	55.999999	61.616000
931.007734	799.065212	56.000000	61.618000
931.007730	799.060221	56.000000	61.620000
931.007730	799.055211	55.999998	61.621000
931.007728	799.049820	56.000000	61.620000
931.007728	799.044828	55.999999	61.620000
931.007730	799.039632	56.000000	61.620000
931.007730	799.034819	56.000002	61.620000
931.007732	799.029817	56.000002	61.619000
931.007730	799.025008	56.000001	61.619000
931.007731	799.020023	56.000001	61.618000
931.007731	799.015028	56.000002	61.616000
931.007728	799.010018	56.000001	61.614000
931.007732	799.005018	56.000000	61.612000
931.007732	799.000034	55.999999	61.611000
931.007732	798.995023	56.000000	61.609000
931.007731	798.990026	55.999998	61.609000
931.007730	798.985216	56.000001	61.609000
931.007729	798.979823	56.000002	61.611000
931.007730	798.974826	56.000001	61.613000
931.007730	798.969634	55.999999	61.614000
931.007734	798.964634	56.000000	61.613000
931.007728	798.959837	56.000000	61.609000
931.007728	798.954817	55.999999	61.605000
931.007727	798.949632	56.000001	61.603000
931.007731	798.944839	55.999998	61.603000
931.007733	798.939832	56.000000	61.604000
931.007731	798.934820	56.000000	61.606000
931.007729	798.929822	56.000000	61.607000
931.007730	798.924832	56.000000	61.606000
931.007731	798.919840	55.999999	61.605000
931.007725	798.914635	56.000001	61.604000
931.007731	798.909831	55.999999	61.605000
931.007729	798.904431	55.999999	61.608000
931.007732	798.899439	56.000000	61.610000
931.007732	798.894428	56.000000	61.611000
931.007731	798.889224	56.000000	61.610000
931.007729	798.884637	56.000001	61.607000
931.007730	798.879444	56.000000	61.602000
931.007729	798.874437	56.000001	61.597000
931.007732	798.869643	55.999999	61.595000
931.007729	798.864644	56.000000	61.595000
931.007727	798.859645	56.000001	61.595000
931.007729	798.854641	55.999999	61.595000
931.007732	798.849643	55.999999	61.594000
931.007728	798.843846	56.000000	61.592000
931.007731	798.838847	56.000000	61.591000
931.007730	798.833452	56.000000	61.593000
931.007730	798.828632	56.000001	61.596000
931.007730	798.823246	56.000000	61.601000
931.007732	798.818644	55.999999	61.607000
931.007729	798.813247	56.000000	61.613000
931.007732	798.808628	56.000001	61.619000
931.007730	798.803444	56.000000	61.622000
931.007732	798.798642	55.999998	61.622000
931.007732	798.793643	56.000000	61.617000
931.007733	798.788627	55.999999	61.607000
931.007729	798.783639	56.000000	61.597000
931.007731	798.778644	56.000001	61.590000
931.007731	798.773637	55.999999	61.588000
931.007731	798.768622	56.000000	61.590000
931.007732	798.763631	56.000001	61.594000
931.007731	798.758631	56.000000	61.599000
931.007732	798.753234	56.000000	61.605000
931.007732	798.748216	56.000000	61.610000
931.007731	798.743226	55.999999	61.615000
931.007729	798.738231	56.000001	61.619000
931.007731	798.733234	56.000000	61.621000
931.007729	798.728418	56.000000	61.619000
931.007727	798.723219	56.000000	61.612000
931.007733	798.718432	56.000000	61.603000
931.007732	798.713230	56.000000	61.593000
931.007731	798.708410	56.000000	61.587000
931.007733	798.703419	56.000000	61.584000
931.007732	798.698625	55.999999	61.586000
931.007730	798.693428	55.999999	61.591000
931.007733	798.688414	56.000001	61.597000
931.007733	798.683423	55.999999	61.603000
931.007732	798.678025	56.000000	61.607000
931.007730	798.673032	56.000001	61.608000
931.007730	798.668011	55.999999	61.607000
931.007732	798.663019	56.000001	61.603000
931.007731	798.658024	55.999999	61.598000
931.007727	798.653017	56.000001	61.594000
931.007729	798.648004	55.999999	61.590000
931.007728	798.643213	56.000000	61.588000
931.007726	798.638215	56.000001	61.588000
931.007732	798.633219	56.000000	61.591000
931.007731	798.628213	56.000000	61.597000
931.007732	798.623217	56.000000	61.603000
931.007730	798.618224	55.999999	61.608000
931.007732	798.613228	56.000000	61.609000
931.007730	798.608008	56.000000	61.606000
931.007730	798.603014	55.999999	61.598000
931.007730	798.598018	56.000001	61.587000
931.007729	798.593026	55.999999	61.575000
931.007731	798.588209	56.000000	61.565000
931.007728	798.583019	56.000001	61.558000
931.007732	798.578229	55.999999	61.555000
931.007732	798.573229	56.000000	61.557000
931.007734	798.568215	55.999999	61.560000
931.007730	798.563224	56.000001	61.564000
931.007731	798.558232	55.999999	61.566000
931.007729	798.553233	56.000000	61.566000
931.007729	798.548218	55.999999	61.564000
931.007731	798.543221	55.999999	61.561000
931.007732	798.538236	56.000000	61.559000
931.007732	798.533234	55.999999	61.558000
931.007727	798.527816	56.000000	61.558000
931.007729	798.522822	56.000001	61.558000
931.007728	798.518031	56.000000	61.561000
931.007729	798.512829	56.000000	61.566000
931.007729	798.507811	56.000000	61.575000
931.007727	798.502815	55.999999	61.585000
931.007728	798.498027	56.000001	61.596000
931.007730	798.493032	55.999999	61.607000
931.007728	798.487615	56.000000	61.616000
931.007731	798.483023	56.000000	61.625000
931.007731	798.478237	56.000000	61.632000
931.007729	798.473030	56.000000	61.637000
931.007730	798.468020	56.000000	61.640000
931.007731	798.463034	56.000001	61.640000
931.007733	798.458241	56.000000	61.636000
931.007728	798.452641	56.000001	61.631000
931.007731	798.447630	55.999999	61.628000
931.007726	798.442833	56.000001	61.626000
931.007727	798.437835	55.999999	61.624000
931.007731	798.432839	55.999999	61.618000
931.007732	798.427824	56.000000	61.609000
931.007730	798.422627	56.000000	61.601000
931.007727	798.417831	56.000000	61.599000
931.007728	798.412829	56.000001	61.603000
931.007731	798.407807	55.999999	61.612000
931.007731	798.402817	56.000000	61.622000
931.007731	798.397830	56.000000	61.634000
931.007732	798.392833	56.000000	61.645000
931.007730	798.387814	56.000001	61.655000
931.007728	798.382815	56.000000	61.661000
931.007730	798.377424	56.000001	61.662000
931.007731	798.372432	56.000000	61.654000
931.007730	798.367407	56.000001	61.643000
931.007728	798.362412	56.000000	61.639000
931.007730	798.357619	55.999999	61.641000
931.007730	798.352624	56.000001	61.641000
931.007730	798.347602	55.999999	61.634000
931.007728	798.342614	56.000001	61.621000
931.007729	798.337619	55.999999	61.610000
931.007732	798.332622	56.000001	61.605000
931.007732	798.327607	56.000000	61.607000
931.007731	798.322615	56.000000	61.610000
931.007731	798.317614	56.000000	61.609000
931.007729	798.312621	56.000001	61.603000
931.007731	798.307601	56.000000	61.595000
931.007729	798.302408	56.000001	61.586000
931.007728	798.297408	56.000000	61.580000
931.007749	798.295606	55.999998	61.577000
