1054.963977	800.537422	55.999999	51.038000
1054.964671	800.537094	55.999999	51.047000
1054.965230	800.532729	55.999997	51.048000
1054.965409	800.527231	55.999999	51.048000
1054.965500	800.522118	55.999996	51.047000
1054.965517	800.517132	56.000001	51.046000
1054.965508	800.512350	55.999998	51.044000
1054.965521	800.507117	56.000002	51.044000
1054.965514	800.502327	56.000003	51.044000
1054.965511	800.497152	55.999999	51.045000
1054.965510	800.492327	55.999996	51.047000
1054.965509	800.487343	55.999996	51.049000
1054.965501	800.482309	56.000001	51.050000
1054.965503	800.476948	56.000001	51.051000
1054.965494	800.471927	56.000004	51.051000
1054.965499	800.466930	56.000002	51.051000
1054.965493	800.461913	55.999998	51.051000
1054.965496	800.456921	55.999997	51.052000
1054.965494	800.451950	56.000001	51.053000
1054.965496	800.446903	56.000004	51.053000
1054.965491	800.441927	56.000003	51.053000
1054.965491	800.436927	56.000000	51.052000
1054.965493	800.432133	56.000002	51.053000
1054.965494	800.426927	55.999997	51.053000
1054.965493	800.422126	55.999996	51.054000
1054.965491	800.416931	56.000003	51.054000
1054.965490	800.412131	56.000000	51.053000
1054.965490	800.406920	55.999999	51.052000
1054.965491	800.401713	56.000001	51.051000
1054.965486	800.396735	56.000003	51.050000
1054.965488	800.391928	56.000002	51.050000
1054.965488	800.386721	55.999996	51.051000
1054.965491	800.381510	56.000003	51.053000
1054.965491	800.376724	56.000000	51.055000
1054.965491	800.371538	55.999997	51.057000
1054.965489	800.366706	55.999998	51.058000
1054.965493	800.361509	56.000002	51.058000
1054.965491	800.356714	56.000000	51.058000
1054.965489	800.351936	55.999998	51.058000
1054.965487	800.346905	56.000003	51.058000
1054.965491	800.341908	56.000000	51.058000
1054.965489	800.336920	55.999997	51.058000
1054.965488	800.331931	56.000002	51.058000
1054.965487	800.326511	56.000003	51.059000
1054.965487	800.321510	56.000001	51.060000
1054.965485	800.316515	55.999997	51.060000
1054.965489	800.311533	56.000000	51.060000
1054.965489	800.306311	55.999998	51.061000
1054.965490	800.301501	55.999999	51.061000
1054.965489	800.296519	55.999997	51.061000
1054.965488	800.291534	56.000001	51.060000
1054.965489	800.286515	56.000000	51.059000
1054.965487	800.281515	56.000001	51.058000
1054.965489	800.276519	55.999999	51.056000
1054.965490	800.271732	55.999999	51.053000
1054.965490	800.266513	56.000002	51.049000
1054.965489	800.261713	56.000002	51.045000
1054.965489	800.256713	55.999999	51.041000
1054.965491	800.251337	56.000000	51.037000
1054.965491	800.246306	55.999998	51.035000
1054.965490	800.241308	56.000000	51.033000
1054.965492	800.236311	56.000001	51.030000
1054.965490	800.231326	55.999998	51.027000
1054.965491	800.226300	55.999998	51.024000
1054.965490	800.221309	56.000000	51.021000
1054.965491	800.216311	56.000002	51.020000
1054.965490	800.211526	56.000002	51.019000
1054.965490	800.206299	56.000000	51.018000
1054.965492	800.201310	56.000002	51.019000
1054.965491	800.196314	55.999998	51.021000
1054.965491	800.191530	56.000000	51.023000
1054.965488	800.186497	56.000002	51.024000
1054.965489	800.181508	55.999999	51.025000
1054.965492	800.175904	55.999999	51.026000
1054.965490	800.171118	55.999999	51.026000
1054.965491	800.166082	56.000001	51.026000
1054.965489	800.161092	56.000002	51.026000
1054.965489	800.156091	56.000000	51.027000
1054.965488	800.151118	55.999998	51.028000
1054.965490	800.146098	56.000000	51.030000
1054.965489	800.141092	56.000002	51.031000
1054.965490	800.136098	56.000001	51.031000
1054.965492	800.131126	55.999998	51.031000
1054.965490	800.126101	55.999998	51.031000
1054.965490	800.121105	55.999999	51.032000
1054.965489	800.116111	56.000002	51.032000
1054.965487	800.111336	55.999999	51.033000
1054.965489	800.106302	56.000001	51.035000
1054.965488	800.100904	56.000001	51.037000
1054.965492	800.095899	56.000002	51.038000
1054.965492	800.090919	56.000002	51.039000
1054.965494	800.085903	56.000001	51.039000
1054.965490	800.080902	55.999998	51.038000
1054.965490	800.075908	56.000000	51.038000
1054.965492	800.070923	56.000001	51.039000
1054.965490	800.065901	56.000002	51.040000
1054.965489	800.060707	55.999997	51.040000
1054.965493	800.055906	56.000002	51.039000
1054.965491	800.050926	55.999999	51.038000
1054.965491	800.045907	55.999999	51.039000
1054.965490	800.040903	56.000001	51.040000
1054.965491	800.035909	56.000001	51.043000
1054.965490	800.031136	56.000002	51.045000
1054.965488	800.025511	56.000001	51.047000
1054.965489	800.020712	56.000001	51.049000
1054.965488	800.015517	56.000001	51.052000
1054.965491	800.010731	55.999999	51.055000
1054.965491	800.005714	56.000001	51.060000
1054.965491	800.000714	55.999999	51.065000
1054.965493	799.995714	55.999999	51.070000
1054.965492	799.990735	55.999999	51.073000
1054.965490	799.985721	56.000000	51.076000
1054.965490	799.980711	56.000000	51.078000
1054.965490	799.975518	56.000000	51.080000
1054.965491	799.970739	55.999998	51.083000
1054.965492	799.965729	56.000001	51.086000
1054.965491	799.960719	55.999999	51.090000
1054.965488	799.955723	55.999998	51.093000
1054.965493	799.950941	55.999999	51.094000
1054.965489	799.945524	55.999999	51.093000
1054.965490	799.940521	56.000001	51.091000
1054.965488	799.935514	55.999999	51.089000
1054.965487	799.930535	56.000001	51.089000
1054.965490	799.925505	56.000000	51.090000
1054.965491	799.920514	56.000001	51.094000
1054.965491	799.915509	56.000000	51.098000
1054.965488	799.910532	56.000000	51.102000
1054.965488	799.905314	56.000000	51.103000
1054.965489	799.900516	55.999999	51.103000
1054.965490	799.895713	56.000000	51.101000
1054.965489	799.890326	56.000001	51.098000
1054.965493	799.885709	56.000000	51.096000
1054.965490	799.880709	56.000000	51.093000
1054.965493	799.875713	55.999999	51.088000
1054.965486	799.870322	56.000000	51.081000
1054.965486	799.865304	56.000000	51.072000
1054.965488	799.860302	55.999999	51.063000
1054.965488	799.855299	56.000000	51.057000
1054.965488	799.850316	55.999999	51.053000
1054.965491	799.845501	56.000000	51.050000
1054.965489	799.840299	55.999999	51.046000
1054.965489	799.835298	56.000001	51.041000
1054.965487	799.830117	56.000000	51.037000
1054.965488	799.825505	56.000000	51.033000
1054.965490	799.820303	56.000000	51.031000
1054.965491	799.815502	56.000002	51.030000
1054.965485	799.809911	56.000002	51.029000
1054.965489	799.805504	55.999999	51.028000
1054.965489	799.800514	56.000000	51.027000
1054.965489	799.795099	55.999999	51.026000
1054.965488	799.789918	56.000001	51.026000
1054.965489	799.785304	55.999998	51.026000
1054.965487	799.780105	56.000001	51.026000
1054.965487	799.775097	56.000001	51.026000
1054.965486	799.770122	56.000001	51.025000
1054.965488	799.765314	56.000001	51.025000
1054.965488	799.759899	56.000002	51.024000
1054.965489	799.755101	55.999998	51.024000
1054.965486	799.750116	55.999998	51.023000
1054.965489	799.745106	55.999998	51.023000
1054.965486	799.740105	55.999999	51.024000
1054.965488	799.735299	56.000002	51.026000
1054.965487	799.730319	56.000000	51.027000
1054.965490	799.725311	56.000000	51.029000
1054.965488	799.719905	56.000003	51.030000
1054.965485	799.714895	56.000002	51.030000
1054.965488	799.709907	56.000002	51.031000
1054.965488	799.704898	56.000002	51.031000
1054.965489	799.699903	56.000001	51.032000
1054.965491	799.694884	56.000001	51.032000
1054.965488	799.689908	56.000000	51.031000
1054.965489	799.684905	55.999999	51.030000
1054.965487	799.679700	56.000000	51.029000
1054.965490	799.674885	56.000000	51.029000
1054.965489	799.669908	56.000000	51.030000
1054.965487	799.665098	56.000000	51.031000
1054.965488	799.659898	56.000000	51.032000
1054.965491	799.655088	56.000000	51.032000
1054.965487	799.650112	56.000001	51.033000
1054.965488	799.644503	56.000000	51.035000
1054.965490	799.639707	56.000000	51.037000
1054.965489	799.634694	56.000001	51.039000
1054.965490	799.629710	55.999999	51.041000
1054.965490	799.624701	56.000000	51.043000
1054.965488	799.619709	55.999999	51.045000
1054.965489	799.614697	56.000001	51.047000
1054.965492	799.609517	56.000000	51.048000
1054.965490	799.604704	56.000000	51.049000
1054.965490	799.599710	56.000000	51.049000
1054.965492	799.594700	55.999999	51.049000
1054.965491	799.589720	56.000000	51.050000
1054.965489	799.584908	56.000001	51.050000
1054.965491	799.579915	55.999999	51.051000
1054.965489	799.574905	56.000001	51.052000
1054.965490	799.569522	56.000000	51.053000
1054.965490	799.564516	56.000000	51.054000
1054.965489	799.559518	56.000000	51.055000
1054.965491	799.554507	55.999999	51.055000
1054.965491	799.549520	56.000000	51.055000
1054.965489	799.544312	55.999999	51.056000
1054.965492	799.539521	56.000001	51.057000
1054.965491	799.534509	55.999999	51.059000
1054.965490	799.529320	56.000000	51.060000
1054.965492	799.524320	55.999999	51.061000
1054.965487	799.519515	55.999999	51.062000
1054.965489	799.514504	56.000000	51.062000
1054.965488	799.509719	56.000000	51.061000
1054.965491	799.504720	56.000000	51.061000
1054.965492	799.499525	55.999999	51.061000
1054.965493	799.494316	55.999999	51.061000
1054.965493	799.489322	55.999998	51.060000
1054.965494	799.484318	55.999997	51.060000
1054.965492	799.479324	55.999997	51.059000
1054.965493	799.474311	55.999997	51.058000
1054.965492	799.469324	55.999997	51.056000
1054.965492	799.464310	55.999997	51.055000
1054.965487	799.459119	56.000001	51.053000
1054.965490	799.454303	55.999997	51.052000
1054.965492	799.449316	56.000000	51.050000
1054.965492	799.444317	56.000000	51.047000
1054.965491	799.439315	56.000001	51.044000
1054.965492	799.434306	56.000002	51.042000
1054.965491	799.429509	56.000000	51.040000
1054.965487	799.424510	55.999999	51.039000
1054.965490	799.419513	55.999998	51.039000
1054.965490	799.413913	55.999998	51.040000
1054.965487	799.409113	56.000002	51.042000
1054.965490	799.404113	56.000003	51.044000
1054.965488	799.398923	55.999999	51.045000
1054.965490	799.394110	56.000002	51.047000
1054.965492	799.389114	55.999998	51.048000
1054.965491	799.384118	55.999998	51.049000
1054.965488	799.379113	55.999997	51.050000
1054.965492	799.374108	55.999997	51.051000
1054.965490	799.368909	56.000000	51.053000
1054.965493	799.364114	55.999998	51.055000
1054.965489	799.359111	55.999998	51.056000
1054.965492	799.354297	56.000003	51.056000
1054.965487	799.349309	56.000000	51.056000
1054.965491	799.344315	55.999998	51.055000
1054.965491	799.338915	56.000001	51.054000
1054.965488	799.333897	56.000003	51.053000
1054.965489	799.329106	55.999997	51.054000
1054.965489	799.323912	56.000000	51.055000
1054.965488	799.318914	55.999999	51.056000
1054.965491	799.313704	56.000002	51.057000
1054.965491	799.309102	56.000003	51.057000
1054.965486	799.303905	55.999998	51.057000
1054.965489	799.298904	56.000001	51.058000
1054.965489	799.293899	56.000004	51.059000
1054.965492	799.289099	55.999996	51.060000
1054.965486	799.283898	55.999999	51.061000
1054.965490	799.279106	55.999999	51.060000
1054.965490	799.274096	56.000001	51.059000
1054.965488	799.269099	56.000003	51.057000
1054.965490	799.263903	55.999998	51.056000
1054.965490	799.258905	56.000003	51.055000
1054.965486	799.253689	55.999998	51.053000
1054.965489	799.248897	56.000003	51.051000
1054.965488	799.243901	56.000001	51.048000
1054.965489	799.238903	55.999999	51.046000
1054.965488	799.233885	55.999997	51.044000
1054.965490	799.228891	55.999997	51.043000
1054.965490	799.223898	55.999997	51.042000
1054.965490	799.218900	56.000000	51.041000
1054.965490	799.213695	55.999997	51.040000
1054.965493	799.209099	56.000001	51.039000
1054.965489	799.204102	56.000001	51.037000
1054.965490	799.199099	56.000000	51.036000
1054.965488	799.194096	55.999999	51.034000
1054.965489	799.188900	56.000004	51.033000
1054.965488	799.183905	56.000001	51.031000
1054.965490	799.178907	56.000001	51.028000
1054.965484	799.173894	56.000000	51.026000
1054.965490	799.168907	56.000000	51.023000
1054.965488	799.163705	55.999997	51.021000
1054.965487	799.158706	55.999996	51.018000
1054.965489	799.153889	56.000000	51.016000
1054.965490	799.148902	56.000000	51.013000
1054.965488	799.143904	56.000000	51.010000
1054.965488	799.139104	56.000002	51.008000
1054.965489	799.133894	56.000000	51.007000
1054.965487	799.128906	55.999999	51.006000
1054.965491	799.124106	56.000003	51.007000
1054.965489	799.119106	56.000003	51.008000
1054.965487	799.113698	56.000001	51.010000
1054.965487	799.108705	56.000002	51.011000
1054.965485	799.103700	56.000002	51.013000
1054.965488	799.098913	55.999997	51.013000
1054.965487	799.093698	56.000003	51.014000
1054.965487	799.088700	56.000003	51.015000
1054.965488	799.083706	56.000001	51.017000
1054.965489	799.078712	55.999996	51.019000
1054.965491	799.073696	55.999997	51.022000
1054.965492	799.068906	55.999998	51.024000
1054.965487	799.063704	56.000000	51.026000
1054.965491	799.058917	55.999997	51.028000
1054.965490	799.053904	56.000001	51.029000
1054.965487	799.048906	55.999998	51.032000
1054.965485	799.043911	55.999996	51.034000
1054.965488	799.038516	55.999997	51.037000
1054.965487	799.033512	55.999998	51.040000
1054.965486	799.028513	56.000001	51.042000
1054.965488	799.023516	56.000000	51.044000
1054.965487	799.018522	55.999998	51.045000
1054.965485	799.013516	56.000003	51.047000
1054.965486	799.008516	56.000001	51.049000
1054.965488	799.003517	55.999998	51.051000
1054.965488	798.998531	55.999997	51.054000
1054.965489	798.993514	56.000001	51.057000
1054.965488	798.988721	56.000000	51.061000
1054.965489	798.983522	56.000001	51.063000
1054.965488	798.978525	55.999998	51.065000
1054.965488	798.973727	55.999997	51.065000
1054.965486	798.968711	55.999999	51.064000
1054.965491	798.963329	55.999998	51.064000
1054.965487	798.958328	56.000001	51.064000
1054.965489	798.953321	56.000003	51.065000
1054.965488	798.948311	56.000001	51.066000
1054.965490	798.943126	56.000003	51.066000
1054.965490	798.938138	56.000000	51.066000
1054.965490	798.933325	55.999998	51.065000
1054.965490	798.928320	56.000001	51.065000
1054.965488	798.923326	56.000002	51.065000
1054.965490	798.918334	55.999998	51.065000
1054.965490	798.913322	55.999997	51.064000
1054.965488	798.908520	55.999998	51.063000
1054.965489	798.903529	55.999999	51.062000
1054.965488	798.898533	56.000002	51.060000
1054.965489	798.893517	56.000001	51.058000
1054.965492	798.888114	55.999999	51.055000
1054.965491	798.883125	56.000001	51.053000
1054.965489	798.878130	56.000003	51.050000
1054.965492	798.873126	55.999998	51.047000
1054.965491	798.868119	55.999999	51.043000
1054.965494	798.862931	55.999998	51.039000
1054.965493	798.858127	56.000001	51.036000
1054.965490	798.853131	55.999998	51.033000
1054.965491	798.848118	56.000002	51.031000
1054.965489	798.843124	55.999999	51.028000
1054.965490	798.838329	55.999999	51.026000
1054.965489	798.833121	56.000002	51.023000
1054.965489	798.828314	56.000003	51.021000
1054.965487	798.823328	55.999998	51.021000
1054.965487	798.818327	56.000001	51.022000
1054.965491	798.812926	56.000002	51.023000
1054.965492	798.807918	55.999998	51.025000
1054.965492	798.802928	55.999999	51.026000
1054.965492	798.797929	56.000002	51.027000
1054.965490	798.792928	55.999997	51.029000
1054.965490	798.787910	56.000001	51.030000
1054.965492	798.782920	55.999999	51.032000
1054.965490	798.777916	56.000002	51.034000
1054.965488	798.772922	56.000000	51.036000
1054.965491	798.767903	55.999998	51.038000
1054.965489	798.762920	56.000001	51.040000
1054.965490	798.757925	55.999999	51.042000
1054.965489	798.753115	56.000000	51.045000
1054.965491	798.748107	56.000000	51.048000
1054.965490	798.743111	56.000001	51.050000
1054.965491	798.737715	55.999999	51.052000
1054.965491	798.732718	56.000001	51.054000
1054.965491	798.727503	56.000002	51.055000
1054.965489	798.722717	55.999999	51.057000
1054.965490	798.717722	56.000001	51.057000
1054.965494	798.712723	55.999998	51.057000
1054.965492	798.707705	56.000000	51.056000
1054.965491	798.702717	56.000000	51.056000
1054.965490	798.697722	56.000000	51.056000
1054.965491	798.692720	56.000000	51.056000
1054.965492	798.687902	56.000001	51.055000
1054.965490	798.682908	56.000001	51.053000
1054.965493	798.677913	55.999999	51.050000
1054.965491	798.672906	56.000000	51.047000
1054.965489	798.667694	55.999998	51.046000
1054.965489	798.662501	56.000000	51.044000
1054.965486	798.657502	55.999999	51.043000
1054.965490	798.652509	56.000000	51.040000
1054.965487	798.647487	56.000001	51.037000
1054.965490	798.642503	55.999999	51.034000
1054.965491	798.637511	56.000000	51.032000
1054.965489	798.632510	56.000000	51.030000
1054.965488	798.627498	56.000001	51.029000
1054.965489	798.622499	56.000000	51.027000
1054.965489	798.617311	56.000001	51.025000
1054.965490	798.612513	56.000001	51.024000
1054.965490	798.607498	56.000000	51.023000
1054.965488	798.602510	56.000001	51.022000
1054.965488	798.597709	56.000000	51.021000
1054.965490	798.592709	55.999998	51.020000
1054.965491	798.587700	56.000002	51.020000
1054.965490	798.582509	55.999998	51.020000
1054.965488	798.577112	56.000002	51.021000
1054.965490	798.572317	56.000000	51.021000
1054.965489	798.567292	56.000000	51.022000
1054.965489	798.562305	56.000001	51.023000
1054.965489	798.557520	56.000002	51.024000
1054.965489	798.552320	56.000002	51.026000
1054.965491	798.547303	55.999999	51.027000
1054.965486	798.542306	56.000001	51.029000
1054.965487	798.537317	56.000000	51.031000
1054.965491	798.532514	55.999997	51.034000
1054.965486	798.527300	55.999999	51.037000
1054.965488	798.522514	56.000002	51.039000
1054.965489	798.517526	56.000002	51.042000
1054.965488	798.512317	56.000003	51.044000
1054.965490	798.507502	56.000001	51.046000
1054.965489	798.502108	55.999998	51.048000
1054.965485	798.497118	56.000001	51.050000
1054.965486	798.492326	56.000002	51.052000
1054.965491	798.486904	55.999999	51.054000
1054.965490	798.482115	55.999998	51.056000
1054.965486	798.477133	56.000002	51.057000
1054.965489	798.472326	56.000000	51.059000
1054.965486	798.466912	55.999998	51.061000
1054.965489	798.462325	55.999999	51.063000
1054.965488	798.457132	55.999999	51.065000
1054.965489	798.452334	55.999998	51.067000
1054.965487	798.447314	56.000001	51.069000
1054.965490	798.442326	56.000000	51.070000
1054.965487	798.437133	56.000003	51.070000
1054.965488	798.432336	56.000002	51.069000
1054.965489	798.426912	56.000000	51.067000
1054.965488	798.421725	56.000003	51.064000
1054.965490	798.416730	56.000000	51.062000
1054.965491	798.411744	55.999999	51.061000
1054.965492	798.406719	56.000001	51.060000
1054.965492	798.401728	56.000000	51.057000
1054.965492	798.396740	56.000001	51.054000
1054.965492	798.391734	55.999998	51.050000
1054.965490	798.386717	56.000002	51.046000
1054.965493	798.381723	55.999997	51.043000
1054.965488	798.376735	56.000002	51.040000
1054.965489	798.371935	56.000003	51.038000
1054.965493	798.366515	56.000003	51.034000
1054.965487	798.361924	56.000000	51.031000
1054.965490	798.356935	56.000001	51.029000
1054.965488	798.351733	56.000002	51.027000
1054.965491	798.346721	55.999998	51.027000
1054.965486	798.341730	55.999999	51.025000
1054.965491	798.336739	56.000002	51.023000
1054.965490	798.331748	55.999998	51.021000
1054.965490	798.326725	56.000001	51.019000
1054.965489	798.321725	56.000000	51.018000
1054.965489	798.316725	55.999998	51.017000
1054.965487	798.311731	56.000002	51.017000
1054.965489	798.306715	55.999998	51.017000
1054.965493	798.301718	56.000002	51.017000
1054.965491	798.296724	55.999998	51.016000
1054.965487	798.291929	56.000001	51.016000
1054.965488	798.286904	55.999999	51.016000
1054.965489	798.281719	56.000000	51.018000
1054.965491	798.276519	56.000001	51.020000
1054.965491	798.271529	55.999998	51.022000
1054.965493	798.266306	55.999999	51.024000
1054.965492	798.261119	56.000001	51.025000
1054.965491	798.256321	55.999998	51.028000
1054.965490	798.251331	56.000001	51.031000
1054.965490	798.246317	56.000000	51.036000
1054.965492	798.241323	55.999998	51.041000
1054.965488	798.236329	56.000002	51.045000
1054.965487	798.231343	55.999998	51.048000
1054.965488	798.226313	56.000002	51.051000
1054.965493	798.221328	55.999999	51.053000
1054.965488	798.216126	56.000000	51.054000
1054.965491	798.211536	56.000002	51.056000
1054.965490	798.206513	55.999998	51.057000
1054.965491	798.201520	56.000003	51.059000
1054.965492	798.196125	56.000001	51.062000
1054.965491	798.191140	55.999999	51.065000
1054.965493	798.186106	56.000002	51.067000
1054.965490	798.181126	55.999998	51.069000
1054.965492	798.176121	56.000001	51.072000
1054.965490	798.171134	55.999999	51.074000
1054.965489	798.166109	55.999998	51.076000
1054.965490	798.160920	55.999997	51.078000
1054.965491	798.156115	55.999997	51.080000
1054.965490	798.151129	56.000002	51.081000
1054.965494	798.146303	56.000001	51.082000
1054.965493	798.141112	56.000002	51.083000
1054.965491	798.136112	55.999998	51.084000
1054.965493	798.131322	55.999997	51.085000
1054.965491	798.126303	56.000001	51.085000
1054.965490	798.120916	56.000002	51.087000
1054.965489	798.115911	55.999999	51.089000
1054.965490	798.110927	56.000000	51.090000
1054.965489	798.105909	56.000000	51.090000
1054.965487	798.100919	56.000001	51.091000
1054.965488	798.095917	55.999998	51.091000
1054.965489	798.090932	55.999998	51.093000
1054.965489	798.085707	55.999999	51.096000
1054.965488	798.080916	55.999999	51.098000
1054.965491	798.075910	55.999999	51.100000
1054.965489	798.070929	55.999999	51.101000
1054.965487	798.065901	56.000002	51.104000
1054.965492	798.061117	56.000003	51.107000
1054.965489	798.055910	56.000002	51.110000
1054.965490	798.051125	55.999998	51.113000
1054.965490	798.045907	56.000002	51.115000
1054.965488	798.040908	55.999998	51.116000
1054.965490	798.035905	56.000001	51.118000
1054.965489	798.030926	55.999997	51.119000
1054.965487	798.025907	56.000003	51.121000
1054.965488	798.020716	56.000000	51.124000
1054.965488	798.015908	55.999999	51.126000
1054.965489	798.010920	56.000002	51.128000
1054.965490	798.005897	55.999997	51.131000
1054.965489	798.000905	56.000001	51.133000
1054.965490	797.995901	55.999999	51.135000
1054.965488	797.990921	56.000000	51.137000
1054.965489	797.985892	55.999998	51.139000
1054.965490	797.981107	55.999998	51.141000
1054.965488	797.976107	56.000002	51.143000
1054.965490	797.970727	55.999997	51.145000
1054.965487	797.965696	56.000000	51.146000
1054.965488	797.960707	56.000001	51.148000
1054.965489	797.955698	56.000000	51.150000
1054.965485	797.950714	55.999999	51.152000
1054.965488	797.945695	56.000001	51.154000
1054.965491	797.940701	55.999998	51.156000
1054.965489	797.935502	56.000000	51.158000
1054.965492	797.930714	56.000001	51.160000
1054.965488	797.925700	55.999998	51.162000
1054.965488	797.920701	56.000001	51.162000
1054.965486	797.915700	56.000000	51.163000
1054.965487	797.910717	55.999999	51.164000
1054.965488	797.905893	56.000000	51.165000
1054.965488	797.900907	55.999998	51.167000
1054.965490	797.895501	56.000000	51.169000
1054.965487	797.890316	56.000000	51.170000
1054.965489	797.885699	56.000001	51.170000
1054.965488	797.880503	56.000001	51.171000
1054.965490	797.875703	56.000001	51.172000
1054.965491	797.870109	56.000001	51.173000
1054.965490	797.865699	56.000001	51.176000
1054.965486	797.860499	56.000002	51.178000
1054.965490	797.855704	55.999999	51.180000
1054.965489	797.850512	56.000001	51.182000
1054.965488	797.845689	55.999998	51.184000
1054.965491	797.840498	56.000000	51.187000
1054.965486	797.835695	55.999999	51.190000
1054.965488	797.830520	55.999998	51.193000
1054.965488	797.825699	55.999998	51.196000
1054.965487	797.820705	56.000002	51.198000
1054.965491	797.815300	55.999999	51.201000
1054.965490	797.810325	55.999999	51.205000
1054.965491	797.805308	56.000000	51.208000
1054.965489	797.800308	56.000001	51.211000
1054.965490	797.795505	56.000000	51.213000
1054.965490	797.790316	56.000000	51.215000
1054.965489	797.785104	55.999999	51.216000
1054.965489	797.780299	55.999998	51.219000
1054.965491	797.775290	56.000000	51.223000
1054.965486	797.770315	56.000001	51.226000
1054.965489	797.765496	56.000000	51.228000
1054.965490	797.760303	55.999999	51.231000
1054.965491	797.755500	55.999998	51.233000
1054.965491	797.750313	55.999999	51.237000
1054.965486	797.745496	56.000001	51.241000
1054.965492	797.740109	55.999999	51.244000
1054.965491	797.735102	56.000002	51.246000
1054.965492	797.729921	55.999999	51.248000
1054.965490	797.725101	56.000000	51.250000
1054.965495	797.719913	55.999998	51.253000
1054.965490	797.715108	55.999998	51.257000
1054.965490	797.710127	56.000001	51.260000
1054.965492	797.705104	55.999999	51.261000
1054.965491	797.700109	56.000001	51.260000
1054.965491	797.695105	56.000000	51.258000
1054.965490	797.690112	56.000000	51.258000
1054.965487	797.685096	56.000000	51.259000
1054.965492	797.680105	56.000001	51.261000
1054.965490	797.675305	56.000001	51.262000
1054.965489	797.670324	55.999999	51.262000
1054.965493	797.664905	56.000001	51.261000
1054.965491	797.660102	56.000000	51.259000
1054.965491	797.655092	56.000000	51.258000
1054.965492	797.650118	55.999999	51.257000
1054.965487	797.645095	56.000000	51.257000
1054.965489	797.640112	56.000000	51.258000
1054.965490	797.634898	55.999999	51.260000
1054.965493	797.630119	56.000001	51.263000
1054.965491	797.625105	56.000000	51.265000
1054.965491	797.620107	56.000001	51.267000
1054.965490	797.615095	55.999998	51.268000
1054.965490	797.610323	55.999999	51.269000
1054.965489	797.605299	56.000001	51.271000
1054.965488	797.600309	55.999998	51.274000
1054.965492	797.595311	56.000000	51.278000
1054.965490	797.589930	56.000001	51.282000
1054.965490	797.584909	55.999999	51.285000
1054.965490	797.579924	55.999999	51.289000
1054.965489	797.574904	56.000002	51.293000
1054.965492	797.569924	56.000000	51.297000
1054.965488	797.564702	56.000002	51.301000
1054.965491	797.559907	56.000001	51.304000
1054.965489	797.554900	55.999999	51.307000
1054.965491	797.549919	55.999999	51.311000
1054.965491	797.545104	55.999998	51.315000
1054.965494	797.539709	55.999999	51.320000
1054.965491	797.535104	56.000002	51.324000
1054.965491	797.530117	55.999999	51.329000
1054.965491	797.525091	56.000001	51.334000
1054.965490	797.519912	55.999999	51.340000
1054.965490	797.514694	55.999999	51.348000
1054.965490	797.509712	56.000001	51.355000
1054.965491	797.504693	55.999998	51.363000
1054.965494	797.499703	55.999999	51.371000
1054.965494	797.494690	56.000002	51.378000
1054.965493	797.489718	55.999999	51.386000
1054.965492	797.484701	56.000001	51.394000
1054.965487	797.479511	55.999999	51.403000
1054.965491	797.474701	55.999998	51.411000
1054.965492	797.469719	56.000002	51.421000
1054.965487	797.464702	56.000000	51.429000
1054.965488	797.459708	55.999997	51.438000
1054.965494	797.454897	55.999999	51.447000
1054.965492	797.449721	56.000000	51.456000
1054.965491	797.444907	55.999999	51.465000
1054.965491	797.439708	55.999999	51.474000
1054.965490	797.434506	56.000003	51.485000
1054.965489	797.429516	56.000001	51.496000
1054.965490	797.424507	55.999998	51.507000
1054.965488	797.419307	55.999999	51.518000
1054.965490	797.414504	56.000000	51.529000
1054.965487	797.409513	55.999997	51.540000
1054.965490	797.404496	55.999998	51.553000
1054.965490	797.399193	56.000003	51.566000
1054.965491	797.394491	56.000000	51.581000
1054.965489	797.389512	56.000001	51.596000
1054.965488	797.384501	56.000003	51.611000
1054.965492	797.379499	56.000002	51.629000
1054.965490	797.374488	56.000003	51.642000
1054.965488	797.369707	55.999997	51.650000
1054.965491	797.364690	55.999997	51.659000
1054.965491	797.359296	56.000001	51.665000
1054.965488	797.354290	55.999999	51.665000
1054.965489	797.349305	56.000001	0.000000
1054.965488	797.344106	55.999997	0.000000
1054.965487	797.339112	55.999997	0.000000
1054.965487	797.334095	55.999998	0.000000
1054.965491	797.329111	55.999997	0.000000
1054.965487	797.324103	55.999998	0.000000
1054.965488	797.319106	55.999997	0.000000
1054.965487	797.314098	55.999998	0.000000
1054.965490	797.309107	55.999999	0.000000
1054.965487	797.304108	56.000001	0.000000
1054.965486	797.299107	56.000000	0.000000
1054.965490	797.293907	56.000001	0.000000
1054.965489	797.289111	56.000000	0.000000
1054.965492	797.283705	55.999999	0.000000
1054.965493	797.278719	55.999998	0.000000
1054.965490	797.273713	56.000001	0.000000
1054.965492	797.268712	55.999998	0.000000
1054.965488	797.263509	56.000001	0.000000
1054.965491	797.258715	56.000001	0.000000
1054.965491	797.253702	55.999999	0.000000
1054.965491	797.248507	56.000002	0.000000
1054.965492	797.243712	55.999998	0.000000
1054.965491	797.238713	55.999998	0.000000
1054.965490	797.233899	56.000001	0.000000
1054.965487	797.228905	56.000000	0.000000
1054.965488	797.223910	56.000001	0.000000
1054.965489	797.218919	55.999999	0.000000
1054.965488	797.213714	56.000001	0.000000
1054.965490	797.208507	56.000000	0.000000
1054.965489	797.203305	56.000002	0.000000
1054.965488	797.198314	56.000003	0.000000
1054.965489	797.193110	55.999997	0.000000
1054.965488	797.188496	55.999998	0.000000
1054.965490	797.183310	56.000003	0.000000
1054.965490	797.178509	55.999997	0.000000
1054.965491	797.172910	55.999998	0.000000
1054.965489	797.168300	56.000001	0.000000
1054.965491	797.163298	56.000001	0.000000
1054.965491	797.158508	55.999997	0.000000
1054.965490	797.153301	56.000000	0.000000
1054.965488	797.148501	55.999998	0.000000
1054.965491	797.143509	55.999997	0.000000
1054.965489	797.138511	55.999999	0.000000
1054.965490	797.133105	55.999998	0.000000
1054.965488	797.128103	56.000000	0.000000
1054.965490	797.123108	56.000000	0.000000
1054.965491	797.118115	56.000000	0.000000
1054.965490	797.113108	56.000000	0.000000
1054.965491	797.108101	56.000000	0.000000
1054.965491	797.103099	56.000000	0.000000
1054.965490	797.098115	56.000001	0.000000
1054.965489	797.093106	55.999999	0.000000
1054.965491	797.087907	56.000002	0.000000
1054.965488	797.083111	55.999999	0.000000
1054.965489	797.077919	56.000003	0.000000
1054.965492	797.073107	55.999996	0.000000
1054.965488	797.068103	55.999998	0.000000
1054.965492	797.063295	56.000002	0.000000
1054.965491	797.057921	56.000000	0.000000
1054.965492	797.052910	55.999998	0.000000
1054.965486	797.047688	56.000003	0.000000
1054.965488	797.042885	55.999997	0.000000
1054.965491	797.037927	55.999998	0.000000
1054.965492	797.032903	56.000000	0.000000
1054.965487	797.027909	55.999999	0.000000
1054.965487	797.022927	55.999999	0.000000
1054.965489	797.017921	55.999998	0.000000
1054.965490	797.012894	56.000000	0.000000
1054.965490	797.007491	55.999997	0.000000
1054.965493	797.002913	55.999999	0.000000
1054.965487	796.997928	56.000000	0.000000
1054.965490	796.993102	55.999997	0.000000
1054.965492	796.988098	55.999998	0.000000
1054.965491	796.982902	56.000003	0.000000
1054.965491	796.977914	56.000001	0.000000
1054.965489	796.972907	55.999999	0.000000
1054.965492	796.967909	56.000000	0.000000
1054.965490	796.962891	56.000002	0.000000
1054.965491	796.957907	55.999999	0.000000
1054.965491	796.952907	56.000001	0.000000
1054.965492	796.947895	56.000000	0.000000
1054.965490	796.942891	55.999999	0.000000
1054.965488	796.937914	56.000002	0.000000
1054.965491	796.932912	56.000003	0.000000
1054.965490	796.927694	55.999997	0.000000
1054.965488	796.922897	55.999997	0.000000
1054.965492	796.918122	56.000000	0.000000
1054.965490	796.913106	55.999997	0.000000
1054.965487	796.907689	55.999999	0.000000
1054.965489	796.902689	55.999998	0.000000
1054.965490	796.897708	55.999997	0.000000
1054.965484	796.892719	56.000000	0.000000
1054.965488	796.887699	56.000002	0.000000
1054.965489	796.882507	55.999998	0.000000
1054.965487	796.877702	55.999998	0.000000
1054.965488	796.872706	56.000004	0.000000
1054.965488	796.867697	56.000002	0.000000
1054.965490	796.862297	56.000003	0.000000
1054.965488	796.857916	56.000000	0.000000
1054.965486	796.852710	56.000002	0.000000
1054.965487	796.847688	56.000000	0.000000
1054.965486	796.842707	55.999998	0.000000
1054.965489	796.837913	55.999998	0.000000
1054.965488	796.832517	55.999997	0.000000
1054.965485	796.827492	56.000002	0.000000
1054.965489	796.822307	55.999998	0.000000
1054.965489	796.817515	56.000000	0.000000
1054.965492	796.812509	56.000000	0.000000
1054.965485	796.807493	55.999997	0.000000
1054.965487	796.802508	56.000000	0.000000
1054.965488	796.797523	56.000004	0.000000
1054.965489	796.792520	55.999998	0.000000
1054.965489	796.787495	55.999998	0.000000
1054.965487	796.782513	56.000003	0.000000
1054.965488	796.777513	55.999998	0.000000
1054.965489	796.772713	55.999998	0.000000
1054.965487	796.767703	56.000001	0.000000
1054.965488	796.762709	55.999998	0.000000
1054.965490	796.757515	55.999999	0.000000
1054.965488	796.752514	55.999998	0.000000
1054.965490	796.747309	55.999999	0.000000
1054.965489	796.742513	55.999998	0.000000
1054.965488	796.737524	55.999999	0.000000
1054.965487	796.732523	56.000003	0.000000
1054.965489	796.727511	55.999999	0.000000
1054.965489	796.722514	55.999998	0.000000
1054.965489	796.717519	56.000004	0.000000
1054.965489	796.712524	55.999998	0.000000
1054.965488	796.707508	55.999999	0.000000
1054.965487	796.702512	56.000003	0.000000
1054.965490	796.697510	55.999997	0.000000
1054.965489	796.692714	55.999998	0.000000
1054.965487	796.687703	56.000001	0.000000
1054.965490	796.682510	55.999996	0.000000
1054.965489	796.677511	55.999999	0.000000
1054.965490	796.672504	56.000003	0.000000
1054.965489	796.667292	56.000000	0.000000
1054.965488	796.662510	55.999998	0.000000
1054.965492	796.657318	55.999999	0.000000
1054.965490	796.652520	56.000000	0.000000
1054.965488	796.647499	55.999998	0.000000
1054.965489	796.642505	56.000002	0.000000
1054.965488	796.637516	55.999997	0.000000
1054.965485	796.632511	55.999998	0.000000
1054.965490	796.627503	56.000002	0.000000
1054.965489	796.622510	55.999998	0.000000
1054.965490	796.617515	55.999998	0.000000
1054.965489	796.612713	55.999997	0.000000
1054.965489	796.607296	55.999998	0.000000
1054.965489	796.602308	56.000002	0.000000
1054.965490	796.597320	55.999998	0.000000
1054.965489	796.592509	56.000000	0.000000
1054.965490	796.587294	56.000002	0.000000
1054.965490	796.582503	56.000001	0.000000
1054.965490	796.577119	56.000002	0.000000
1054.965489	796.572512	56.000000	0.000000
1054.965491	796.567302	55.999998	0.000000
1054.965489	796.562520	55.999997	0.000000
1054.965492	796.557314	56.000001	0.000000
1054.965489	796.552520	56.000001	0.000000
1054.965491	796.547503	55.999999	0.000000
1054.965491	796.542507	56.000001	0.000000
1054.965488	796.537315	56.000000	0.000000
1054.965490	796.532120	55.999999	0.000000
1054.965489	796.527097	56.000000	0.000000
1054.965489	796.522102	56.000001	0.000000
1054.965488	796.516713	56.000000	0.000000
1054.965488	796.512322	56.000000	0.000000
1054.965490	796.507097	56.000000	0.000000
1054.965491	796.502100	56.000000	0.000000
1054.965490	796.497115	56.000000	0.000000
1054.965490	796.492315	56.000000	0.000000
1054.965491	796.487100	56.000000	0.000000
1054.965490	796.482109	56.000000	0.000000
1054.965491	796.477117	56.000000	0.000000
1054.965489	796.472309	56.000000	0.000000
1054.965492	796.467296	56.000000	0.000000
1054.965488	796.462104	55.999999	0.000000
1054.965491	796.456910	56.000000	0.000000
1054.965492	796.451910	56.000001	0.000000
1054.965492	796.446900	56.000000	0.000000
1054.965492	796.441901	56.000000	0.000000
1054.965490	796.436914	56.000000	0.000000
1054.965494	796.431909	55.999999	0.000000
1054.965491	796.426894	56.000000	0.000000
1054.965491	796.421699	55.999999	0.000000
1054.965492	796.416707	56.000000	0.000000
1054.965492	796.411706	56.000000	0.000000
1054.965493	796.406691	55.999999	0.000000
1054.965495	796.401702	56.000000	0.000000
1054.965490	796.396708	55.999999	0.000000
1054.965491	796.391908	55.999999	0.000000
1054.965488	796.386887	56.000002	0.000000
1054.965491	796.381895	55.999999	0.000000
1054.965490	796.376498	55.999998	0.000000
1054.965490	796.371513	55.999999	0.000000
1054.965489	796.366287	55.999999	0.000000
1054.965489	796.361494	56.000000	0.000000
1054.965491	796.356498	56.000002	0.000000
1054.965492	796.351515	56.000001	0.000000
1054.965487	796.346483	55.999998	0.000000
1054.965489	796.341492	56.000000	0.000000
1054.965490	796.336494	56.000002	0.000000
1054.965488	796.331309	55.999999	0.000000
1054.965491	796.326491	55.999998	0.000000
1054.965492	796.321687	55.999998	0.000000
1054.965488	796.316507	56.000000	0.000000
1054.965488	796.311520	56.000002	0.000000
1054.965489	796.306697	56.000000	0.000000
1054.965489	796.301702	56.000001	0.000000
1054.965489	796.296307	56.000001	0.000000
1054.965491	796.291316	56.000002	0.000000
1054.965490	796.286299	56.000000	0.000000
1054.965490	796.281302	55.999997	0.000000
1054.965488	796.276306	55.999998	0.000000
1054.965488	796.271313	56.000002	0.000000
1054.965490	796.266298	56.000002	0.000000
1054.965490	796.261307	56.000002	0.000000
1054.965490	796.256302	56.000001	0.000000
1054.965488	796.251322	56.000002	0.000000
1054.965488	796.246298	56.000000	0.000000
1054.965491	796.241305	56.000001	0.000000
1054.965488	796.236309	56.000002	0.000000
1054.965490	796.231518	55.999998	0.000000
1054.965491	796.226500	55.999999	0.000000
1054.965491	796.221097	55.999999	0.000000
1054.965490	796.216105	55.999999	0.000000
1054.965491	796.211117	55.999999	0.000000
1054.965490	796.206109	56.000000	0.000000
1054.965488	796.201106	55.999998	0.000000
1054.965489	796.196111	55.999999	0.000000
1054.965488	796.191125	55.999999	0.000000
1054.965488	796.186106	55.999998	0.000000
1054.965491	796.181108	55.999998	0.000000
1054.965488	796.176108	55.999999	0.000000
1054.965492	796.171330	56.000002	0.000000
1054.965489	796.166106	55.999999	0.000000
1054.965487	796.161106	56.000001	0.000000
1054.965491	796.156311	56.000001	0.000000
1054.965488	796.151323	56.000001	0.000000
1054.965488	796.145904	56.000002	0.000000
1054.965487	796.140901	56.000003	0.000000
1054.965488	796.135900	56.000000	0.000000
1054.965490	796.130725	56.000002	0.000000
1054.965489	796.125902	55.999999	0.000000
1054.965489	796.120904	56.000000	0.000000
1054.965488	796.115907	56.000001	0.000000
1054.965487	796.110930	56.000002	0.000000
1054.965489	796.105705	56.000001	0.000000
1054.965488	796.100908	56.000001	0.000000
1054.965489	796.095912	56.000001	0.000000
1054.965489	796.090929	56.000000	0.000000
1054.965489	796.085710	56.000001	0.000000
1054.965486	796.081106	55.999999	0.000000
1054.965487	796.076113	56.000001	0.000000
1054.965489	796.070731	56.000000	0.000000
1054.965488	796.065697	56.000000	0.000000
1054.965486	796.060706	56.000000	0.000000
1054.965488	796.055702	55.999999	0.000000
1054.965490	796.050726	56.000000	0.000000
1054.965488	796.045901	56.000001	0.000000
1054.965487	796.040899	55.999999	0.000000
1054.965489	796.035704	56.000000	0.000000
1054.965488	796.030719	56.000000	0.000000
1054.965489	796.025889	56.000001	0.000000
1054.965489	796.020901	56.000000	0.000000
1054.965489	796.015892	56.000000	0.000000
1054.965487	796.010911	56.000000	0.000000
1054.965489	796.005895	56.000000	0.000000
1054.965487	796.000898	56.000001	0.000000
1054.965490	795.995484	56.000000	0.000000
1054.965491	795.990507	56.000001	0.000000
1054.965489	795.985490	56.000000	0.000000
1054.965488	795.980498	56.000000	0.000000
1054.965489	795.975488	56.000000	0.000000
1054.965492	795.970505	56.000000	0.000000
1054.965490	795.965491	56.000000	0.000000
1054.965492	795.960519	55.999999	0.000000
1054.965492	795.955515	56.000000	0.000000
1054.965491	795.950512	56.000000	0.000000
1054.965489	795.945680	56.000000	0.000000
1054.965494	795.940486	56.000000	0.000000
1054.965491	795.935716	55.999999	0.000000
1054.965487	795.930736	56.000000	0.000000
1054.965490	795.925705	56.000000	0.000000
1054.965492	795.920095	55.999998	0.000000
1054.965486	795.915304	56.000002	0.000000
1054.965494	795.910302	56.000002	0.000000
1054.965499	795.905308	56.000002	0.000000
1054.965490	795.900301	56.000002	0.000000
1054.965489	795.895263	56.000001	0.000000
1054.965491	795.890314	56.000000	0.000000
1054.965490	795.885345	56.000000	0.000000
1054.965495	795.880302	55.999999	0.000000
1054.965493	795.875273	55.999999	0.000000
1054.965491	795.870331	56.000000	0.000000
1054.965492	795.865523	55.999998	0.000000
1054.965492	795.860325	56.000000	0.000000
1054.965493	795.855518	55.999998	0.000000
1054.965492	795.850511	55.999999	0.000000
1054.965490	795.845517	55.999998	0.000000
1054.965491	795.840119	55.999999	0.000000
1054.965495	795.835307	56.000002	0.000000
1054.965490	795.830341	56.000001	0.000000
1054.965491	795.825318	56.000000	0.000000
1054.965492	795.820308	55.999999	0.000000
1054.965492	795.815314	56.000001	0.000000
1054.965490	795.810338	56.000000	0.000000
1054.965488	795.805121	56.000000	0.000000
1054.965490	795.800317	56.000000	0.000000
1054.965493	795.795306	56.000000	0.000000
1054.965491	795.790526	56.000001	0.000000
1054.965489	795.785517	56.000000	0.000000
1054.965492	795.780523	56.000000	0.000000
1054.965491	795.775314	56.000002	0.000000
1054.965490	795.770525	55.999997	0.000000
1054.965490	795.765121	56.000001	0.000000
1054.965491	795.760120	56.000002	0.000000
1054.965491	795.755109	56.000002	0.000000
1054.965491	795.750133	56.000002	0.000000
1054.965490	795.745117	56.000002	0.000000
1054.965490	795.740124	55.999998	0.000000
1054.965485	795.734714	56.000001	0.000000
1054.965492	795.730123	55.999998	0.000000
1054.965491	795.725112	55.999998	0.000000
1054.965490	795.720121	55.999998	0.000000
1054.965490	795.715313	56.000001	0.000000
1054.965489	795.710131	55.999998	0.000000
1054.965488	795.705108	55.999999	0.000000
1054.965491	795.700315	56.000000	0.000000
1054.965490	795.695307	55.999999	0.000000
1054.965493	795.690123	56.000000	0.000000
1054.965490	795.685115	55.999999	0.000000
1054.965488	795.680116	56.000000	0.000000
1054.965491	795.675108	56.000000	0.000000
1054.965491	795.670111	56.000000	0.000000
1054.965494	795.665098	56.000001	0.000000
1054.965490	795.660111	56.000000	0.000000
1054.965489	795.655103	55.999999	0.000000
1054.965488	795.650116	56.000000	0.000000
1054.965490	795.645103	56.000000	0.000000
1054.965490	795.640098	56.000000	0.000000
1054.965489	795.635291	56.000000	0.000000
1054.965489	795.630108	56.000000	0.000000
1054.965491	795.625299	56.000000	0.000000
1054.965490	795.620299	55.999999	0.000000
1054.965488	795.614896	56.000001	0.000000
1054.965488	795.609701	56.000000	0.000000
1054.965488	795.604903	56.000000	0.000000
1054.965487	795.599902	56.000001	0.000000
1054.965488	795.594896	56.000000	51.674000
1054.965489	795.589913	56.000000	52.069000
1054.965489	795.584897	56.000001	52.540000
1054.965489	795.579905	56.000000	53.090000
1054.965487	795.574897	56.000001	53.561000
1054.965490	795.569711	55.999999	54.033000
1054.965491	795.565101	56.000001	54.583000
1054.965488	795.559900	56.000001	55.055000
1054.965491	795.554898	56.000003	55.604000
1054.965490	795.549903	56.000002	56.075000
1054.965491	795.544899	56.000001	56.547000
1054.965489	795.539704	56.000001	57.097000
1054.965487	795.534687	56.000000	57.725000
1054.965486	795.529498	55.999997	58.353000
1054.965489	795.524696	56.000002	58.981000
1054.965491	795.519700	56.000002	59.763000
1054.965488	795.514684	56.000002	60.623000
1054.965490	795.509701	56.000003	61.556000
1054.965488	795.504695	56.000000	61.739000
1054.965489	795.499702	56.000000	61.772000
1054.965488	795.494690	56.000001	61.804000
1054.965489	795.489704	56.000002	61.836000
1054.965489	795.484697	56.000002	61.863000
1054.965488	795.479899	56.000001	61.881000
1054.965489	795.474708	56.000001	61.893000
1054.965489	795.469709	56.000002	61.902000
1054.965489	795.464507	55.999998	61.910000
1054.965490	795.459516	55.999997	61.916000
1054.965488	795.454500	56.000000	61.921000
1054.965489	795.449311	55.999997	61.924000
1054.965487	795.444516	56.000002	61.924000
1054.965489	795.439512	56.000000	61.921000
1054.965488	795.434497	55.999998	61.915000
1054.965490	795.429507	55.999996	61.909000
1054.965485	795.424515	55.999997	61.907000
1054.965487	795.419510	55.999998	61.905000
1054.965490	795.414496	55.999998	61.903000
1054.965485	795.409499	55.999997	61.899000
1054.965487	795.404708	56.000002	61.897000
1054.965490	795.399733	56.000003	61.915000
1054.965490	795.394690	56.000003	61.925000
1054.965488	795.389300	56.000001	61.938000
1054.965491	795.384115	56.000002	61.954000
1054.965490	795.379309	56.000002	61.969000
1054.965491	795.374298	56.000002	61.980000
1054.965488	795.369307	56.000001	61.987000
1054.965486	795.364329	55.999999	61.988000
1054.965488	795.359328	56.000001	61.983000
1054.965489	795.354295	56.000001	61.976000
1054.965488	795.349297	56.000000	61.968000
1054.965489	795.344331	56.000001	61.962000
1054.965487	795.339319	56.000002	61.957000
1054.965490	795.334308	56.000002	61.955000
1054.965488	795.329508	55.999997	61.954000
1054.965487	795.324514	55.999997	61.949000
1054.965488	795.319523	55.999996	61.944000
1054.965491	795.314112	56.000002	61.941000
1054.965493	795.309114	56.000001	61.944000
1054.965490	795.304104	56.000001	61.948000
1054.965495	795.299122	56.000001	61.951000
1054.965490	795.294116	56.000000	61.951000
1054.965489	795.289306	56.000002	61.948000
1054.965489	795.284126	56.000000	61.943000
1054.965487	795.279331	56.000003	61.938000
1054.965491	795.274113	55.999998	61.934000
1054.965489	795.269097	55.999998	61.935000
1054.965489	795.263901	55.999999	61.940000
1054.965493	795.259129	55.999998	61.946000
1054.965490	795.254312	56.000003	61.950000
1054.965489	795.249292	56.000003	61.951000
1054.965490	795.244119	55.999997	61.949000
1054.965490	795.238938	56.000000	61.944000
1054.965492	795.233925	56.000000	61.937000
1054.965491	795.228901	56.000002	61.929000
1054.965492	795.223703	55.999997	61.923000
1054.965488	795.219122	55.999999	61.917000
1054.965491	795.213918	56.000002	61.912000
1054.965492	795.208919	56.000002	61.907000
1054.965490	795.203913	55.999999	61.904000
1054.965491	795.198911	55.999998	61.906000
1054.965492	795.193902	55.999998	61.915000
1054.965491	795.189105	56.000001	61.927000
1054.965491	795.183907	56.000001	61.938000
1054.965489	795.178911	56.000003	61.946000
1054.965491	795.174098	55.999997	61.951000
1054.965491	795.169100	55.999999	61.952000
1054.965491	795.163718	55.999996	61.952000
1054.965491	795.158717	56.000000	61.952000
1054.965489	795.153711	56.000003	61.953000
1054.965489	795.148699	56.000002	61.954000
1054.965492	795.143712	56.000000	61.957000
1054.965492	795.138726	55.999997	61.959000
1054.965488	795.133707	56.000002	61.959000
1054.965490	795.128501	55.999997	61.958000
1054.965491	795.123715	55.999998	61.954000
1054.965492	795.118529	56.000000	61.951000
1054.965489	795.113715	55.999996	61.946000
1054.965489	795.108908	55.999999	61.934000
1054.965491	795.103711	56.000002	61.917000
1054.965488	795.098913	56.000001	61.903000
1054.965490	795.093910	56.000003	61.902000
1054.965490	795.088507	56.000003	61.909000
1054.965488	795.083511	55.999998	61.919000
1054.965489	795.078524	55.999997	61.930000
1054.965488	795.073510	55.999999	61.942000
1054.965490	795.068713	55.999997	61.954000
1054.965490	795.063510	56.000002	61.965000
1054.965491	795.058521	55.999998	61.975000
1054.965490	795.053515	55.999996	61.981000
1054.965490	795.048515	56.000000	61.979000
1054.965490	795.043508	56.000002	61.966000
1054.965493	795.038520	56.000001	61.949000
1054.965488	795.033516	55.999996	61.939000
1054.965491	795.028713	55.999998	61.940000
1054.965491	795.023717	55.999998	61.944000
1054.965490	795.018523	55.999998	61.943000
1054.965488	795.013312	56.000002	61.938000
1054.965487	795.008313	55.999997	61.933000
1054.965491	795.003318	56.000002	61.935000
1054.965489	794.998325	56.000002	61.940000
1054.965491	794.993311	55.999997	61.944000
1054.965490	794.988304	56.000002	61.943000
1054.965491	794.983318	56.000002	61.939000
1054.965492	794.978314	55.999997	61.935000
1054.965487	794.973306	55.999998	61.933000
1054.965487	794.968304	56.000004	61.935000
1054.965488	794.963314	55.999998	61.937000
1054.965488	794.958317	55.999999	61.937000
1054.965487	794.953301	56.000003	61.935000
1054.965489	794.948504	56.000002	61.932000
1054.965492	794.943511	55.999997	61.930000
1054.965491	794.938319	56.000002	61.931000
1054.965490	794.933310	55.999997	61.934000
1054.965486	794.928302	56.000001	61.937000
1054.965488	794.923320	56.000000	61.941000
1054.965486	794.918320	56.000001	61.943000
1054.965490	794.913312	55.999999	61.946000
1054.965488	794.908298	56.000002	61.950000
1054.965490	794.903314	56.000000	61.955000
1054.965490	794.898512	56.000001	61.959000
1054.965489	794.893110	56.000001	61.961000
1054.965492	794.888306	55.999998	61.956000
1054.965491	794.883319	56.000003	61.944000
1054.965488	794.878310	55.999997	61.927000
1054.965489	794.873305	56.000001	61.912000
1054.965490	794.868498	55.999999	61.904000
1054.965489	794.863107	56.000000	61.907000
1054.965485	794.858108	55.999998	61.912000
1054.965487	794.853100	56.000000	61.917000
1054.965488	794.847890	55.999999	61.918000
1054.965488	794.843107	56.000002	61.915000
1054.965490	794.838104	55.999998	61.910000
1054.965490	794.833101	56.000001	61.908000
1054.965490	794.827893	56.000001	61.909000
1054.965489	794.823108	55.999998	61.913000
1054.965488	794.818116	56.000002	61.917000
1054.965488	794.812904	56.000002	61.921000
1054.965488	794.808100	56.000000	61.924000
1054.965487	794.803109	56.000001	61.924000
1054.965489	794.798109	56.000000	61.924000
1054.965490	794.793302	55.999999	61.924000
1054.965489	794.787902	56.000000	61.922000
1054.965487	794.782909	56.000000	61.921000
1054.965488	794.777915	55.999999	61.918000
1054.965490	794.772908	56.000000	61.915000
1054.965491	794.767899	56.000000	61.913000
1054.965487	794.762914	56.000000	61.912000
1054.965490	794.757916	56.000001	61.913000
1054.965489	794.752915	55.999999	61.916000
1054.965493	794.747907	56.000001	61.920000
1054.965487	794.742920	55.999999	61.923000
1054.965488	794.737925	56.000001	61.924000
1054.965486	794.732922	56.000002	61.923000
1054.965491	794.727506	55.999999	61.919000
1054.965488	794.723120	56.000002	61.913000
1054.965491	794.717922	56.000000	61.907000
1054.965489	794.712720	56.000000	61.901000
1054.965491	794.707706	56.000001	61.900000
1054.965488	794.702717	55.999998	61.902000
1054.965490	794.697723	56.000001	61.907000
1054.965493	794.692523	56.000001	61.911000
1054.965490	794.687709	55.999999	61.914000
1054.965492	794.682715	55.999999	61.914000
1054.965492	794.677726	56.000000	61.913000
1054.965490	794.672723	56.000002	61.912000
1054.965488	794.667706	55.999999	61.910000
1054.965491	794.662519	56.000001	61.907000
1054.965491	794.657722	56.000000	61.900000
1054.965490	794.652716	56.000001	61.891000
1054.965488	794.647702	55.999998	61.883000
1054.965490	794.642714	56.000000	61.880000
1054.965492	794.637315	55.999999	61.882000
1054.965492	794.632512	56.000001	61.887000
1054.965492	794.627496	55.999998	61.890000
1054.965494	794.622509	56.000002	61.889000
1054.965491	794.617511	56.000000	61.886000
1054.965490	794.612512	55.999999	61.882000
1054.965490	794.607492	56.000001	61.880000
1054.965492	794.602512	55.999998	61.880000
1054.965490	794.597513	56.000000	61.882000
1054.965489	794.592308	56.000001	61.883000
1054.965490	794.587496	55.999999	61.886000
1054.965495	794.582509	55.999999	61.889000
1054.965488	794.577306	56.000000	61.892000
1054.965493	794.572511	55.999999	61.891000
1054.965490	794.567492	56.000000	61.882000
1054.965491	794.562304	55.999999	61.862000
1054.965493	794.557306	55.999999	61.844000
1054.965490	794.552309	56.000001	61.831000
1054.965492	794.547292	56.000001	61.826000
1054.965492	794.542303	56.000000	61.827000
1054.965494	794.537304	56.000001	61.833000
1054.965491	794.532505	55.999998	61.841000
1054.965492	794.527494	56.000003	61.850000
1054.965497	794.522095	55.999999	61.861000
1054.965491	794.517311	55.999999	61.873000
1054.965494	794.512500	56.000002	61.885000
1054.965492	794.507297	56.000001	61.897000
1054.965492	794.502506	55.999998	61.909000
1054.965492	794.497307	56.000000	61.921000
1054.965489	794.492502	55.999998	61.931000
1054.965493	794.487093	55.999999	61.939000
1054.965490	794.482097	55.999998	61.943000
1054.965491	794.477113	56.000001	61.943000
1054.965491	794.472115	56.000001	61.943000
1054.965490	794.467102	55.999997	61.943000
1054.965490	794.462108	56.000003	61.944000
1054.965492	794.457122	55.999997	61.945000
1054.965491	794.452119	56.000002	61.946000
1054.965491	794.447106	55.999998	61.947000
1054.965491	794.441910	55.999997	61.949000
1054.965490	794.437127	55.999997	61.950000
1054.965492	794.432127	56.000002	61.947000
1054.965490	794.426903	56.000002	61.938000
1054.965490	794.422311	55.999997	61.924000
1054.965489	794.417326	56.000003	61.912000
1054.965491	794.411923	56.000000	61.903000
1054.965491	794.406908	55.999999	61.899000
1054.965488	794.401719	56.000000	61.893000
1054.965491	794.396921	56.000002	61.886000
1054.965492	794.391931	55.999997	61.881000
1054.965490	794.386901	56.000000	61.879000
1054.965490	794.381920	55.999998	61.879000
1054.965489	794.376724	56.000001	61.881000
1054.965489	794.371732	55.999998	61.884000
1054.965492	794.366714	56.000003	61.886000
1054.965487	794.361522	56.000001	61.889000
1054.965488	794.356729	56.000002	61.892000
1054.965492	794.351747	56.000000	61.894000
1054.965490	794.346922	56.000000	61.894000
1054.965490	794.341931	55.999999	61.892000
1054.965486	794.336533	56.000001	61.886000
1054.965485	794.331540	55.999998	61.879000
1054.965488	794.326521	56.000001	61.872000
1054.965491	794.321516	55.999998	61.869000
1054.965487	794.316519	56.000002	61.870000
1054.965491	794.311532	55.999998	61.874000
1054.965488	794.306505	56.000001	61.878000
1054.965489	794.301517	56.000000	61.881000
1054.965490	794.296121	55.999998	61.883000
1054.965489	794.291534	56.000000	61.883000
1054.965490	794.286515	56.000001	61.883000
1054.965488	794.281514	56.000002	61.884000
1054.965489	794.276320	56.000001	61.887000
1054.965490	794.271536	55.999999	61.889000
1054.965489	794.266511	56.000001	61.892000
1054.965489	794.261314	56.000000	61.893000
1054.965490	794.256320	56.000000	61.893000
1054.965486	794.251335	55.999999	61.891000
1054.965493	794.246113	55.999999	61.887000
1054.965491	794.241312	56.000001	61.880000
1054.965487	794.236322	55.999999	61.873000
1054.965487	794.231337	56.000000	61.867000
1054.965488	794.226309	56.000000	61.863000
1054.965488	794.221315	56.000000	61.862000
1054.965489	794.216320	55.999999	61.864000
1054.965488	794.211334	56.000000	61.867000
1054.965492	794.206309	55.999999	61.871000
1054.965491	794.201316	56.000000	61.874000
1054.965490	794.196317	56.000000	61.875000
1054.965489	794.191326	56.000000	61.876000
1054.965490	794.186103	55.999999	61.877000
1054.965490	794.181106	56.000000	61.878000
1054.965489	794.176113	56.000001	61.881000
1054.965490	794.171124	56.000001	61.885000
1054.965491	794.166102	56.000000	61.890000
1054.965489	794.161111	55.999999	61.892000
1054.965490	794.156114	56.000000	61.892000
1054.965488	794.151124	56.000001	61.890000
1054.965488	794.146100	55.999999	61.884000
1054.965489	794.141110	56.000002	61.876000
1054.965488	794.136103	56.000000	61.868000
1054.965489	794.131122	56.000002	61.862000
1054.965490	794.126090	55.999999	61.858000
1054.965495	794.121099	56.000002	61.856000
1054.965490	794.115901	56.000003	61.855000
1054.965492	794.110915	55.999999	61.853000
1054.965490	794.105897	55.999999	61.852000
1054.965492	794.100901	56.000002	61.851000
1054.965490	794.095898	55.999998	61.851000
1054.965492	794.090919	56.000003	61.852000
1054.965487	794.085894	55.999998	61.854000
1054.965492	794.080706	55.999999	61.858000
1054.965490	794.075694	56.000001	61.862000
1054.965490	794.070718	56.000002	61.867000
1054.965490	794.065886	56.000001	61.872000
1054.965491	794.060896	55.999998	61.874000
1054.965493	794.055901	56.000001	61.873000
1054.965492	794.050711	56.000001	61.867000
1054.965491	794.046094	56.000001	61.858000
1054.965490	794.040896	56.000001	61.853000
1054.965492	794.035694	56.000001	61.854000
1054.965494	794.030725	55.999999	61.860000
1054.965493	794.025699	56.000000	61.869000
1054.965493	794.020703	55.999999	61.877000
1054.965493	794.015698	55.999999	61.884000
1054.965491	794.010528	55.999999	61.888000
1054.965488	794.005904	55.999999	61.889000
1054.965491	794.000712	55.999999	61.891000
1054.965495	793.995916	56.000001	61.893000
1054.965490	793.990730	56.000001	61.898000
1054.965490	793.985912	56.000000	61.905000
1054.965490	793.980711	56.000001	61.913000
1054.965491	793.975918	56.000000	61.918000
1054.965489	793.970931	56.000000	61.916000
1054.965492	793.965901	55.999999	61.905000
1054.965490	793.960514	56.000001	61.890000
1054.965492	793.955498	56.000000	61.884000
1054.965489	793.950513	55.999999	61.889000
1054.965491	793.945311	55.999999	61.898000
1054.965489	793.940508	56.000002	61.905000
1054.965493	793.935502	55.999997	61.906000
1054.965489	793.930317	55.999998	61.902000
1054.965489	793.925494	55.999999	61.896000
1054.965490	793.920505	56.000002	61.891000
1054.965489	793.915499	55.999998	61.889000
1054.965491	793.910515	56.000001	61.886000
1054.965489	793.905697	55.999998	61.882000
1054.965491	793.900499	55.999999	61.877000
1054.965489	793.895498	56.000001	61.871000
1054.965491	793.890316	55.999997	61.866000
1054.965491	793.885696	56.000001	61.862000
1054.965492	793.880701	55.999998	61.858000
1054.965487	793.875301	56.000001	61.855000
1054.965490	793.870314	55.999999	61.853000
1054.965489	793.865298	56.000000	61.852000
1054.965491	793.860306	56.000002	61.853000
1054.965490	793.855304	55.999998	61.857000
1054.965490	793.850315	56.000001	61.862000
1054.965493	793.845504	56.000000	61.868000
1054.965489	793.840303	55.999998	61.875000
1054.965491	793.835304	56.000001	61.881000
1054.965492	793.830322	55.999998	61.885000
1054.965489	793.825306	56.000002	61.883000
1054.965491	793.820307	56.000000	61.878000
1054.965489	793.815507	56.000002	61.871000
1054.965490	793.810313	56.000000	61.868000
1054.965492	793.805304	56.000002	61.870000
1054.965485	793.799897	55.999999	61.876000
1054.965487	793.794890	56.000002	61.881000
1054.965490	793.789912	55.999998	61.883000
1054.965489	793.784898	56.000000	61.881000
1054.965488	793.779901	56.000001	61.876000
1054.965487	793.774891	56.000001	61.871000
1054.965487	793.769910	56.000001	61.869000
1054.965487	793.764900	56.000000	61.870000
1054.965488	793.759902	55.999999	61.873000
1054.965490	793.754894	56.000000	61.877000
1054.965490	793.749917	56.000001	61.880000
1054.965486	793.744910	56.000001	61.882000
1054.965485	793.739910	56.000001	61.884000
1054.965488	793.735106	56.000002	61.887000
1054.965487	793.730122	55.999998	61.888000
1054.965487	793.724711	56.000001	61.888000
1054.965490	793.719514	56.000002	61.885000
1054.965489	793.714710	56.000002	61.879000
1054.965487	793.709723	55.999998	61.872000
1054.965487	793.704717	56.000003	61.867000
1054.965488	793.699517	56.000001	61.865000
1054.965488	793.694713	56.000001	61.865000
1054.965490	793.689717	55.999998	61.865000
1054.965490	793.684516	55.999998	61.865000
1054.965489	793.679513	56.000001	61.864000
1054.965490	793.674702	55.999999	61.861000
1054.965487	793.669721	56.000000	61.858000
1054.965488	793.664910	56.000001	61.856000
1054.965489	793.659512	56.000003	61.855000
1054.965493	793.654693	55.999999	61.856000
1054.965487	793.649314	56.000001	61.861000
1054.965488	793.644511	56.000001	61.868000
1054.965489	793.639317	56.000002	61.876000
1054.965490	793.634496	55.999999	61.883000
1054.965489	793.629516	56.000000	61.887000
1054.965486	793.624707	56.000001	61.888000
1054.965492	793.619508	56.000001	61.884000
1054.965490	793.614500	56.000000	61.878000
1054.965489	793.609513	56.000000	61.873000
1054.965491	793.604313	55.999999	61.871000
1054.965489	793.599503	55.999999	61.873000
1054.965490	793.594496	55.999998	61.874000
1054.965490	793.589522	56.000002	61.873000
1054.965485	793.584507	55.999999	61.869000
1054.965487	793.579704	56.000000	61.865000
1054.965489	793.574301	56.000000	61.862000
1054.965488	793.569313	55.999998	61.863000
1054.965490	793.564314	55.999999	61.868000
1054.965491	793.559313	56.000000	61.874000
1054.965490	793.554303	56.000001	61.880000
1054.965488	793.549319	56.000001	61.883000
1054.965491	793.544313	56.000000	61.884000
1054.965491	793.539306	55.999999	61.883000
1054.965490	793.533905	56.000000	61.882000
1054.965492	793.529311	55.999999	61.881000
1054.965488	793.524313	55.999999	61.882000
1054.965493	793.519095	56.000001	61.884000
1054.965492	793.514488	56.000001	61.887000
1054.965490	793.509319	56.000001	61.887000
1054.965491	793.504504	55.999999	61.885000
1054.965490	793.499108	56.000000	61.880000
1054.965493	793.494099	56.000000	61.875000
1054.965493	793.489112	55.999998	61.871000
1054.965491	793.484110	55.999999	61.869000
1054.965493	793.479310	56.000000	61.870000
1054.965492	793.473905	56.000001	61.872000
1054.965491	793.469111	55.999999	61.872000
1054.965496	793.464111	55.999999	61.872000
1054.965490	793.459311	56.000000	61.871000
1054.965489	793.453907	56.000002	61.870000
1054.965488	793.449318	56.000002	61.869000
1054.965491	793.444105	56.000001	61.868000
1054.965491	793.439310	55.999999	61.866000
1054.965491	793.434106	56.000001	61.863000
1054.965492	793.429315	55.999998	61.858000
1054.965489	793.424314	55.999999	61.852000
1054.965491	793.418912	56.000001	61.846000
1054.965493	793.413909	56.000000	61.843000
1054.965491	793.408914	55.999999	61.842000
1054.965491	793.403918	55.999999	61.844000
1054.965491	793.398918	56.000000	61.847000
1054.965490	793.393911	56.000002	61.849000
1054.965490	793.388921	55.999999	61.850000
1054.965489	793.383912	55.999998	61.850000
1054.965490	793.378920	56.000001	61.848000
1054.965490	793.373906	56.000002	61.847000
1054.965491	793.368916	55.999999	61.849000
1054.965489	793.363920	55.999999	61.852000
1054.965490	793.358912	55.999998	61.856000
1054.965493	793.353907	56.000001	61.859000
1054.965492	793.348911	56.000001	61.862000
1054.965488	793.343720	56.000000	61.863000
1054.965490	793.338721	56.000001	61.864000
1054.965490	793.333706	56.000001	61.864000
1054.965489	793.328912	55.999999	61.866000
1054.965489	793.323522	55.999999	61.867000
1054.965490	793.318923	55.999998	61.868000
1054.965491	793.313714	55.999999	61.867000
1054.965490	793.308919	55.999999	61.866000
1054.965489	793.303724	55.999999	61.866000
1054.965490	793.298726	56.000002	61.868000
1054.965490	793.293714	55.999998	61.872000
1054.965490	793.288722	56.000003	61.877000
1054.965488	793.283716	55.999998	61.881000
1054.965490	793.278919	56.000002	61.882000
1054.965492	793.273713	56.000001	61.879000
1054.965491	793.268515	55.999998	61.871000
1054.965489	793.263523	56.000002	61.862000
1054.965487	793.258519	56.000000	61.853000
1054.965487	793.253508	55.999998	61.848000
1054.965487	793.248506	56.000001	61.846000
1054.965488	793.243516	56.000000	61.846000
1054.965493	793.238505	55.999998	61.848000
1054.965488	793.233307	55.999999	61.850000
1054.965491	793.228502	56.000001	61.850000
1054.965489	793.223513	55.999999	61.848000
1054.965489	793.218508	56.000000	61.845000
1054.965488	793.213500	56.000000	61.843000
1054.965486	793.208703	56.000002	61.843000
1054.965492	793.203711	55.999998	61.847000
1054.965491	793.198705	56.000001	61.851000
1054.965487	793.193307	55.999998	61.856000
1054.965488	793.188299	56.000002	61.858000
1054.965487	793.183308	56.000000	61.858000
1054.965490	793.178304	56.000000	61.855000
1054.965487	793.173295	56.000000	61.852000
1054.965492	793.168495	56.000001	61.849000
1054.965487	793.163307	56.000001	61.848000
1054.965486	793.158305	55.999998	61.849000
1054.965490	793.153303	56.000002	61.851000
1054.965490	793.148501	56.000001	61.853000
1054.965487	793.143311	56.000003	61.856000
1054.965487	793.138314	55.999997	61.859000
1054.965488	793.133300	56.000001	61.862000
1054.965490	793.128515	56.000001	61.865000
1054.965486	793.123317	56.000003	61.866000
1054.965490	793.118111	56.000001	61.866000
1054.965489	793.113107	56.000003	61.865000
1054.965490	793.108103	55.999998	61.862000
1054.965488	793.103112	56.000001	61.859000
1054.965489	793.098117	56.000000	61.857000
1054.965488	793.093109	55.999997	61.855000
1054.965487	793.088110	56.000001	61.854000
1054.965489	793.083119	56.000001	61.854000
1054.965488	793.078118	55.999998	61.854000
1054.965487	793.073113	56.000001	61.854000
1054.965490	793.068111	56.000003	61.854000
1054.965486	793.063307	56.000002	61.855000
1054.965488	793.058122	55.999998	61.857000
1054.965488	793.053114	55.999999	61.859000
1054.965488	793.048107	56.000001	61.862000
1054.965487	793.042716	56.000000	61.864000
1054.965491	793.037920	56.000000	61.864000
1054.965490	793.032914	55.999998	61.862000
1054.965488	793.027914	56.000000	61.858000
1054.965492	793.022916	55.999999	61.852000
1054.965491	793.017931	56.000001	61.847000
1054.965486	793.012925	55.999999	61.843000
1054.965491	793.007717	55.999999	61.842000
1054.965491	793.002719	56.000001	61.842000
1054.965490	792.997924	56.000001	61.843000
1054.965489	792.992923	55.999999	61.845000
1054.965490	792.987926	55.999999	61.849000
1054.965489	792.982927	56.000001	61.854000
1054.965486	792.977935	55.999999	61.861000
1054.965487	792.973120	56.000001	61.868000
1054.965494	792.967716	56.000001	61.877000
1054.965492	792.962730	55.999999	61.884000
1054.965490	792.957731	56.000001	61.888000
1054.965489	792.952719	55.999998	61.889000
1054.965488	792.947708	56.000002	61.885000
1054.965492	792.942717	56.000002	61.878000
1054.965492	792.937729	56.000000	61.869000
1054.965493	792.932516	56.000001	61.861000
1054.965491	792.927708	56.000000	61.855000
1054.965493	792.922711	56.000002	61.850000
1054.965490	792.917718	56.000003	61.845000
1054.965489	792.912707	56.000002	61.841000
1054.965489	792.907898	55.999998	61.838000
1054.965494	792.902710	55.999998	61.836000
1054.965491	792.897716	55.999998	61.834000
1054.965492	792.892514	56.000004	61.834000
1054.965492	792.887505	56.000002	61.833000
1054.965490	792.882504	56.000002	61.833000
1054.965492	792.877512	56.000002	61.834000
1054.965492	792.872706	56.000000	61.836000
1054.965489	792.867497	55.999997	61.838000
1054.965489	792.862711	56.000004	61.839000
1054.965490	792.857512	56.000002	61.840000
1054.965492	792.852314	55.999998	61.840000
1054.965489	792.847299	56.000000	61.839000
1054.965490	792.842516	56.000001	61.838000
1054.965495	792.837526	56.000001	61.837000
1054.965493	792.832724	55.999997	61.836000
1054.965493	792.827512	56.000002	61.836000
1054.965492	792.822518	56.000003	61.837000
1054.965490	792.817118	56.000000	61.840000
1054.965491	792.812317	55.999999	61.843000
1054.965495	792.807308	56.000000	61.848000
1054.965489	792.802111	55.999999	61.853000
1054.965493	792.797321	55.999998	61.859000
1054.965489	792.792317	55.999999	61.864000
1054.965486	792.787313	56.000000	61.869000
1054.965491	792.782516	56.000000	61.872000
1054.965491	792.777323	55.999999	61.874000
1054.965492	792.772323	56.000000	61.873000
1054.965491	792.767309	56.000000	61.871000
1054.965491	792.762318	55.999999	61.867000
1054.965489	792.757124	55.999999	61.862000
1054.965490	792.752515	56.000000	61.858000
1054.965491	792.747306	56.000000	61.854000
1054.965490	792.742113	56.000000	61.851000
1054.965488	792.737113	55.999999	61.850000
1054.965486	792.732115	56.000000	61.849000
1054.965490	792.727103	56.000001	61.849000
1054.965490	792.722114	56.000001	61.850000
1054.965487	792.716916	56.000002	61.851000
1054.965489	792.712324	55.999998	61.852000
1054.965488	792.707108	55.999999	61.853000
1054.965491	792.702113	55.999997	61.854000
1054.965488	792.697117	55.999998	61.852000
1054.965490	792.692322	55.999999	61.849000
1054.965492	792.687103	55.999999	61.845000
1054.965490	792.682117	56.000001	61.841000
1054.965491	792.677112	56.000000	61.839000
1054.965492	792.672319	55.999999	61.838000
1054.965489	792.666903	56.000002	61.837000
1054.965489	792.661911	56.000002	61.836000
1054.965494	792.656915	56.000002	61.834000
1054.965490	792.651922	56.000001	61.834000
1054.965488	792.646904	55.999999	61.836000
1054.965492	792.642114	56.000000	61.840000
1054.965491	792.636914	56.000000	61.846000
1054.965487	792.631724	56.000000	61.853000
1054.965489	792.626906	56.000001	61.859000
1054.965491	792.621907	56.000000	61.861000
1054.965487	792.616917	55.999999	61.861000
1054.965491	792.611930	56.000001	61.857000
1054.965489	792.606913	55.999999	61.853000
1054.965489	792.601918	56.000002	61.849000
1054.965490	792.596927	56.000003	61.846000
1054.965487	792.591733	56.000000	61.845000
1054.965489	792.586712	56.000001	61.844000
1054.965489	792.581718	56.000002	61.845000
1054.965491	792.576733	56.000002	61.847000
1054.965490	792.571735	56.000002	61.851000
1054.965492	792.566507	55.999999	61.856000
1054.965488	792.561718	55.999998	61.861000
1054.965488	792.556518	56.000001	61.865000
1054.965490	792.551735	55.999998	61.867000
1054.965490	792.546709	55.999998	61.865000
1054.965487	792.541706	55.999999	61.859000
1054.965490	792.536718	56.000000	61.853000
1054.965489	792.531722	56.000001	61.848000
1054.965489	792.526707	56.000001	61.846000
1054.965488	792.521703	55.999998	61.846000
1054.965491	792.516919	55.999999	61.846000
1054.965490	792.511525	55.999998	61.847000
1054.965487	792.506496	56.000001	61.848000
1054.965489	792.501306	56.000002	61.851000
1054.965490	792.496511	56.000001	61.852000
1054.965489	792.491325	56.000001	61.853000
1054.965487	792.486503	56.000001	61.850000
1054.965489	792.481501	55.999999	61.844000
1054.965489	792.476516	55.999998	61.837000
1054.965492	792.471517	55.999999	61.830000
1054.965489	792.466490	56.000002	61.827000
1054.965490	792.461501	56.000001	61.827000
1054.965487	792.456509	56.000000	61.829000
1054.965489	792.451713	56.000001	61.832000
1054.965488	792.446498	56.000002	61.835000
1054.965489	792.441700	55.999999	61.836000
1054.965491	792.436305	55.999998	61.834000
1054.965490	792.431314	55.999998	61.831000
1054.965489	792.426292	55.999998	61.827000
1054.965488	792.421299	56.000000	61.825000
1054.965491	792.416309	56.000001	61.826000
1054.965490	792.411114	55.999999	61.829000
1054.965489	792.406299	55.999998	61.832000
1054.965488	792.401298	55.999997	61.836000
1054.965490	792.396312	55.999998	61.838000
1054.965488	792.391317	56.000001	61.839000
1054.965491	792.386301	56.000001	61.839000
1054.965489	792.381306	56.000001	61.839000
1054.965491	792.376312	55.999999	61.838000
1054.965488	792.371319	55.999998	61.839000
1054.965488	792.366499	56.000004	61.839000
1054.965492	792.361105	56.000001	61.839000
1054.965492	792.356106	56.000002	61.839000
1054.965489	792.351117	56.000002	61.837000
1054.965490	792.345706	55.999997	61.836000
1054.965491	792.341101	56.000003	61.835000
1054.965492	792.336109	56.000003	61.835000
1054.965493	792.331116	56.000001	61.836000
1054.965491	792.326105	55.999999	61.838000
1054.965493	792.321105	55.999997	61.840000
1054.965492	792.316101	55.999997	61.842000
1054.965489	792.311121	55.999997	61.844000
1054.965493	792.305899	56.000004	61.846000
1054.965491	792.301107	55.999999	61.847000
1054.965491	792.296112	56.000003	61.848000
1054.965487	792.291325	55.999998	61.848000
1054.965488	792.285508	56.000002	61.845000
1054.965493	792.280903	55.999997	61.841000
1054.965492	792.275911	56.000000	61.838000
1054.965494	792.270937	56.000002	61.838000
1054.965491	792.265713	56.000000	61.842000
1054.965491	792.261098	55.999998	61.848000
1054.965495	792.255895	56.000003	61.854000
1054.965492	792.250927	56.000002	61.856000
1054.965495	792.245905	56.000001	61.854000
1054.965492	792.240913	55.999999	61.846000
1054.965490	792.235707	56.000001	61.836000
1054.965492	792.230907	55.999996	61.828000
1054.965491	792.226109	56.000002	61.824000
1054.965491	792.220898	55.999998	61.823000
1054.965493	792.216108	55.999997	61.823000
1054.965492	792.210716	55.999998	61.824000
1054.965492	792.205699	55.999997	61.827000
1054.965492	792.200692	55.999996	61.831000
1054.965491	792.195894	55.999999	61.836000
1054.965492	792.190722	56.000000	61.840000
1054.965491	792.185691	56.000003	61.843000
1054.965489	792.180693	56.000002	61.844000
1054.965494	792.175698	55.999999	61.843000
1054.965491	792.170713	55.999997	61.842000
1054.965490	792.165688	55.999998	61.840000
1054.965490	792.160693	56.000000	61.839000
1054.965492	792.155904	55.999996	61.838000
1054.965493	792.150921	56.000000	61.836000
1054.965491	792.145891	56.000003	61.834000
1054.965490	792.140899	56.000003	61.831000
1054.965490	792.135300	55.999997	61.828000
1054.965488	792.130517	56.000000	61.826000
1054.965491	792.125505	55.999998	61.826000
1054.965491	792.120501	55.999996	61.828000
1054.965491	792.115500	55.999999	61.830000
1054.965490	792.110510	56.000002	61.831000
1054.965491	792.105496	56.000000	61.831000
1054.965489	792.100297	56.000002	61.830000
1054.965486	792.095498	56.000000	61.830000
1054.965490	792.090521	56.000002	61.832000
1054.965489	792.085693	55.999998	61.835000
1054.965492	792.080504	56.000002	61.839000
1054.965491	792.075509	55.999998	61.842000
1054.965490	792.070524	55.999997	61.842000
1054.965489	792.065712	55.999998	61.839000
1054.965488	792.060311	55.999997	61.834000
1054.965489	792.055304	55.999997	61.831000
1054.965489	792.050321	56.000001	61.830000
1054.965490	792.045307	56.000003	61.833000
1054.965490	792.040311	55.999998	61.838000
1054.965488	792.035309	56.000001	61.842000
1054.965489	792.030325	56.000002	61.844000
1054.965487	792.025509	56.000003	61.842000
1054.965490	792.020508	55.999998	61.835000
1054.965488	792.015299	56.000001	61.826000
1054.965487	792.010328	56.000004	61.818000
1054.965492	792.005504	56.000002	61.814000
1054.965490	792.000312	55.999998	61.813000
1054.965490	791.995312	55.999998	61.814000
1054.965489	791.990338	56.000002	61.818000
1054.965487	791.985116	56.000000	61.823000
1054.965486	791.980121	56.000003	61.829000
1054.965489	791.975112	56.000001	61.834000
1054.965487	791.970127	55.999997	61.838000
1054.965487	791.965114	56.000000	61.838000
1054.965491	791.960114	56.000003	61.836000
1054.965488	791.955100	55.999999	61.833000
1054.965488	791.950121	55.999998	61.830000
1054.965488	791.945109	56.000003	61.827000
1054.965489	791.940117	56.000003	61.824000
1054.965487	791.935115	56.000000	61.820000
1054.965489	791.930125	55.999997	61.818000
1054.965488	791.925115	56.000001	61.818000
1054.965486	791.919913	55.999998	61.822000
1054.965489	791.915111	56.000003	61.828000
1054.965487	791.909926	55.999997	61.836000
1054.965490	791.904913	56.000000	61.842000
1054.965488	791.899906	56.000002	61.847000
1054.965489	791.894895	56.000003	61.849000
1054.965489	791.889914	56.000002	61.849000
1054.965491	791.884900	55.999998	61.848000
1054.965491	791.879898	55.999998	61.847000
1054.965488	791.874685	56.000002	61.844000
1054.965491	791.869906	56.000003	61.842000
1054.965487	791.864900	56.000002	61.841000
1054.965491	791.859894	55.999999	61.840000
1054.965491	791.854696	56.000003	61.840000
1054.965490	791.849911	55.999998	61.840000
1054.965490	791.844905	56.000000	61.839000
1054.965489	791.840094	55.999996	61.838000
1054.965488	791.834693	55.999996	61.837000
1054.965490	791.829703	55.999997	61.836000
1054.965490	791.824703	55.999997	61.838000
1054.965489	791.819694	56.000000	61.842000
1054.965492	791.814497	56.000002	61.845000
1054.965490	791.809706	56.000003	61.847000
1054.965488	791.804703	56.000003	61.848000
1054.965492	791.799699	56.000004	61.845000
1054.965491	791.794694	56.000003	61.842000
1054.965490	791.789709	56.000001	61.839000
1054.965490	791.784705	55.999998	61.840000
1054.965490	791.779701	55.999998	61.843000
1054.965488	791.774696	55.999997	61.846000
1054.965490	791.769711	55.999997	61.847000
1054.965490	791.764903	56.000001	61.847000
1054.965490	791.759501	56.000001	61.847000
1054.965490	791.754490	56.000004	61.849000
1054.965493	791.749510	56.000003	61.851000
1054.965490	791.744505	56.000003	61.852000
1054.965490	791.739499	56.000003	61.850000
1054.965493	791.734495	56.000003	61.846000
1054.965490	791.729506	56.000001	61.839000
1054.965491	791.724309	55.999998	61.830000
1054.965490	791.719508	55.999998	61.821000
1054.965488	791.714496	55.999998	61.816000
1054.965490	791.709511	55.999999	61.817000
1054.965491	791.704500	56.000002	61.823000
1054.965491	791.699506	56.000003	61.831000
1054.965492	791.694507	56.000003	61.838000
1054.965490	791.689316	55.999999	61.845000
1054.965491	791.684307	55.999999	61.849000
1054.965490	791.679307	55.999999	61.851000
1054.965489	791.674302	55.999999	61.852000
1054.965491	791.669314	55.999998	61.853000
1054.965490	791.664319	55.999998	61.855000
1054.965491	791.659314	55.999998	61.857000
1054.965492	791.654303	55.999997	61.860000
1054.965490	791.649319	55.999997	61.862000
1054.965489	791.644318	55.999997	61.862000
1054.965491	791.639117	56.000003	61.861000
1054.965487	791.634301	55.999999	61.859000
1054.965490	791.629316	56.000003	61.859000
1054.965492	791.624313	56.000002	61.861000
1054.965491	791.619314	56.000002	61.864000
1054.965490	791.614496	56.000001	61.867000
1054.965491	791.609127	55.999997	61.869000
1054.965492	791.604121	55.999997	61.869000
1054.965490	791.599125	55.999996	61.867000
1054.965490	791.594105	55.999997	61.863000
1054.965493	791.589320	56.000001	61.858000
1054.965494	791.584116	55.999997	61.855000
1054.965489	791.579121	55.999997	61.852000
1054.965489	791.573916	56.000001	61.851000
1054.965491	791.569323	56.000001	61.852000
1054.965490	791.564115	55.999997	61.853000
1054.965490	791.559311	55.999998	61.854000
1054.965492	791.554100	56.000001	61.854000
1054.965489	791.549310	55.999997	61.853000
1054.965490	791.544112	56.000001	61.849000
1054.965488	791.539312	55.999998	61.844000
1054.965489	791.533911	55.999998	61.837000
1054.965488	791.528918	55.999999	61.829000
1054.965488	791.523916	56.000002	61.822000
1054.965489	791.518917	56.000000	61.817000
1054.965486	791.513903	55.999998	61.814000
1054.965492	791.509122	56.000000	61.815000
1054.965491	791.504112	55.999998	61.818000
1054.965489	791.498713	55.999998	61.821000
1054.965488	791.493901	56.000001	61.825000
1054.965490	791.489118	56.000000	61.827000
1054.965491	791.483925	56.000000	61.828000
1054.965490	791.478721	56.000000	61.829000
1054.965489	791.473911	56.000000	61.831000
1054.965490	791.469122	56.000000	61.834000
1054.965490	791.463921	56.000000	61.838000
1054.965487	791.458721	56.000000	61.844000
1054.965490	791.453703	56.000000	61.850000
1054.965488	791.448715	55.999999	61.856000
1054.965488	791.443717	56.000001	61.861000
1054.965487	791.438720	55.999999	61.865000
1054.965490	791.433710	56.000000	61.866000
1054.965488	791.428712	56.000001	61.864000
1054.965489	791.423719	56.000000	61.858000
1054.965489	791.418717	56.000000	61.850000
1054.965487	791.413703	56.000000	61.844000
1054.965489	791.408711	56.000000	61.841000
1054.965486	791.403718	56.000000	61.842000
1054.965489	791.398914	56.000000	61.845000
1054.965488	791.393701	56.000001	61.848000
1054.965492	791.388916	56.000000	61.850000
1054.965491	791.383515	55.999999	61.851000
1054.965489	791.378521	56.000002	61.851000
1054.965488	791.373502	56.000001	61.851000
1054.965485	791.368508	56.000000	61.851000
1054.965488	791.363508	56.000002	61.851000
1054.965487	791.358315	55.999997	61.851000
1054.965487	791.353503	56.000000	61.852000
1054.965488	791.348505	55.999997	61.853000
1054.965492	791.343509	55.999997	61.853000
1054.965488	791.338511	55.999998	61.854000
1054.965488	791.333501	55.999998	61.853000
1054.965488	791.328499	55.999997	61.851000
1054.965490	791.323503	55.999996	61.850000
1054.965489	791.318507	55.999997	61.848000
1054.965490	791.313698	56.000002	61.847000
1054.965490	791.308292	56.000000	61.847000
1054.965490	791.303300	56.000000	61.846000
1054.965490	791.298311	55.999998	61.846000
1054.965489	791.293299	55.999997	61.846000
1054.965489	791.288294	55.999997	61.847000
1054.965490	791.283303	56.000000	61.848000
1054.965491	791.278310	56.000003	61.850000
1054.965490	791.273299	56.000003	61.850000
1054.965491	791.268512	55.999998	61.849000
1054.965489	791.263306	56.000003	61.845000
1054.965489	791.258311	56.000002	61.839000
1054.965485	791.253508	55.999998	61.832000
1054.965488	791.248504	55.999998	61.826000
1054.965489	791.243509	55.999999	61.823000
1054.965487	791.238508	56.000001	61.823000
1054.965491	791.232897	56.000002	61.824000
1054.965489	791.228098	56.000000	61.825000
1054.965489	791.223102	56.000002	61.825000
1054.965489	791.217914	55.999999	61.826000
1054.965493	791.212899	56.000001	61.828000
1054.965491	791.208099	56.000001	61.835000
1054.965490	791.203110	56.000001	61.843000
1054.965490	791.198119	56.000001	61.852000
1054.965490	791.193109	55.999999	61.858000
1054.965489	791.188098	56.000000	61.860000
1054.965491	791.183110	56.000000	61.859000
1054.965493	791.178122	55.999999	61.854000
1054.965489	791.172910	56.000002	61.851000
1054.965487	791.168305	55.999999	61.849000
1054.965490	791.163111	55.999999	61.851000
1054.965491	791.157914	56.000003	61.855000
1054.965491	791.152910	56.000002	61.859000
1054.965492	791.147893	56.000001	61.862000
1054.965490	791.142908	56.000001	61.862000
1054.965489	791.137727	55.999999	61.859000
1054.965490	791.132707	55.999999	61.854000
1054.965489	791.127897	56.000002	61.849000
1054.965491	791.122911	56.000002	61.844000
1054.965490	791.117918	56.000002	61.843000
1054.965490	791.112913	56.000002	61.844000
1054.965492	791.107908	56.000002	61.847000
1054.965489	791.102921	56.000000	61.851000
1054.965490	791.097918	55.999999	61.857000
1054.965492	791.093111	55.999999	61.864000
1054.965490	791.088109	56.000000	61.871000
1054.965491	791.082723	56.000000	61.878000
1054.965492	791.077721	56.000000	61.881000
1054.965488	791.072716	56.000000	61.881000
1054.965490	791.067513	56.000000	61.875000
1054.965490	791.062721	55.999999	61.869000
1054.965489	791.057732	56.000000	61.868000
1054.965489	791.052523	56.000001	61.873000
1054.965493	791.047709	56.000000	61.882000
1054.965492	791.042723	56.000000	61.890000
1054.965491	791.037729	56.000000	61.892000
1054.965488	791.032722	55.999999	61.888000
1054.965493	791.027710	56.000000	61.877000
1054.965492	791.022722	56.000000	61.867000
1054.965492	791.017730	56.000000	61.861000
1054.965489	791.012725	56.000000	61.858000
1054.965491	791.007919	56.000000	61.856000
1054.965489	791.002526	55.999999	61.854000
1054.965492	790.997534	56.000001	61.851000
1054.965492	790.992537	56.000001	61.848000
1054.965488	790.987316	56.000000	61.846000
1054.965488	790.982722	55.999999	61.844000
1054.965490	790.977533	55.999999	61.843000
1054.965494	790.972725	55.999998	61.842000
1054.965488	790.967309	55.999998	61.840000
1054.965490	790.962722	56.000002	61.835000
1054.965490	790.957527	55.999999	61.828000
1054.965491	790.952716	55.999998	61.820000
1054.965490	790.947511	56.000001	61.815000
1054.965490	790.942723	56.000001	61.816000
1054.965491	790.937730	56.000002	61.822000
1054.965489	790.932315	56.000002	61.831000
1054.965490	790.927309	56.000003	61.839000
1054.965490	790.922105	55.999997	61.844000
1054.965489	790.917320	56.000001	61.847000
1054.965489	790.912317	56.000002	61.848000
1054.965491	790.907299	56.000002	61.846000
1054.965490	790.902311	56.000001	61.842000
1054.965489	790.897318	56.000002	61.836000
1054.965490	790.892521	56.000000	61.830000
1054.965491	790.887309	56.000003	61.825000
1054.965490	790.882314	56.000003	61.823000
1054.965487	790.877331	56.000002	61.822000
1054.965489	790.872323	56.000001	61.824000
1054.965492	790.867311	56.000000	61.826000
1054.965489	790.862524	56.000002	61.829000
1054.965486	790.857125	55.999996	61.831000
1054.965488	790.852322	56.000002	61.834000
1054.965489	790.846909	56.000003	61.837000
1054.965488	790.841911	56.000004	61.840000
1054.965487	790.836933	56.000002	61.844000
1054.965489	790.831927	56.000002	61.849000
1054.965488	790.826907	56.000001	61.855000
1054.965491	790.821916	56.000000	61.861000
1054.965489	790.816919	56.000000	61.867000
1054.965489	790.811934	55.999998	61.873000
1054.965489	790.806913	55.999997	61.877000
1054.965491	790.801921	55.999997	61.879000
1054.965489	790.796931	55.999998	61.880000
1054.965489	790.792131	55.999997	61.880000
1054.965487	790.786911	56.000003	61.880000
1054.965489	790.781716	55.999997	61.880000
1054.965488	790.776926	56.000001	61.878000
1054.965490	790.771730	55.999999	61.871000
1054.965490	790.766706	56.000001	61.864000
1054.965490	790.761712	56.000001	61.860000
1054.965489	790.756720	56.000002	61.859000
1054.965488	790.751719	56.000001	61.861000
1054.965490	790.746900	56.000003	61.861000
1054.965490	790.741719	55.999997	61.857000
1054.965491	790.736719	55.999999	61.844000
1054.965488	790.731721	56.000001	61.826000
1054.965490	790.726700	56.000002	61.810000
1054.965492	790.721105	55.999997	61.801000
1054.965492	790.716718	55.999998	61.801000
1054.965493	790.711718	56.000000	61.806000
1054.965493	790.706693	56.000001	61.812000
1054.965489	790.701706	56.000000	61.817000
1054.965492	790.696500	55.999999	61.820000
1054.965491	790.691517	56.000002	61.823000
1054.965493	790.686288	55.999998	61.825000
1054.965493	790.681500	55.999999	61.828000
1054.965494	790.676504	56.000001	61.829000
1054.965490	790.671512	55.999999	61.831000
1054.965490	790.666494	56.000001	61.833000
1054.965493	790.661499	56.000002	61.837000
1054.965491	790.656507	55.999998	61.840000
1054.965491	790.651515	56.000002	61.844000
1054.965490	790.646487	55.999999	61.847000
1054.965496	790.641494	56.000001	61.847000
1054.965490	790.636502	55.999999	61.846000
1054.965492	790.631517	56.000001	61.843000
1054.965489	790.626483	56.000000	61.842000
1054.965491	790.621295	56.000001	61.843000
1054.965491	790.616298	55.999998	61.846000
1054.965490	790.611310	56.000002	61.850000
1054.965490	790.606281	55.999999	61.854000
1054.965491	790.601293	56.000000	61.859000
1054.965489	790.596283	56.000000	61.863000
1054.965490	790.591305	55.999998	61.868000
1054.965491	790.586289	56.000002	61.874000
1054.965490	790.581289	55.999998	61.880000
1054.965492	790.576289	56.000000	61.887000
1054.965493	790.571306	55.999999	61.892000
1054.965492	790.566279	56.000000	61.896000
1054.965492	790.561288	55.999999	61.898000
1054.965490	790.555888	56.000000	61.898000
1054.965492	790.551503	56.000000	61.898000
1054.965490	790.546074	56.000000	61.897000
1054.965490	790.541092	56.000000	61.897000
1054.965495	790.538249	56.000002	61.896000
