1047.517066	787.285734	56.000003	51.072000
1047.518584	787.284697	56.000003	51.069000
1047.519427	787.279774	56.000000	51.068000
1047.519503	787.274621	56.000001	51.069000
1047.519620	787.269569	55.999999	51.070000
1047.519594	787.264585	56.000000	51.072000
1047.519634	787.259377	56.000002	51.074000
1047.519607	787.254571	56.000001	51.076000
1047.519609	787.249591	55.999999	51.078000
1047.519592	787.244382	55.999997	51.080000
1047.519598	787.239386	56.000000	51.082000
1047.519599	787.234553	56.000001	51.083000
1047.519589	787.229586	56.000000	51.083000
1047.519594	787.224563	55.999998	51.083000
1047.519583	787.219777	55.999998	51.081000
1047.519595	787.214754	56.000003	51.080000
1047.519588	787.209373	56.000003	51.078000
1047.519589	787.204369	55.999998	51.077000
1047.519583	787.199375	56.000002	51.075000
1047.519584	787.194352	56.000002	51.073000
1047.519581	787.189368	56.000000	51.070000
1047.519586	787.184362	56.000000	51.066000
1047.519577	787.179175	56.000001	51.064000
1047.519585	787.174349	55.999999	51.062000
1047.519583	787.169369	55.999999	51.061000
1047.519590	787.164372	56.000000	51.059000
1047.519581	787.159171	56.000002	51.058000
1047.519584	787.154354	56.000003	51.056000
1047.519581	787.149363	55.999999	51.054000
1047.519583	787.144366	56.000002	51.053000
1047.519585	787.139364	55.999998	51.053000
1047.519583	787.134553	55.999998	51.053000
1047.519578	787.129176	56.000000	51.053000
1047.519580	787.124165	56.000000	51.053000
1047.519582	787.118970	55.999999	51.052000
1047.519581	787.114153	56.000000	51.052000
1047.519578	787.108974	56.000000	51.052000
1047.519578	787.104174	55.999999	51.053000
1047.519583	787.099175	56.000000	51.054000
1047.519580	787.094151	56.000001	51.055000
1047.519584	787.089166	56.000000	51.056000
1047.519582	787.084162	56.000000	51.056000
1047.519583	787.078976	55.999999	51.057000
1047.519581	787.074160	56.000000	51.059000
1047.519584	787.069182	56.000000	51.060000
1047.519580	787.064378	55.999999	51.061000
1047.519580	787.059366	56.000000	51.061000
1047.519580	787.054162	56.000000	51.061000
1047.519579	787.048984	56.000000	51.061000
1047.519582	787.043978	55.999999	51.060000
1047.519582	787.038981	56.000000	51.059000
1047.519583	787.034157	56.000000	51.057000
1047.519581	787.029169	56.000001	51.056000
1047.519582	787.024161	55.999999	51.054000
1047.519581	787.019167	56.000001	51.051000
1047.519579	787.014147	55.999998	51.047000
1047.519580	787.009172	56.000003	51.043000
1047.519582	787.004158	56.000002	51.039000
1047.519582	786.999168	56.000002	51.034000
1047.519581	786.994143	55.999999	51.030000
1047.519581	786.989165	55.999997	51.027000
1047.519584	786.984368	56.000001	51.025000
1047.519580	786.979167	55.999997	51.024000
1047.519584	786.974148	55.999998	51.023000
1047.519579	786.969166	56.000000	51.021000
1047.519576	786.963765	55.999997	51.019000
1047.519582	786.959164	56.000003	51.018000
1047.519580	786.954156	56.000002	51.020000
1047.519581	786.949171	56.000003	51.022000
1047.519582	786.944161	56.000002	51.025000
1047.519580	786.939160	56.000001	51.028000
1047.519580	786.934148	55.999999	51.031000
1047.519582	786.929164	55.999999	51.033000
1047.519579	786.924165	56.000002	51.036000
1047.519578	786.919171	56.000003	51.040000
1047.519582	786.913961	55.999997	51.044000
1047.519579	786.909165	56.000000	51.049000
1047.519579	786.903961	56.000000	51.054000
1047.519582	786.898967	55.999999	51.059000
1047.519581	786.893961	55.999998	51.063000
1047.519579	786.888961	55.999997	51.067000
1047.519577	786.883965	56.000001	51.071000
1047.519582	786.878958	56.000001	51.075000
1047.519578	786.873751	56.000001	51.079000
1047.519579	786.868965	55.999998	51.084000
1047.519577	786.863961	56.000002	51.088000
1047.519578	786.858959	56.000000	51.092000
1047.519580	786.854141	56.000002	51.097000
1047.519579	786.849150	56.000002	51.101000
1047.519580	786.844153	56.000001	51.104000
1047.519578	786.839161	56.000002	51.108000
1047.519580	786.834140	56.000001	51.110000
1047.519577	786.828547	56.000003	51.111000
1047.519576	786.823758	55.999998	51.111000
1047.519578	786.818760	55.999998	51.111000
1047.519577	786.813751	55.999997	51.110000
1047.519579	786.808751	55.999996	51.109000
1047.519580	786.803963	56.000004	51.107000
1047.519576	786.798765	56.000000	51.104000
1047.519580	786.793751	55.999999	51.100000
1047.519580	786.788561	55.999999	51.095000
1047.519577	786.783577	55.999999	51.092000
1047.519579	786.778777	55.999998	51.090000
1047.519577	786.773756	55.999997	51.088000
1047.519581	786.768765	55.999999	51.086000
1047.519580	786.763770	56.000001	51.084000
1047.519578	786.758570	56.000000	51.082000
1047.519583	786.753362	56.000000	51.080000
1047.519580	786.748358	56.000000	51.078000
1047.519579	786.743367	55.999999	51.076000
1047.519582	786.738382	56.000001	51.074000
1047.519577	786.733369	55.999998	51.073000
1047.519577	786.728384	55.999999	51.071000
1047.519583	786.723359	56.000000	51.070000
1047.519580	786.718359	56.000000	51.069000
1047.519579	786.713358	55.999999	51.068000
1047.519577	786.708174	56.000000	51.068000
1047.519577	786.703384	55.999999	51.067000
1047.519581	786.698167	55.999999	51.066000
1047.519577	786.693343	55.999999	51.066000
1047.519582	786.688559	55.999998	51.065000
1047.519576	786.683370	55.999998	51.064000
1047.519578	786.678173	56.000003	51.063000
1047.519583	786.673148	56.000003	51.062000
1047.519586	786.668153	56.000003	51.061000
1047.519581	786.663167	56.000001	51.060000
1047.519572	786.658384	55.999997	51.058000
1047.519575	786.653373	55.999998	51.057000
1047.519579	786.648153	55.999998	51.057000
1047.519581	786.643152	55.999999	51.057000
1047.519585	786.638155	55.999998	51.057000
1047.519581	786.632957	56.000003	51.058000
1047.519578	786.628171	55.999998	51.060000
1047.519577	786.623171	55.999997	51.061000
1047.519578	786.618377	56.000000	51.062000
1047.519583	786.613355	55.999999	51.063000
1047.519582	786.608356	55.999998	51.064000
1047.519579	786.602968	55.999999	51.066000
1047.519579	786.597979	55.999999	51.067000
1047.519579	786.592969	56.000000	51.069000
1047.519580	786.588157	56.000001	51.071000
1047.519583	786.582952	56.000002	51.073000
1047.519581	786.578167	55.999999	51.074000
1047.519580	786.572968	56.000003	51.076000
1047.519578	786.568167	55.999998	51.076000
1047.519579	786.562960	56.000003	51.076000
1047.519580	786.557961	56.000002	51.075000
1047.519582	786.552955	56.000001	51.075000
1047.519579	786.548158	55.999998	51.075000
1047.519583	786.542962	56.000003	51.075000
1047.519587	786.537966	56.000003	51.075000
1047.519579	786.533140	55.999998	51.074000
1047.519578	786.527751	55.999997	51.073000
1047.519579	786.522563	55.999998	51.071000
1047.519583	786.517772	55.999998	51.069000
1047.519580	786.512750	55.999998	51.067000
1047.519580	786.507752	55.999997	51.066000
1047.519581	786.502764	55.999998	51.065000
1047.519583	786.497778	55.999999	51.065000
1047.519581	786.492751	56.000000	51.064000
1047.519578	786.487750	56.000001	51.064000
1047.519580	786.482766	56.000000	51.063000
1047.519580	786.477773	55.999999	51.061000
1047.519581	786.472766	56.000001	51.059000
1047.519581	786.467745	56.000000	51.057000
1047.519581	786.462761	55.999999	51.055000
1047.519580	786.457568	56.000000	51.054000
1047.519580	786.452365	55.999999	51.053000
1047.519577	786.447354	56.000001	51.053000
1047.519580	786.442354	56.000000	51.052000
1047.519580	786.437369	55.999998	51.051000
1047.519577	786.432368	55.999997	51.049000
1047.519579	786.427348	55.999999	51.048000
1047.519580	786.422370	55.999997	51.047000
1047.519580	786.417370	55.999999	51.046000
1047.519583	786.412363	55.999999	51.045000
1047.519581	786.407349	55.999999	51.044000
1047.519580	786.402364	56.000000	51.044000
1047.519579	786.397381	56.000002	51.044000
1047.519578	786.392370	56.000003	51.045000
1047.519578	786.387352	56.000003	51.044000
1047.519580	786.382160	56.000000	51.044000
1047.519581	786.376967	55.999998	51.044000
1047.519575	786.372176	55.999999	51.045000
1047.519579	786.367157	56.000000	51.047000
1047.519582	786.361974	55.999998	51.050000
1047.519579	786.357379	56.000001	51.054000
1047.519576	786.352181	56.000001	51.058000
1047.519578	786.347158	55.999999	51.061000
1047.519577	786.342167	56.000000	51.065000
1047.519578	786.337183	55.999999	51.068000
1047.519579	786.332377	56.000000	51.072000
1047.519580	786.327162	55.999999	51.075000
1047.519579	786.322173	56.000001	51.077000
1047.519579	786.317184	56.000002	51.079000
1047.519577	786.312383	55.999997	51.080000
1047.519580	786.306756	56.000000	51.080000
1047.519578	786.301975	55.999998	51.080000
1047.519581	786.296571	56.000000	51.080000
1047.519580	786.291989	55.999998	51.079000
1047.519579	786.286963	56.000001	51.078000
1047.519579	786.282179	56.000000	51.077000
1047.519580	786.276587	56.000001	51.077000
1047.519581	786.272192	56.000000	51.077000
1047.519577	786.266968	56.000000	51.076000
1047.519578	786.262179	56.000000	51.076000
1047.519580	786.256981	55.999999	51.075000
1047.519582	786.251980	56.000000	51.073000
1047.519575	786.246958	55.999999	51.071000
1047.519582	786.242173	56.000000	51.069000
1047.519580	786.236976	56.000001	51.067000
1047.519577	786.231777	56.000001	51.064000
1047.519586	786.226755	56.000001	51.062000
1047.519578	786.221766	55.999998	51.060000
1047.519582	786.216765	56.000001	51.060000
1047.519579	786.211577	56.000000	51.060000
1047.519580	786.206758	56.000002	51.060000
1047.519577	786.201759	56.000000	51.061000
1047.519581	786.196767	55.999998	51.062000
1047.519581	786.191773	56.000003	51.062000
1047.519584	786.186751	55.999999	51.063000
1047.519578	786.181954	55.999998	51.064000
1047.519582	786.176769	56.000000	51.066000
1047.519580	786.171767	55.999998	51.069000
1047.519580	786.166735	56.000002	51.073000
1047.519581	786.161955	56.000002	51.076000
1047.519582	786.156561	56.000000	51.079000
1047.519580	786.151567	56.000003	51.082000
1047.519580	786.146340	55.999998	51.084000
1047.519580	786.141547	55.999998	51.086000
1047.519581	786.136548	56.000001	51.088000
1047.519583	786.131567	56.000001	51.090000
1047.519584	786.126538	55.999997	51.091000
1047.519581	786.121746	55.999997	51.091000
1047.519580	786.116561	56.000000	51.091000
1047.519578	786.111370	56.000002	51.092000
1047.519578	786.106546	56.000002	51.093000
1047.519581	786.101552	56.000001	51.093000
1047.519581	786.096563	55.999998	51.094000
1047.519583	786.091565	56.000000	51.093000
1047.519581	786.086747	55.999998	51.092000
1047.519582	786.081353	55.999997	51.091000
1047.519580	786.076351	56.000002	51.088000
1047.519584	786.071365	56.000001	51.086000
1047.519584	786.066350	55.999998	51.084000
1047.519581	786.061353	55.999998	51.081000
1047.519580	786.056350	56.000001	51.079000
1047.519582	786.051167	55.999997	51.076000
1047.519578	786.046348	56.000000	51.073000
1047.519583	786.041347	55.999997	51.070000
1047.519581	786.036378	55.999998	51.068000
1047.519585	786.031151	55.999999	51.065000
1047.519578	786.026337	56.000001	51.063000
1047.519582	786.021352	55.999997	51.061000
1047.519580	786.016367	55.999996	51.060000
1047.519583	786.011561	55.999999	51.059000
1047.519579	786.006142	56.000000	51.058000
1047.519580	786.001146	55.999996	51.057000
1047.519578	785.996159	55.999997	51.056000
1047.519582	785.991159	56.000001	51.054000
1047.519578	785.986147	56.000002	51.052000
1047.519586	785.981153	56.000001	51.052000
1047.519581	785.975955	56.000001	51.052000
1047.519581	785.971181	55.999997	51.052000
1047.519574	785.966144	56.000001	51.052000
1047.519575	785.961140	56.000003	51.051000
1047.519582	785.956146	56.000001	51.051000
1047.519581	785.951163	55.999998	51.050000
1047.519582	785.946137	55.999998	51.051000
1047.519579	785.941150	56.000004	51.052000
1047.519581	785.936146	55.999999	51.053000
1047.519580	785.931163	55.999998	51.055000
1047.519578	785.925739	55.999998	51.057000
1047.519582	785.920749	56.000002	51.059000
1047.519577	785.915745	55.999999	51.062000
1047.519581	785.910567	56.000003	51.065000
1047.519580	785.905739	56.000003	51.068000
1047.519577	785.900751	55.999999	51.071000
1047.519576	785.895747	56.000000	51.074000
1047.519576	785.890765	56.000003	51.076000
1047.519580	785.885744	55.999999	51.078000
1047.519578	785.880761	55.999998	51.080000
1047.519577	785.875751	56.000004	51.080000
1047.519578	785.870766	56.000001	51.081000
1047.519581	785.865944	55.999999	51.082000
1047.519578	785.860747	56.000002	51.082000
1047.519583	785.855551	55.999996	51.083000
1047.519577	785.850566	56.000000	51.085000
1047.519580	785.845548	56.000003	51.086000
1047.519578	785.840548	56.000002	51.087000
1047.519580	785.835542	55.999997	51.087000
1047.519578	785.830569	55.999998	51.087000
1047.519583	785.825352	55.999999	51.087000
1047.519581	785.820748	56.000000	51.087000
1047.519582	785.815541	55.999996	51.086000
1047.519575	785.810570	56.000000	51.086000
1047.519582	785.805542	56.000003	51.085000
1047.519579	785.800555	55.999998	51.084000
1047.519581	785.795554	55.999998	51.082000
1047.519580	785.790577	56.000004	51.080000
1047.519579	785.785540	55.999998	51.079000
1047.519585	785.780150	55.999997	51.078000
1047.519579	785.775146	56.000000	51.076000
1047.519582	785.770176	56.000002	51.075000
1047.519584	785.765160	55.999997	51.073000
1047.519581	785.760161	55.999997	51.070000
1047.519582	785.755348	55.999997	51.068000
1047.519585	785.750171	55.999999	51.067000
1047.519582	785.745150	55.999997	51.066000
1047.519583	785.739963	56.000003	51.065000
1047.519584	785.735148	56.000004	51.063000
1047.519581	785.730169	56.000001	51.062000
1047.519580	785.725350	56.000002	51.060000
1047.519577	785.720160	56.000002	51.059000
1047.519581	785.715348	55.999999	51.059000
1047.519578	785.710376	56.000003	51.058000
1047.519579	785.705347	55.999997	51.058000
1047.519582	785.699968	55.999997	51.057000
1047.519582	785.694748	56.000002	51.056000
1047.519582	785.689772	55.999998	51.055000
1047.519583	785.684759	55.999996	51.054000
1047.519583	785.679769	56.000003	51.055000
1047.519580	785.674549	55.999999	51.056000
1047.519580	785.669764	55.999997	51.057000
1047.519577	785.664756	56.000003	51.057000
1047.519583	785.659760	56.000003	51.057000
1047.519579	785.654742	55.999996	51.057000
1047.519581	785.649768	56.000000	51.057000
1047.519582	785.644959	56.000000	51.057000
1047.519581	785.639768	55.999997	51.058000
1047.519580	785.634740	55.999998	51.060000
1047.519585	785.629563	55.999998	51.062000
1047.519580	785.624550	55.999998	51.063000
1047.519574	785.619561	56.000003	51.064000
1047.519581	785.614544	56.000002	51.065000
1047.519580	785.609573	55.999997	51.065000
1047.519580	785.604357	56.000002	51.066000
1047.519580	785.599553	56.000003	51.067000
1047.519579	785.594546	55.999998	51.068000
1047.519580	785.589570	55.999998	51.069000
1047.519580	785.584554	56.000002	51.070000
1047.519579	785.579552	55.999998	51.072000
1047.519577	785.574742	55.999997	51.072000
1047.519580	785.569570	55.999998	51.072000
1047.519579	785.564565	56.000001	51.072000
1047.519580	785.559766	55.999999	51.073000
1047.519581	785.554548	56.000000	51.073000
1047.519575	785.549570	56.000001	51.073000
1047.519579	785.544354	55.999999	51.072000
1047.519581	785.539555	56.000000	51.072000
1047.519582	785.534545	55.999999	51.071000
1047.519581	785.529564	56.000001	51.071000
1047.519576	785.524559	56.000001	51.072000
1047.519579	785.519362	56.000000	51.072000
1047.519582	785.514334	55.999999	51.071000
1047.519580	785.509355	56.000000	51.068000
1047.519579	785.504361	56.000000	51.066000
1047.519578	785.499363	56.000000	51.065000
1047.519579	785.494342	55.999999	51.065000
1047.519583	785.489557	55.999999	51.066000
1047.519578	785.484358	55.999998	51.067000
1047.519579	785.479165	55.999998	51.067000
1047.519578	785.473951	55.999999	51.066000
1047.519579	785.468963	56.000001	51.065000
1047.519581	785.463959	55.999998	51.064000
1047.519584	785.458764	55.999999	51.062000
1047.519579	785.453952	55.999998	51.059000
1047.519581	785.448967	56.000001	51.056000
1047.519580	785.443971	56.000000	51.054000
1047.519577	785.438975	56.000000	51.054000
1047.519583	785.433945	56.000003	51.055000
1047.519582	785.428960	55.999997	51.056000
1047.519579	785.423965	56.000002	51.056000
1047.519579	785.418970	55.999999	51.056000
1047.519580	785.413762	56.000001	51.057000
1047.519582	785.408768	55.999999	51.060000
1047.519580	785.403368	56.000002	51.064000
1047.519583	785.398573	56.000002	51.067000
1047.519581	785.393165	55.999998	51.071000
1047.519583	785.388568	56.000001	51.073000
1047.519582	785.383576	55.999997	51.076000
1047.519581	785.378577	56.000003	51.079000
1047.519577	785.373172	56.000000	51.083000
1047.519582	785.368361	56.000002	51.086000
1047.519584	785.363375	55.999998	51.091000
1047.519582	785.358374	55.999999	51.095000
1047.519582	785.353377	56.000004	51.098000
1047.519580	785.348367	55.999998	51.100000
1047.519578	785.343377	55.999998	51.102000
1047.519580	785.338380	56.000001	51.102000
1047.519581	785.333380	55.999997	51.103000
1047.519582	785.328165	55.999999	51.104000
1047.519581	785.323175	55.999996	51.106000
1047.519578	785.318176	56.000000	51.109000
1047.519582	785.312970	55.999997	51.113000
1047.519583	785.307958	55.999999	51.118000
1047.519579	785.302965	56.000002	51.121000
1047.519580	785.297982	55.999997	51.123000
1047.519576	785.292959	55.999998	51.122000
1047.519577	785.287949	56.000003	51.121000
1047.519580	785.282962	56.000001	51.121000
1047.519578	785.277966	55.999999	51.121000
1047.519577	785.272943	56.000002	51.120000
1047.519581	785.267946	55.999998	51.117000
1047.519578	785.262978	56.000000	51.113000
1047.519580	785.258178	56.000001	51.108000
1047.519579	785.252763	56.000002	51.106000
1047.519578	785.247953	56.000002	51.105000
1047.519575	785.242750	56.000002	51.105000
1047.519578	785.237976	56.000000	51.104000
1047.519579	785.232970	56.000001	51.102000
1047.519576	785.227768	55.999999	51.101000
1047.519581	785.222967	56.000001	51.101000
1047.519580	785.218156	56.000001	51.102000
1047.519579	785.212948	56.000001	51.102000
1047.519578	785.207755	56.000001	51.103000
1047.519582	785.202969	56.000000	51.103000
1047.519581	785.198175	55.999999	51.104000
1047.519576	785.192965	55.999999	51.105000
1047.519579	785.187758	55.999999	51.106000
1047.519580	785.182969	56.000001	51.106000
1047.519578	785.177573	56.000000	51.106000
1047.519579	785.172766	56.000000	51.105000
1047.519578	785.167559	56.000000	51.104000
1047.519579	785.162779	56.000001	51.104000
1047.519580	785.157773	56.000000	51.104000
1047.519579	785.152767	55.999999	51.104000
1047.519579	785.147749	56.000001	51.103000
1047.519578	785.142770	56.000001	51.101000
1047.519574	785.137772	56.000000	51.100000
1047.519579	785.132765	56.000000	51.100000
1047.519579	785.127760	55.999999	51.100000
1047.519580	785.122764	56.000001	51.101000
1047.519579	785.117766	55.999998	51.101000
1047.519580	785.112761	56.000002	51.102000
1047.519578	785.107939	55.999999	51.103000
1047.519577	785.102369	56.000002	51.104000
1047.519578	785.097382	55.999998	51.105000
1047.519580	785.092346	56.000002	51.106000
1047.519578	785.087528	56.000002	51.108000
1047.519578	785.082554	56.000000	51.109000
1047.519578	785.077595	55.999999	51.111000
1047.519580	785.072585	56.000003	51.113000
1047.519578	785.067756	56.000002	51.116000
1047.519578	785.062547	56.000000	51.118000
1047.519579	785.057577	56.000003	51.120000
1047.519580	785.052578	55.999997	51.123000
1047.519578	785.047567	56.000000	51.126000
1047.519577	785.042555	56.000001	51.128000
1047.519576	785.037572	55.999998	51.130000
1047.519582	785.032568	56.000001	51.132000
1047.519583	785.027161	55.999998	51.133000
1047.519578	785.022579	56.000002	51.134000
1047.519582	785.017574	55.999998	51.135000
1047.519581	785.012554	56.000001	51.136000
1047.519581	785.007364	55.999997	51.139000
1047.519581	785.002574	55.999998	51.142000
1047.519580	784.997570	55.999999	51.145000
1047.519579	784.992550	56.000001	51.148000
1047.519581	784.987549	55.999997	51.151000
1047.519582	784.982375	56.000001	51.154000
1047.519582	784.977575	56.000000	51.156000
1047.519583	784.972556	55.999997	51.159000
1047.519578	784.967541	56.000001	51.161000
1047.519575	784.962561	55.999998	51.162000
1047.519582	784.957776	55.999998	51.164000
1047.519579	784.952365	55.999998	51.165000
1047.519577	784.947549	55.999998	51.166000
1047.519581	784.942364	56.000001	51.166000
1047.519580	784.937569	56.000000	51.167000
1047.519580	784.932561	55.999999	51.168000
1047.519580	784.927548	56.000002	51.170000
1047.519582	784.922541	55.999998	51.171000
1047.519581	784.917556	56.000001	51.173000
1047.519580	784.912566	56.000001	51.174000
1047.519581	784.907551	55.999998	51.175000
1047.519579	784.902556	56.000002	51.176000
1047.519579	784.897560	55.999998	51.178000
1047.519578	784.892367	56.000000	51.179000
1047.519578	784.887554	55.999998	51.180000
1047.519581	784.882571	56.000001	51.180000
1047.519581	784.877388	56.000002	51.179000
1047.519582	784.872367	55.999999	51.179000
1047.519580	784.867341	56.000001	51.179000
1047.519582	784.862362	55.999999	51.179000
1047.519581	784.857373	55.999999	51.179000
1047.519581	784.852375	56.000002	51.179000
1047.519579	784.847355	56.000000	51.179000
1047.519579	784.842365	55.999999	51.181000
1047.519581	784.837371	56.000000	51.182000
1047.519581	784.832363	56.000001	51.184000
1047.519582	784.827353	55.999998	51.186000
1047.519583	784.822367	56.000001	51.188000
1047.519580	784.817565	55.999999	51.190000
1047.519579	784.812364	55.999999	51.192000
1047.519582	784.807553	56.000001	51.195000
1047.519582	784.802155	56.000000	51.199000
1047.519581	784.797165	56.000001	0.000000
1047.519581	784.792162	56.000000	0.000000
1047.519581	784.787148	55.999999	0.000000
1047.519578	784.782157	56.000000	0.000000
1047.519582	784.777164	55.999999	51.202000
1047.519581	784.772153	55.999999	51.211000
1047.519581	784.767138	55.999999	51.222000
1047.519579	784.762168	56.000002	51.233000
1047.519586	784.757166	55.999998	51.242000
1047.519580	784.752160	56.000000	51.248000
1047.519582	784.746935	55.999999	51.254000
1047.519579	784.741953	56.000002	51.261000
1047.519580	784.737168	56.000000	51.269000
1047.519578	784.732168	55.999999	51.279000
1047.519581	784.726536	56.000001	51.290000
1047.519578	784.721959	55.999999	51.301000
1047.519582	784.716765	56.000000	51.312000
1047.519582	784.711957	55.999998	51.324000
1047.519578	784.706943	56.000001	51.337000
1047.519582	784.701961	56.000001	51.353000
1047.519580	784.696985	55.999998	51.370000
1047.519584	784.692166	55.999999	51.390000
1047.519580	784.686949	55.999998	51.412000
1047.519579	784.682172	55.999998	51.437000
1047.519581	784.676979	55.999999	51.461000
1047.519583	784.672173	56.000001	51.481000
1047.519583	784.666945	56.000001	51.509000
1047.519578	784.662173	56.000000	51.541000
1047.519583	784.657177	56.000001	51.576000
1047.519579	784.651773	56.000000	51.618000
1047.519579	784.646752	56.000000	51.657000
1047.519580	784.641767	55.999999	51.696000
1047.519580	784.636769	56.000001	51.734000
1047.519576	784.631771	55.999999	51.772000
1047.519578	784.626740	56.000000	51.808000
1047.519580	784.621746	56.000000	51.840000
1047.519577	784.616773	56.000000	51.868000
1047.519581	784.611769	56.000000	51.894000
1047.519579	784.606766	56.000000	51.915000
1047.519576	784.601746	56.000000	51.934000
1047.519580	784.596756	56.000000	51.950000
1047.519580	784.591960	56.000001	51.964000
1047.519582	784.586751	56.000000	51.977000
1047.519581	784.581961	56.000001	51.989000
1047.519580	784.576565	56.000001	52.001000
1047.519580	784.571570	55.999999	52.012000
1047.519578	784.566552	55.999999	52.023000
1047.519578	784.561563	55.999999	52.036000
1047.519580	784.556555	56.000000	52.049000
1047.519575	784.551556	56.000003	52.061000
1047.519578	784.546547	56.000000	52.072000
1047.519582	784.541556	55.999998	52.082000
1047.519580	784.536354	56.000002	52.090000
1047.519575	784.531568	56.000001	52.097000
1047.519579	784.526545	56.000001	52.103000
1047.519580	784.521550	55.999999	52.109000
1047.519576	784.516559	55.999997	52.114000
1047.519583	784.511570	55.999997	52.119000
1047.519581	784.506541	55.999997	52.123000
1047.519576	784.501146	56.000002	52.126000
1047.519580	784.496146	56.000002	52.129000
1047.519575	784.491366	56.000000	52.131000
1047.519576	784.486343	55.999998	52.133000
1047.519577	784.481369	55.999999	52.135000
1047.519581	784.476360	56.000000	52.137000
1047.519580	784.471353	56.000000	52.139000
1047.519578	784.466328	56.000000	52.139000
1047.519583	784.461550	55.999999	52.140000
1047.519580	784.456361	55.999997	52.140000
1047.519576	784.451383	55.999997	52.140000
1047.519577	784.446132	56.000002	52.141000
1047.519579	784.441336	56.000000	52.141000
1047.519579	784.436357	55.999998	52.141000
1047.519579	784.431359	56.000000	52.142000
1047.519581	784.425954	55.999997	52.143000
1047.519579	784.421159	56.000003	52.145000
1047.519581	784.416151	56.000003	52.146000
1047.519583	784.411160	56.000003	52.148000
1047.519577	784.405939	55.999999	52.150000
1047.519578	784.401152	56.000003	52.152000
1047.519585	784.396169	56.000002	52.153000
1047.519582	784.391179	56.000000	52.155000
1047.519582	784.385973	56.000003	52.157000
1047.519581	784.381153	55.999999	52.160000
1047.519578	784.376120	55.999998	52.162000
1047.519582	784.371175	55.999997	52.164000
1047.519582	784.365963	55.999999	52.166000
1047.519581	784.361167	56.000002	52.169000
1047.519581	784.356362	55.999999	52.171000
1047.519586	784.350953	55.999998	52.172000
1047.519550	784.345742	56.000000	52.173000
1047.519580	784.340971	56.000000	52.173000
1047.519614	784.335930	56.000001	52.173000
1047.519586	784.330988	55.999997	0.000000
1047.519556	784.325732	56.000002	0.000000
1047.519576	784.320960	55.999997	0.000000
1047.519583	784.316212	56.000002	0.000000
1047.519594	784.310748	55.999999	0.000000
1047.519589	784.305884	55.999999	0.000000
1047.519577	784.300986	56.000000	0.000000
1047.519571	784.296009	56.000002	0.000000
1047.519577	784.290965	56.000000	0.000000
1047.519587	784.285947	55.999999	0.000000
1047.519587	784.280933	56.000001	0.000000
1047.519578	784.275552	56.000000	0.000000
1047.519574	784.270804	55.999999	0.000000
1047.519581	784.265740	56.000000	0.000000
1047.519580	784.260732	56.000000	0.000000
1047.519581	784.255745	55.999999	0.000000
1047.519583	784.250758	56.000000	0.000000
1047.519581	784.245738	56.000000	0.000000
1047.519578	784.240749	56.000001	0.000000
1047.519579	784.235749	55.999999	0.000000
1047.519583	784.230767	56.000000	0.000000
1047.519586	784.225727	55.999999	0.000000
1047.519582	784.220738	56.000000	0.000000
1047.519578	784.215756	55.999999	0.000000
1047.519578	784.210774	55.999999	0.000000
1047.519583	784.205531	56.000001	0.000000
1047.519581	784.200727	56.000001	0.000000
1047.519579	784.195542	55.999997	0.000000
1047.519580	784.190572	56.000000	0.000000
1047.519582	784.185548	55.999998	0.000000
1047.519581	784.180541	55.999998	0.000000
1047.519586	784.175543	55.999997	0.000000
1047.519580	784.170557	55.999997	0.000000
1047.519579	784.165549	55.999998	0.000000
1047.519582	784.160362	56.000002	0.000000
1047.519582	784.155547	55.999997	0.000000
1047.519580	784.150573	56.000001	0.000000
1047.519581	784.145366	55.999999	0.000000
1047.519579	784.140538	55.999998	0.000000
1047.519582	784.135524	55.999999	0.000000
1047.519580	784.130565	55.999999	0.000000
1047.519584	784.125352	56.000001	0.000000
1047.519580	784.120544	55.999998	0.000000
1047.519576	784.115137	55.999999	0.000000
1047.519578	784.110358	56.000000	0.000000
1047.519575	784.105343	56.000000	0.000000
1047.519580	784.100158	56.000001	0.000000
1047.519581	784.095351	56.000001	0.000000
1047.519580	784.090371	56.000000	0.000000
1047.519579	784.085552	56.000000	0.000000
1047.519580	784.080353	56.000002	0.000000
1047.519581	784.075547	55.999998	0.000000
1047.519581	784.070369	56.000000	0.000000
1047.519580	784.065561	55.999999	0.000000
1047.519579	784.060566	56.000000	0.000000
1047.519584	784.055558	55.999998	0.000000
1047.519579	784.050361	55.999998	0.000000
1047.519581	784.045548	56.000000	0.000000
1047.519579	784.040163	56.000001	0.000000
1047.519579	784.035163	56.000001	0.000000
1047.519575	784.030182	56.000000	0.000000
1047.519580	784.025165	55.999999	0.000000
1047.519578	784.020165	56.000000	0.000000
1047.519578	784.015352	55.999999	0.000000
1047.519582	784.010185	56.000002	0.000000
1047.519581	784.005156	56.000001	0.000000
1047.519582	784.000160	56.000000	0.000000
1047.519582	783.995352	56.000001	0.000000
1047.519579	783.989968	56.000000	0.000000
1047.519579	783.985159	56.000000	0.000000
1047.519577	783.980158	56.000000	0.000000
1047.519578	783.974958	56.000001	0.000000
1047.519580	783.970174	55.999999	0.000000
1047.519579	783.964759	56.000000	0.000000
1047.519574	783.959949	55.999999	0.000000
1047.519582	783.954954	56.000000	0.000000
1047.519578	783.949976	56.000000	0.000000
1047.519582	783.944965	56.000001	0.000000
1047.519576	783.939951	56.000000	0.000000
1047.519577	783.934942	56.000000	0.000000
1047.519579	783.929966	56.000000	0.000000
1047.519580	783.924956	56.000000	0.000000
1047.519580	783.919957	56.000000	0.000000
1047.519576	783.914750	56.000000	0.000000
1047.519579	783.909974	56.000000	0.000000
1047.519577	783.904964	56.000000	0.000000
1047.519579	783.899959	56.000000	0.000000
1047.519579	783.894755	56.000000	0.000000
1047.519579	783.889578	55.999999	0.000000
1047.519580	783.884767	56.000000	0.000000
1047.519581	783.879761	56.000000	0.000000
1047.519578	783.874748	56.000000	0.000000
1047.519580	783.869766	56.000000	0.000000
1047.519579	783.864761	56.000000	0.000000
1047.519580	783.859564	56.000000	0.000000
1047.519578	783.854545	56.000000	0.000000
1047.519579	783.849759	55.999999	0.000000
1047.519580	783.844762	56.000000	0.000000
1047.519580	783.839768	55.999999	0.000000
1047.519577	783.834743	56.000001	0.000000
1047.519578	783.829764	55.999999	0.000000
1047.519577	783.824761	55.999999	0.000000
1047.519580	783.819761	56.000000	0.000000
1047.519582	783.814952	56.000000	0.000000
1047.519583	783.809371	55.999999	0.000000
1047.519583	783.804565	55.999999	0.000000
1047.519579	783.799552	55.999999	0.000000
1047.519579	783.794344	55.999998	0.000000
1047.519581	783.789568	56.000000	0.000000
1047.519578	783.784564	55.999999	0.000000
1047.519579	783.779560	55.999998	0.000000
1047.519577	783.774544	55.999997	0.000000
1047.519578	783.769567	55.999999	0.000000
1047.519578	783.764563	56.000000	0.000000
1047.519582	783.759567	55.999999	0.000000
1047.519581	783.754555	55.999999	0.000000
1047.519580	783.749569	56.000001	0.000000
1047.519580	783.744563	56.000000	0.000000
1047.519580	783.739169	56.000002	0.000000
1047.519581	783.734351	55.999999	0.000000
1047.519580	783.729376	55.999998	0.000000
1047.519577	783.724371	55.999998	0.000000
1047.519580	783.719376	55.999998	0.000000
1047.519578	783.714352	55.999997	0.000000
1047.519579	783.709174	56.000002	0.000000
1047.519582	783.704367	55.999999	0.000000
1047.519583	783.699370	55.999999	0.000000
1047.519576	783.694346	56.000000	0.000000
1047.519582	783.689370	56.000001	0.000000
1047.519580	783.684368	56.000001	0.000000
1047.519585	783.679368	56.000002	0.000000
1047.519581	783.674355	56.000002	0.000000
1047.519580	783.669369	56.000002	0.000000
1047.519582	783.664362	56.000000	0.000000
1047.519579	783.658964	56.000001	0.000000
1047.519582	783.654144	56.000002	0.000000
1047.519579	783.648966	55.999998	0.000000
1047.519581	783.644164	56.000000	0.000000
1047.519582	783.639172	55.999997	0.000000
1047.519582	783.634143	55.999997	0.000000
1047.519583	783.628972	56.000002	0.000000
1047.519580	783.624171	55.999997	0.000000
1047.519587	783.619167	55.999996	0.000000
1047.519579	783.613954	56.000002	0.000000
1047.519581	783.609171	55.999996	0.000000
1047.519581	783.604163	55.999997	0.000000
1047.519582	783.599159	55.999998	0.000000
1047.519580	783.594151	56.000001	0.000000
1047.519580	783.588970	55.999998	0.000000
1047.519578	783.583971	55.999998	0.000000
1047.519581	783.578966	56.000000	0.000000
1047.519578	783.573959	56.000001	0.000000
1047.519581	783.568963	56.000001	0.000000
1047.519580	783.563776	56.000000	0.000000
1047.519581	783.558969	56.000003	0.000000
1047.519581	783.553956	56.000001	0.000000
1047.519578	783.548970	55.999999	0.000000
1047.519579	783.543973	55.999998	0.000000
1047.519575	783.538964	56.000000	0.000000
1047.519580	783.533951	56.000002	0.000000
1047.519581	783.528967	56.000003	0.000000
1047.519578	783.523964	56.000004	0.000000
1047.519581	783.518964	56.000004	0.000000
1047.519579	783.514153	55.999998	0.000000
1047.519580	783.508970	56.000003	0.000000
1047.519582	783.503963	56.000002	0.000000
1047.519577	783.498965	56.000001	0.000000
1047.519579	783.493752	56.000001	0.000000
1047.519581	783.488963	55.999997	0.000000
1047.519579	783.483772	56.000003	0.000000
1047.519577	783.478774	56.000004	0.000000
1047.519582	783.473756	56.000002	0.000000
1047.519580	783.468968	56.000001	0.000000
1047.519580	783.463775	56.000002	0.000000
1047.519577	783.458971	56.000001	0.000000
1047.519581	783.453950	56.000001	0.000000
1047.519580	783.448969	56.000002	0.000000
1047.519580	783.443975	56.000003	0.000000
1047.519583	783.438770	56.000000	0.000000
1047.519577	783.433557	56.000000	0.000000
1047.519579	783.428570	56.000000	0.000000
1047.519578	783.423778	55.999997	0.000000
1047.519582	783.418773	55.999997	0.000000
1047.519579	783.413763	55.999996	0.000000
1047.519580	783.408771	55.999996	0.000000
1047.519581	783.403779	55.999997	0.000000
1047.519575	783.398774	56.000001	0.000000
1047.519577	783.393758	56.000002	0.000000
1047.519581	783.388764	56.000004	0.000000
1047.519578	783.383577	55.999997	0.000000
1047.519581	783.378773	56.000003	0.000000
1047.519580	783.373753	56.000001	0.000000
1047.519580	783.368970	56.000004	0.000000
1047.519578	783.363972	56.000004	0.000000
1047.519580	783.358572	56.000000	0.000000
1047.519577	783.353556	56.000001	0.000000
1047.519578	783.348564	56.000003	0.000000
1047.519580	783.343564	56.000004	0.000000
1047.519579	783.338570	56.000004	0.000000
1047.519578	783.333561	56.000003	0.000000
1047.519581	783.328357	55.999997	0.000000
1047.519579	783.323577	56.000000	0.000000
1047.519581	783.318570	55.999999	0.000000
1047.519578	783.313560	55.999997	0.000000
1047.519579	783.308568	55.999997	0.000000
1047.519576	783.303577	56.000000	0.000000
1047.519576	783.298769	55.999997	0.000000
1047.519575	783.293555	56.000002	0.000000
1047.519578	783.288361	55.999999	0.000000
1047.519577	783.283372	55.999996	0.000000
1047.519577	783.278168	56.000003	0.000000
1047.519581	783.273356	55.999999	0.000000
1047.519579	783.268365	56.000002	0.000000
1047.519581	783.263167	55.999997	0.000000
1047.519581	783.258575	56.000002	0.000000
1047.519579	783.253356	55.999998	0.000000
1047.519577	783.248359	56.000000	0.000000
1047.519579	783.243365	56.000003	0.000000
1047.519581	783.237966	56.000003	0.000000
1047.519582	783.233353	55.999998	0.000000
1047.519579	783.228359	55.999997	0.000000
1047.519581	783.223364	55.999998	0.000000
1047.519580	783.218550	55.999997	0.000000
1047.519580	783.213141	56.000000	0.000000
1047.519577	783.208152	56.000002	0.000000
1047.519582	783.203155	55.999998	0.000000
1047.519581	783.197960	56.000003	0.000000
1047.519582	783.193143	56.000003	0.000000
1047.519582	783.188143	56.000000	0.000000
1047.519581	783.183163	55.999998	0.000000
1047.519575	783.178165	55.999999	0.000000
1047.519578	783.173158	56.000003	0.000000
1047.519581	783.168153	55.999999	0.000000
1047.519580	783.163161	55.999998	0.000000
1047.519579	783.158373	55.999998	0.000000
1047.519580	783.153161	55.999999	0.000000
1047.519577	783.148153	56.000001	0.000000
1047.519582	783.143164	56.000000	0.000000
1047.519582	783.138371	55.999999	0.000000
1047.519579	783.132962	55.999997	0.000000
1047.519579	783.127959	56.000001	0.000000
1047.519578	783.122775	55.999998	0.000000
1047.519580	783.117977	55.999998	0.000000
1047.519583	783.112972	56.000002	0.000000
1047.519576	783.107966	55.999998	0.000000
1047.519580	783.102974	56.000002	0.000000
1047.519580	783.097979	56.000000	0.000000
1047.519580	783.092969	55.999997	0.000000
1047.519581	783.087965	56.000003	0.000000
1047.519579	783.082970	55.999999	0.000000
1047.519579	783.077973	56.000002	0.000000
1047.519580	783.072770	56.000000	0.000000
1047.519580	783.068165	55.999997	0.000000
1047.519581	783.063171	56.000001	0.000000
1047.519580	783.057576	56.000001	0.000000
1047.519581	783.052773	56.000002	0.000000
1047.519582	783.047767	55.999999	0.000000
1047.519582	783.042773	56.000001	0.000000
1047.519581	783.037781	55.999999	0.000000
1047.519581	783.032768	56.000000	0.000000
1047.519580	783.027774	56.000001	0.000000
1047.519581	783.022778	55.999999	0.000000
1047.519582	783.017784	56.000000	0.000000
1047.519585	783.012775	55.999998	0.000000
1047.519580	783.007767	56.000002	0.000000
1047.519578	783.002786	55.999999	0.000000
1047.519581	782.997782	55.999999	0.000000
1047.519582	782.992778	56.000001	0.000000
1047.519580	782.987768	55.999999	0.000000
1047.519582	782.982582	56.000000	0.000000
1047.519584	782.977582	56.000000	0.000000
1047.519581	782.972372	56.000000	0.000000
1047.519579	782.967561	56.000000	0.000000
1047.519581	782.962563	55.999999	0.000000
1047.519580	782.957568	56.000000	0.000000
1047.519581	782.952564	56.000000	0.000000
1047.519579	782.947552	56.000000	0.000000
1047.519582	782.942562	56.000000	0.000000
1047.519579	782.937566	56.000001	0.000000
1047.519580	782.932565	56.000000	0.000000
1047.519579	782.927562	56.000000	0.000000
1047.519579	782.922572	56.000000	0.000000
1047.519582	782.917767	55.999999	0.000000
1047.519579	782.912365	56.000000	0.000000
1047.519579	782.907155	56.000000	0.000000
1047.519580	782.902372	56.000000	0.000000
1047.519580	782.897370	56.000000	0.000000
1047.519579	782.892369	56.000000	0.000000
1047.519585	782.887357	56.000000	0.000000
1047.519578	782.882366	56.000002	0.000000
1047.519582	782.877171	56.000000	0.000000
1047.519580	782.872368	55.999999	0.000000
1047.519582	782.867357	56.000000	0.000000
1047.519579	782.862367	56.000000	0.000000
1047.519581	782.857369	56.000002	0.000000
1047.519581	782.852564	56.000000	0.000000
1047.519581	782.847565	56.000001	0.000000
1047.519581	782.842369	56.000001	0.000000
1047.519581	782.837370	56.000000	0.000000
1047.519579	782.832166	55.999999	0.000000
1047.519581	782.826956	55.999999	0.000000
1047.519578	782.822163	56.000001	0.000000
1047.519579	782.817173	55.999998	0.000000
1047.519582	782.812174	56.000002	0.000000
1047.519576	782.806949	55.999997	0.000000
1047.519578	782.802169	55.999998	0.000000
1047.519578	782.797166	56.000002	0.000000
1047.519578	782.792171	55.999997	0.000000
1047.519578	782.787151	56.000001	0.000000
1047.519580	782.782163	56.000003	0.000000
1047.519580	782.777169	55.999997	52.174000
1047.519577	782.772169	55.999998	52.542000
1047.519577	782.767161	56.000003	53.132000
1047.519578	782.762361	56.000004	53.651000
1047.519580	782.756757	55.999997	54.317000
1047.519579	782.751967	55.999996	54.833000
1047.519579	782.746951	55.999998	55.420000
1047.519580	782.741954	56.000003	56.005000
1047.519584	782.736959	56.000000	56.590000
1047.519579	782.732172	56.000004	57.249000
1047.519578	782.726954	55.999998	57.909000
1047.519579	782.722160	55.999996	58.568000
1047.519581	782.716956	56.000000	59.371000
1047.519575	782.711968	55.999996	60.172000
1047.519578	782.706945	56.000002	61.119000
1047.519579	782.701960	56.000004	61.553000
1047.519580	782.696759	55.999997	61.542000
1047.519578	782.692163	56.000003	61.537000
1047.519578	782.686946	55.999998	61.542000
1047.519580	782.681553	55.999999	61.548000
1047.519582	782.676767	55.999997	61.554000
1047.519577	782.671776	56.000000	61.565000
1047.519580	782.666756	56.000003	61.575000
1047.519575	782.661761	56.000004	61.580000
1047.519581	782.656766	55.999999	61.580000
1047.519579	782.651773	55.999996	61.579000
1047.519579	782.646761	55.999999	61.290000
1047.519577	782.641755	56.000003	61.136000
1047.519579	782.636757	56.000003	61.137000
1047.519583	782.631763	55.999999	61.140000
1047.519582	782.626747	55.999998	61.144000
1047.519579	782.621749	56.000002	61.149000
1047.519577	782.616546	55.999999	61.153000
1047.519578	782.611955	56.000002	61.156000
1047.519580	782.606529	56.000003	61.161000
1047.519578	782.601538	55.999998	61.166000
1047.519577	782.596543	55.999997	61.173000
1047.519581	782.591558	55.999999	61.180000
1047.519584	782.586331	55.999999	61.340000
1047.519582	782.581335	56.000001	61.497000
1047.519580	782.576558	56.000001	61.629000
1047.519583	782.571560	55.999997	61.627000
1047.519580	782.566545	56.000003	61.624000
1047.519584	782.561552	55.999999	61.622000
1047.519580	782.556563	56.000001	61.619000
1047.519580	782.551570	56.000000	61.615000
1047.519580	782.546759	56.000001	61.610000
1047.519580	782.541561	56.000000	61.605000
1047.519580	782.536564	55.999997	61.600000
1047.519582	782.531774	55.999998	61.596000
1047.519580	782.526364	55.999998	61.593000
1047.519578	782.521563	55.999998	61.589000
1047.519581	782.516576	56.000002	61.585000
1047.519578	782.511578	55.999998	61.590000
1047.519578	782.506566	56.000000	61.598000
1047.519580	782.501570	56.000003	61.604000
1047.519582	782.496575	55.999999	61.610000
1047.519579	782.491576	55.999997	61.618000
1047.519581	782.486553	56.000000	61.627000
1047.519580	782.481774	55.999997	61.633000
1047.519578	782.476574	56.000004	61.637000
1047.519580	782.471577	56.000002	61.638000
1047.519576	782.466356	55.999999	61.638000
1047.519582	782.461559	55.999997	61.638000
1047.519579	782.456561	55.999999	61.638000
1047.519583	782.451170	55.999997	61.638000
1047.519580	782.446157	55.999999	61.638000
1047.519581	782.441358	55.999997	61.638000
1047.519578	782.436155	56.000003	61.638000
1047.519580	782.431369	56.000002	61.638000
1047.519580	782.426351	56.000002	61.639000
1047.519580	782.421158	55.999998	61.639000
1047.519579	782.416159	56.000000	61.641000
1047.519582	782.411366	55.999998	61.643000
1047.519580	782.406352	56.000001	61.647000
1047.519584	782.401354	56.000002	61.654000
1047.519580	782.396155	55.999999	61.665000
1047.519583	782.391368	56.000000	61.677000
1047.519581	782.386354	55.999999	61.693000
1047.519578	782.381355	56.000000	61.711000
1047.519583	782.375940	56.000000	61.734000
1047.519583	782.371156	56.000001	61.759000
1047.519581	782.366153	56.000000	61.787000
1047.519578	782.361157	55.999999	61.817000
1047.519580	782.355946	56.000000	61.847000
1047.519584	782.351172	56.000000	61.871000
1047.519579	782.346148	56.000000	61.891000
1047.519582	782.341145	56.000001	61.902000
1047.519580	782.335954	56.000000	61.910000
1047.519581	782.331175	56.000000	61.914000
1047.519582	782.326153	56.000000	61.915000
1047.519581	782.321148	56.000002	61.914000
1047.519580	782.316149	55.999998	61.911000
1047.519582	782.311369	55.999998	61.907000
1047.519580	782.306156	56.000002	61.904000
1047.519579	782.300755	56.000002	61.904000
1047.519582	782.295957	56.000001	61.908000
1047.519576	782.290961	56.000003	61.912000
1047.519580	782.285933	56.000002	61.915000
1047.519579	782.280961	56.000000	61.919000
1047.519578	782.275977	55.999998	61.927000
1047.519581	782.271199	56.000002	61.934000
1047.519581	782.265958	55.999997	61.940000
1047.519577	782.260939	55.999997	61.944000
1047.519581	782.255951	55.999998	61.946000
1047.519580	782.250984	55.999998	61.946000
1047.519578	782.245963	56.000000	61.948000
1047.519581	782.241167	55.999997	61.951000
1047.519579	782.235758	56.000001	61.956000
1047.519583	782.230978	56.000002	61.960000
1047.519580	782.225747	55.999996	61.960000
1047.519577	782.220751	55.999997	61.951000
1047.519580	782.215776	55.999997	61.932000
1047.519580	782.210791	55.999997	61.911000
1047.519583	782.205760	55.999996	61.900000
1047.519582	782.200766	55.999997	61.906000
1047.519578	782.195762	55.999997	61.919000
1047.519577	782.190773	55.999999	61.929000
1047.519577	782.185758	56.000000	61.933000
1047.519578	782.180770	56.000001	61.934000
1047.519575	782.175780	56.000002	61.936000
1047.519578	782.170791	55.999998	61.939000
1047.519581	782.165757	55.999998	61.944000
1047.519578	782.160758	56.000001	61.951000
1047.519578	782.155970	55.999998	61.957000
1047.519579	782.150396	55.999999	61.965000
1047.519574	782.145573	56.000000	61.971000
1047.519582	782.140566	56.000002	61.975000
1047.519579	782.135561	56.000000	61.973000
1047.519578	782.130586	55.999999	61.958000
1047.519581	782.125357	55.999999	61.931000
1047.519577	782.120561	56.000000	61.911000
1047.519580	782.115553	55.999998	61.911000
1047.519580	782.110790	55.999998	61.929000
1047.519579	782.105577	56.000002	61.949000
1047.519577	782.100570	56.000001	61.961000
1047.519580	782.095553	55.999999	61.964000
1047.519579	782.090581	56.000001	61.957000
1047.519576	782.085769	56.000002	61.945000
1047.519577	782.080569	56.000000	61.933000
1047.519581	782.075559	56.000001	61.926000
1047.519580	782.070578	55.999999	61.923000
1047.519581	782.065556	56.000000	61.922000
1047.519575	782.060559	56.000001	61.921000
1047.519580	782.055544	56.000000	61.921000
1047.519576	782.050572	55.999999	61.926000
1047.519578	782.045544	56.000001	61.934000
1047.519578	782.040550	55.999999	61.945000
1047.519575	782.035740	55.999998	61.955000
1047.519575	782.030369	56.000000	61.959000
1047.519577	782.025744	55.999998	61.955000
1047.519582	782.020534	56.000000	61.939000
1047.519583	782.015738	55.999998	61.913000
1047.519580	782.010355	55.999999	61.888000
1047.519580	782.005740	55.999999	61.874000
1047.519578	782.000149	56.000001	61.877000
1047.519580	781.995342	56.000001	61.889000
1047.519581	781.990365	55.999999	61.897000
1047.519580	781.985330	56.000001	61.895000
1047.519576	781.980127	56.000002	61.880000
1047.519578	781.975345	56.000001	61.858000
1047.519585	781.970366	56.000001	61.837000
1047.519585	781.965536	56.000002	61.827000
1047.519581	781.960140	56.000002	61.830000
1047.519579	781.955531	55.999999	61.843000
1047.519582	781.950363	56.000000	61.852000
1047.519576	781.945545	55.999999	61.854000
1047.519581	781.940328	55.999999	61.850000
1047.519580	781.935529	55.999999	61.845000
1047.519575	781.930173	55.999999	61.844000
1047.519578	781.925156	56.000002	61.847000
1047.519578	781.920150	56.000000	61.853000
1047.519579	781.915123	56.000000	61.859000
1047.519581	781.910146	56.000000	61.866000
1047.519576	781.905154	56.000001	61.872000
1047.519580	781.900158	55.999997	61.878000
1047.519580	781.895156	56.000000	61.884000
1047.519577	781.890152	56.000001	61.891000
1047.519584	781.885130	55.999998	61.899000
1047.519577	781.879949	56.000000	61.908000
1047.519578	781.875356	56.000000	61.916000
1047.519579	781.870178	55.999999	61.923000
1047.519580	781.865153	56.000001	61.928000
1047.519582	781.860143	55.999999	61.928000
1047.519579	781.854939	56.000000	61.924000
1047.519582	781.849983	55.999999	61.919000
1047.519582	781.844969	55.999998	61.916000
1047.519581	781.839963	56.000002	61.917000
1047.519581	781.834943	55.999999	61.921000
1047.519582	781.830165	56.000000	61.926000
1047.519580	781.825152	55.999998	61.933000
1047.519578	781.819968	55.999999	61.940000
1047.519579	781.814760	56.000002	61.946000
1047.519582	781.809985	56.000002	61.951000
1047.519586	781.804952	55.999999	61.954000
1047.519582	781.799962	56.000000	61.954000
1047.519581	781.794960	56.000000	61.953000
1047.519581	781.789988	55.999999	61.950000
1047.519581	781.785162	56.000001	61.947000
1047.519579	781.779766	56.000002	61.943000
1047.519582	781.774547	56.000000	61.938000
1047.519577	781.769773	56.000000	61.933000
1047.519579	781.764752	56.000001	61.930000
1047.519580	781.759767	56.000002	61.928000
1047.519583	781.754746	55.999998	61.926000
1047.519579	781.749581	56.000001	61.922000
1047.519580	781.744960	55.999997	61.914000
1047.519580	781.739764	56.000002	61.900000
1047.519580	781.734743	56.000001	61.882000
1047.519577	781.729776	55.999998	61.868000
1047.519577	781.724753	55.999998	61.860000
1047.519581	781.719762	55.999999	61.860000
1047.519582	781.714543	56.000000	61.864000
1047.519582	781.709765	56.000001	61.870000
1047.519584	781.704537	56.000000	61.876000
1047.519579	781.699557	56.000001	61.880000
1047.519584	781.694557	55.999999	61.883000
1047.519581	781.689568	55.999998	61.885000
1047.519577	781.684343	55.999999	61.886000
1047.519580	781.679552	56.000000	61.887000
1047.519578	781.674348	55.999999	61.886000
1047.519582	781.669569	55.999999	61.883000
1047.519582	781.664543	56.000001	61.880000
1047.519579	781.659753	56.000000	61.877000
1047.519581	781.654544	56.000002	61.877000
1047.519580	781.649570	55.999999	61.879000
1047.519583	781.644545	56.000002	61.882000
1047.519576	781.639552	55.999999	61.885000
1047.519579	781.634541	55.999998	61.885000
1047.519577	781.629166	55.999998	61.879000
1047.519580	781.624352	55.999998	61.865000
1047.519580	781.619359	55.999997	61.849000
1047.519578	781.614341	55.999998	61.837000
1047.519578	781.609372	56.000001	61.833000
1047.519579	781.604365	56.000002	61.836000
1047.519578	781.599173	55.999998	61.841000
1047.519582	781.594351	55.999997	61.845000
1047.519582	781.589365	55.999998	61.847000
1047.519576	781.584361	56.000000	61.846000
1047.519576	781.579159	56.000000	61.842000
1047.519580	781.574352	55.999999	61.838000
1047.519578	781.569370	56.000002	61.837000
1047.519580	781.564345	55.999999	61.838000
1047.519578	781.559349	55.999999	61.843000
1047.519578	781.554148	55.999999	61.852000
1047.519582	781.549177	56.000000	61.863000
1047.519581	781.544154	56.000001	61.874000
1047.519579	781.539161	55.999999	61.884000
1047.519577	781.534147	56.000002	61.890000
1047.519575	781.529171	56.000000	61.892000
1047.519576	781.524154	55.999999	61.890000
1047.519578	781.519158	56.000001	61.885000
1047.519579	781.514156	56.000000	61.882000
1047.519582	781.509182	56.000002	61.885000
1047.519581	781.504170	56.000001	61.891000
1047.519577	781.499163	55.999999	61.899000
1047.519579	781.494140	55.999998	61.907000
1047.519580	781.489171	55.999998	61.913000
1047.519580	781.484164	56.000002	61.917000
1047.519581	781.478955	56.000000	61.919000
1047.519578	781.473932	55.999998	61.919000
1047.519579	781.468961	55.999999	61.919000
1047.519578	781.463757	56.000001	61.921000
1047.519581	781.458967	56.000002	61.922000
1047.519577	781.453961	56.000002	61.921000
1047.519579	781.448967	56.000001	61.918000
1047.519583	781.443943	56.000000	61.914000
1047.519582	781.438975	55.999997	61.912000
1047.519584	781.433960	55.999999	61.914000
1047.519578	781.429169	55.999997	61.919000
1047.519578	781.423964	56.000002	61.924000
1047.519582	781.418947	56.000003	61.924000
1047.519580	781.413739	55.999997	61.915000
1047.519580	781.408975	56.000002	61.900000
1047.519579	781.403775	55.999997	61.884000
1047.519580	781.398763	55.999998	61.875000
1047.519579	781.393741	56.000001	61.873000
1047.519582	781.388751	56.000001	61.876000
1047.519584	781.383561	56.000001	61.880000
1047.519581	781.378948	55.999997	61.884000
1047.519581	781.373777	56.000001	61.888000
1047.519579	781.368993	55.999997	61.891000
1047.519580	781.363769	56.000003	61.895000
1047.519584	781.358977	55.999997	61.897000
1047.519582	781.353747	56.000003	61.899000
1047.519580	781.348974	55.999997	61.897000
1047.519575	781.343786	56.000003	61.895000
1047.519580	781.338979	56.000001	61.892000
1047.519581	781.333768	56.000001	61.891000
1047.519583	781.328576	56.000001	61.893000
1047.519580	781.323378	55.999997	61.896000
1047.519579	781.318579	55.999998	61.899000
1047.519581	781.313556	55.999998	61.902000
1047.519581	781.308570	56.000003	61.903000
1047.519580	781.303579	56.000000	61.901000
1047.519578	781.298778	56.000001	61.896000
1047.519576	781.293563	56.000000	61.889000
1047.519580	781.288560	55.999999	61.884000
1047.519581	781.283571	56.000000	61.882000
1047.519580	781.278778	56.000001	61.883000
1047.519579	781.273565	56.000000	61.886000
1047.519581	781.268771	56.000000	61.888000
1047.519582	781.263566	55.999999	61.889000
1047.519581	781.258777	55.999999	61.888000
1047.519580	781.253163	55.999999	61.883000
1047.519580	781.248374	56.000000	61.877000
1047.519581	781.243363	56.000000	61.870000
1047.519579	781.238369	55.999999	61.867000
1047.519579	781.233352	56.000000	61.867000
1047.519585	781.228360	56.000000	61.869000
1047.519578	781.223361	56.000000	61.872000
1047.519582	781.218368	56.000001	61.873000
1047.519579	781.213351	56.000001	61.874000
1047.519579	781.208356	55.999997	61.876000
1047.519581	781.203360	56.000001	61.877000
1047.519580	781.198374	56.000001	61.879000
1047.519579	781.193363	56.000000	61.881000
1047.519583	781.188358	55.999998	61.882000
1047.519582	781.183347	55.999997	61.880000
1047.519582	781.178155	56.000004	61.874000
1047.519580	781.173152	56.000003	61.868000
1047.519577	781.167959	55.999996	61.863000
1047.519579	781.162958	55.999998	61.863000
1047.519583	781.158160	55.999998	61.866000
1047.519581	781.153146	55.999998	61.871000
1047.519580	781.147747	55.999996	61.875000
1047.519579	781.143165	56.000003	61.878000
1047.519580	781.138175	56.000004	61.879000
1047.519581	781.133150	56.000000	61.877000
1047.519583	781.128155	55.999999	61.874000
1047.519582	781.123164	55.999997	61.870000
1047.519582	781.118373	55.999997	61.867000
1047.519581	781.113155	56.000002	61.865000
1047.519583	781.108367	56.000002	61.866000
1047.519579	781.102959	56.000001	61.867000
1047.519584	781.097763	55.999999	61.870000
1047.519583	781.092955	56.000001	61.873000
1047.519578	781.087962	55.999997	61.877000
1047.519577	781.082767	56.000001	61.880000
1047.519583	781.077775	55.999998	61.882000
1047.519580	781.072757	56.000002	61.882000
1047.519579	781.067753	56.000000	61.879000
1047.519577	781.062766	55.999999	61.871000
1047.519579	781.057772	56.000002	61.860000
1047.519580	781.052752	55.999998	61.848000
1047.519577	781.047747	55.999998	61.839000
1047.519577	781.042747	56.000001	61.837000
1047.519577	781.037761	56.000001	61.840000
1047.519577	781.032946	56.000000	61.845000
1047.519577	781.027743	56.000000	61.849000
1047.519579	781.022535	55.999999	61.851000
1047.519578	781.017548	56.000001	61.850000
1047.519581	781.012750	56.000003	61.850000
1047.519579	781.007738	55.999998	61.852000
1047.519576	781.002746	56.000001	61.858000
1047.519579	780.997556	55.999998	61.867000
1047.519580	780.992750	56.000001	61.877000
1047.519577	780.987747	55.999998	61.886000
1047.519580	780.982752	56.000001	61.894000
1047.519578	780.977761	56.000003	61.899000
1047.519580	780.972760	56.000002	61.902000
1047.519579	780.967752	55.999998	61.903000
1047.519581	780.962752	55.999997	61.902000
1047.519578	780.957761	55.999998	61.899000
1047.519580	780.952350	56.000000	61.896000
1047.519574	780.947543	55.999997	61.894000
1047.519577	780.942557	56.000002	61.894000
1047.519581	780.937564	56.000002	61.896000
1047.519581	780.932559	55.999998	61.899000
1047.519579	780.927552	55.999997	61.905000
1047.519577	780.922552	56.000002	61.912000
1047.519582	780.917562	56.000003	61.917000
1047.519582	780.912561	55.999998	61.917000
1047.519578	780.907546	55.999999	61.912000
1047.519580	780.902558	56.000003	61.902000
1047.519578	780.897562	55.999997	61.894000
1047.519582	780.892362	56.000003	61.891000
1047.519579	780.887543	56.000000	61.889000
1047.519583	780.882357	55.999999	61.889000
1047.519578	780.877161	56.000003	61.888000
1047.519581	780.872362	56.000002	61.887000
1047.519581	780.867345	56.000003	61.887000
1047.519580	780.862157	56.000001	61.886000
1047.519583	780.857367	55.999999	61.885000
1047.519581	780.852161	55.999997	61.881000
1047.519582	780.847353	55.999998	61.874000
1047.519580	780.842363	55.999999	61.866000
1047.519584	780.837365	56.000002	61.859000
1047.519580	780.832362	55.999997	61.855000
1047.519582	780.827353	56.000002	61.855000
1047.519584	780.822362	55.999998	61.858000
1047.519583	780.817371	55.999998	61.862000
1047.519581	780.812371	56.000002	61.865000
1047.519580	780.807354	55.999999	61.867000
1047.519578	780.802568	56.000001	61.866000
1047.519582	780.796970	56.000001	61.862000
1047.519581	780.792159	56.000001	61.858000
1047.519580	780.787146	55.999998	61.855000
1047.519578	780.782159	56.000001	61.855000
1047.519580	780.777161	56.000000	61.858000
1047.519579	780.772359	56.000001	61.862000
1047.519580	780.767149	56.000000	61.865000
1047.519579	780.762361	56.000001	61.867000
1047.519576	780.757160	56.000001	61.868000
1047.519584	780.751961	56.000000	61.867000
1047.519579	780.747143	55.999999	61.866000
1047.519583	780.742360	56.000000	61.865000
1047.519583	780.737161	55.999999	61.864000
1047.519580	780.732365	55.999999	61.863000
1047.519578	780.726742	55.999999	61.860000
1047.519578	780.721956	55.999999	61.857000
1047.519584	780.716965	56.000000	61.856000
1047.519582	780.711969	56.000000	61.857000
1047.519580	780.706954	56.000000	61.858000
1047.519579	780.701964	56.000000	61.860000
1047.519582	780.696964	56.000000	61.861000
1047.519576	780.691973	56.000000	61.859000
1047.519579	780.686952	55.999999	61.857000
1047.519581	780.682168	56.000001	61.854000
1047.519585	780.676760	55.999999	61.854000
1047.519583	780.671966	56.000001	61.855000
1047.519580	780.666952	56.000000	61.858000
1047.519581	780.661960	55.999998	61.862000
1047.519583	780.656974	56.000001	61.864000
1047.519581	780.651966	55.999999	61.863000
1047.519580	780.646547	56.000001	61.860000
1047.519581	780.641760	56.000000	61.855000
1047.519583	780.636765	55.999999	61.849000
1047.519577	780.631769	56.000002	61.844000
1047.519578	780.626745	55.999999	61.840000
1047.519580	780.621760	56.000000	61.839000
1047.519580	780.616774	56.000000	61.839000
1047.519582	780.611777	55.999999	61.840000
1047.519581	780.606757	56.000002	61.841000
1047.519579	780.601968	56.000001	61.842000
1047.519582	780.596774	56.000001	61.842000
1047.519583	780.591784	55.999997	61.840000
1047.519581	780.586757	56.000002	61.838000
1047.519584	780.581965	56.000002	61.836000
1047.519579	780.576360	55.999997	61.835000
1047.519582	780.571375	56.000002	61.836000
1047.519580	780.566546	56.000003	61.840000
1047.519576	780.561554	55.999998	61.845000
1047.519579	780.556562	55.999998	61.851000
1047.519580	780.551570	56.000001	61.855000
1047.519579	780.546548	55.999998	61.857000
1047.519578	780.541354	56.000001	61.856000
1047.519578	780.536369	55.999998	61.853000
1047.519579	780.531575	55.999997	61.849000
1047.519581	780.526751	55.999997	61.847000
1047.519581	780.521556	56.000001	61.845000
1047.519580	780.516769	56.000003	61.844000
1047.519577	780.511576	55.999997	61.843000
1047.519578	780.506350	56.000001	61.843000
1047.519577	780.501157	56.000001	61.843000
1047.519580	780.496360	55.999996	61.846000
1047.519576	780.491371	56.000000	61.851000
1047.519579	780.486147	55.999998	61.856000
1047.519580	780.481346	56.000002	61.861000
1047.519579	780.476353	55.999998	61.863000
1047.519581	780.471365	55.999997	61.864000
1047.519577	780.466330	55.999997	61.863000
1047.519576	780.461345	55.999998	61.861000
1047.519582	780.456144	56.000003	61.862000
1047.519576	780.451359	56.000003	61.865000
1047.519581	780.446335	56.000004	61.868000
1047.519577	780.441346	56.000001	61.869000
1047.519575	780.436341	55.999997	61.867000
1047.519578	780.431557	55.999999	61.862000
1047.519582	780.426139	56.000000	61.855000
1047.519580	780.420947	56.000000	61.847000
1047.519580	780.416150	55.999996	61.842000
1047.519581	780.411167	55.999997	61.839000
1047.519579	780.406138	56.000002	61.838000
1047.519582	780.401149	56.000003	61.838000
1047.519580	780.396144	56.000000	61.841000
1047.519581	780.391162	55.999999	61.845000
1047.519579	780.386147	55.999996	61.850000
1047.519578	780.381147	56.000000	61.855000
1047.519579	780.376148	56.000003	61.861000
1047.519579	780.371165	56.000002	61.866000
1047.519580	780.366138	55.999999	61.869000
1047.519582	780.361154	55.999997	61.871000
1047.519581	780.356153	55.999997	61.868000
1047.519578	780.351172	56.000000	61.864000
1047.519576	780.345942	55.999997	61.858000
1047.519580	780.340939	55.999997	61.855000
1047.519581	780.335944	56.000000	61.855000
1047.519582	780.330966	56.000001	61.856000
1047.519584	780.325945	56.000003	61.860000
1047.519582	780.320948	56.000003	61.863000
1047.519578	780.315942	56.000002	61.867000
1047.519582	780.310964	55.999998	61.871000
1047.519581	780.305945	55.999997	61.873000
1047.519580	780.300949	55.999999	61.873000
1047.519580	780.295950	56.000003	61.868000
1047.519581	780.290961	56.000004	61.860000
1047.519582	780.285939	56.000003	61.849000
1047.519579	780.280752	55.999998	61.841000
1047.519579	780.275750	56.000001	61.838000
1047.519583	780.270769	56.000003	61.838000
1047.519576	780.265744	56.000003	61.840000
1047.519585	780.260357	56.000000	61.840000
1047.519581	780.255747	56.000002	61.838000
1047.519584	780.250768	56.000000	61.835000
1047.519584	780.245752	55.999998	61.830000
1047.519583	780.240754	55.999997	61.826000
1047.519579	780.235747	55.999998	61.823000
1047.519580	780.230773	56.000003	61.822000
1047.519580	780.225744	56.000003	61.824000
1047.519584	780.220751	56.000003	61.829000
1047.519582	780.215752	56.000002	61.836000
1047.519580	780.210770	56.000001	61.843000
1047.519583	780.205948	56.000003	61.851000
1047.519583	780.200352	56.000001	61.858000
1047.519584	780.195349	55.999999	61.861000
1047.519585	780.190578	56.000003	61.859000
1047.519582	780.185549	56.000001	61.853000
1047.519584	780.180559	55.999998	61.846000
1047.519582	780.175557	55.999996	61.842000
1047.519579	780.170577	55.999997	61.842000
1047.519582	780.165752	55.999999	61.843000
1047.519582	780.160558	56.000002	61.844000
1047.519581	780.155547	56.000003	61.844000
1047.519578	780.150578	56.000003	61.846000
1047.519582	780.145745	56.000002	61.849000
1047.519581	780.140556	55.999999	61.853000
1047.519576	780.135550	55.999996	61.856000
1047.519581	780.130567	55.999998	61.856000
1047.519580	780.125744	55.999997	61.855000
1047.519580	780.120153	55.999999	61.852000
1047.519580	780.115347	55.999997	61.851000
1047.519580	780.110365	55.999999	61.853000
1047.519582	780.105144	56.000002	61.858000
1047.519577	780.100343	56.000001	61.863000
1047.519581	780.095335	56.000002	61.869000
1047.519580	780.090356	56.000002	61.874000
1047.519583	780.085531	56.000000	61.876000
1047.519580	780.080334	56.000001	61.872000
1047.519582	780.075532	56.000002	61.864000
1047.519584	780.070350	55.999997	61.856000
1047.519577	780.065326	56.000000	61.852000
1047.519582	780.060327	56.000000	61.848000
1047.519580	780.055334	56.000001	61.841000
1047.519582	780.050347	56.000002	61.832000
1047.519580	780.045136	55.999999	61.825000
1047.519582	780.040135	55.999999	61.824000
1047.519577	780.035128	55.999998	61.826000
1047.519579	780.030155	56.000002	61.829000
1047.519581	780.025136	56.000001	61.831000
1047.519581	780.020142	55.999998	61.832000
1047.519586	780.015336	56.000002	61.831000
1047.519578	780.010155	56.000000	61.830000
1047.519581	780.005145	56.000001	61.829000
1047.519580	779.999942	55.999999	61.829000
1047.519578	779.995329	56.000002	61.833000
1047.519578	779.990152	55.999998	61.839000
1047.519581	779.985151	55.999998	61.848000
1047.519580	779.980144	56.000000	61.857000
1047.519580	779.975336	55.999999	61.865000
1047.519577	779.969753	56.000002	61.873000
1047.519577	779.964951	55.999997	61.876000
1047.519574	779.959959	55.999999	61.876000
1047.519579	779.954949	56.000002	61.872000
1047.519579	779.949964	56.000003	61.866000
1047.519582	779.944960	56.000002	61.861000
1047.519581	779.939963	56.000000	61.857000
1047.519579	779.934960	55.999998	61.854000
1047.519576	779.929981	55.999997	61.849000
1047.519576	779.924958	55.999999	61.841000
1047.519579	779.919968	55.999999	61.830000
1047.519583	779.914768	56.000003	61.821000
1047.519577	779.909974	56.000000	61.818000
1047.519579	779.904959	56.000002	61.821000
1047.519578	779.899974	56.000002	61.828000
1047.519581	779.894552	56.000001	61.836000
1047.519580	779.889565	55.999999	61.843000
1047.519583	779.884768	56.000000	61.847000
1047.519580	779.879774	55.999999	61.849000
1047.519577	779.874752	55.999998	61.848000
1047.519579	779.869572	56.000001	61.846000
1047.519575	779.864764	56.000002	61.846000
1047.519576	779.859771	56.000002	61.847000
1047.519580	779.854758	56.000000	61.849000
1047.519580	779.849779	55.999999	61.851000
1047.519578	779.844762	56.000000	61.852000
1047.519578	779.839756	56.000002	61.852000
1047.519582	779.834744	56.000001	61.850000
1047.519577	779.829773	56.000002	61.847000
1047.519582	779.824964	55.999998	61.843000
1047.519578	779.819761	56.000002	61.838000
1047.519583	779.814351	56.000001	61.832000
1047.519583	779.809575	55.999999	61.829000
1047.519581	779.804572	55.999998	61.828000
1047.519582	779.799561	56.000000	61.831000
1047.519579	779.794558	56.000003	61.836000
1047.519579	779.789572	56.000002	61.842000
1047.519583	779.784367	55.999998	61.847000
1047.519583	779.779560	56.000001	61.850000
1047.519580	779.774547	56.000001	61.852000
1047.519580	779.769568	56.000002	61.851000
1047.519579	779.764556	56.000001	61.849000
1047.519580	779.759549	56.000002	61.848000
1047.519577	779.754543	56.000003	61.846000
1047.519578	779.749562	56.000002	61.843000
1047.519582	779.744554	56.000002	61.837000
1047.519582	779.739360	55.999999	61.830000
1047.519580	779.734151	56.000001	61.823000
1047.519583	779.729355	55.999998	61.813000
1047.519582	779.724359	55.999997	61.797000
1047.519581	779.719369	55.999999	61.781000
1047.519583	779.714353	56.000000	61.773000
1047.519580	779.709359	55.999999	61.774000
1047.519583	779.704162	56.000001	61.782000
1047.519581	779.699170	56.000002	61.792000
1047.519581	779.694353	56.000000	61.804000
1047.519580	779.689377	56.000000	61.814000
1047.519582	779.684368	56.000001	61.821000
1047.519581	779.679366	56.000000	61.825000
1047.519582	779.674346	56.000001	61.826000
1047.519578	779.669369	56.000000	61.826000
1047.519583	779.664169	56.000001	61.828000
1047.519584	779.659162	55.999999	61.834000
1047.519580	779.654146	56.000000	61.841000
1047.519579	779.649160	56.000000	61.848000
1047.519579	779.644152	56.000000	61.854000
1047.519582	779.639163	55.999999	61.858000
1047.519579	779.633954	56.000000	61.861000
1047.519581	779.629167	55.999999	61.861000
1047.519583	779.623958	55.999999	61.861000
1047.519582	779.619160	55.999999	61.860000
1047.519579	779.614150	56.000000	61.858000
1047.519582	779.609163	56.000000	61.858000
1047.519582	779.604164	55.999999	61.859000
1047.519579	779.599166	55.999999	61.861000
1047.519585	779.594144	56.000001	61.862000
1047.519585	779.588960	55.999998	61.860000
1047.519581	779.583960	55.999999	61.856000
1047.519582	779.578973	56.000003	61.855000
1047.519580	779.573950	56.000000	61.857000
1047.519581	779.568752	56.000001	61.862000
1047.519580	779.563969	55.999999	61.868000
1047.519581	779.558973	56.000001	61.875000
1047.519579	779.553952	56.000001	61.879000
1047.519582	779.548960	55.999999	61.880000
1047.519580	779.543956	55.999998	61.875000
1047.519581	779.538967	55.999999	61.865000
1047.519581	779.533947	55.999999	61.854000
1047.519582	779.528953	55.999999	61.848000
1047.519581	779.523959	55.999998	61.847000
1047.519585	779.519155	56.000000	61.849000
1047.519581	779.514142	56.000000	61.852000
1047.519582	779.508764	56.000003	61.856000
1047.519578	779.503768	56.000000	61.860000
1047.519579	779.498761	56.000001	61.866000
1047.519579	779.493750	55.999999	61.871000
1047.519579	779.488763	56.000000	61.874000
1047.519581	779.483776	55.999999	61.874000
1047.519580	779.478968	56.000000	61.872000
1047.519580	779.473754	56.000000	61.867000
1047.519582	779.468769	56.000001	61.860000
1047.519582	779.463773	56.000003	61.853000
1047.519582	779.458974	55.999998	61.845000
1047.519578	779.453760	56.000002	61.838000
1047.519581	779.448771	56.000003	61.834000
1047.519581	779.443779	55.999999	61.833000
1047.519579	779.438571	56.000002	61.833000
1047.519578	779.433559	56.000002	61.836000
1047.519580	779.428566	56.000002	61.838000
1047.519581	779.423572	56.000000	61.840000
1047.519579	779.418371	55.999997	61.841000
1047.519578	779.413565	56.000003	61.842000
1047.519579	779.408571	56.000001	61.843000
1047.519577	779.403579	56.000001	61.844000
1047.519576	779.398582	56.000002	61.845000
1047.519582	779.393566	56.000002	61.845000
1047.519580	779.388575	56.000002	61.844000
1047.519579	779.383582	56.000002	61.842000
1047.519577	779.378585	56.000002	61.839000
1047.519577	779.373571	56.000002	61.837000
1047.519579	779.368578	55.999999	61.835000
1047.519581	779.363175	56.000002	61.836000
1047.519578	779.358381	55.999999	61.837000
1047.519580	779.353380	55.999998	61.837000
1047.519578	779.348370	55.999999	61.837000
1047.519577	779.343376	55.999999	61.835000
1047.519581	779.338380	55.999999	61.832000
1047.519578	779.333169	56.000000	61.830000
1047.519579	779.328373	56.000001	61.827000
1047.519579	779.323379	56.000000	61.824000
1047.519579	779.318385	56.000001	61.821000
1047.519581	779.313369	56.000001	61.819000
1047.519581	779.308374	56.000000	61.820000
1047.519582	779.303387	56.000000	61.823000
1047.519581	779.298386	56.000001	61.828000
1047.519578	779.293371	56.000001	61.834000
1047.519578	779.288576	56.000000	61.841000
1047.519583	779.283181	55.999999	61.848000
1047.519578	779.278187	56.000001	61.853000
1047.519582	779.273168	55.999999	61.854000
1047.519581	779.268166	55.999999	61.850000
1047.519581	779.263179	56.000000	61.844000
1047.519581	779.258185	56.000000	61.840000
1047.519577	779.253169	56.000000	61.840000
1047.519575	779.248172	56.000000	61.840000
1047.519580	779.242984	56.000000	61.841000
1047.519579	779.238391	56.000000	61.840000
1047.519577	779.233168	56.000000	61.840000
1047.519582	779.228176	55.999999	61.840000
1047.519579	779.223184	56.000000	61.841000
1047.519577	779.218391	56.000001	61.840000
1047.519578	779.213177	55.999999	61.837000
1047.519581	779.207764	56.000000	61.832000
1047.519581	779.202574	55.999999	61.827000
1047.519582	779.197981	56.000000	61.825000
1047.519579	779.192958	56.000000	61.825000
1047.519580	779.187943	56.000000	61.827000
1047.519576	779.182966	56.000001	61.828000
1047.519582	779.177984	56.000000	61.829000
1047.519582	779.172785	56.000001	61.828000
1047.519580	779.167964	56.000001	61.827000
1047.519579	779.162958	56.000001	61.826000
1047.519582	779.157944	55.999999	61.826000
1047.519578	779.152950	55.999998	61.828000
1047.519581	779.147970	55.999997	61.831000
1047.519576	779.142978	55.999997	61.834000
1047.519580	779.138165	56.000001	61.835000
1047.519584	779.132360	55.999999	61.831000
1047.519582	779.127752	56.000002	61.825000
1047.519583	779.122772	56.000002	61.817000
1047.519581	779.117780	56.000003	61.812000
1047.519577	779.112769	56.000002	61.810000
1047.519579	779.107756	56.000001	61.813000
1047.519583	779.102774	56.000000	61.817000
1047.519581	779.097773	56.000000	61.823000
1047.519581	779.092767	55.999999	61.829000
1047.519579	779.087765	55.999998	61.834000
1047.519581	779.082772	55.999999	61.838000
1047.519581	779.077777	56.000003	61.840000
1047.519583	779.072561	56.000000	61.840000
1047.519582	779.067746	56.000001	61.838000
1047.519581	779.062767	55.999998	61.835000
1047.519584	779.057364	55.999999	61.834000
1047.519583	779.052363	56.000002	61.835000
1047.519580	779.047550	55.999996	61.837000
1047.519580	779.042553	55.999998	61.839000
1047.519582	779.037563	56.000000	61.839000
1047.519581	779.032546	56.000001	61.838000
1047.519578	779.027539	56.000003	61.836000
1047.519581	779.022556	56.000003	61.833000
1047.519580	779.017356	56.000000	61.829000
1047.519579	779.012557	55.999999	61.826000
1047.519581	779.007342	56.000003	61.824000
1047.519582	779.002559	55.999996	61.823000
1047.519583	778.997569	55.999999	61.823000
1047.519582	778.992563	56.000001	61.824000
1047.519582	778.987347	55.999997	61.824000
1047.519583	778.982363	55.999999	61.825000
1047.519583	778.977167	55.999997	61.826000
1047.519581	778.972363	56.000004	61.828000
1047.519582	778.967157	56.000003	61.831000
1047.519582	778.962372	55.999998	61.835000
1047.519578	778.957366	55.999996	61.839000
1047.519582	778.952362	55.999997	61.842000
1047.519579	778.947350	55.999997	61.844000
1047.519581	778.942367	56.000001	61.845000
1047.519582	778.937375	56.000003	61.846000
1047.519580	778.932362	56.000003	61.846000
1047.519582	778.927352	55.999998	61.845000
1047.519579	778.922370	55.999996	61.845000
1047.519579	778.917574	56.000003	61.846000
1047.519581	778.912559	56.000003	61.848000
1047.519578	778.907144	56.000001	61.851000
1047.519581	778.902357	56.000000	61.853000
1047.519584	778.897362	56.000002	61.852000
1047.519579	778.892354	56.000004	61.848000
1047.519579	778.887343	56.000002	61.840000
1047.519582	778.882363	55.999998	61.830000
1047.519583	778.877360	55.999996	61.821000
1047.519578	778.872356	55.999997	61.813000
1047.519578	778.867343	55.999997	61.809000
1047.519577	778.862363	55.999998	61.806000
1047.519577	778.857160	55.999999	61.806000
1047.519580	778.852364	55.999998	61.807000
1047.519585	778.847346	55.999999	61.810000
1047.519583	778.842562	56.000004	61.816000
1047.519581	778.837365	56.000000	61.822000
1047.519581	778.832161	55.999997	61.828000
1047.519581	778.827145	55.999996	61.832000
1047.519577	778.822159	55.999997	61.834000
1047.519575	778.817163	55.999998	61.835000
1047.519583	778.812166	56.000000	61.836000
1047.519580	778.806949	55.999996	61.838000
1047.519579	778.802165	56.000002	61.839000
1047.519580	778.797172	56.000004	61.839000
1047.519579	778.792170	56.000003	61.838000
1047.519582	778.787154	56.000004	61.834000
1047.519580	778.782373	55.999998	61.830000
1047.519580	778.777174	56.000004	61.826000
1047.519576	778.772372	55.999998	61.826000
1047.519578	778.767353	55.999997	61.831000
1047.519582	778.762370	55.999997	61.837000
1047.519580	778.756968	55.999998	61.844000
1047.519579	778.751969	55.999997	61.849000
1047.519580	778.746944	55.999997	61.850000
1047.519576	778.741954	55.999997	61.850000
1047.519579	778.736964	55.999996	61.848000
1047.519578	778.731962	55.999996	61.847000
1047.519579	778.726947	55.999996	61.849000
1047.519581	778.721759	56.000000	61.853000
1047.519582	778.716961	55.999998	61.859000
1047.519578	778.711966	55.999996	61.865000
1047.519578	778.706938	55.999996	61.867000
1047.519579	778.702159	56.000003	61.867000
1047.519579	778.696960	55.999997	61.864000
1047.519582	778.691958	55.999999	61.860000
1047.519576	778.686940	56.000000	61.854000
1047.519581	778.681753	56.000002	61.846000
1047.519582	778.676550	55.999998	61.837000
1047.519578	778.671756	55.999997	61.830000
1047.519579	778.666746	55.999996	61.824000
1047.519579	778.661755	56.000000	61.821000
1047.519580	778.656759	56.000002	61.820000
1047.519581	778.651764	55.999999	61.821000
1047.519578	778.646741	56.000000	61.820000
1047.519581	778.641753	56.000002	61.818000
1047.519580	778.636754	56.000001	61.812000
1047.519580	778.631760	55.999999	61.808000
1047.519578	778.626741	55.999998	61.806000
1047.519582	778.621540	56.000000	61.808000
1047.519581	778.616548	55.999999	61.814000
1047.519580	778.611757	55.999998	61.821000
1047.519580	778.606332	56.000000	61.830000
1047.519582	778.601334	56.000001	61.837000
1047.519583	778.596542	55.999999	61.843000
1047.519580	778.591549	56.000000	61.848000
1047.519580	778.586333	55.999999	61.849000
1047.519579	778.581534	56.000000	61.849000
1047.519580	778.576544	56.000000	61.847000
1047.519581	778.571549	56.000000	61.845000
1047.519580	778.566532	56.000000	61.843000
1047.519580	778.561539	56.000000	61.842000
1047.519584	778.556342	56.000000	61.841000
1047.519579	778.551547	56.000000	61.841000
1047.519586	778.546530	55.999999	61.841000
1047.519580	778.541535	55.999999	61.842000
1047.519580	778.536346	56.000000	61.844000
1047.519582	778.531354	56.000001	61.847000
1047.519582	778.526134	56.000001	61.850000
1047.519582	778.521341	56.000001	61.853000
1047.519582	778.516141	56.000000	61.855000
1047.519584	778.511355	55.999999	61.856000
1047.519582	778.506335	56.000001	61.856000
1047.519580	778.501341	55.999999	61.854000
1047.519582	778.496343	56.000001	61.853000
1047.519583	778.491356	55.999999	61.852000
1047.519582	778.486338	56.000001	61.850000
1047.519583	778.481348	55.999998	61.848000
1047.519581	778.476346	56.000001	61.845000
1047.519582	778.471363	56.000002	61.842000
1047.519579	778.466338	55.999998	61.839000
1047.519579	778.461349	56.000000	61.836000
1047.519583	778.455952	56.000001	61.832000
1047.519579	778.450967	56.000000	61.830000
1047.519577	778.446144	56.000002	61.828000
1047.519581	778.441146	55.999998	61.826000
1047.519582	778.436152	55.999997	61.823000
1047.519584	778.431167	56.000000	61.820000
1047.519580	778.425945	55.999997	61.817000
1047.519584	778.421151	55.999999	61.814000
1047.519579	778.416154	55.999998	61.814000
1047.519582	778.411167	56.000001	61.816000
1047.519583	778.406147	56.000003	61.819000
1047.519582	778.401155	56.000002	61.821000
1047.519581	778.396155	56.000000	61.820000
1047.519577	778.391174	55.999998	61.817000
1047.519581	778.386151	55.999997	61.814000
1047.519577	778.381161	55.999998	61.812000
1047.519580	778.375756	55.999997	61.812000
1047.519583	778.370980	56.000000	61.813000
1047.519580	778.365954	55.999998	61.816000
1047.519579	778.360760	56.000003	61.818000
1047.519581	778.355960	55.999998	61.819000
1047.519582	778.350978	56.000000	61.818000
1047.519580	778.345955	56.000002	61.815000
1047.519579	778.340766	55.999997	61.814000
1047.519582	778.335963	56.000003	61.815000
1047.519583	778.330983	56.000000	61.818000
1047.519582	778.325960	55.999999	61.823000
1047.519581	778.320965	55.999996	61.827000
1047.519582	778.315968	55.999997	61.829000
1047.519582	778.310985	55.999996	61.829000
1047.519581	778.305960	55.999998	61.830000
1047.519581	778.300571	55.999997	61.831000
1047.519580	778.295774	56.000000	61.834000
1047.519582	778.290785	55.999999	61.837000
1047.519580	778.285760	55.999998	61.839000
1047.519580	778.280764	55.999997	61.840000
1047.519577	778.275559	56.000002	61.838000
1047.519578	778.270574	56.000004	61.835000
1047.519579	778.265747	56.000002	61.829000
1047.519578	778.260757	56.000003	61.825000
1047.519582	778.255749	56.000000	61.821000
1047.519580	778.250773	55.999998	61.820000
1047.519579	778.245753	55.999996	61.819000
1047.519579	778.240761	55.999998	61.819000
1047.519581	778.235748	56.000000	61.819000
1047.519580	778.230775	56.000002	61.820000
1047.519578	778.225549	55.999997	61.821000
1047.519578	778.220558	55.999998	61.822000
1047.519580	778.215551	55.999999	61.822000
1047.519578	778.210575	56.000002	61.821000
1047.519582	778.205155	55.999998	61.820000
1047.519577	778.200552	56.000002	61.819000
1047.519579	778.195749	56.000003	61.820000
1047.519578	778.190363	56.000003	61.821000
1047.519579	778.185740	55.999998	61.824000
1047.519576	778.180542	56.000002	61.826000
1047.519579	778.175539	56.000003	61.827000
1047.519580	778.170558	56.000001	61.828000
1047.519578	778.165738	56.000002	61.828000
1047.519575	778.160544	56.000000	61.829000
1047.519581	778.154932	56.000002	61.830000
1047.519580	778.150154	56.000003	61.832000
1047.519579	778.145139	56.000001	61.833000
1047.519579	778.140341	56.000001	61.831000
1047.519580	778.135332	55.999998	61.828000
1047.519579	778.130357	56.000002	61.824000
1047.519579	778.125147	56.000000	61.821000
1047.519581	778.120342	55.999998	61.820000
1047.519577	778.115342	56.000001	61.820000
1047.519584	778.110358	56.000003	61.821000
1047.519580	778.105346	56.000000	61.822000
1047.519580	778.100343	55.999997	61.824000
1047.519578	778.095535	55.999999	61.826000
1047.519580	778.090357	56.000001	61.830000
1047.519579	778.085341	55.999998	61.833000
1047.519577	778.080343	56.000001	61.837000
1047.519579	778.075134	55.999998	61.841000
1047.519577	778.070155	56.000001	61.844000
1047.519579	778.065146	56.000000	61.846000
1047.519580	778.060145	56.000001	61.846000
1047.519582	778.055137	55.999999	61.847000
1047.519578	778.050153	55.999999	61.846000
1047.519579	778.044943	55.999999	61.846000
1047.519575	778.040138	55.999999	61.844000
1047.519581	778.035142	55.999999	61.842000
1047.519580	778.030160	56.000002	61.840000
1047.519579	778.025149	55.999998	61.837000
1047.519578	778.020142	56.000002	61.836000
1047.519580	778.015336	56.000001	61.836000
1047.519580	778.009954	55.999998	61.835000
1047.519581	778.005145	55.999998	61.834000
1047.519578	778.000145	56.000002	61.829000
1047.519580	777.994938	55.999997	61.821000
1047.519579	777.990158	55.999998	61.812000
1047.519580	777.985145	55.999999	61.803000
1047.519579	777.980147	56.000003	61.795000
1047.519574	777.975144	56.000000	61.791000
1047.519582	777.970165	55.999997	61.792000
1047.519578	777.965153	55.999999	61.798000
1047.519579	777.959950	55.999997	61.807000
1047.519582	777.955145	55.999997	61.817000
1047.519582	777.950168	56.000002	61.826000
1047.519578	777.945157	55.999999	61.832000
1047.519579	777.940156	56.000000	61.837000
1047.519577	777.935149	56.000001	61.839000
1047.519582	777.930176	55.999997	61.839000
1047.519578	777.925357	55.999998	61.839000
1047.519581	777.919760	56.000002	61.839000
1047.519582	777.914756	55.999999	61.838000
1047.519579	777.909763	56.000002	61.838000
1047.519585	777.904961	56.000002	61.839000
1047.519584	777.899960	55.999997	61.841000
1047.519581	777.894950	56.000000	61.846000
1047.519584	777.889967	56.000001	61.853000
1047.519580	777.884958	55.999998	61.861000
1047.519582	777.879756	55.999999	61.870000
1047.519584	777.874947	56.000000	61.875000
1047.519580	777.869964	55.999997	61.874000
1047.519583	777.864955	56.000002	61.864000
1047.519581	777.859958	56.000003	61.850000
1047.519582	777.854952	55.999998	61.839000
1047.519583	777.849572	55.999997	61.838000
1047.519582	777.844562	56.000000	61.842000
1047.519582	777.839751	55.999998	61.846000
1047.519583	777.834545	56.000000	61.847000
1047.519582	777.829765	56.000002	61.844000
1047.519582	777.824757	55.999997	61.839000
1047.519580	777.819757	56.000000	61.834000
1047.519584	777.814741	56.000003	61.831000
1047.519581	777.809764	55.999998	61.828000
1047.519580	777.804553	56.000003	61.824000
1047.519584	777.799760	56.000001	61.818000
1047.519583	777.794552	55.999996	61.811000
1047.519580	777.789767	55.999999	61.806000
1047.519584	777.784757	55.999996	61.804000
1047.519585	777.779563	56.000001	61.806000
1047.519580	777.774355	56.000002	61.807000
1047.519580	777.769368	56.000004	61.804000
1047.519583	777.764358	56.000000	61.796000
1047.519585	777.759562	56.000003	61.785000
1047.519580	777.754543	56.000000	61.778000
1047.519586	777.749567	55.999997	61.777000
1047.519584	777.744554	55.999999	61.782000
1047.519581	777.739562	56.000003	61.789000
1047.519581	777.734351	55.999998	61.795000
1047.519582	777.729569	55.999996	61.799000
1047.519581	777.724555	55.999998	61.803000
1047.519584	777.719556	56.000003	61.808000
1047.519584	777.714554	56.000002	61.813000
1047.519582	777.709566	55.999998	61.820000
1047.519583	777.704557	55.999996	61.827000
1047.519581	777.699167	55.999996	61.836000
1047.519578	777.694149	55.999999	61.844000
1047.519578	777.689370	55.999998	61.852000
1047.519583	777.684360	56.000001	61.858000
1047.519580	777.679360	56.000003	61.862000
1047.519581	777.674344	56.000004	61.863000
1047.519581	777.669164	55.999996	61.863000
1047.519581	777.664359	55.999998	61.862000
1047.519579	777.659360	55.999997	61.862000
1047.519581	777.654348	56.000002	61.862000
1047.519578	777.649371	56.000003	61.861000
1047.519583	777.644357	56.000001	61.860000
1047.519583	777.639359	55.999998	61.860000
1047.519581	777.634352	55.999997	61.858000
1047.519579	777.629376	56.000000	61.854000
1047.519582	777.624175	56.000001	61.848000
1047.519578	777.618978	55.999999	61.842000
1047.519579	777.613765	56.000000	61.840000
1047.519580	777.608975	56.000004	61.840000
1047.519579	777.603976	56.000001	61.844000
1047.519581	777.598581	56.000002	61.849000
1047.519578	777.593956	55.999998	61.852000
1047.519580	777.588369	56.000002	61.853000
1047.519580	777.583573	56.000002	61.851000
1047.519583	777.578174	56.000001	61.846000
1047.519582	777.573154	55.999998	61.842000
1047.519580	777.568162	56.000002	61.840000
1047.519583	777.563167	55.999999	61.840000
1047.519580	777.557974	56.000000	61.840000
1047.519582	777.552960	56.000000	61.841000
1047.519576	777.547555	56.000000	61.842000
1047.519581	777.542760	56.000000	61.842000
1047.519582	777.537765	56.000000	61.843000
1047.519584	777.532757	55.999999	61.844000
1047.519584	777.527748	56.000001	61.844000
1047.519582	777.522760	56.000001	61.844000
1047.519581	777.517969	56.000000	61.844000
1047.519582	777.512759	56.000000	61.843000
1047.519579	777.507747	56.000001	61.843000
1047.519580	777.502763	56.000000	61.841000
1047.519581	777.497564	56.000000	61.840000
1047.519581	777.492958	55.999999	61.838000
1047.519577	777.487751	55.999999	61.837000
1047.519581	777.482964	55.999998	61.838000
1047.519580	777.477768	55.999999	61.839000
1047.519581	777.472559	56.000000	61.842000
1047.519576	777.467550	55.999999	61.843000
1047.519578	777.462561	56.000001	61.843000
1047.519577	777.457571	55.999998	61.842000
1047.519578	777.452561	56.000002	61.839000
1047.519579	777.447554	55.999999	61.836000
1047.519575	777.442566	55.999998	61.833000
1047.519576	777.437570	56.000002	61.831000
1047.519580	777.432565	56.000000	61.831000
1047.519580	777.427560	55.999997	61.831000
1047.519580	777.422370	56.000000	61.833000
1047.519579	777.417580	56.000000	61.835000
1047.519575	777.412370	56.000002	61.838000
1047.519576	777.407555	56.000001	61.842000
1047.519579	777.402370	55.999998	61.845000
1047.519576	777.397167	56.000001	61.849000
1047.519578	777.392373	56.000003	61.852000
1047.519578	777.387361	56.000003	61.853000
1047.519581	777.382369	55.999999	61.853000
1047.519581	777.377377	55.999997	61.853000
1047.519579	777.372373	56.000001	61.852000
1047.519577	777.367150	55.999998	61.851000
1047.519579	777.362376	55.999997	61.850000
1047.519579	777.357375	55.999998	61.849000
1047.519579	777.352370	56.000002	61.847000
1047.519583	777.347352	56.000000	61.843000
1047.519576	777.342161	56.000001	61.836000
1047.519580	777.337571	56.000001	61.830000
1047.519580	777.332366	55.999997	61.824000
1047.519577	777.327344	56.000000	61.821000
1047.519579	777.321950	56.000000	61.819000
1047.519580	777.317159	56.000000	61.820000
1047.519578	777.312163	56.000002	61.822000
1047.519579	777.307142	55.999999	61.823000
1047.519580	777.302167	55.999997	61.823000
1047.519580	777.297161	56.000001	61.819000
1047.519580	777.292164	56.000002	61.813000
1047.519580	777.286946	55.999997	61.804000
1047.519595	777.285931	55.999998	61.796000
