1077.646971	839.791918	55.999997	50.993000
1077.646969	839.721740	56.000002	50.980000
1077.646967	839.716941	56.000003	50.980000
1077.646970	839.711943	56.000002	50.981000
1077.646970	839.706738	55.999998	50.983000
1077.646968	839.701730	56.000002	50.986000
1077.646973	839.696949	56.000002	50.988000
1077.646971	839.691949	56.000001	50.990000
1077.646970	839.686951	55.999999	50.992000
1077.646969	839.681953	56.000001	50.993000
1077.646969	839.676745	56.000000	50.993000
1077.646969	839.671522	56.000001	50.994000
1077.646968	839.666526	55.999997	50.994000
1077.646961	839.661552	56.000002	50.993000
1077.646973	839.656141	56.000000	50.992000
1077.646976	839.651555	55.999999	50.990000
1077.646968	839.646534	55.999999	50.986000
1077.646970	839.641518	56.000001	50.982000
1077.646966	839.636506	55.999998	50.977000
1077.646964	839.631752	56.000000	50.973000
1077.646973	839.626735	56.000002	50.969000
1077.646970	839.621771	55.999999	50.967000
1077.646969	839.616768	55.999997	50.966000
1077.646970	839.611720	56.000001	50.964000
1077.646970	839.606714	56.000001	50.963000
1077.646969	839.601749	55.999998	50.961000
1077.646969	839.596772	55.999998	50.960000
1077.646968	839.591371	55.999997	50.961000
1077.646968	839.586330	55.999999	50.963000
1077.646970	839.581336	56.000002	50.965000
1077.646970	839.576355	56.000001	50.968000
1077.646971	839.571339	55.999998	50.970000
1077.646968	839.566139	56.000000	50.971000
1077.646969	839.561370	55.999999	50.974000
1077.646968	839.556371	55.999999	50.976000
1077.646970	839.551340	56.000001	50.979000
1077.646971	839.546530	56.000001	50.982000
1077.646968	839.541546	56.000001	50.984000
1077.646968	839.536549	55.999998	50.986000
1077.646965	839.531551	56.000001	50.987000
1077.646969	839.526534	56.000003	50.988000
1077.646972	839.521552	55.999999	50.990000
1077.646970	839.516148	55.999998	50.993000
1077.646970	839.510917	56.000002	50.996000
1077.646969	839.505933	55.999999	50.999000
1077.646971	839.500974	56.000000	51.002000
1077.646972	839.495946	56.000001	51.004000
1077.646971	839.490910	55.999999	51.007000
1077.646969	839.485707	55.999999	51.009000
1077.646969	839.481150	55.999999	51.010000
1077.646969	839.475939	55.999998	51.011000
1077.646974	839.470716	56.000003	51.012000
1077.646973	839.466121	55.999997	51.013000
1077.646968	839.461151	56.000001	51.013000
1077.646970	839.456143	55.999999	51.012000
1077.646969	839.451134	55.999998	51.009000
1077.646971	839.446128	56.000001	51.006000
1077.646971	839.440738	55.999998	51.003000
1077.646971	839.435733	56.000001	51.003000
1077.646970	839.430731	56.000000	51.004000
1077.646970	839.425733	56.000003	51.006000
1077.646973	839.420746	55.999999	51.008000
1077.646971	839.415533	56.000002	51.008000
1077.646973	839.410731	56.000000	51.006000
1077.646968	839.405732	55.999997	51.004000
1077.646970	839.400962	55.999998	51.001000
1077.646970	839.395956	56.000001	51.000000
1077.646970	839.390938	55.999998	50.999000
1077.646970	839.385927	55.999999	50.997000
1077.646969	839.380965	56.000002	50.994000
1077.646969	839.375960	56.000001	50.990000
1077.646967	839.371141	55.999999	50.986000
1077.646970	839.365523	56.000001	50.982000
1077.646969	839.360554	56.000000	50.980000
1077.646966	839.355351	55.999998	50.977000
1077.646970	839.350739	56.000000	50.972000
1077.646967	839.345525	56.000001	50.968000
1077.646970	839.340552	55.999998	50.964000
1077.646971	839.335546	56.000000	50.961000
1077.646971	839.330738	55.999998	50.957000
1077.646969	839.325732	56.000000	50.950000
1077.646969	839.320748	56.000000	50.943000
1077.646972	839.315750	56.000001	50.937000
1077.646970	839.310739	55.999998	50.936000
1077.646972	839.305734	56.000001	50.937000
1077.646972	839.300758	55.999998	50.939000
1077.646969	839.295753	56.000001	50.940000
1077.646969	839.290541	55.999997	50.939000
1077.646968	839.285331	56.000002	50.939000
1077.646968	839.280547	56.000002	50.940000
1077.646970	839.275555	55.999999	50.944000
1077.646972	839.270544	55.999997	50.949000
1077.646970	839.265332	56.000003	50.955000
1077.646972	839.260549	56.000004	50.959000
1077.646971	839.255550	56.000002	50.961000
1077.646971	839.250741	56.000003	50.963000
1077.646970	839.245735	55.999998	50.965000
1077.646971	839.240753	55.999999	50.967000
1077.646970	839.235754	56.000003	50.970000
1077.646972	839.230749	56.000004	50.974000
1077.646971	839.225533	55.999996	50.979000
1077.646968	839.220551	56.000000	50.984000
1077.646971	839.215358	55.999998	50.988000
1077.646967	839.210343	55.999998	50.990000
1077.646970	839.205132	56.000001	50.993000
1077.646971	839.200358	56.000003	50.995000
1077.646971	839.195362	56.000000	51.000000
1077.646971	839.190353	55.999997	51.005000
1077.646970	839.185342	55.999998	51.012000
1077.646973	839.180564	55.999997	51.019000
1077.646971	839.175360	56.000002	51.024000
1077.646970	839.170551	56.000003	51.028000
1077.646972	839.165549	56.000000	51.029000
1077.646972	839.160564	55.999997	51.031000
1077.646973	839.155568	56.000000	51.033000
1077.646970	839.150552	56.000003	51.035000
1077.646972	839.145547	55.999997	51.036000
1077.646969	839.140149	55.999997	51.033000
1077.646968	839.135156	55.999998	51.027000
1077.646968	839.130148	55.999999	51.021000
1077.646969	839.125135	56.000003	51.018000
1077.646971	839.120145	56.000001	51.017000
1077.646972	839.115150	55.999999	51.018000
1077.646969	839.110141	55.999996	51.017000
1077.646966	839.105133	55.999997	51.015000
1077.646968	839.100145	56.000001	51.012000
1077.646967	839.095357	55.999998	51.011000
1077.646968	839.090346	56.000000	51.012000
1077.646967	839.085332	56.000003	51.012000
1077.646969	839.080351	56.000002	51.011000
1077.646968	839.075357	55.999999	51.009000
1077.646970	839.070343	55.999996	51.008000
1077.646971	839.065127	56.000004	51.007000
1077.646969	839.059942	55.999997	51.007000
1077.646972	839.054748	56.000004	51.007000
1077.646969	839.049940	56.000002	51.007000
1077.646972	839.044931	56.000003	51.007000
1077.646969	839.039944	55.999999	51.007000
1077.646969	839.034945	55.999998	51.007000
1077.646969	839.029933	56.000002	51.008000
1077.646971	839.024918	56.000003	51.009000
1077.646970	839.019940	55.999999	51.010000
1077.646969	839.015145	56.000003	51.011000
1077.646971	839.010133	56.000000	51.011000
1077.646969	839.005124	55.999998	51.010000
1077.646970	839.000138	55.999997	51.009000
1077.646969	838.995148	56.000001	51.008000
1077.646969	838.989736	55.999998	51.007000
1077.646972	838.984924	55.999996	51.007000
1077.646971	838.979936	55.999997	51.006000
1077.646968	838.974938	55.999999	51.007000
1077.646972	838.969936	56.000003	51.007000
1077.646968	838.964922	56.000003	51.007000
1077.646968	838.959735	55.999997	51.007000
1077.646972	838.954949	55.999997	51.006000
1077.646970	838.949940	55.999997	51.005000
1077.646968	838.945122	55.999998	51.004000
1077.646968	838.940143	55.999997	51.002000
1077.646971	838.935145	55.999997	51.001000
1077.646968	838.930137	56.000000	50.999000
1077.646968	838.924919	55.999998	50.998000
1077.646968	838.920341	56.000002	50.997000
1077.646971	838.914736	56.000004	50.995000
1077.646970	838.909735	56.000000	50.993000
1077.646970	838.904719	55.999998	50.991000
1077.646971	838.899736	55.999997	50.989000
1077.646969	838.894741	56.000001	50.987000
1077.646972	838.889736	56.000002	50.985000
1077.646975	838.884719	56.000002	50.982000
1077.646973	838.879738	55.999998	50.977000
1077.646969	838.874740	55.999997	50.972000
1077.646969	838.869940	55.999999	50.967000
1077.646972	838.864928	55.999997	50.962000
1077.646969	838.859939	55.999998	50.955000
1077.646970	838.854946	56.000001	50.947000
1077.646971	838.849947	56.000002	50.938000
1077.646971	838.844931	55.999998	50.931000
1077.646971	838.839541	55.999999	50.926000
1077.646972	838.834539	55.999998	50.922000
1077.646970	838.829544	56.000003	50.919000
1077.646972	838.824524	56.000002	50.916000
1077.646968	838.819534	55.999998	50.913000
1077.646971	838.814136	55.999999	50.911000
1077.646970	838.809533	55.999998	50.910000
1077.646968	838.804512	56.000000	50.909000
1077.646971	838.799526	56.000003	50.910000
1077.646974	838.794528	55.999999	50.911000
1077.646969	838.789732	55.999998	50.915000
1077.646971	838.784707	56.000002	50.920000
1077.646970	838.779724	56.000000	50.925000
1077.646971	838.774741	55.999998	50.930000
1077.646970	838.769738	56.000002	50.935000
1077.646969	838.764506	56.000000	50.940000
1077.646970	838.759325	55.999998	50.945000
1077.646972	838.754331	56.000002	50.951000
1077.646971	838.749344	55.999998	50.958000
1077.646969	838.744523	55.999998	50.964000
1077.646970	838.739328	55.999999	50.971000
1077.646974	838.734534	55.999999	50.977000
1077.646972	838.729339	55.999999	50.983000
1077.646971	838.724519	55.999997	50.988000
1077.646971	838.719337	56.000002	50.993000
1077.646970	838.714536	56.000000	50.997000
1077.646969	838.709340	56.000002	51.002000
1077.646971	838.704323	56.000000	51.007000
1077.646968	838.699332	55.999997	51.010000
1077.646971	838.694532	55.999998	51.013000
1077.646973	838.689139	55.999998	51.016000
1077.646971	838.684127	55.999997	51.018000
1077.646969	838.679137	56.000000	51.021000
1077.646970	838.674138	56.000003	51.022000
1077.646970	838.669137	56.000003	51.022000
1077.646968	838.664127	56.000002	51.019000
1077.646970	838.659138	55.999997	51.016000
1077.646972	838.654337	55.999999	51.013000
1077.646971	838.649139	56.000002	51.010000
1077.646968	838.644114	56.000003	51.008000
1077.646971	838.639329	56.000003	51.003000
1077.646970	838.634339	56.000003	50.994000
1077.646972	838.629335	56.000000	50.981000
1077.646969	838.624517	56.000002	50.968000
1077.646970	838.619328	55.999998	50.957000
1077.646972	838.613931	56.000001	50.947000
1077.646971	838.608938	55.999997	50.939000
1077.646968	838.603926	55.999997	50.931000
1077.646970	838.598936	55.999997	50.923000
1077.646973	838.593938	55.999997	50.918000
1077.646968	838.588736	56.000001	50.916000
1077.646970	838.583921	55.999997	50.917000
1077.646968	838.578931	55.999998	50.919000
1077.646969	838.574128	55.999998	50.921000
1077.646969	838.569136	55.999999	50.923000
1077.646970	838.564121	56.000001	50.925000
1077.646970	838.559124	56.000002	50.929000
1077.646971	838.553924	55.999997	50.933000
1077.646971	838.549135	55.999998	50.938000
1077.646970	838.544122	55.999998	50.943000
1077.646970	838.538927	56.000000	50.947000
1077.646972	838.533930	55.999998	50.951000
1077.646970	838.528741	56.000003	50.954000
1077.646971	838.523734	56.000001	50.958000
1077.646970	838.518730	55.999998	50.961000
1077.646971	838.513936	55.999998	50.964000
1077.646972	838.508727	56.000001	50.967000
1077.646971	838.503922	56.000000	50.971000
1077.646968	838.498731	56.000002	50.974000
1077.646969	838.493944	56.000000	50.978000
1077.646969	838.488736	56.000000	50.983000
1077.646969	838.483723	55.999999	50.988000
1077.646968	838.478931	56.000001	50.993000
1077.646972	838.473941	55.999999	50.998000
1077.646969	838.468742	56.000000	51.002000
1077.646968	838.463538	56.000001	51.004000
1077.646967	838.458538	56.000000	51.006000
1077.646972	838.453533	55.999999	51.007000
1077.646970	838.448535	56.000001	51.008000
1077.646972	838.443333	56.000001	51.008000
1077.646969	838.438537	56.000000	51.007000
1077.646969	838.433542	56.000000	51.004000
1077.646969	838.428539	56.000000	51.000000
1077.646971	838.423526	56.000001	50.997000
1077.646970	838.418530	55.999999	50.995000
1077.646967	838.413734	56.000000	50.994000
1077.646970	838.408740	55.999999	50.994000
1077.646968	838.403723	56.000001	50.994000
1077.646966	838.398732	56.000000	50.992000
1077.646968	838.393734	56.000000	50.990000
1077.646972	838.388337	56.000000	50.988000
1077.646972	838.383329	55.999999	50.988000
1077.646970	838.378333	56.000001	50.989000
1077.646971	838.373338	55.999998	50.991000
1077.646969	838.368341	56.000001	50.992000
1077.646972	838.363130	56.000001	50.992000
1077.646972	838.358333	56.000001	50.991000
1077.646971	838.353338	55.999999	50.989000
1077.646972	838.348343	56.000000	50.988000
1077.646970	838.343536	55.999998	50.988000
1077.646971	838.338539	56.000000	50.990000
1077.646970	838.333532	55.999999	50.992000
1077.646970	838.328536	56.000001	50.994000
1077.646970	838.323337	55.999999	50.996000
1077.646967	838.318741	56.000000	50.999000
1077.646969	838.313143	56.000001	51.002000
1077.646973	838.308133	56.000000	51.003000
1077.646973	838.303133	56.000001	51.005000
1077.646970	838.298150	56.000000	51.005000
1077.646972	838.293149	55.999999	51.006000
1077.646970	838.288139	56.000002	51.008000
1077.646972	838.283136	56.000002	51.010000
1077.646972	838.278143	56.000000	51.013000
1077.646972	838.273341	55.999999	51.016000
1077.646969	838.268138	56.000001	51.019000
1077.646971	838.263327	56.000000	51.021000
1077.646970	838.258130	56.000001	51.022000
1077.646972	838.253335	56.000001	51.024000
1077.646969	838.248332	55.999999	51.026000
1077.646970	838.243330	56.000001	51.027000
1077.646972	838.238129	55.999999	51.028000
1077.646972	838.232929	55.999998	51.028000
1077.646971	838.227935	55.999999	51.027000
1077.646973	838.222927	56.000001	51.026000
1077.646969	838.217540	55.999999	51.024000
1077.646971	838.212926	56.000001	51.022000
1077.646968	838.207936	55.999999	51.018000
1077.646968	838.202933	56.000001	51.013000
1077.646970	838.197938	55.999999	51.008000
1077.646971	838.193142	55.999999	51.003000
1077.646971	838.188134	56.000000	50.998000
1077.646972	838.183132	55.999999	50.992000
1077.646974	838.178144	56.000001	50.982000
1077.646971	838.172942	56.000000	50.973000
1077.646976	838.168144	56.000000	50.963000
1077.646972	838.163139	56.000000	50.956000
1077.646975	838.157941	56.000000	50.948000
1077.646973	838.152744	56.000001	50.942000
1077.646971	838.147948	56.000003	50.936000
1077.646971	838.142749	55.999998	50.930000
1077.646973	838.137752	56.000003	50.927000
1077.646974	838.132752	56.000003	50.924000
1077.646972	838.127950	55.999997	50.922000
1077.646975	838.122949	55.999997	50.920000
1077.646971	838.117946	55.999999	50.918000
1077.646972	838.112947	56.000002	50.917000
1077.646971	838.107945	56.000000	50.916000
1077.646971	838.102938	56.000000	50.915000
1077.646971	838.097937	56.000002	50.915000
1077.646972	838.092941	56.000003	50.915000
1077.646969	838.087744	56.000000	50.915000
1077.646970	838.082553	56.000000	50.915000
1077.646971	838.077552	56.000001	50.915000
1077.646969	838.072551	56.000000	50.914000
1077.646969	838.067745	55.999997	50.915000
1077.646973	838.062744	55.999997	50.916000
1077.646970	838.057547	56.000000	50.919000
1077.646967	838.052547	55.999998	50.922000
1077.646970	838.047737	56.000001	50.924000
1077.646970	838.042550	55.999997	50.927000
1077.646972	838.037742	56.000002	50.930000
1077.646968	838.032536	55.999996	50.933000
1077.646968	838.027736	56.000003	50.935000
1077.646971	838.022740	56.000003	50.937000
1077.646970	838.017539	55.999998	50.939000
1077.646970	838.012533	55.999997	50.942000
1077.646970	838.007536	55.999998	50.946000
1077.646967	838.002536	56.000000	50.950000
1077.646964	837.997530	56.000003	50.955000
1077.646966	837.992536	56.000004	50.959000
1077.646969	837.987531	56.000003	50.963000
1077.646970	837.982537	56.000002	50.966000
1077.646966	837.977535	56.000000	50.970000
1077.646970	837.972332	56.000003	50.974000
1077.646971	837.967732	56.000000	50.979000
1077.646968	837.962736	56.000002	50.984000
1077.646969	837.957735	56.000003	50.990000
1077.646971	837.952741	56.000002	50.994000
1077.646971	837.947735	55.999997	50.999000
1077.646973	837.942741	55.999997	51.003000
1077.646970	837.937937	56.000002	51.007000
1077.646968	837.932140	55.999998	51.011000
1077.646965	837.927332	56.000002	51.016000
1077.646971	837.922334	56.000002	51.021000
1077.646969	837.917344	56.000002	51.026000
1077.646970	837.912333	56.000002	51.029000
1077.646968	837.907341	56.000000	51.030000
1077.646969	837.902356	55.999999	51.030000
1077.646968	837.897354	55.999998	51.029000
1077.646969	837.892342	55.999999	51.028000
1077.646970	837.887541	56.000002	51.027000
1077.646969	837.882544	56.000003	51.025000
1077.646966	837.877548	56.000003	51.023000
1077.646968	837.872545	56.000002	51.021000
1077.646969	837.867544	56.000001	51.019000
1077.646968	837.862545	56.000003	51.017000
1077.646969	837.857154	56.000000	51.014000
1077.646967	837.852148	55.999999	51.012000
1077.646969	837.847137	56.000001	51.009000
1077.646969	837.842147	56.000002	51.006000
1077.646969	837.837150	56.000002	51.004000
1077.646970	837.832138	56.000002	51.001000
1077.646971	837.827338	55.999998	50.999000
1077.646972	837.822143	56.000003	50.998000
1077.646972	837.817351	55.999997	50.998000
1077.646969	837.812339	55.999997	50.999000
1077.646973	837.807345	55.999998	51.000000
1077.646971	837.802350	55.999999	51.001000
1077.646971	837.797353	55.999999	51.003000
1077.646970	837.792345	55.999998	51.004000
1077.646972	837.786947	55.999998	51.006000
1077.646970	837.781954	56.000001	51.007000
1077.646973	837.776958	55.999999	51.009000
1077.646973	837.771952	55.999999	51.011000
1077.646972	837.766545	55.999999	51.013000
1077.646972	837.761950	55.999999	51.014000
1077.646971	837.756959	55.999999	51.016000
1077.646971	837.751946	56.000000	51.016000
1077.646972	837.746948	55.999998	51.016000
1077.646972	837.741956	56.000002	51.017000
1077.646971	837.736962	56.000002	51.017000
1077.646970	837.732151	55.999998	51.018000
1077.646970	837.727153	56.000000	51.017000
1077.646971	837.722166	56.000001	51.017000
1077.646972	837.716971	56.000001	51.015000
1077.646968	837.712160	56.000002	51.014000
1077.646970	837.706758	55.999997	51.014000
1077.646971	837.701764	55.999997	51.014000
1077.646969	837.696769	55.999997	51.015000
1077.646971	837.691751	55.999997	51.015000
1077.646972	837.686748	55.999999	51.015000
1077.646974	837.681760	56.000000	51.016000
1077.646972	837.676765	56.000001	51.016000
1077.646973	837.671755	56.000000	51.018000
1077.646971	837.666748	56.000000	51.019000
1077.646973	837.661758	55.999999	51.020000
1077.646971	837.656962	55.999999	51.020000
1077.646971	837.651951	56.000002	51.020000
1077.646969	837.646945	55.999999	51.021000
1077.646972	837.641958	55.999998	51.022000
1077.646970	837.636954	55.999997	51.023000
1077.646970	837.631946	55.999997	51.025000
1077.646968	837.626745	56.000000	51.028000
1077.646967	837.621749	56.000001	51.032000
1077.646969	837.616755	56.000001	51.036000
1077.646968	837.611752	55.999999	51.040000
1077.646969	837.606746	55.999998	51.044000
1077.646967	837.601556	56.000003	51.047000
1077.646970	837.596760	56.000001	51.049000
1077.646968	837.591752	56.000002	51.051000
1077.646966	837.586954	55.999998	51.052000
1077.646970	837.581953	55.999998	51.052000
1077.646969	837.576960	55.999998	51.052000
1077.646969	837.571948	55.999998	51.052000
1077.646971	837.566949	55.999997	51.051000
1077.646970	837.562156	56.000000	51.052000
1077.646969	837.556350	56.000000	51.055000
1077.646972	837.551542	55.999999	51.058000
1077.646972	837.546540	55.999999	51.061000
1077.646972	837.541546	56.000001	51.063000
1077.646969	837.536554	55.999999	51.064000
1077.646970	837.531546	55.999998	51.064000
1077.646971	837.526533	55.999999	51.066000
1077.646971	837.521549	56.000000	51.068000
1077.646971	837.516748	56.000000	51.070000
1077.646974	837.511546	56.000000	51.071000
1077.646968	837.506537	55.999999	51.072000
1077.646969	837.501547	55.999998	51.072000
1077.646970	837.496349	55.999999	51.072000
1077.646968	837.491747	56.000001	51.073000
1077.646968	837.486738	56.000001	51.074000
1077.646973	837.481750	55.999998	51.074000
1077.646969	837.476153	55.999997	51.073000
1077.646969	837.471546	56.000002	51.073000
1077.646970	837.466337	55.999998	51.072000
1077.646971	837.461354	56.000000	51.070000
1077.646972	837.455955	56.000001	51.070000
1077.646973	837.451558	56.000003	51.070000
1077.646974	837.446346	55.999997	51.070000
1077.646970	837.441356	56.000000	51.072000
1077.646971	837.436362	56.000002	51.073000
1077.646973	837.431559	55.999998	51.075000
1077.646974	837.426549	56.000002	51.076000
1077.646973	837.421565	56.000002	51.077000
1077.646975	837.416569	55.999999	51.077000
1077.646970	837.411558	55.999997	51.078000
1077.646973	837.406551	55.999997	51.078000
1077.646971	837.401155	55.999998	51.079000
1077.646970	837.396172	56.000000	51.081000
1077.646967	837.391161	56.000003	51.084000
1077.646971	837.386149	56.000001	51.088000
1077.646970	837.381161	55.999997	51.092000
1077.646969	837.376169	55.999997	51.096000
1077.646971	837.371353	56.000001	51.099000
1077.646973	837.366354	55.999998	51.102000
1077.646970	837.361362	55.999997	51.105000
1077.646970	837.356373	55.999997	51.108000
1077.646968	837.351358	56.000002	51.111000
1077.646968	837.346349	56.000002	51.115000
1077.646971	837.341360	56.000001	51.118000
1077.646971	837.336364	55.999999	51.121000
1077.646970	837.331144	56.000000	51.125000
1077.646965	837.325934	56.000000	51.128000
1077.646964	837.320949	56.000001	51.132000
1077.646969	837.315954	56.000000	51.135000
1077.646965	837.310740	55.999999	51.137000
1077.646968	837.305932	55.999998	51.139000
1077.646964	837.300946	56.000002	51.141000
1077.646969	837.295946	56.000003	51.143000
1077.646967	837.291141	56.000001	51.144000
1077.646967	837.285923	55.999999	51.144000
1077.646967	837.281145	55.999998	51.144000
1077.646968	837.276147	56.000002	51.145000
1077.646967	837.271140	55.999999	51.146000
1077.646971	837.266127	56.000000	51.147000
1077.646969	837.261138	56.000001	51.148000
1077.646969	837.256145	56.000000	51.149000
1077.646970	837.250732	55.999999	51.150000
1077.646970	837.245723	55.999999	51.151000
1077.646972	837.240735	56.000001	51.153000
1077.646972	837.235737	55.999997	51.155000
1077.646970	837.230726	56.000000	51.156000
1077.646969	837.225720	56.000001	51.157000
1077.646971	837.220734	55.999998	51.157000
1077.646971	837.215532	56.000000	51.158000
1077.646968	837.210929	55.999999	51.159000
1077.646969	837.205925	56.000001	51.161000
1077.646969	837.200936	56.000000	51.164000
1077.646967	837.195943	55.999999	51.166000
1077.646967	837.190937	56.000001	51.167000
1077.646968	837.185927	56.000000	51.167000
1077.646970	837.180935	56.000002	51.166000
1077.646972	837.175537	56.000002	51.165000
1077.646970	837.170127	56.000000	51.164000
1077.646972	837.165115	55.999998	51.164000
1077.646971	837.160125	56.000002	51.163000
1077.646969	837.155132	56.000000	51.162000
1077.646972	837.149926	56.000002	51.161000
1077.646972	837.145114	56.000001	51.161000
1077.646972	837.140125	55.999998	51.161000
1077.646970	837.134929	56.000002	51.161000
1077.646969	837.130335	55.999997	51.162000
1077.646968	837.125309	56.000001	51.163000
1077.646970	837.120326	56.000002	51.164000
1077.646970	837.115339	55.999998	51.165000
1077.646970	837.110332	55.999997	51.167000
1077.646973	837.105324	55.999999	51.169000
1077.646970	837.099926	55.999998	51.173000
1077.646974	837.094945	56.000001	51.176000
1077.646973	837.089733	55.999998	51.178000
1077.646968	837.084727	56.000000	51.180000
1077.646973	837.079733	56.000000	51.182000
1077.646971	837.074743	55.999998	51.184000
1077.646969	837.069741	56.000001	51.188000
1077.646968	837.064514	56.000000	51.192000
1077.646970	837.059730	56.000003	51.197000
1077.646971	837.054941	56.000001	51.201000
1077.646972	837.049940	56.000001	51.204000
1077.646972	837.044721	56.000001	51.207000
1077.646970	837.039934	55.999998	51.210000
1077.646973	837.034944	56.000002	51.212000
1077.646971	837.029944	56.000001	51.215000
1077.646970	837.024516	56.000000	51.218000
1077.646969	837.019531	56.000000	51.223000
1077.646969	837.014539	56.000001	51.227000
1077.646966	837.009538	56.000000	51.231000
1077.646968	837.004525	56.000000	51.234000
1077.646972	836.999334	55.999999	51.236000
1077.646969	836.994742	56.000000	51.238000
1077.646970	836.989744	56.000000	51.240000
1077.646970	836.984723	56.000001	51.244000
1077.646969	836.979743	56.000000	51.249000
1077.646968	836.974747	56.000001	51.254000
1077.646969	836.969745	55.999999	51.257000
1077.646969	836.964723	56.000001	51.260000
1077.646969	836.959740	55.999999	51.263000
1077.646968	836.954742	56.000001	51.266000
1077.646966	836.949539	56.000002	51.271000
1077.646966	836.944320	56.000000	51.277000
1077.646966	836.939529	56.000001	51.284000
1077.646968	836.934333	55.999997	51.292000
1077.646967	836.929529	55.999998	51.299000
1077.646968	836.924512	55.999998	51.305000
1077.646968	836.919533	55.999999	51.311000
1077.646969	836.914735	55.999998	51.318000
1077.646970	836.909533	56.000000	51.326000
1077.646969	836.904716	55.999998	51.335000
1077.646968	836.899735	55.999999	51.344000
1077.646968	836.894740	55.999998	51.353000
1077.646968	836.889733	56.000002	51.362000
1077.646965	836.884720	56.000002	51.372000
1077.646967	836.879733	56.000003	51.382000
1077.646967	836.874537	55.999999	51.395000
1077.646969	836.869336	55.999998	51.408000
1077.646971	836.864521	55.999999	51.421000
1077.646970	836.859335	55.999997	51.435000
1077.646968	836.854339	55.999996	51.450000
1077.646971	836.849143	56.000002	51.464000
1077.646969	836.844522	56.000001	51.481000
1077.646971	836.839338	55.999997	51.496000
1077.646968	836.834544	56.000001	51.512000
1077.646969	836.829546	56.000001	51.528000
1077.646969	836.824526	56.000002	51.545000
1077.646970	836.819143	56.000002	51.562000
1077.646969	836.814539	56.000002	51.580000
1077.646971	836.809540	56.000002	51.600000
1077.646969	836.804528	56.000003	51.620000
1077.646972	836.799336	55.999997	51.643000
1077.646969	836.794540	56.000003	51.667000
1077.646969	836.789336	55.999999	51.692000
1077.646970	836.784523	56.000003	51.714000
1077.646969	836.779339	55.999997	51.736000
1077.646968	836.774542	56.000003	51.756000
1077.646968	836.769145	55.999997	51.776000
1077.646970	836.764522	56.000001	51.796000
1077.646969	836.759139	55.999997	51.815000
1077.646967	836.754539	55.999997	51.835000
1077.646969	836.749543	55.999997	51.852000
1077.646970	836.744524	56.000000	51.869000
1077.646971	836.739329	55.999997	51.886000
1077.646971	836.734535	56.000001	51.903000
1077.646971	836.729532	56.000000	51.921000
1077.646971	836.724125	56.000002	51.938000
1077.646971	836.719137	56.000003	51.958000
1077.646970	836.714136	56.000000	51.978000
1077.646970	836.709136	55.999998	51.999000
1077.646970	836.704129	55.999997	52.020000
1077.646972	836.698938	56.000002	52.037000
1077.646972	836.694147	55.999998	52.056000
1077.646971	836.689146	56.000002	52.075000
1077.646970	836.684331	55.999998	52.095000
1077.646970	836.679346	55.999997	52.117000
1077.646969	836.674338	55.999997	52.139000
1077.646970	836.669342	55.999997	52.158000
1077.646971	836.664325	56.000000	52.180000
1077.646970	836.659333	56.000003	52.199000
1077.646971	836.654342	56.000003	52.222000
1077.646971	836.649146	56.000004	52.241000
1077.646974	836.644134	56.000003	52.263000
1077.646970	836.638939	56.000002	52.281000
1077.646972	836.634342	55.999997	52.301000
1077.646972	836.629145	56.000000	52.320000
1077.646971	836.624129	55.999997	52.341000
1077.646971	836.619138	55.999997	52.364000
1077.646968	836.614344	56.000003	52.388000
1077.646970	836.609142	56.000003	52.413000
1077.646971	836.604320	55.999997	52.438000
1077.646971	836.599333	55.999997	52.460000
1077.646971	836.594333	55.999998	52.480000
1077.646967	836.589332	56.000002	52.496000
1077.646971	836.584318	56.000004	52.512000
1077.646970	836.579336	55.999999	52.527000
1077.646975	836.573938	55.999998	52.546000
1077.646971	836.568937	56.000002	52.561000
1077.646971	836.563927	56.000003	52.576000
1077.646969	836.558928	56.000000	52.592000
1077.646970	836.554132	56.000002	52.611000
1077.646972	836.548937	55.999999	52.635000
1077.646973	836.544118	56.000000	52.659000
1077.646969	836.538931	56.000003	52.687000
1077.646971	836.534138	55.999999	52.709000
1077.646972	836.529132	56.000003	52.726000
1077.646970	836.523928	56.000000	52.743000
1077.646972	836.519131	56.000001	52.760000
1077.646971	836.514132	55.999997	52.776000
1077.646971	836.509127	55.999999	52.795000
1077.646970	836.504115	56.000003	52.808000
1077.646972	836.498728	55.999998	52.818000
1077.646972	836.493534	55.999998	52.825000
1077.646972	836.488731	56.000003	52.836000
1077.646969	836.483724	56.000002	52.840000
1077.646971	836.478733	55.999998	52.850000
1077.646973	836.473735	55.999996	52.860000
1077.646970	836.468735	55.999998	52.860000
1077.646971	836.463928	56.000001	52.870000
1077.646970	836.458933	55.999998	52.870000
1077.646971	836.453934	55.999999	0.000000
1077.646972	836.448742	55.999997	0.000000
1077.646971	836.443923	56.000003	52.873000
1077.646972	836.438936	56.000000	52.873000
1077.646973	836.433742	56.000003	0.000000
1077.646973	836.428938	55.999998	0.000000
1077.646973	836.423531	56.000002	0.000000
1077.646968	836.418538	56.000001	0.000000
1077.646970	836.413340	56.000003	0.000000
1077.646973	836.408542	55.999997	0.000000
1077.646970	836.403537	56.000000	0.000000
1077.646970	836.398544	56.000003	0.000000
1077.646973	836.393735	55.999997	0.000000
1077.646971	836.388342	56.000001	0.000000
1077.646969	836.383343	56.000003	0.000000
1077.646971	836.378545	55.999997	0.000000
1077.646971	836.373345	55.999997	0.000000
1077.646973	836.368539	56.000002	0.000000
1077.646970	836.363532	56.000003	0.000000
1077.646969	836.358539	56.000001	0.000000
1077.646969	836.353531	55.999997	0.000000
1077.646969	836.348343	56.000002	0.000000
1077.646972	836.343336	56.000001	0.000000
1077.646968	836.338344	55.999998	0.000000
1077.646969	836.333342	55.999998	0.000000
1077.646971	836.328342	55.999998	0.000000
1077.646970	836.323335	55.999998	0.000000
1077.646971	836.318348	55.999997	0.000000
1077.646973	836.313542	56.000002	0.000000
1077.646972	836.308545	56.000001	0.000000
1077.646972	836.303529	56.000002	0.000000
1077.646970	836.298538	56.000002	0.000000
1077.646972	836.293534	55.999998	0.000000
1077.646967	836.288335	56.000002	0.000000
1077.646972	836.283525	55.999997	0.000000
1077.646972	836.278535	55.999997	0.000000
1077.646969	836.273133	56.000002	0.000000
1077.646970	836.268137	56.000001	0.000000
1077.646969	836.263134	56.000003	0.000000
1077.646970	836.258137	56.000003	0.000000
1077.646969	836.253132	56.000002	0.000000
1077.646970	836.247932	55.999999	0.000000
1077.646970	836.243330	55.999998	0.000000
1077.646969	836.238139	56.000001	0.000000
1077.646971	836.233130	56.000001	0.000000
1077.646968	836.228134	56.000002	0.000000
1077.646971	836.223134	56.000002	0.000000
1077.646970	836.218139	56.000002	0.000000
1077.646970	836.213131	56.000002	0.000000
1077.646969	836.207738	56.000000	0.000000
1077.646968	836.202932	55.999998	0.000000
1077.646969	836.197935	55.999999	0.000000
1077.646969	836.192534	56.000002	0.000000
1077.646971	836.186941	55.999999	0.000000
1077.646972	836.182345	56.000001	0.000000
1077.646968	836.177350	56.000003	0.000000
1077.646971	836.172336	56.000001	0.000000
1077.646973	836.167340	56.000002	0.000000
1077.646971	836.162150	56.000003	0.000000
1077.646971	836.157549	56.000001	0.000000
1077.646971	836.152344	55.999999	0.000000
1077.646967	836.147539	55.999999	0.000000
1077.646971	836.142545	56.000000	0.000000
1077.646969	836.137547	56.000000	0.000000
1077.646973	836.132539	56.000001	0.000000
1077.646970	836.127539	56.000000	0.000000
1077.646973	836.122544	56.000001	0.000000
1077.646971	836.117148	56.000001	0.000000
1077.646969	836.112145	56.000000	0.000000
1077.646970	836.107143	56.000001	0.000000
1077.646971	836.102145	56.000001	0.000000
1077.646971	836.096949	55.999998	0.000000
1077.646970	836.092144	55.999998	0.000000
1077.646970	836.087137	55.999998	0.000000
1077.646970	836.082152	55.999998	0.000000
1077.646970	836.077348	56.000003	0.000000
1077.646973	836.072344	56.000001	0.000000
1077.646973	836.067336	56.000001	0.000000
1077.646969	836.062352	56.000002	0.000000
1077.646969	836.057350	56.000001	0.000000
1077.646970	836.052350	56.000000	0.000000
1077.646973	836.047342	56.000000	0.000000
1077.646967	836.041958	55.999998	0.000000
1077.646970	836.036951	55.999998	0.000000
1077.646970	836.031951	55.999998	0.000000
1077.646970	836.026942	55.999999	0.000000
1077.646968	836.021956	55.999999	0.000000
1077.646971	836.016959	55.999999	0.000000
1077.646967	836.011749	56.000003	0.000000
1077.646971	836.006939	55.999998	0.000000
1077.646970	836.001962	55.999999	0.000000
1077.646971	835.996952	56.000000	0.000000
1077.646972	835.992152	55.999998	0.000000
1077.646972	835.987139	56.000001	0.000000
1077.646972	835.982157	56.000003	0.000000
1077.646968	835.977155	56.000002	0.000000
1077.646967	835.972149	56.000001	0.000000
1077.646970	835.966946	55.999999	0.000000
1077.646971	835.961955	55.999998	0.000000
1077.646973	835.956957	55.999997	0.000000
1077.646969	835.951955	55.999999	0.000000
1077.646970	835.946942	55.999999	0.000000
1077.646971	835.941762	56.000001	0.000000
1077.646974	835.937160	55.999999	0.000000
1077.646971	835.931959	55.999999	0.000000
1077.646969	835.926956	55.999998	0.000000
1077.646971	835.922168	56.000002	0.000000
1077.646970	835.917169	56.000001	0.000000
1077.646974	835.912170	56.000001	0.000000
1077.646972	835.907160	56.000000	0.000000
1077.646972	835.902169	55.999999	0.000000
1077.646969	835.896968	55.999999	0.000000
1077.646969	835.891769	56.000002	0.000000
1077.646969	835.886764	56.000002	0.000000
1077.646970	835.881778	56.000001	0.000000
1077.646969	835.876565	56.000001	0.000000
1077.646968	835.871765	56.000002	0.000000
1077.646970	835.866755	56.000002	0.000000
1077.646970	835.861569	55.999998	0.000000
1077.646972	835.856966	55.999997	0.000000
1077.646969	835.851761	56.000002	0.000000
1077.646971	835.846755	56.000002	0.000000
1077.646970	835.841967	56.000000	0.000000
1077.646970	835.836763	56.000002	0.000000
1077.646970	835.831959	56.000000	0.000000
1077.646972	835.826955	56.000001	0.000000
1077.646973	835.821965	56.000001	0.000000
1077.646968	835.816360	56.000002	0.000000
1077.646969	835.811556	55.999999	0.000000
1077.646970	835.806548	55.999998	0.000000
1077.646970	835.801560	55.999999	0.000000
1077.646969	835.796755	56.000001	0.000000
1077.646969	835.791757	56.000000	0.000000
1077.646968	835.786547	56.000000	0.000000
1077.646969	835.781562	56.000000	0.000000
1077.646968	835.776760	55.999999	0.000000
1077.646970	835.771763	56.000000	0.000000
1077.646969	835.766751	56.000000	0.000000
1077.646969	835.761760	56.000000	0.000000
1077.646970	835.756558	56.000000	0.000000
1077.646971	835.751753	55.999999	0.000000
1077.646968	835.746751	56.000000	0.000000
1077.646969	835.741759	55.999999	0.000000
1077.646970	835.736152	56.000000	0.000000
1077.646970	835.731351	56.000000	0.000000
1077.646969	835.726342	56.000000	0.000000
1077.646971	835.721347	56.000002	0.000000
1077.646971	835.716347	56.000001	0.000000
1077.646970	835.711140	56.000000	0.000000
1077.646972	835.706334	56.000000	0.000000
1077.646973	835.701345	56.000000	0.000000
1077.646969	835.696554	56.000001	0.000000
1077.646971	835.691542	56.000001	0.000000
1077.646969	835.686529	56.000001	0.000000
1077.646970	835.681544	56.000001	0.000000
1077.646968	835.676541	56.000000	0.000000
1077.646970	835.671537	56.000000	0.000000
1077.646972	835.666126	55.999998	0.000000
1077.646971	835.661340	56.000000	0.000000
1077.646970	835.656144	55.999999	0.000000
1077.646970	835.651339	56.000001	0.000000
1077.646969	835.646131	55.999999	0.000000
1077.646970	835.641341	56.000000	0.000000
1077.646971	835.636145	55.999999	0.000000
1077.646974	835.631341	56.000000	0.000000
1077.646971	835.626132	56.000000	0.000000
1077.646971	835.621340	56.000000	0.000000
1077.646974	835.616338	56.000000	0.000000
1077.646970	835.611338	56.000000	0.000000
1077.646974	835.606326	56.000001	0.000000
1077.646969	835.601341	56.000001	0.000000
1077.646970	835.596346	56.000000	0.000000
1077.646971	835.591344	55.999999	0.000000
1077.646970	835.586130	55.999999	0.000000
1077.646970	835.581140	55.999998	0.000000
1077.646971	835.576142	55.999998	0.000000
1077.646972	835.571346	56.000001	0.000000
1077.646968	835.566133	55.999998	0.000000
1077.646971	835.561350	56.000001	0.000000
1077.646969	835.556142	55.999998	0.000000
1077.646972	835.551340	56.000002	0.000000
1077.646972	835.546336	56.000002	0.000000
1077.646970	835.541346	56.000002	0.000000
1077.646973	835.536347	56.000002	0.000000
1077.646971	835.531348	56.000002	0.000000
1077.646971	835.526339	56.000002	0.000000
1077.646971	835.521352	56.000002	0.000000
1077.646970	835.516351	56.000002	0.000000
1077.646971	835.510935	56.000001	0.000000
1077.646975	835.505721	56.000000	0.000000
1077.646969	835.500738	56.000000	0.000000
1077.646970	835.495748	56.000001	0.000000
1077.646970	835.490942	56.000000	0.000000
1077.646971	835.485731	56.000000	0.000000
1077.646969	835.480746	56.000001	0.000000
1077.646971	835.475748	56.000001	0.000000
1077.646970	835.470942	56.000001	0.000000
1077.646971	835.465725	55.999999	0.000000
1077.646969	835.460945	56.000001	0.000000
1077.646971	835.455942	56.000001	0.000000
1077.646971	835.450940	56.000001	0.000000
1077.646971	835.445720	55.999999	0.000000
1077.646968	835.440942	55.999999	0.000000
1077.646971	835.435541	56.000000	0.000000
1077.646968	835.430536	56.000000	0.000000
1077.646967	835.425531	56.000000	0.000000
1077.646970	835.420539	56.000001	0.000000
1077.646970	835.415543	56.000000	0.000000
1077.646973	835.410543	55.999999	0.000000
1077.646967	835.405528	56.000001	0.000000
1077.646970	835.400739	56.000001	0.000000
1077.646967	835.395547	56.000000	0.000000
1077.646969	835.390744	55.999999	0.000000
1077.646970	835.385535	56.000000	0.000000
1077.646969	835.380746	56.000001	0.000000
1077.646970	835.375757	55.999998	0.000000
1077.646968	835.370751	55.999999	0.000000
1077.646972	835.365738	56.000001	0.000000
1077.646967	835.360140	55.999998	0.000000
1077.646969	835.355349	56.000001	0.000000
1077.646969	835.350350	55.999999	0.000000
1077.646969	835.345333	55.999999	0.000000
1077.646969	835.340346	56.000001	0.000000
1077.646966	835.335356	55.999998	0.000000
1077.646970	835.330348	56.000000	0.000000
1077.646968	835.325338	55.999999	0.000000
1077.646968	835.320343	56.000000	0.000000
1077.646969	835.315546	55.999999	0.000000
1077.646967	835.310547	56.000000	0.000000
1077.646967	835.305321	55.999999	0.000000
1077.646972	835.300538	56.000000	0.000000
1077.646968	835.295541	55.999998	0.000000
1077.646968	835.290541	56.000001	0.000000
1077.646969	835.284916	55.999999	0.000000
1077.646969	835.280134	56.000000	0.000000
1077.646969	835.275141	56.000001	0.000000
1077.646969	835.270136	55.999999	0.000000
1077.646968	835.265124	55.999998	0.000000
1077.646968	835.260137	56.000001	0.000000
1077.646970	835.255143	56.000001	0.000000
1077.646969	835.250144	55.999997	0.000000
1077.646969	835.245127	55.999999	0.000000
1077.646967	835.239940	56.000001	0.000000
1077.646969	835.235347	55.999999	0.000000
1077.646969	835.230347	56.000002	0.000000
1077.646970	835.225334	55.999999	0.000000
1077.646968	835.220344	56.000000	0.000000
1077.646968	835.215147	55.999997	0.000000
1077.646971	835.209742	55.999997	0.000000
1077.646972	835.204920	55.999999	0.000000
1077.646969	835.199941	55.999999	0.000000
1077.646970	835.194947	56.000002	0.000000
1077.646971	835.189946	56.000002	0.000000
1077.646971	835.184932	56.000002	0.000000
1077.646969	835.179949	55.999998	0.000000
1077.646968	835.174953	56.000001	0.000000
1077.646968	835.170150	55.999998	0.000000
1077.646972	835.164937	56.000001	0.000000
1077.646971	835.160146	56.000001	0.000000
1077.646967	835.155150	55.999997	0.000000
1077.646968	835.150150	56.000000	53.026000
1077.646970	835.145128	56.000001	53.511000
1077.646970	835.140137	55.999998	54.064000
1077.646971	835.134740	56.000000	54.755000
1077.646971	835.129733	55.999998	55.443000
1077.646973	835.124724	56.000001	56.123000
1077.646973	835.119733	55.999998	56.724000
1077.646969	835.114738	56.000002	57.189000
1077.646973	835.109737	55.999999	57.658000
1077.646971	835.104724	56.000000	58.127000
1077.646970	835.099737	56.000001	58.127000
1077.646971	835.094737	55.999998	58.127000
1077.646972	835.089738	56.000001	0.000000
1077.646971	835.084925	56.000000	0.000000
1077.646971	835.079936	55.999999	0.000000
1077.646967	835.074946	56.000002	0.000000
1077.646969	835.069936	55.999999	0.000000
1077.646970	835.064926	55.999999	0.000000
1077.646969	835.059529	56.000000	0.000000
1077.646970	835.054732	55.999999	0.000000
1077.646972	835.049533	55.999998	0.000000
1077.646969	835.044722	55.999999	0.000000
1077.646971	835.039534	56.000002	0.000000
1077.646969	835.034739	56.000000	0.000000
1077.646974	835.029535	55.999998	0.000000
1077.646968	835.024730	55.999998	0.000000
1077.646970	835.019533	56.000002	0.000000
1077.646971	835.014737	56.000002	0.000000
1077.646970	835.009736	55.999999	58.194000
1077.646972	835.004715	55.999999	58.396000
1077.646971	834.999526	55.999998	58.598000
1077.646973	834.994736	55.999999	58.801000
1077.646970	834.989735	55.999999	58.868000
1077.646971	834.984517	55.999999	58.868000
1077.646970	834.979521	56.000000	0.000000
1077.646972	834.974729	56.000000	0.000000
1077.646970	834.969529	55.999997	0.000000
1077.646971	834.964716	55.999998	0.000000
1077.646973	834.959523	55.999999	0.000000
1077.646971	834.954732	55.999999	0.000000
1077.646971	834.949334	56.000002	0.000000
1077.646969	834.944719	55.999998	0.000000
1077.646971	834.939532	55.999999	0.000000
1077.646971	834.934541	56.000001	59.002000
1077.646970	834.929737	56.000001	59.405000
1077.646974	834.924723	55.999999	59.874000
1077.646970	834.919727	56.000001	60.274000
1077.646971	834.914738	55.999998	60.673000
1077.646968	834.909333	56.000000	61.142000
1077.646972	834.904317	55.999999	61.543000
1077.646970	834.899331	56.000002	61.550000
1077.646973	834.894333	55.999999	61.557000
1077.646972	834.889129	56.000000	61.567000
1077.646970	834.884517	56.000002	61.576000
1077.646973	834.879524	56.000000	61.589000
1077.646973	834.874333	56.000003	61.600000
1077.646973	834.869335	55.999998	61.612000
1077.646973	834.864521	55.999998	61.620000
1077.646971	834.859334	56.000001	61.628000
1077.646972	834.854530	56.000001	61.635000
1077.646973	834.849531	55.999998	61.643000
1077.646974	834.844512	56.000003	61.650000
1077.646970	834.839530	55.999998	61.658000
1077.646969	834.833939	55.999998	61.665000
1077.646969	834.829136	55.999998	61.671000
1077.646971	834.824123	56.000001	61.679000
1077.646972	834.819132	56.000004	61.690000
1077.646967	834.813937	55.999998	61.705000
1077.646972	834.809132	55.999997	61.720000
1077.646971	834.803923	56.000004	61.737000
1077.646968	834.799135	56.000002	61.752000
1077.646971	834.794334	55.999999	61.766000
1077.646970	834.789132	55.999999	61.777000
1077.646970	834.784318	56.000001	61.790000
1077.646973	834.779334	55.999997	61.804000
1077.646972	834.774330	56.000000	61.817000
1077.646973	834.769330	56.000002	61.829000
1077.646972	834.764319	55.999997	61.840000
1077.646971	834.758933	55.999997	61.853000
1077.646969	834.753928	56.000002	61.861000
1077.646969	834.748935	56.000002	61.867000
1077.646971	834.743921	55.999998	61.868000
1077.646968	834.738936	55.999999	61.868000
1077.646971	834.734132	55.999999	61.868000
1077.646969	834.728931	55.999999	61.880000
1077.646966	834.723924	56.000002	61.901000
1077.646969	834.718736	56.000001	61.923000
1077.646974	834.714137	56.000002	61.944000
1077.646971	834.708932	56.000001	61.961000
1077.646969	834.704120	55.999999	61.973000
1077.646967	834.699137	56.000000	61.981000
1077.646971	834.694137	56.000002	61.987000
1077.646972	834.689132	55.999998	61.990000
1077.646968	834.683726	56.000001	61.992000
1077.646968	834.678737	55.999998	61.992000
1077.646973	834.673739	56.000001	61.988000
1077.646971	834.668534	56.000000	61.978000
1077.646969	834.663731	56.000000	61.963000
1077.646969	834.658730	55.999999	61.946000
1077.646968	834.653734	56.000001	61.931000
1077.646968	834.648732	56.000000	61.930000
1077.646970	834.643533	55.999999	61.945000
1077.646970	834.638736	56.000000	61.959000
1077.646969	834.633934	56.000000	61.968000
1077.646969	834.628936	56.000001	61.974000
1077.646967	834.623930	56.000001	61.976000
1077.646970	834.618937	56.000000	61.978000
1077.646967	834.613944	56.000000	61.981000
1077.646968	834.608741	56.000001	61.985000
1077.646967	834.603540	56.000001	61.989000
1077.646970	834.598544	56.000000	61.991000
1077.646968	834.593544	55.999998	61.989000
1077.646970	834.588541	56.000002	61.982000
1077.646969	834.583528	55.999997	61.967000
1077.646970	834.578536	56.000002	61.951000
1077.646967	834.573540	55.999999	61.939000
1077.646969	834.568540	56.000002	61.937000
1077.646967	834.563733	55.999999	61.943000
1077.646970	834.558545	56.000002	61.948000
1077.646970	834.553749	56.000002	61.951000
1077.646970	834.548742	55.999997	61.955000
1077.646968	834.543738	55.999998	61.959000
1077.646969	834.538744	56.000003	61.965000
1077.646968	834.533549	55.999997	61.972000
1077.646972	834.528347	56.000000	61.977000
1077.646972	834.523342	55.999997	61.982000
1077.646972	834.518344	56.000002	61.986000
1077.646974	834.513345	56.000002	61.987000
1077.646973	834.508346	55.999997	61.985000
1077.646972	834.503140	55.999998	61.982000
1077.646967	834.498341	55.999997	61.979000
1077.646970	834.493342	56.000000	61.979000
1077.646969	834.488339	56.000002	61.981000
1077.646971	834.483340	55.999998	61.985000
1077.646970	834.478543	55.999998	61.990000
1077.646969	834.473544	56.000002	61.994000
1077.646969	834.468547	55.999997	61.996000
1077.646969	834.463534	56.000003	61.996000
1077.646970	834.458149	56.000002	61.991000
1077.646972	834.453153	55.999997	61.986000
1077.646971	834.448153	56.000002	61.981000
1077.646971	834.443146	55.999998	61.979000
1077.646971	834.437953	56.000000	61.979000
1077.646972	834.433150	56.000002	61.980000
1077.646971	834.428148	55.999999	61.981000
1077.646972	834.423145	56.000001	61.982000
1077.646973	834.418148	55.999998	61.982000
1077.646971	834.413345	55.999998	61.983000
1077.646970	834.408147	55.999998	61.983000
1077.646969	834.403344	56.000000	61.983000
1077.646970	834.398349	55.999998	61.982000
1077.646969	834.393348	56.000001	61.981000
1077.646970	834.388349	56.000000	61.978000
1077.646970	834.382946	55.999999	61.970000
1077.646975	834.377952	55.999999	61.960000
1077.646971	834.372953	56.000000	61.949000
1077.646971	834.367953	55.999999	61.940000
1077.646971	834.362951	55.999999	61.936000
1077.646969	834.357955	56.000000	61.937000
1077.646970	834.352755	56.000001	61.939000
1077.646973	834.347945	55.999999	61.939000
1077.646970	834.342942	56.000001	61.936000
1077.646974	834.338143	56.000002	61.932000
1077.646969	834.333140	55.999999	61.928000
1077.646972	834.328139	55.999999	61.925000
1077.646973	834.323129	56.000000	61.926000
1077.646971	834.318142	56.000002	61.932000
1077.646969	834.313138	55.999999	61.941000
1077.646969	834.307939	55.999999	61.951000
1077.646968	834.302746	56.000000	61.959000
1077.646968	834.297749	55.999998	61.963000
1077.646969	834.292744	56.000000	61.965000
1077.646969	834.287741	55.999999	61.962000
1077.646972	834.282940	56.000000	61.954000
1077.646973	834.277944	55.999999	61.942000
1077.646970	834.272747	55.999999	61.931000
1077.646968	834.267940	56.000000	61.923000
1077.646970	834.262747	56.000000	61.921000
1077.646970	834.257954	56.000002	61.924000
1077.646971	834.252948	55.999999	61.928000
1077.646972	834.247947	56.000002	61.931000
1077.646974	834.242945	56.000000	61.934000
1077.646972	834.237948	55.999999	61.937000
1077.646966	834.232547	56.000000	61.940000
1077.646971	834.227542	55.999999	61.944000
1077.646970	834.222348	56.000000	61.948000
1077.646966	834.217551	55.999998	61.951000
1077.646967	834.212543	55.999999	61.953000
1077.646969	834.207542	56.000001	61.954000
1077.646970	834.202544	55.999998	61.952000
1077.646971	834.197748	56.000000	61.948000
1077.646968	834.192345	56.000001	61.942000
1077.646971	834.187752	56.000001	61.937000
1077.646968	834.182547	56.000001	61.936000
1077.646972	834.177752	55.999999	61.939000
1077.646968	834.172550	56.000002	61.944000
1077.646971	834.167749	56.000000	61.949000
1077.646968	834.162750	56.000001	61.954000
1077.646971	834.157358	56.000001	61.957000
1077.646969	834.152155	56.000002	61.958000
1077.646970	834.147350	55.999999	61.957000
1077.646966	834.142353	56.000001	61.954000
1077.646969	834.137162	56.000001	61.949000
1077.646970	834.132351	56.000000	61.944000
1077.646969	834.127356	56.000000	61.940000
1077.646968	834.122353	56.000000	61.937000
1077.646969	834.117362	56.000003	61.934000
1077.646969	834.112355	55.999998	61.930000
1077.646965	834.107554	56.000002	61.927000
1077.646969	834.102546	55.999997	61.925000
1077.646968	834.097553	56.000003	61.926000
1077.646968	834.092549	55.999999	61.929000
1077.646970	834.087542	56.000000	61.932000
1077.646968	834.082145	55.999999	61.933000
1077.646969	834.077142	55.999999	61.931000
1077.646969	834.072142	56.000002	61.925000
1077.646967	834.067133	55.999998	61.919000
1077.646969	834.062140	56.000002	61.913000
1077.646969	834.057143	55.999998	61.910000
1077.646971	834.052147	56.000000	61.907000
1077.646972	834.047144	56.000001	61.903000
1077.646970	834.042148	55.999999	61.895000
1077.646971	834.037155	55.999998	61.886000
1077.646967	834.032354	55.999998	61.877000
1077.646970	834.027348	56.000000	61.872000
1077.646970	834.022346	55.999999	61.872000
1077.646967	834.017348	56.000001	61.876000
1077.646969	834.012346	55.999999	61.884000
1077.646969	834.006933	56.000001	61.895000
1077.646970	834.001947	55.999998	61.906000
1077.646970	833.996950	56.000001	61.916000
1077.646970	833.991954	56.000000	61.926000
1077.646975	833.986941	55.999998	61.936000
1077.646970	833.981957	56.000001	61.946000
1077.646969	833.976955	55.999999	61.954000
1077.646969	833.971952	56.000000	61.961000
1077.646972	833.966536	56.000001	61.966000
1077.646970	833.961947	56.000000	61.967000
1077.646972	833.957154	56.000002	61.960000
1077.646969	833.952146	56.000000	61.946000
1077.646970	833.947132	56.000000	61.929000
1077.646970	833.941947	56.000001	61.922000
1077.646970	833.937144	56.000000	61.926000
1077.646972	833.931746	56.000000	61.931000
1077.646972	833.926533	56.000000	61.931000
1077.646970	833.921543	56.000000	61.927000
1077.646971	833.916747	56.000001	61.921000
1077.646971	833.911742	56.000000	61.914000
1077.646969	833.906536	56.000000	61.907000
1077.646971	833.901746	56.000000	61.901000
1077.646975	833.896751	55.999999	61.896000
1077.646973	833.891749	56.000000	61.891000
1077.646974	833.886741	56.000001	61.888000
1077.646969	833.881954	56.000000	61.888000
1077.646968	833.876953	55.999999	61.890000
1077.646972	833.871950	56.000000	61.894000
1077.646971	833.866944	56.000000	61.897000
1077.646973	833.861949	56.000000	61.902000
1077.646971	833.856554	56.000001	61.906000
1077.646972	833.851547	56.000001	61.909000
1077.646969	833.846541	56.000000	61.911000
1077.646970	833.841551	56.000000	61.911000
1077.646971	833.836552	55.999999	61.909000
1077.646971	833.831544	55.999999	61.906000
1077.646973	833.826535	56.000001	61.902000
1077.646971	833.821554	56.000001	61.900000
1077.646973	833.816561	56.000000	61.899000
1077.646969	833.811756	56.000000	61.898000
1077.646970	833.806746	56.000000	61.900000
1077.646971	833.801755	56.000000	61.903000
1077.646974	833.796757	56.000000	61.909000
1077.646971	833.791747	55.999999	61.915000
1077.646971	833.786740	55.999998	61.923000
1077.646970	833.781351	56.000001	61.931000
1077.646966	833.776350	56.000000	61.938000
1077.646973	833.771344	55.999999	61.940000
1077.646973	833.766332	56.000000	61.938000
1077.646973	833.761348	56.000001	61.931000
1077.646969	833.756349	56.000000	61.922000
1077.646970	833.751346	55.999999	61.917000
1077.646968	833.746337	55.999999	61.915000
1077.646969	833.741345	55.999999	61.917000
1077.646969	833.736351	56.000000	61.921000
1077.646969	833.731539	56.000000	61.923000
1077.646970	833.726335	56.000001	61.922000
1077.646971	833.721543	55.999999	61.919000
1077.646973	833.716548	56.000000	61.914000
1077.646972	833.711542	56.000000	61.908000
1077.646970	833.706336	56.000001	61.902000
1077.646969	833.701357	56.000001	61.899000
1077.646969	833.696356	56.000001	61.897000
1077.646969	833.691354	56.000001	61.897000
1077.646969	833.686341	56.000001	61.897000
1077.646971	833.681353	55.999999	61.895000
1077.646971	833.676354	56.000001	61.888000
1077.646968	833.671354	56.000001	61.879000
1077.646968	833.666343	56.000000	61.871000
1077.646971	833.661550	56.000001	61.868000
1077.646971	833.656554	56.000000	61.869000
1077.646969	833.651557	56.000001	61.873000
1077.646971	833.646346	55.999999	61.879000
1077.646972	833.641552	56.000001	61.885000
1077.646972	833.636561	56.000000	61.891000
1077.646974	833.631554	55.999999	61.897000
1077.646970	833.626144	56.000001	61.902000
1077.646967	833.621157	56.000001	61.906000
1077.646968	833.616157	55.999999	61.907000
1077.646968	833.611149	56.000000	61.907000
1077.646969	833.606142	55.999999	61.905000
1077.646969	833.601354	55.999999	61.905000
1077.646970	833.596153	55.999998	61.906000
1077.646970	833.591356	55.999997	61.908000
1077.646968	833.586139	55.999999	61.910000
1077.646967	833.581357	56.000000	61.910000
1077.646967	833.576157	56.000000	61.906000
1077.646966	833.571351	56.000001	61.900000
1077.646972	833.566342	55.999999	61.894000
1077.646970	833.561358	56.000001	61.891000
1077.646970	833.556356	55.999999	61.890000
1077.646968	833.551157	55.999998	61.892000
1077.646969	833.545939	56.000000	61.894000
1077.646966	833.540949	55.999999	61.895000
1077.646967	833.535950	56.000001	61.894000
1077.646969	833.531151	56.000000	61.893000
1077.646968	833.526140	55.999997	61.892000
1077.646969	833.521150	56.000000	61.894000
1077.646968	833.515946	55.999999	61.899000
1077.646969	833.511142	56.000000	61.907000
1077.646968	833.505931	56.000001	61.914000
1077.646967	833.501146	55.999997	61.919000
1077.646970	833.495741	55.999999	61.920000
1077.646971	833.491144	55.999998	61.917000
1077.646967	833.485931	56.000002	61.912000
1077.646968	833.481148	56.000003	61.911000
1077.646969	833.475948	55.999998	61.912000
1077.646970	833.470740	56.000002	61.917000
1077.646969	833.465935	55.999997	61.922000
1077.646970	833.460742	56.000004	61.924000
1077.646971	833.455537	56.000000	61.923000
1077.646970	833.450743	56.000003	61.919000
1077.646970	833.445720	56.000004	61.912000
1077.646969	833.440946	55.999996	61.906000
1077.646972	833.435746	56.000001	61.900000
1077.646969	833.430743	55.999999	61.894000
1077.646972	833.425519	56.000004	61.889000
1077.646969	833.420739	55.999996	61.885000
1077.646970	833.415944	56.000001	61.883000
1077.646971	833.410939	55.999998	61.882000
1077.646968	833.405933	55.999997	61.882000
1077.646971	833.400742	56.000002	61.883000
1077.646970	833.395544	55.999997	61.884000
1077.646969	833.390541	55.999998	61.883000
1077.646970	833.385529	55.999997	61.882000
1077.646965	833.380544	55.999998	61.883000
1077.646976	833.375547	55.999999	61.885000
1077.646968	833.370546	56.000002	61.889000
1077.646969	833.365531	56.000001	61.895000
1077.646970	833.360551	55.999999	61.900000
1077.646970	833.355751	55.999999	61.904000
1077.646968	833.350547	56.000000	61.903000
1077.646970	833.345737	55.999999	61.898000
1077.646970	833.340545	56.000001	61.892000
1077.646971	833.335753	56.000000	61.887000
1077.646969	833.330746	56.000000	61.884000
1077.646970	833.325739	56.000000	61.881000
1077.646971	833.320347	56.000000	61.879000
1077.646969	833.315352	56.000000	61.878000
1077.646973	833.310349	56.000000	61.878000
1077.646970	833.305335	55.999999	61.880000
1077.646970	833.300349	56.000000	61.883000
1077.646971	833.295347	55.999999	61.887000
1077.646971	833.289949	55.999999	61.889000
1077.646971	833.285336	56.000000	61.888000
1077.646971	833.280345	55.999998	61.885000
1077.646971	833.275554	55.999998	61.883000
1077.646973	833.270342	56.000001	61.882000
1077.646969	833.265532	56.000000	61.883000
1077.646970	833.260546	56.000000	61.885000
1077.646967	833.255544	56.000000	61.888000
1077.646969	833.250546	56.000000	61.890000
1077.646970	833.245126	55.999998	61.890000
1077.646972	833.240138	56.000000	61.889000
1077.646970	833.235142	56.000002	61.887000
1077.646970	833.230140	56.000001	61.886000
1077.646970	833.225125	56.000002	61.886000
1077.646970	833.220135	56.000003	61.887000
1077.646969	833.215136	56.000003	61.886000
1077.646970	833.210142	56.000002	61.886000
1077.646971	833.205120	56.000002	61.887000
1077.646973	833.200139	56.000001	61.889000
1077.646973	833.195140	56.000001	61.892000
1077.646971	833.190141	56.000002	61.894000
1077.646970	833.185326	56.000000	61.894000
1077.646970	833.180337	55.999999	61.891000
1077.646972	833.175342	56.000001	61.887000
1077.646970	833.169938	55.999999	61.884000
1077.646970	833.164928	56.000000	61.883000
1077.646971	833.159935	56.000001	61.886000
1077.646969	833.154940	56.000000	61.890000
1077.646970	833.149937	56.000000	61.896000
1077.646968	833.144721	55.999999	61.900000
1077.646971	833.139935	55.999999	61.904000
1077.646970	833.134936	56.000000	61.907000
1077.646971	833.129933	56.000000	61.909000
1077.646971	833.125121	56.000000	61.910000
1077.646973	833.120142	56.000000	61.910000
1077.646968	833.115135	56.000000	61.908000
1077.646970	833.110135	56.000000	61.905000
1077.646970	833.105122	56.000000	61.898000
1077.646970	833.100134	56.000000	61.890000
1077.646968	833.094728	55.999999	61.882000
1077.646968	833.089726	55.999998	61.876000
1077.646968	833.084725	55.999999	61.872000
1077.646969	833.079736	56.000000	61.870000
1077.646969	833.074528	56.000003	61.867000
1077.646968	833.069728	55.999998	61.866000
1077.646968	833.064717	55.999998	61.867000
1077.646968	833.059530	55.999999	61.871000
1077.646970	833.054729	56.000004	61.876000
1077.646970	833.049730	56.000003	61.881000
1077.646970	833.044923	55.999997	61.883000
1077.646966	833.039741	55.999998	61.882000
1077.646972	833.034940	56.000000	61.879000
1077.646971	833.029935	56.000003	61.878000
1077.646969	833.024926	56.000000	61.879000
1077.646970	833.019533	55.999999	61.884000
1077.646969	833.014738	56.000000	61.892000
1077.646971	833.009530	56.000002	61.902000
1077.646972	833.004722	56.000001	61.911000
1077.646968	832.999534	56.000002	61.918000
1077.646969	832.994737	56.000001	61.920000
1077.646968	832.989538	55.999998	61.917000
1077.646970	832.984728	56.000000	61.908000
1077.646969	832.979532	55.999997	61.898000
1077.646968	832.974532	55.999998	61.891000
1077.646969	832.969532	55.999997	61.888000
1077.646970	832.964723	56.000003	61.886000
1077.646969	832.959736	56.000002	61.883000
1077.646969	832.954736	56.000002	61.880000
1077.646970	832.949736	56.000001	61.878000
1077.646968	832.944318	56.000002	61.879000
1077.646973	832.939329	56.000001	61.882000
1077.646972	832.934336	56.000001	61.887000
1077.646973	832.929333	55.999999	61.891000
1077.646972	832.924327	55.999999	61.892000
1077.646973	832.919132	56.000000	61.892000
1077.646969	832.914526	56.000000	61.891000
1077.646970	832.909130	55.999998	61.889000
1077.646972	832.904519	56.000000	61.887000
1077.646970	832.898936	56.000002	61.887000
1077.646968	832.894532	56.000001	61.887000
1077.646971	832.889538	56.000000	61.886000
1077.646969	832.884528	56.000000	61.887000
1077.646971	832.879336	56.000000	61.888000
1077.646969	832.874535	56.000000	61.890000
1077.646969	832.869137	55.999999	61.891000
1077.646971	832.864126	55.999999	61.891000
1077.646972	832.859141	55.999998	61.888000
1077.646967	832.854139	55.999998	61.884000
1077.646972	832.849139	55.999998	61.878000
1077.646972	832.844132	55.999998	61.872000
1077.646973	832.838937	56.000001	61.867000
1077.646972	832.834143	56.000001	61.864000
1077.646974	832.829143	55.999999	61.864000
1077.646969	832.824328	56.000001	61.866000
1077.646970	832.819142	56.000000	61.870000
1077.646972	832.814339	56.000000	61.875000
1077.646970	832.809338	56.000002	61.879000
1077.646969	832.804331	56.000002	61.883000
1077.646971	832.798742	56.000001	61.885000
1077.646968	832.793546	55.999997	61.884000
1077.646969	832.788548	55.999997	61.883000
1077.646971	832.783346	56.000002	61.881000
1077.646968	832.778352	56.000002	61.880000
1077.646971	832.773550	55.999998	61.879000
1077.646971	832.768351	56.000002	61.879000
1077.646969	832.763344	56.000002	61.879000
1077.646968	832.758157	55.999998	61.880000
1077.646970	832.753553	56.000000	61.881000
1077.646966	832.748356	56.000003	61.884000
1077.646971	832.743545	56.000000	61.887000
1077.646968	832.738555	56.000000	61.889000
1077.646969	832.733555	56.000001	61.890000
1077.646969	832.728552	56.000000	61.892000
1077.646967	832.723150	55.999998	61.894000
1077.646967	832.718160	55.999998	61.896000
1077.646969	832.713152	55.999998	61.897000
1077.646973	832.708152	55.999998	61.893000
1077.646966	832.703152	55.999997	61.884000
1077.646969	832.698153	55.999998	61.872000
1077.646971	832.693150	55.999998	61.861000
1077.646972	832.688146	55.999998	61.855000
1077.646970	832.683144	55.999999	61.855000
1077.646968	832.678149	56.000000	61.858000
1077.646968	832.672950	56.000001	61.862000
1077.646971	832.668344	56.000000	61.865000
1077.646969	832.663333	56.000002	61.867000
1077.646970	832.658344	56.000002	61.867000
1077.646968	832.653339	56.000002	61.867000
1077.646968	832.648143	55.999998	61.868000
1077.646968	832.642942	56.000001	61.869000
1077.646969	832.638141	55.999998	61.871000
1077.646968	832.632943	56.000001	61.873000
1077.646969	832.628139	55.999999	61.874000
1077.646969	832.622945	56.000001	61.875000
1077.646967	832.618140	56.000001	61.875000
1077.646966	832.612942	56.000000	61.876000
1077.646969	832.608135	56.000000	61.876000
1077.646971	832.602941	56.000000	61.877000
1077.646967	832.598137	56.000000	61.879000
1077.646967	832.592935	56.000002	61.880000
1077.646969	832.587935	55.999999	61.883000
1077.646970	832.582934	56.000001	61.887000
1077.646968	832.577932	56.000000	61.891000
1077.646970	832.572934	56.000001	61.894000
1077.646972	832.567534	56.000000	61.896000
1077.646970	832.562542	56.000000	61.895000
1077.646971	832.557535	56.000001	61.891000
1077.646974	832.552332	56.000001	61.887000
1077.646971	832.547534	56.000001	61.884000
1077.646971	832.542534	56.000000	61.881000
1077.646970	832.537739	56.000000	61.880000
1077.646969	832.532340	55.999999	61.879000
1077.646970	832.527733	56.000000	61.878000
1077.646970	832.522333	56.000000	61.877000
1077.646971	832.517738	56.000000	61.875000
1077.646969	832.512540	56.000001	61.875000
1077.646966	832.507740	56.000000	61.876000
1077.646969	832.502740	55.999999	61.877000
1077.646970	832.497342	55.999999	61.878000
1077.646969	832.492142	55.999999	61.876000
1077.646970	832.487350	55.999999	61.871000
1077.646971	832.482350	56.000001	61.866000
1077.646970	832.477354	56.000000	61.861000
1077.646971	832.472143	56.000000	61.860000
1077.646972	832.467353	56.000001	61.862000
1077.646972	832.462344	56.000000	61.866000
1077.646971	832.457353	55.999999	61.871000
1077.646971	832.452350	56.000001	61.876000
1077.646972	832.447343	55.999999	61.881000
1077.646971	832.442343	56.000000	61.884000
1077.646971	832.437347	56.000000	61.886000
1077.646970	832.432544	56.000001	61.886000
1077.646974	832.427549	56.000000	61.883000
1077.646970	832.422549	55.999999	61.878000
1077.646971	832.417351	56.000000	61.872000
1077.646970	832.412350	55.999999	61.866000
1077.646973	832.407151	56.000000	61.862000
1077.646973	832.402350	56.000001	61.861000
1077.646971	832.397346	56.000001	61.862000
1077.646971	832.392342	56.000002	61.865000
1077.646972	832.387348	56.000002	61.869000
1077.646970	832.382347	56.000002	61.873000
1077.646972	832.377356	56.000001	61.877000
1077.646972	832.372348	56.000002	61.881000
1077.646973	832.367552	56.000000	61.886000
1077.646972	832.362553	56.000000	61.889000
1077.646970	832.357555	56.000000	61.890000
1077.646971	832.352559	56.000002	61.887000
1077.646972	832.347557	56.000001	61.880000
1077.646970	832.342159	56.000000	61.870000
1077.646968	832.337162	56.000002	61.865000
1077.646971	832.332160	56.000001	61.866000
1077.646972	832.327152	55.999998	61.871000
1077.646971	832.322151	55.999998	61.878000
1077.646970	832.317160	55.999998	61.885000
1077.646969	832.312159	55.999998	61.890000
1077.646969	832.307150	55.999997	61.892000
1077.646973	832.302159	55.999999	61.890000
1077.646972	832.297160	55.999997	61.885000
1077.646971	832.292154	55.999999	61.879000
1077.646971	832.287344	56.000001	61.874000
1077.646971	832.281950	56.000000	61.870000
1077.646973	832.277155	55.999998	61.867000
1077.646968	832.272148	55.999998	61.866000
1077.646968	832.266743	56.000002	61.865000
1077.646969	832.261548	55.999998	61.865000
1077.646971	832.256556	55.999998	61.867000
1077.646970	832.251553	55.999999	61.869000
1077.646972	832.246537	55.999999	61.871000
1077.646968	832.241546	55.999999	61.875000
1077.646968	832.236557	56.000000	61.880000
1077.646968	832.231549	56.000001	61.886000
1077.646970	832.226540	56.000001	61.892000
1077.646967	832.221744	56.000000	61.896000
1077.646969	832.216754	55.999999	61.896000
1077.646968	832.211742	56.000000	61.891000
1077.646969	832.206735	56.000000	61.883000
1077.646972	832.201340	56.000002	61.874000
1077.646971	832.196752	55.999999	61.870000
1077.646969	832.191340	56.000001	61.872000
1077.646970	832.186332	56.000000	61.876000
1077.646972	832.181138	56.000000	61.881000
1077.646970	832.176149	55.999999	61.882000
1077.646969	832.171137	56.000000	61.878000
1077.646970	832.166127	56.000000	61.871000
1077.646969	832.161137	56.000000	61.864000
1077.646970	832.156143	56.000000	61.859000
1077.646968	832.151139	56.000000	61.857000
1077.646971	832.146133	56.000001	61.856000
1077.646972	832.141343	56.000001	61.858000
1077.646969	832.136344	56.000002	61.860000
1077.646968	832.131337	56.000001	61.863000
1077.646973	832.126338	56.000001	61.868000
1077.646971	832.121348	56.000001	61.873000
1077.646970	832.115952	56.000001	61.878000
1077.646970	832.110942	56.000001	61.881000
1077.646968	832.105936	56.000000	61.882000
1077.646969	832.100945	56.000001	61.881000
1077.646971	832.095956	56.000002	61.877000
1077.646970	832.090946	56.000001	61.870000
1077.646969	832.085934	56.000002	61.861000
1077.646968	832.080945	55.999999	61.855000
1077.646972	832.075946	55.999997	61.854000
1077.646968	832.071144	56.000002	61.857000
1077.646970	832.066135	56.000002	61.863000
1077.646968	832.061147	56.000000	61.868000
1077.646968	832.055938	56.000002	61.872000
1077.646968	832.051142	56.000000	61.874000
1077.646970	832.046134	56.000001	61.870000
1077.646969	832.040939	55.999998	61.862000
1077.646972	832.035542	55.999998	61.853000
1077.646971	832.030537	55.999999	61.846000
1077.646968	832.025528	55.999999	61.844000
1077.646971	832.020543	55.999998	61.847000
1077.646971	832.015538	55.999998	61.853000
1077.646975	832.010541	56.000000	61.859000
1077.646969	832.005524	56.000001	61.863000
1077.646969	832.000547	56.000001	61.865000
1077.646969	831.995555	55.999999	61.866000
1077.646971	831.990545	56.000001	61.867000
1077.646971	831.985537	56.000000	61.868000
1077.646973	831.980545	56.000000	61.872000
1077.646973	831.975550	56.000001	61.876000
1077.646972	831.970547	56.000001	61.879000
1077.646969	831.965530	56.000000	61.881000
1077.646968	831.960346	56.000001	61.882000
1077.646970	831.955348	56.000001	61.880000
1077.646969	831.950345	56.000001	61.879000
1077.646971	831.945333	56.000000	61.878000
1077.646968	831.940343	55.999998	61.880000
1077.646968	831.935348	55.999998	61.882000
1077.646969	831.930348	55.999999	61.883000
1077.646969	831.925331	56.000002	61.882000
1077.646970	831.920350	56.000002	61.878000
1077.646968	831.915144	55.999998	61.874000
1077.646972	831.910546	56.000000	61.872000
1077.646972	831.905533	56.000000	61.871000
1077.646972	831.900548	55.999998	61.869000
1077.646972	831.895547	55.999998	61.866000
1077.646969	831.890553	55.999997	61.860000
1077.646968	831.885123	56.000000	61.853000
1077.646969	831.880140	55.999998	61.848000
1077.646966	831.875135	55.999998	61.845000
1077.646969	831.870142	55.999999	61.844000
1077.646970	831.865130	56.000000	61.846000
1077.646970	831.860140	56.000000	61.849000
1077.646972	831.855139	55.999999	61.853000
1077.646969	831.850138	55.999998	61.858000
1077.646968	831.845124	55.999999	61.861000
1077.646970	831.840142	55.999999	61.864000
1077.646971	831.834944	56.000002	61.866000
1077.646969	831.829941	56.000002	61.866000
1077.646968	831.825326	55.999999	61.868000
1077.646968	831.820339	56.000000	61.869000
1077.646969	831.814931	56.000000	61.871000
1077.646969	831.810339	55.999999	61.872000
1077.646969	831.804922	56.000000	61.872000
1077.646968	831.799937	56.000000	61.871000
1077.646971	831.794734	56.000000	61.870000
1077.646970	831.789933	55.999999	61.869000
1077.646971	831.784918	56.000000	61.868000
1077.646970	831.779933	56.000000	61.869000
1077.646970	831.774934	56.000001	61.870000
1077.646971	831.769731	56.000000	61.870000
1077.646971	831.764921	56.000000	61.871000
1077.646969	831.760141	56.000000	61.871000
1077.646968	831.755130	56.000000	61.872000
1077.646971	831.749736	56.000000	61.873000
1077.646968	831.745127	55.999998	61.874000
1077.646967	831.740139	55.999998	61.874000
1077.646970	831.734737	55.999998	61.873000
1077.646970	831.729535	56.000001	61.870000
1077.646971	831.724722	55.999997	61.866000
1077.646971	831.719732	55.999997	61.861000
1077.646973	831.714735	55.999999	61.857000
1077.646968	831.709737	55.999999	61.855000
1077.646971	831.704725	55.999999	61.855000
1077.646969	831.699739	56.000000	61.856000
1077.646969	831.694733	56.000000	61.857000
1077.646968	831.689731	56.000000	61.859000
1077.646968	831.684923	56.000003	61.858000
1077.646972	831.679932	56.000002	61.856000
1077.646968	831.674938	56.000002	61.853000
1077.646971	831.669929	56.000001	61.849000
1077.646970	831.664919	55.999998	61.846000
1077.646970	831.659527	55.999998	61.844000
1077.646970	831.654130	56.000002	61.843000
1077.646971	831.648930	55.999996	61.843000
1077.646973	831.644123	56.000000	61.844000
1077.646973	831.639131	55.999997	61.847000
1077.646971	831.634133	55.999998	61.851000
1077.646972	831.628935	56.000003	61.855000
1077.646971	831.624120	56.000001	61.857000
1077.646970	831.619127	55.999998	61.857000
1077.646972	831.614330	55.999999	61.857000
1077.646970	831.609135	56.000002	61.856000
1077.646970	831.604323	56.000000	61.855000
1077.646970	831.599122	56.000002	61.855000
1077.646969	831.594128	55.999998	61.856000
1077.646968	831.589129	56.000000	61.857000
1077.646967	831.583728	56.000001	61.858000
1077.646967	831.578732	56.000001	61.858000
1077.646969	831.573532	56.000001	61.857000
1077.646970	831.568730	56.000000	61.857000
1077.646970	831.563726	56.000000	61.858000
1077.646968	831.558727	55.999999	61.861000
1077.646969	831.553926	56.000000	61.865000
1077.646968	831.548528	56.000002	61.869000
1077.646970	831.543723	56.000002	61.874000
1077.646968	831.538736	55.999998	61.878000
1077.646969	831.533739	56.000000	61.881000
1077.646968	831.528736	56.000000	61.882000
1077.646968	831.523927	55.999999	61.882000
1077.646969	831.518935	56.000001	61.881000
1077.646971	831.513939	55.999998	61.880000
1077.646971	831.508536	56.000001	61.878000
1077.646969	831.503535	55.999999	61.877000
1077.646970	831.498539	56.000001	61.876000
1077.646969	831.493335	56.000002	61.875000
1077.646968	831.488534	56.000002	61.875000
1077.646969	831.483338	56.000002	61.875000
1077.646969	831.478534	56.000001	61.875000
1077.646970	831.473533	56.000000	61.873000
1077.646969	831.468529	55.999999	61.869000
1077.646969	831.463527	56.000002	61.863000
1077.646968	831.458535	55.999998	61.856000
1077.646967	831.453734	55.999999	61.849000
1077.646969	831.448726	55.999999	61.845000
1077.646970	831.443525	55.999999	61.843000
1077.646967	831.438736	56.000003	61.843000
1077.646971	831.433335	55.999998	61.844000
1077.646971	831.428137	55.999999	61.845000
1077.646971	831.423134	56.000002	61.844000
1077.646970	831.418142	56.000001	61.840000
1077.646972	831.413133	55.999999	61.835000
1077.646973	831.408135	55.999999	61.831000
1077.646972	831.402935	55.999998	61.830000
1077.646973	831.398145	55.999999	61.831000
1077.646970	831.393142	56.000000	61.834000
1077.646973	831.388137	56.000001	61.839000
1077.646970	831.383136	56.000001	61.843000
1077.646973	831.378342	55.999999	61.846000
1077.646973	831.373340	55.999999	61.848000
1077.646968	831.368339	56.000002	61.851000
1077.646973	831.363331	55.999999	61.855000
1077.646972	831.358339	55.999998	61.859000
1077.646970	831.352948	56.000001	61.863000
1077.646971	831.347938	55.999998	61.866000
1077.646971	831.342743	55.999998	61.867000
1077.646973	831.337753	56.000001	61.869000
1077.646970	831.332745	56.000002	61.872000
1077.646971	831.327749	56.000001	61.876000
1077.646969	831.322553	56.000003	61.881000
1077.646972	831.317756	56.000000	61.886000
1077.646973	831.312743	56.000002	61.889000
1077.646972	831.307945	56.000000	61.890000
1077.646971	831.302952	56.000001	61.889000
1077.646969	831.297953	56.000001	61.885000
1077.646969	831.292955	56.000001	61.880000
1077.646973	831.287951	55.999999	61.877000
1077.646973	831.282561	55.999999	61.877000
1077.646968	831.277563	56.000000	61.879000
1077.646968	831.272555	55.999999	61.880000
1077.646970	831.267550	56.000000	61.876000
1077.646971	831.262556	55.999999	61.870000
1077.646970	831.257361	55.999998	61.866000
1077.646971	831.252558	56.000000	61.864000
1077.646970	831.247554	56.000000	61.864000
1077.646969	831.242562	55.999999	61.864000
1077.646968	831.237559	56.000000	61.863000
1077.646969	831.232749	55.999999	61.861000
1077.646971	831.227751	55.999999	61.861000
1077.646973	831.222751	56.000002	61.861000
1077.646971	831.217760	56.000001	61.862000
1077.646969	831.212751	55.999999	61.863000
1077.646967	831.207358	56.000003	61.864000
1077.646967	831.202162	56.000002	61.864000
1077.646970	831.197161	56.000000	61.865000
1077.646971	831.192148	56.000001	61.866000
1077.646969	831.187150	55.999999	61.867000
1077.646967	831.182155	55.999999	61.867000
1077.646969	831.177159	55.999998	61.865000
1077.646969	831.171949	55.999999	61.862000
1077.646971	831.167350	55.999999	61.859000
1077.646967	831.162152	56.000001	61.856000
1077.646967	831.157158	55.999999	61.855000
1077.646969	831.152347	56.000000	61.856000
1077.646969	831.147348	56.000002	61.858000
1077.646970	831.142358	55.999999	61.860000
1077.646969	831.137356	55.999999	61.862000
1077.646970	831.131956	55.999999	61.865000
1077.646970	831.126947	55.999999	61.867000
1077.646969	831.121952	56.000001	61.868000
1077.646969	831.116954	55.999999	61.868000
1077.646973	831.111954	56.000000	61.868000
1077.646971	831.106949	56.000002	61.869000
1077.646966	831.101960	55.999998	61.870000
1077.646968	831.096962	56.000001	61.873000
1077.646970	831.091955	56.000003	61.877000
1077.646969	831.086949	55.999997	61.881000
1077.646968	831.082150	55.999997	61.884000
1077.646971	831.076751	56.000001	61.886000
1077.646969	831.072152	56.000001	61.886000
1077.646969	831.067146	55.999999	61.886000
1077.646968	831.062155	55.999998	61.886000
1077.646968	831.057151	56.000002	61.886000
1077.646971	831.051748	55.999998	61.884000
1077.646970	831.046741	56.000002	61.880000
1077.646972	831.041553	56.000001	61.876000
1077.646971	831.036554	56.000000	61.874000
1077.646970	831.031554	56.000000	61.873000
1077.646971	831.026542	56.000000	61.873000
1077.646969	831.021555	55.999998	61.873000
1077.646971	831.016351	55.999998	61.873000
1077.646970	831.011752	55.999999	61.870000
1077.646971	831.006541	55.999998	61.868000
1077.646969	831.001753	56.000000	61.867000
1077.646970	830.996751	55.999999	61.867000
1077.646970	830.991750	56.000001	61.868000
1077.646972	830.986745	56.000000	61.868000
1077.646970	830.981755	55.999999	61.866000
1077.646971	830.976347	56.000001	61.862000
1077.646971	830.971547	55.999999	61.859000
1077.646972	830.966332	55.999999	61.856000
1077.646972	830.961547	56.000000	61.854000
1077.646973	830.956344	56.000002	61.853000
1077.646972	830.951542	55.999999	61.853000
1077.646972	830.946336	56.000000	61.852000
1077.646973	830.941556	55.999999	61.850000
1077.646973	830.936150	56.000001	61.848000
1077.646976	830.931543	56.000000	61.844000
1077.646970	830.926532	56.000001	61.839000
1077.646970	830.921553	56.000000	61.835000
1077.646972	830.916554	56.000000	61.832000
1077.646972	830.911550	56.000001	61.832000
1077.646971	830.906542	56.000001	61.835000
1077.646968	830.901562	56.000000	61.841000
1077.646970	830.896353	56.000001	61.848000
1077.646972	830.891353	56.000000	61.854000
1077.646974	830.886341	55.999999	61.860000
1077.646969	830.881562	56.000001	61.863000
1077.646970	830.876356	55.999999	61.865000
1077.646972	830.871555	55.999999	61.866000
1077.646970	830.866348	56.000000	61.865000
1077.646974	830.861565	56.000000	61.864000
1077.646972	830.856360	56.000002	61.862000
1077.646971	830.851551	56.000000	61.861000
1077.646969	830.846543	56.000001	61.860000
1077.646969	830.841560	55.999999	61.860000
1077.646969	830.836554	56.000001	61.860000
1077.646972	830.831552	56.000000	61.860000
1077.646967	830.825942	55.999998	61.861000
1077.646970	830.821163	55.999999	61.860000
1077.646970	830.816153	56.000000	61.858000
1077.646968	830.811151	56.000001	61.856000
1077.646965	830.805943	56.000000	61.854000
1077.646967	830.800953	56.000000	61.853000
1077.646970	830.796157	56.000000	61.856000
1077.646969	830.791155	56.000002	61.860000
1077.646967	830.785944	56.000000	61.865000
1077.646966	830.781161	56.000000	61.870000
1077.646966	830.776161	56.000003	61.873000
1077.646972	830.771353	56.000003	61.876000
1077.646970	830.766350	55.999997	61.878000
1077.646973	830.761357	56.000003	61.878000
1077.646969	830.756360	55.999998	61.878000
1077.646967	830.750949	56.000002	61.876000
1077.646969	830.745741	56.000001	61.872000
1077.646969	830.740956	56.000000	61.867000
1077.646969	830.735957	56.000000	61.861000
1077.646970	830.730951	56.000001	61.855000
1077.646968	830.725740	56.000001	61.851000
1077.646967	830.720755	55.999999	61.850000
1077.646969	830.715962	55.999999	61.850000
1077.646969	830.710950	56.000002	61.850000
1077.646968	830.705947	55.999999	61.851000
1077.646971	830.700957	55.999999	61.851000
1077.646969	830.695957	56.000002	61.850000
1077.646969	830.691153	56.000002	61.848000
1077.646971	830.686150	55.999999	61.847000
1077.646970	830.681155	55.999998	61.846000
1077.646972	830.676158	56.000000	61.844000
1077.646968	830.670749	55.999997	61.843000
1077.646965	830.665939	55.999998	61.842000
1077.646970	830.660942	56.000001	61.842000
1077.646967	830.655951	55.999999	61.844000
1077.646969	830.651142	56.000002	61.847000
1077.646969	830.645735	56.000001	61.850000
1077.646968	830.640940	55.999999	61.853000
1077.646968	830.635940	56.000000	61.856000
1077.646968	830.630935	56.000000	61.857000
1077.646968	830.626134	56.000002	61.858000
1077.646967	830.620937	56.000001	61.858000
1077.646969	830.616146	56.000001	61.859000
1077.646969	830.611133	55.999999	61.861000
1077.646971	830.606129	56.000000	61.864000
1077.646968	830.601138	56.000000	61.868000
1077.646972	830.595741	56.000000	61.872000
1077.646969	830.590731	56.000000	61.876000
1077.646971	830.585721	55.999999	61.877000
1077.646967	830.580733	56.000002	61.876000
1077.646970	830.575740	55.999999	61.873000
1077.646971	830.570731	56.000000	61.872000
1077.646968	830.565724	56.000001	61.873000
1077.646969	830.560741	56.000001	61.876000
1077.646969	830.555741	55.999999	61.882000
1077.646970	830.550939	56.000001	61.888000
1077.646967	830.545928	55.999999	61.894000
1077.646970	830.540735	56.000000	61.899000
1077.646971	830.535941	56.000000	61.901000
1077.646969	830.530930	56.000002	61.901000
1077.646969	830.525920	55.999999	61.899000
1077.646969	830.520733	56.000000	61.896000
1077.646970	830.515733	55.999998	61.895000
1077.646969	830.510931	56.000001	61.892000
1077.646972	830.505515	56.000000	61.888000
1077.646969	830.500941	56.000001	61.882000
1077.646971	830.495739	56.000000	61.874000
1077.646969	830.490727	56.000001	61.867000
1077.646969	830.485726	56.000001	61.863000
1077.646968	830.480739	55.999998	61.859000
1077.646967	830.475734	56.000000	61.857000
1077.646969	830.470939	55.999998	61.855000
1077.646970	830.465926	56.000001	61.854000
1077.646972	830.460530	55.999999	61.853000
1077.646971	830.455939	55.999999	61.851000
1077.646969	830.450928	56.000000	61.849000
1077.646969	830.445519	56.000000	61.848000
1077.646972	830.440130	56.000000	61.848000
1077.646973	830.435532	56.000001	61.849000
1077.646968	830.430530	56.000000	61.849000
1077.646972	830.425517	55.999999	61.847000
1077.646972	830.420535	55.999999	61.845000
1077.646969	830.415527	56.000000	61.845000
1077.646970	830.410531	56.000000	61.848000
1077.646970	830.405521	55.999999	61.854000
1077.646971	830.400534	56.000001	61.862000
1077.646967	830.395740	55.999999	61.869000
1077.646967	830.390732	56.000001	61.874000
1077.646969	830.385725	55.999998	61.876000
1077.646967	830.380746	56.000002	61.873000
1077.646969	830.375325	56.000003	61.868000
1077.646972	830.370331	55.999998	61.860000
1077.646973	830.365322	56.000001	61.856000
1077.646972	830.360344	55.999999	61.855000
1077.646975	830.355135	56.000001	61.858000
1077.646971	830.350340	56.000002	61.863000
1077.646973	830.345332	55.999997	61.868000
1077.646971	830.340353	56.000002	61.873000
1077.646972	830.335349	55.999998	61.878000
1077.646970	830.330552	55.999996	61.882000
1077.646969	830.325540	56.000003	61.887000
1077.646968	830.320352	55.999998	61.893000
1077.646972	830.315558	55.999997	61.900000
1077.646971	830.310549	56.000003	61.906000
1077.646972	830.305546	55.999998	61.909000
1077.646970	830.300550	55.999998	61.908000
1077.646972	830.295151	56.000000	61.903000
1077.646970	830.289945	55.999997	61.897000
1077.646975	830.285143	55.999997	61.892000
1077.646974	830.280150	55.999998	61.889000
1077.646974	830.275147	56.000001	61.889000
1077.646973	830.270145	55.999998	61.890000
1077.646970	830.265139	56.000003	61.889000
1077.646972	830.260140	55.999999	61.886000
1077.646968	830.255145	55.999996	61.880000
1077.646968	830.250138	56.000002	61.872000
1077.646970	830.245334	55.999998	61.865000
1077.646971	830.240338	56.000003	61.862000
1077.646976	830.235347	55.999999	61.862000
1077.646971	830.230343	55.999998	61.864000
1077.646971	830.225133	55.999999	61.867000
1077.646970	830.219940	56.000002	61.867000
1077.646971	830.214941	55.999999	61.865000
1077.646969	830.209943	56.000002	61.862000
1077.646971	830.204937	55.999998	61.860000
1077.646971	830.199749	55.999999	61.859000
1077.646970	830.194946	55.999999	61.860000
1077.646970	830.189743	56.000000	61.862000
1077.646971	830.184929	56.000002	61.862000
1077.646970	830.179935	55.999999	61.862000
1077.646972	830.174737	56.000000	61.861000
1077.646969	830.169736	55.999999	61.861000
1077.646970	830.164923	56.000000	61.860000
1077.646972	830.159936	56.000000	61.859000
1077.646969	830.154737	56.000000	61.857000
1077.646969	830.149727	55.999999	61.855000
1077.646969	830.144513	55.999999	61.852000
1077.646969	830.139323	56.000000	61.849000
1077.646970	830.134525	55.999999	61.849000
1077.646968	830.129328	56.000000	61.851000
1077.646969	830.124326	56.000001	61.854000
1077.646966	830.119326	55.999999	61.858000
1077.646964	830.114533	56.000000	61.862000
1077.646970	830.109533	55.999999	61.866000
1077.646968	830.104314	55.999999	61.868000
1077.646969	830.099328	56.000000	61.868000
1077.646968	830.094528	56.000000	61.868000
1077.646969	830.089526	55.999999	61.866000
1077.646968	830.084518	56.000000	61.866000
1077.646969	830.079528	56.000000	61.868000
1077.646971	830.074528	55.999998	61.871000
1077.646970	830.069523	56.000000	61.875000
1077.646969	830.064118	55.999997	61.880000
1077.646972	830.059128	56.000001	61.884000
1077.646972	830.053927	56.000001	61.887000
1077.646969	830.049118	56.000001	61.887000
1077.646968	830.044111	56.000001	61.886000
1077.646969	830.039118	56.000000	61.884000
1077.646969	830.034126	55.999999	61.882000
1077.646971	830.028922	56.000000	61.880000
1077.646968	830.024115	56.000001	61.878000
1077.646970	830.019119	55.999999	61.876000
1077.646967	830.014334	55.999998	61.874000
1077.646970	830.009320	56.000001	61.872000
1077.646968	830.004307	55.999997	61.870000
1077.646968	829.999325	56.000002	61.868000
1077.646968	829.993935	55.999999	61.866000
1077.646970	829.988917	56.000001	61.864000
1077.646971	829.983920	56.000000	61.863000
1077.646972	829.978723	56.000000	61.862000
1077.646971	829.973728	55.999999	61.862000
1077.646969	829.968723	56.000000	61.861000
1077.646969	829.963723	55.999999	61.859000
1077.646973	829.958731	56.000001	61.855000
1077.646971	829.953735	56.000000	61.851000
1077.646970	829.948722	55.999999	61.847000
1077.646970	829.943910	55.999998	61.844000
1077.646969	829.938918	56.000002	61.843000
1077.646971	829.933915	55.999999	61.843000
1077.646967	829.928937	56.000001	61.845000
1077.646972	829.923749	56.000001	61.848000
1077.646973	829.918944	56.000001	61.851000
1077.646972	829.913514	55.999999	61.853000
1077.646971	829.908505	56.000001	61.855000
1077.646972	829.903341	56.000001	61.855000
1077.646968	829.898553	56.000001	61.854000
1077.646971	829.893540	55.999999	61.852000
1077.646971	829.888529	56.000000	61.850000
1077.646971	829.883513	55.999999	61.847000
1077.646970	829.878530	56.000002	61.843000
1077.646973	829.873731	55.999999	61.839000
1077.646970	829.868729	55.999999	61.836000
1077.646970	829.863717	56.000003	61.833000
1077.646976	829.858722	55.999998	61.834000
1077.646970	829.853723	56.000000	61.837000
1077.646972	829.848732	56.000004	61.843000
1077.646969	829.843325	56.000002	61.850000
1077.646972	829.838329	55.999999	61.855000
1077.646972	829.833328	55.999998	61.860000
1077.646972	829.828343	56.000003	61.863000
1077.646971	829.823332	55.999998	61.865000
1077.646972	829.818141	56.000003	61.866000
1077.646971	829.813337	56.000001	61.868000
1077.646970	829.808342	56.000002	61.869000
1077.646972	829.803335	55.999997	61.869000
1077.646970	829.798342	55.999998	61.868000
1077.646968	829.793327	56.000002	61.868000
1077.646963	829.791556	55.999996	61.870000
