942.412173	926.473749	56.000003	50.701000
942.412268	926.474491	55.999998	50.682000
942.411931	926.479092	55.999996	50.678000
942.411736	926.484310	55.999997	50.677000
942.411656	926.489584	56.000003	50.676000
942.411622	926.494403	56.000000	50.674000
942.411609	926.499584	55.999999	50.675000
942.411605	926.504616	55.999998	50.677000
942.411602	926.509184	56.000003	50.682000
942.411622	926.514388	55.999997	50.686000
942.411615	926.519431	55.999999	50.689000
942.411619	926.524364	55.999999	50.691000
942.411627	926.529408	56.000001	50.693000
942.411627	926.534401	56.000002	50.693000
942.411626	926.539201	55.999998	50.694000
942.411627	926.544397	56.000003	50.694000
942.411632	926.549790	56.000003	50.693000
942.411628	926.554816	56.000003	50.692000
942.411627	926.559594	55.999998	50.690000
942.411631	926.564601	55.999999	50.689000
942.411633	926.569386	55.999999	50.687000
942.411631	926.574413	55.999999	50.687000
942.411626	926.579608	55.999998	50.687000
942.411635	926.584597	56.000000	50.686000
942.411631	926.589603	56.000002	50.685000
942.411631	926.594598	56.000003	50.685000
942.411634	926.599632	56.000003	50.687000
942.411630	926.604598	56.000003	50.689000
942.411630	926.609606	56.000003	50.693000
942.411631	926.614416	55.999996	50.696000
942.411632	926.619423	56.000000	50.700000
942.411636	926.624813	56.000002	50.704000
942.411634	926.629804	56.000002	50.709000
942.411633	926.634830	55.999999	50.714000
942.411631	926.639817	55.999998	50.718000
942.411634	926.644817	55.999997	50.721000
942.411634	926.649813	55.999998	50.724000
942.411629	926.654822	55.999998	50.728000
942.411628	926.659827	55.999998	50.734000
942.411629	926.664811	55.999998	50.740000
942.411629	926.669823	55.999999	50.747000
942.411632	926.674825	55.999997	50.754000
942.411635	926.679832	55.999997	50.759000
942.411634	926.684823	56.000000	50.765000
942.411628	926.689817	56.000002	50.769000
942.411633	926.694829	56.000002	50.773000
942.411633	926.700031	56.000000	50.778000
942.411632	926.704825	56.000002	50.782000
942.411633	926.709817	56.000002	50.786000
942.411631	926.715028	55.999998	50.790000
942.411636	926.719831	56.000001	50.794000
942.411631	926.725029	55.999997	50.795000
942.411631	926.729818	56.000001	50.795000
942.411626	926.734834	56.000002	50.793000
942.411630	926.739829	56.000002	50.791000
942.411628	926.744823	56.000001	50.788000
942.411634	926.749812	56.000000	50.785000
942.411632	926.755019	55.999998	50.781000
942.411632	926.759829	55.999999	50.776000
942.411634	926.764822	55.999998	50.771000
942.411634	926.769813	55.999998	50.767000
942.411632	926.775023	55.999999	50.764000
942.411633	926.780022	55.999998	50.760000
942.411635	926.785218	56.000001	50.757000
942.411634	926.790005	56.000001	50.753000
942.411633	926.795019	56.000000	50.748000
942.411635	926.799819	56.000000	50.744000
942.411634	926.805012	56.000000	50.740000
942.411629	926.810002	56.000000	50.736000
942.411630	926.815017	56.000001	50.731000
942.411629	926.820022	55.999999	50.725000
942.411629	926.824809	56.000000	50.720000
942.411626	926.830007	56.000001	50.714000
942.411630	926.834816	56.000001	50.709000
942.411634	926.839815	56.000000	50.705000
942.411630	926.844820	56.000000	50.701000
942.411631	926.850200	56.000000	50.696000
942.411631	926.855214	56.000000	50.692000
942.411633	926.860216	56.000000	50.689000
942.411634	926.865209	56.000000	50.687000
942.411632	926.870200	56.000001	50.685000
942.411630	926.875208	56.000001	50.683000
942.411630	926.880011	56.000002	50.680000
942.411637	926.885206	55.999999	50.678000
942.411629	926.890198	55.999998	50.676000
942.411631	926.895209	55.999999	50.676000
942.411631	926.900020	55.999999	50.676000
942.411629	926.905203	56.000001	50.677000
942.411627	926.910398	55.999998	50.678000
942.411630	926.915209	56.000001	50.680000
942.411634	926.920017	56.000000	50.682000
942.411627	926.925410	55.999998	50.683000
942.411629	926.930401	56.000000	50.684000
942.411630	926.935403	56.000000	50.685000
942.411628	926.940413	55.999999	50.685000
942.411628	926.945610	56.000000	50.686000
942.411627	926.950401	56.000000	50.688000
942.411628	926.955409	55.999999	50.691000
942.411635	926.960416	55.999998	50.696000
942.411629	926.965411	56.000000	50.700000
942.411629	926.970403	56.000002	50.704000
942.411634	926.975409	56.000002	50.709000
942.411633	926.980417	55.999999	50.716000
942.411630	926.985410	55.999998	50.724000
942.411629	926.990401	55.999999	50.731000
942.411632	926.995203	56.000001	50.736000
942.411629	927.000608	56.000001	50.742000
942.411633	927.005604	56.000000	50.747000
942.411630	927.010602	56.000002	50.755000
942.411628	927.015599	55.999999	50.762000
942.411628	927.020618	56.000001	50.768000
942.411634	927.025413	56.000001	50.771000
942.411630	927.030801	56.000000	50.775000
942.411631	927.035406	56.000000	50.779000
942.411628	927.040609	56.000001	50.785000
942.411628	927.045406	56.000000	50.791000
942.411629	927.050598	55.999999	50.794000
942.411628	927.055409	55.999999	50.796000
942.411629	927.060611	56.000000	50.798000
942.411632	927.065403	56.000000	50.800000
942.411635	927.070595	56.000002	50.802000
942.411627	927.075794	55.999999	50.803000
942.411631	927.080804	55.999998	50.802000
942.411633	927.085799	55.999998	50.801000
942.411628	927.090797	55.999998	50.800000
942.411627	927.095792	55.999998	50.799000
942.411629	927.100799	55.999999	50.797000
942.411633	927.105790	56.000002	50.795000
942.411630	927.110793	56.000002	50.792000
942.411631	927.115593	55.999999	50.788000
942.411627	927.120796	56.000002	50.783000
942.411631	927.125789	56.000003	50.778000
942.411631	927.130985	55.999998	50.773000
942.411630	927.135981	55.999998	50.768000
942.411633	927.140789	56.000001	50.763000
942.411631	927.145594	56.000000	50.758000
942.411633	927.151182	56.000001	50.752000
942.411624	927.155982	56.000001	50.747000
942.411632	927.160992	56.000001	50.742000
942.411631	927.165992	56.000002	50.737000
942.411633	927.170988	56.000000	50.732000
942.411633	927.175984	56.000001	50.727000
942.411633	927.180988	56.000001	50.722000
942.411635	927.185988	55.999999	50.718000
942.411632	927.190983	56.000000	50.713000
942.411627	927.196176	56.000000	50.708000
942.411632	927.200989	56.000000	50.703000
942.411635	927.205988	56.000001	50.696000
942.411631	927.210988	56.000000	50.690000
942.411632	927.215988	56.000001	50.684000
942.411631	927.220802	56.000001	50.679000
942.411632	927.226396	56.000000	50.674000
942.411631	927.231199	56.000002	50.669000
942.411628	927.236195	56.000001	50.665000
942.411625	927.241211	56.000001	50.661000
942.411633	927.246213	56.000001	50.659000
942.411631	927.251206	56.000000	50.657000
942.411628	927.256195	56.000001	50.656000
942.411633	927.261205	56.000002	50.654000
942.411629	927.266008	55.999997	50.653000
942.411635	927.271206	56.000002	50.653000
942.411630	927.276201	56.000000	50.654000
942.411631	927.281411	55.999999	50.655000
942.411632	927.286210	56.000003	50.657000
942.411628	927.291013	55.999998	50.661000
942.411634	927.296015	55.999998	50.666000
942.411632	927.301615	55.999997	50.671000
942.411633	927.306419	56.000002	50.677000
942.411631	927.311420	56.000002	50.682000
942.411633	927.316405	56.000001	50.687000
942.411631	927.321419	56.000000	50.691000
942.411629	927.326413	56.000002	50.696000
942.411631	927.331214	55.999999	50.701000
942.411629	927.336411	56.000000	50.708000
942.411635	927.341417	55.999999	50.715000
942.411634	927.346614	56.000001	50.723000
942.411630	927.351412	55.999998	50.730000
942.411629	927.356405	56.000000	50.735000
942.411637	927.361411	55.999999	50.741000
942.411631	927.366412	55.999998	50.747000
942.411631	927.371407	55.999999	50.753000
942.411630	927.376602	56.000000	50.759000
942.411633	927.381605	55.999999	50.761000
942.411631	927.386613	56.000000	50.762000
942.411633	927.391615	56.000000	50.761000
942.411630	927.396810	56.000000	50.761000
942.411630	927.401810	56.000000	50.762000
942.411633	927.406615	56.000000	50.762000
942.411631	927.411612	56.000001	50.762000
942.411631	927.416613	55.999999	50.760000
942.411634	927.421606	56.000000	50.757000
942.411630	927.426612	56.000000	50.755000
942.411630	927.431609	56.000000	50.753000
942.411629	927.436608	55.999999	50.752000
942.411629	927.441604	55.999999	50.752000
942.411633	927.446609	56.000001	50.751000
942.411627	927.452011	55.999999	50.749000
942.411622	927.456804	56.000001	50.747000
942.411633	927.461802	56.000000	50.744000
942.411627	927.466803	55.999999	50.742000
942.411629	927.471809	56.000000	50.740000
942.411625	927.476799	56.000001	50.739000
942.411633	927.481797	55.999999	50.739000
942.411629	927.486798	56.000001	50.739000
942.411633	927.491809	56.000000	50.738000
942.411629	927.496801	56.000000	50.735000
942.411626	927.501796	56.000000	50.732000
942.411629	927.506802	56.000000	50.728000
942.411629	927.511810	55.999999	50.724000
942.411630	927.517000	56.000000	50.723000
942.411631	927.521602	56.000000	50.723000
942.411628	927.526805	56.000000	50.725000
942.411629	927.531810	56.000000	50.727000
942.411629	927.536795	56.000000	50.730000
942.411627	927.541792	55.999998	50.732000
942.411630	927.546803	55.999999	50.736000
942.411626	927.551805	56.000000	50.740000
942.411629	927.556795	56.000000	50.744000
942.411632	927.561991	56.000000	50.749000
942.411631	927.566800	55.999999	50.754000
942.411630	927.571806	55.999999	50.758000
942.411629	927.576794	55.999999	50.762000
942.411628	927.582197	56.000000	50.765000
942.411630	927.586800	55.999999	50.768000
942.411627	927.591807	55.999998	50.771000
942.411622	927.596797	55.999998	50.773000
942.411628	927.602001	56.000000	50.774000
942.411632	927.607001	56.000000	50.774000
942.411630	927.612007	56.000002	50.772000
942.411624	927.616998	56.000002	50.769000
942.411630	927.621996	56.000002	50.768000
942.411634	927.627201	55.999999	50.766000
942.411628	927.632009	56.000001	50.766000
942.411631	927.636994	55.999998	50.766000
942.411627	927.641995	55.999998	50.765000
942.411634	927.647206	56.000002	50.764000
942.411632	927.652011	56.000000	50.762000
942.411626	927.657196	56.000003	50.761000
942.411633	927.661999	55.999998	50.760000
942.411632	927.667205	56.000001	50.759000
942.411625	927.672016	56.000002	50.757000
942.411633	927.677412	56.000001	50.756000
942.411630	927.682404	56.000003	50.755000
942.411625	927.687407	55.999999	50.754000
942.411630	927.692427	55.999998	50.754000
942.411630	927.697404	55.999997	50.753000
942.411629	927.702405	55.999998	50.752000
942.411631	927.707405	56.000001	50.751000
942.411629	927.712411	56.000003	50.751000
942.411626	927.717600	55.999999	50.751000
942.411628	927.722191	56.000000	50.751000
942.411630	927.727596	55.999998	50.750000
942.411629	927.732409	56.000000	50.749000
942.411629	927.737392	55.999998	50.748000
942.411633	927.742190	56.000002	50.748000
942.411629	927.747594	56.000002	50.748000
942.411630	927.752606	56.000002	50.748000
942.411627	927.757596	56.000001	50.748000
942.411633	927.762593	55.999998	50.748000
942.411631	927.767591	55.999997	50.746000
942.411628	927.772607	55.999996	50.745000
942.411631	927.777594	55.999999	50.744000
942.411629	927.782587	56.000000	50.743000
942.411628	927.787590	56.000002	50.743000
942.411632	927.792608	56.000002	50.742000
942.411633	927.797594	56.000000	50.741000
942.411630	927.802384	56.000001	50.739000
942.411628	927.807791	56.000000	50.737000
942.411630	927.812606	55.999999	50.735000
942.411631	927.817799	56.000000	50.733000
942.411634	927.822391	55.999999	50.731000
942.411629	927.827996	56.000001	50.729000
942.411627	927.832803	55.999997	50.728000
942.411631	927.837792	55.999999	50.727000
942.411629	927.842784	56.000002	50.725000
942.411635	927.847796	55.999999	50.724000
942.411634	927.852804	56.000000	50.721000
942.411630	927.857792	56.000000	50.718000
942.411634	927.862789	56.000000	50.716000
942.411629	927.867790	56.000000	50.714000
942.411629	927.872811	56.000000	50.714000
942.411633	927.877792	56.000000	50.714000
942.411631	927.882783	55.999999	50.714000
942.411633	927.887788	56.000002	50.715000
942.411631	927.892801	55.999999	50.716000
942.411629	927.897793	55.999999	50.718000
942.411632	927.902985	55.999999	50.719000
942.411632	927.907992	56.000000	50.721000
942.411629	927.913221	56.000000	50.722000
942.411629	927.918006	56.000000	50.724000
942.411634	927.922998	55.999999	50.724000
942.411633	927.928006	56.000000	50.726000
942.411633	927.933227	56.000000	50.727000
942.411629	927.938020	56.000001	50.729000
942.411629	927.943004	56.000000	50.731000
942.411633	927.948009	55.999999	50.732000
942.411630	927.953229	56.000002	50.733000
942.411629	927.958011	56.000001	50.733000
942.411628	927.963000	55.999999	50.734000
942.411630	927.968006	55.999998	50.735000
942.411633	927.972820	55.999999	50.736000
942.411629	927.978015	56.000001	50.736000
942.411625	927.983204	55.999998	50.735000
942.411632	927.988205	55.999999	50.734000
942.411631	927.993230	56.000002	50.732000
942.411632	927.998213	56.000002	50.731000
942.411628	928.003202	55.999999	50.729000
942.411631	928.008209	55.999997	50.727000
942.411629	928.013228	55.999998	50.725000
942.411628	928.018216	55.999999	50.724000
942.411626	928.023206	56.000002	50.722000
942.411630	928.028211	56.000001	50.721000
942.411632	928.033231	56.000002	50.720000
942.411630	928.038219	56.000002	50.718000
942.411631	928.043206	56.000003	50.717000
942.411629	928.048211	56.000003	50.716000
942.411630	928.053232	56.000002	50.715000
942.411631	928.058422	56.000001	50.716000
942.411631	928.063410	56.000003	50.717000
942.411631	928.068410	56.000002	50.718000
942.411630	928.073426	56.000003	50.720000
942.411629	928.078418	56.000002	50.722000
942.411629	928.083406	56.000002	50.725000
942.411632	928.088411	56.000002	50.728000
942.411633	928.093429	56.000002	50.733000
942.411627	928.098821	56.000002	50.738000
942.411635	928.103405	56.000001	50.744000
942.411631	928.108402	56.000003	50.749000
942.411631	928.113416	56.000002	50.754000
942.411628	928.118819	56.000002	50.758000
942.411625	928.123213	56.000001	50.761000
942.411632	928.128221	55.999999	50.764000
942.411629	928.133820	56.000001	50.766000
942.411629	928.138806	56.000003	50.768000
942.411626	928.143597	55.999998	50.769000
942.411630	928.148610	55.999997	50.767000
942.411630	928.153627	56.000000	50.764000
942.411628	928.158602	55.999998	50.761000
942.411629	928.163804	56.000003	50.758000
942.411633	928.168613	55.999997	50.755000
942.411631	928.173645	55.999998	50.753000
942.411637	928.178825	56.000004	50.750000
942.411630	928.183594	55.999999	50.748000
942.411629	928.188599	56.000001	50.745000
942.411627	928.193644	56.000001	50.742000
942.411632	928.198633	56.000001	50.739000
942.411629	928.203616	56.000002	50.736000
942.411631	928.208822	56.000002	50.732000
942.411629	928.213832	56.000002	50.728000
942.411632	928.218827	56.000004	50.725000
942.411628	928.223811	56.000003	50.723000
942.411632	928.228617	56.000000	50.721000
942.411629	928.233842	56.000002	50.718000
942.411631	928.238630	56.000000	50.715000
942.411632	928.243811	56.000002	50.713000
942.411636	928.248813	55.999999	50.710000
942.411631	928.253832	55.999997	50.709000
942.411628	928.258614	56.000001	50.709000
942.411627	928.263804	56.000001	50.708000
942.411626	928.268606	56.000002	50.708000
942.411626	928.273834	55.999999	50.707000
942.411631	928.278617	56.000001	50.708000
942.411631	928.284214	55.999999	50.710000
942.411631	928.288996	55.999998	50.713000
942.411632	928.294021	56.000001	50.717000
942.411630	928.299026	56.000001	50.721000
942.411627	928.304016	55.999999	50.724000
942.411632	928.309006	55.999999	50.728000
942.411632	928.314017	55.999998	50.731000
942.411623	928.318814	55.999998	50.735000
942.411634	928.324010	56.000002	50.737000
942.411634	928.329001	56.000001	50.739000
942.411632	928.334032	56.000000	50.741000
942.411628	928.338824	56.000002	50.743000
942.411634	928.343813	56.000000	50.745000
942.411632	928.348998	55.999999	50.746000
942.411627	928.354022	56.000001	50.747000
942.411629	928.359223	55.999999	50.747000
942.411628	928.364214	55.999998	50.748000
942.411635	928.369207	56.000000	50.749000
942.411632	928.374232	56.000003	50.750000
942.411632	928.379223	56.000002	50.751000
942.411628	928.384417	55.999997	50.750000
942.411634	928.389210	55.999999	50.750000
942.411635	928.394238	55.999998	50.750000
942.411634	928.399029	56.000002	50.751000
942.411631	928.404212	55.999997	50.753000
942.411629	928.409207	55.999997	50.754000
942.411630	928.414223	55.999997	50.754000
942.411633	928.419223	56.000000	50.753000
942.411636	928.424012	55.999998	50.751000
942.411630	928.429015	55.999997	50.749000
942.411626	928.434629	55.999998	50.747000
942.411632	928.439434	55.999999	50.744000
942.411632	928.444417	55.999999	50.740000
942.411635	928.449419	55.999998	50.737000
942.411632	928.454429	55.999999	50.733000
942.411632	928.459431	56.000001	50.730000
942.411634	928.464410	56.000001	50.728000
942.411630	928.469611	56.000002	50.727000
942.411632	928.474424	56.000001	50.726000
942.411632	928.479422	55.999998	50.725000
942.411629	928.484413	56.000001	50.723000
942.411633	928.489615	56.000001	50.720000
942.411630	928.494432	56.000002	50.717000
942.411631	928.499225	56.000001	50.713000
942.411635	928.504417	55.999997	50.710000
942.411632	928.509817	55.999998	50.707000
942.411630	928.514633	56.000004	50.704000
942.411632	928.519635	56.000004	50.702000
942.411630	928.524621	56.000003	50.699000
942.411631	928.529815	55.999998	50.696000
942.411629	928.534628	56.000003	50.692000
942.411627	928.539633	56.000003	50.689000
942.411628	928.544618	56.000002	50.687000
942.411628	928.549617	56.000003	50.687000
942.411627	928.554630	56.000001	50.688000
942.411632	928.559631	56.000001	50.689000
942.411633	928.564616	56.000002	50.690000
942.411630	928.569819	55.999998	50.691000
942.411632	928.574428	56.000001	50.693000
942.411628	928.579633	56.000001	50.696000
942.411633	928.584816	56.000000	50.701000
942.411629	928.590012	56.000000	50.705000
942.411626	928.594821	56.000000	50.707000
942.411629	928.599825	55.999999	50.708000
942.411631	928.604810	55.999999	50.710000
942.411631	928.609807	56.000001	50.711000
942.411630	928.615018	56.000000	50.713000
942.411629	928.619822	56.000001	50.715000
942.411634	928.624815	55.999999	50.715000
942.411632	928.629805	55.999998	50.714000
942.411635	928.634819	55.999997	50.714000
942.411626	928.639824	55.999998	50.713000
942.411630	928.644809	56.000001	50.714000
942.411633	928.649808	56.000002	50.714000
942.411629	928.654624	56.000001	50.714000
942.411631	928.660023	55.999997	50.714000
942.411629	928.665017	55.999998	50.716000
942.411625	928.670009	56.000000	50.719000
942.411626	928.675016	56.000001	50.723000
942.411636	928.680020	56.000003	50.727000
942.411632	928.685020	56.000002	50.730000
942.411636	928.690010	56.000003	50.732000
942.411631	928.695019	56.000001	50.735000
942.411631	928.700220	56.000000	50.738000
942.411632	928.705017	55.999997	50.743000
942.411635	928.710013	55.999997	50.748000
942.411630	928.715019	55.999998	50.752000
942.411630	928.720025	56.000000	50.755000
942.411629	928.725015	56.000001	50.758000
942.411628	928.730010	56.000000	50.761000
942.411631	928.735226	56.000000	50.764000
942.411631	928.740232	56.000000	50.765000
942.411628	928.745218	55.999999	50.766000
942.411628	928.750210	55.999997	50.766000
942.411633	928.755218	56.000002	50.766000
942.411627	928.760221	56.000003	50.766000
942.411631	928.765211	56.000001	50.766000
942.411630	928.770200	56.000002	50.764000
942.411631	928.775409	55.999998	50.761000
942.411630	928.780217	56.000000	50.758000
942.411630	928.785208	55.999999	50.755000
942.411633	928.790200	55.999998	50.752000
942.411633	928.795210	56.000000	50.751000
942.411631	928.800213	55.999999	50.750000
942.411631	928.805212	56.000000	50.749000
942.411630	928.810202	56.000001	50.748000
942.411628	928.815408	55.999999	50.747000
942.411633	928.820408	55.999999	50.746000
942.411635	928.825408	56.000001	50.746000
942.411629	928.830407	55.999999	50.745000
942.411630	928.835411	56.000000	50.744000
942.411629	928.840412	55.999999	50.743000
942.411629	928.845205	56.000000	50.742000
942.411631	928.850395	56.000000	50.742000
942.411627	928.855413	56.000000	50.740000
942.411632	928.860409	56.000000	50.738000
942.411628	928.865206	55.999999	50.736000
942.411631	928.870399	56.000001	50.735000
942.411629	928.875205	56.000002	50.734000
942.411629	928.880407	55.999999	50.735000
942.411630	928.885608	55.999998	50.736000
942.411630	928.890801	56.000003	50.736000
942.411627	928.895607	55.999998	50.736000
942.411630	928.900804	56.000002	50.737000
942.411632	928.905605	55.999998	50.739000
942.411629	928.910592	55.999999	50.742000
942.411629	928.915598	55.999998	50.746000
942.411630	928.920801	56.000000	50.751000
942.411631	928.925602	56.000003	50.755000
942.411630	928.930600	56.000002	50.760000
942.411629	928.935605	55.999999	50.763000
942.411631	928.940808	56.000000	50.765000
942.411631	928.945605	56.000001	50.766000
942.411633	928.950596	55.999998	50.767000
942.411630	928.955600	56.000000	50.768000
942.411629	928.960806	55.999998	50.769000
942.411630	928.965807	55.999997	50.769000
942.411626	928.970798	55.999998	50.770000
942.411627	928.975801	56.000000	50.769000
942.411627	928.980799	56.000002	50.767000
942.411631	928.985795	56.000003	50.765000
942.411633	928.990795	56.000003	50.762000
942.411633	928.995793	56.000001	50.759000
942.411633	929.001000	56.000000	50.757000
942.411631	929.005801	56.000000	50.755000
942.411632	929.010792	56.000001	50.752000
942.411629	929.015796	55.999999	50.748000
942.411630	929.020806	56.000000	50.744000
942.411625	929.025601	55.999999	50.741000
942.411632	929.030792	56.000000	50.738000
942.411629	929.035793	56.000000	50.736000
942.411632	929.040993	55.999999	50.733000
942.411630	929.045990	56.000001	50.730000
942.411633	929.050988	55.999999	50.726000
942.411628	929.055990	56.000000	50.722000
942.411629	929.060993	55.999999	50.717000
942.411633	929.065997	56.000001	50.713000
942.411629	929.070990	55.999999	50.710000
942.411629	929.075984	56.000000	50.707000
942.411633	929.080991	56.000000	50.705000
942.411631	929.085791	56.000000	50.704000
942.411631	929.090991	56.000000	50.701000
942.411629	929.095982	56.000000	50.697000
942.411627	929.100799	56.000001	50.693000
942.411633	929.105988	56.000000	50.691000
942.411632	929.110983	56.000000	50.690000
942.411626	929.115994	56.000003	50.691000
942.411626	929.121400	56.000001	50.691000
942.411626	929.126390	55.999999	50.692000
942.411625	929.131393	55.999998	50.693000
942.411628	929.136381	55.999997	50.695000
942.411632	929.141394	55.999998	50.697000
942.411633	929.146392	55.999997	50.700000
942.411624	929.151593	56.000001	50.703000
942.411632	929.156388	56.000001	50.707000
942.411630	929.161399	56.000000	50.711000
942.411629	929.166595	55.999999	50.715000
942.411630	929.171402	56.000000	50.720000
942.411623	929.176396	55.999998	50.726000
942.411628	929.181397	55.999999	50.731000
942.411631	929.186596	56.000000	50.736000
942.411626	929.191597	56.000000	50.741000
942.411626	929.196587	55.999998	50.746000
942.411631	929.201599	55.999998	50.752000
942.411631	929.206997	56.000003	50.758000
942.411628	929.211807	56.000001	50.764000
942.411630	929.216794	55.999999	50.769000
942.411632	929.221796	56.000001	50.772000
942.411630	929.226995	56.000000	50.774000
942.411629	929.231795	56.000000	50.776000
942.411625	929.236791	56.000000	50.777000
942.411632	929.241804	56.000000	50.777000
942.411628	929.246799	56.000002	50.776000
942.411627	929.251804	56.000003	50.773000
942.411629	929.256792	56.000002	50.771000
942.411631	929.261804	56.000002	50.768000
942.411627	929.267012	55.999998	50.764000
942.411635	929.272015	55.999997	50.761000
942.411630	929.276996	55.999998	50.758000
942.411630	929.282000	55.999999	50.755000
942.411633	929.287011	56.000000	50.752000
942.411629	929.292016	56.000001	50.750000
942.411634	929.297003	56.000000	50.748000
942.411629	929.302004	56.000000	50.744000
942.411633	929.307008	56.000001	50.740000
942.411629	929.312012	55.999999	50.736000
942.411632	929.316996	56.000000	50.733000
942.411632	929.321996	56.000002	50.731000
942.411632	929.326999	55.999999	50.728000
942.411628	929.331807	56.000000	50.724000
942.411629	929.337001	56.000000	50.719000
942.411631	929.341802	56.000000	50.712000
942.411635	929.347206	55.999999	50.705000
942.411633	929.352223	56.000000	50.699000
942.411628	929.357211	55.999999	50.695000
942.411628	929.362210	56.000001	50.692000
942.411633	929.367413	56.000000	50.689000
942.411634	929.372214	56.000001	50.686000
942.411629	929.377197	56.000000	50.681000
942.411626	929.382199	56.000000	50.676000
942.411632	929.387209	55.999999	50.673000
942.411633	929.392214	55.999999	50.670000
942.411631	929.397204	56.000000	50.669000
942.411631	929.402001	55.999999	50.667000
942.411631	929.407205	55.999999	50.666000
942.411629	929.412005	56.000001	50.666000
942.411629	929.417199	56.000000	50.666000
942.411631	929.422405	56.000000	50.667000
942.411634	929.427408	55.999998	50.666000
942.411628	929.432631	56.000001	50.665000
942.411630	929.437611	56.000000	50.663000
942.411632	929.442406	56.000001	50.663000
942.411635	929.447604	55.999998	50.665000
942.411631	929.452613	55.999997	50.668000
942.411627	929.457809	56.000003	50.672000
942.411627	929.462598	55.999999	50.675000
942.411638	929.467611	55.999999	50.678000
942.411630	929.472625	55.999999	50.684000
942.411628	929.477812	55.999999	50.692000
942.411629	929.482605	56.000001	50.702000
942.411634	929.487605	55.999998	50.711000
942.411632	929.493022	55.999997	50.721000
942.411630	929.498216	55.999998	50.729000
942.411628	929.502803	56.000000	50.736000
942.411626	929.507812	56.000002	50.742000
942.411627	929.512821	56.000002	50.747000
942.411627	929.517812	56.000002	50.752000
942.411627	929.522606	55.999998	50.757000
942.411631	929.527816	56.000001	50.761000
942.411629	929.532829	55.999999	50.764000
942.411630	929.537823	55.999997	50.765000
942.411634	929.542818	55.999998	50.766000
942.411631	929.547819	56.000000	50.767000
942.411631	929.552835	56.000001	50.768000
942.411633	929.557820	56.000003	50.768000
942.411630	929.562612	55.999998	50.768000
942.411630	929.568214	55.999999	50.767000
942.411629	929.573030	55.999998	50.766000
942.411630	929.578014	55.999999	50.765000
942.411630	929.583205	55.999998	50.763000
942.411631	929.588004	55.999999	50.761000
942.411631	929.593019	55.999998	50.759000
942.411631	929.598010	55.999998	50.756000
942.411629	929.602996	55.999997	50.754000
942.411631	929.608006	55.999998	50.752000
942.411625	929.613023	55.999999	50.751000
942.411629	929.618007	56.000001	50.751000
942.411627	929.622999	56.000002	50.750000
942.411632	929.628002	55.999998	50.749000
942.411632	929.633016	56.000000	50.748000
942.411626	929.637999	56.000002	50.748000
942.411629	929.643196	55.999999	50.748000
942.411633	929.647999	56.000000	50.748000
942.411628	929.653015	56.000001	50.748000
942.411634	929.658007	55.999999	50.748000
942.411629	929.662991	56.000002	50.748000
942.411630	929.668195	55.999998	50.748000
942.411632	929.673013	56.000000	50.749000
942.411629	929.678006	56.000000	50.749000
942.411631	929.683200	55.999999	50.749000
942.411628	929.687995	56.000000	50.748000
942.411628	929.693013	56.000000	50.746000
942.411631	929.698008	56.000002	50.745000
942.411630	929.702995	56.000000	50.745000
942.411629	929.708002	55.999999	50.744000
942.411627	929.713024	56.000001	50.743000
942.411631	929.718418	55.999999	50.741000
942.411628	929.723403	56.000002	50.740000
942.411631	929.728205	56.000002	50.738000
942.411627	929.733226	56.000001	50.737000
942.411628	929.738414	55.999998	50.737000
942.411629	929.743207	55.999997	50.735000
942.411631	929.748204	55.999998	50.734000
942.411629	929.753225	56.000001	50.732000
942.411628	929.758212	56.000002	50.729000
942.411625	929.763203	56.000000	50.727000
942.411630	929.768207	55.999999	50.724000
942.411628	929.773235	55.999998	50.721000
942.411629	929.778217	55.999997	50.718000
942.411630	929.783203	55.999997	50.716000
942.411632	929.788408	56.000001	50.714000
942.411633	929.793837	56.000002	50.712000
942.411631	929.798614	56.000001	50.711000
942.411634	929.803611	56.000002	50.710000
942.411631	929.808611	56.000002	50.708000
942.411635	929.813627	56.000002	50.706000
942.411632	929.818819	55.999999	50.705000
942.411631	929.823808	56.000002	50.706000
942.411631	929.828609	56.000001	50.706000
942.411633	929.833629	55.999999	50.705000
942.411636	929.838614	56.000001	50.704000
942.411633	929.843606	55.999998	50.702000
942.411630	929.848400	55.999999	50.702000
942.411631	929.853630	56.000000	50.702000
942.411635	929.858618	56.000001	50.702000
942.411634	929.863613	55.999998	50.702000
942.411632	929.868815	55.999999	50.701000
942.411633	929.873630	55.999999	50.700000
942.411631	929.878620	56.000001	50.699000
942.411631	929.883818	56.000000	50.698000
942.411630	929.888605	56.000001	50.698000
942.411637	929.893628	55.999999	50.699000
942.411631	929.898620	56.000001	50.701000
942.411632	929.903614	55.999999	50.702000
942.411632	929.908608	56.000001	50.704000
942.411631	929.913626	56.000001	50.706000
942.411629	929.918622	55.999999	50.708000
942.411631	929.923611	56.000001	50.711000
942.411635	929.928406	56.000001	50.715000
942.411630	929.933426	56.000000	50.718000
942.411631	929.938411	56.000000	50.722000
942.411630	929.944011	56.000001	50.726000
942.411633	929.948803	56.000000	50.729000
942.411634	929.953822	55.999999	50.732000
942.411630	929.958817	56.000000	50.735000
942.411633	929.963794	55.999999	50.738000
942.411635	929.968801	55.999999	50.741000
942.411630	929.973822	55.999999	50.743000
942.411631	929.978817	56.000000	50.745000
942.411629	929.983797	55.999998	50.748000
942.411633	929.988597	55.999999	50.750000
942.411630	929.993811	56.000002	50.753000
942.411626	929.998605	56.000002	50.754000
942.411627	930.003793	55.999998	50.755000
942.411629	930.008589	55.999998	50.756000
942.411629	930.013816	56.000002	50.757000
942.411627	930.019008	55.999999	50.758000
942.411634	930.024003	56.000002	50.759000
942.411635	930.028999	56.000002	50.760000
942.411628	930.034227	56.000001	50.760000
942.411626	930.039029	55.999999	50.762000
942.411632	930.044012	56.000002	50.763000
942.411627	930.049007	56.000002	50.764000
942.411631	930.054224	55.999997	50.766000
942.411632	930.058825	56.000002	50.767000
942.411633	930.064013	56.000001	50.766000
942.411630	930.069009	56.000003	50.766000
942.411629	930.074033	56.000001	50.766000
942.411633	930.079028	55.999998	50.766000
942.411631	930.084017	55.999997	50.766000
942.411636	930.088819	55.999998	50.766000
942.411633	930.094434	55.999999	50.766000
942.411631	930.099230	55.999998	50.765000
942.411628	930.104214	55.999998	50.765000
942.411630	930.109213	56.000000	50.765000
942.411631	930.114233	56.000003	50.766000
942.411631	930.119233	56.000002	50.767000
942.411631	930.124015	56.000002	50.769000
942.411629	930.129218	55.999997	50.770000
942.411627	930.134431	56.000002	50.771000
942.411630	930.139029	55.999997	50.771000
942.411631	930.144216	56.000003	50.772000
942.411630	930.149213	56.000001	50.772000
942.411631	930.154225	55.999999	50.772000
942.411629	930.159224	55.999999	50.772000
942.411630	930.164214	56.000003	0.000000
942.411628	930.169017	56.000001	0.000000
942.411628	930.174422	56.000001	0.000000
942.411629	930.179427	56.000001	0.000000
942.411632	930.184413	55.999999	0.000000
942.411635	930.189420	56.000002	0.000000
942.411627	930.194433	55.999999	50.772000
942.411632	930.199434	55.999997	50.771000
942.411626	930.204423	56.000000	50.771000
942.411631	930.209419	56.000002	50.771000
942.411631	930.214436	56.000003	50.775000
942.411628	930.219435	55.999998	50.778000
942.411628	930.224421	56.000002	50.782000
942.411634	930.229419	55.999998	50.785000
942.411628	930.234428	55.999999	50.789000
942.411631	930.239228	55.999998	50.793000
942.411633	930.244416	56.000000	50.798000
942.411629	930.249614	56.000001	50.803000
942.411630	930.254424	55.999999	50.811000
942.411630	930.259423	56.000002	50.821000
942.411633	930.264414	55.999998	50.838000
942.411628	930.269412	55.999999	50.852000
942.411629	930.274426	56.000001	50.867000
942.411631	930.279823	55.999999	50.879000
942.411628	930.284417	55.999999	50.892000
942.411631	930.289405	56.000002	50.904000
942.411632	930.294426	55.999998	55.859000
942.411626	930.299817	56.000000	60.975000
942.411628	930.304416	55.999998	61.643000
942.411626	930.309402	56.000001	61.638000
942.411626	930.314420	56.000002	61.630000
942.411626	930.319819	56.000002	61.622000
942.411626	930.324606	56.000002	61.615000
942.411631	930.329600	55.999998	61.607000
942.411631	930.334624	56.000001	61.598000
942.411625	930.339820	56.000001	61.589000
942.411630	930.344611	56.000001	61.579000
942.411630	930.349593	55.999998	61.571000
942.411629	930.354609	56.000000	61.563000
942.411630	930.359606	56.000002	61.558000
942.411632	930.364601	55.999999	61.556000
942.411626	930.369595	55.999998	61.556000
942.411630	930.374614	56.000002	61.560000
942.411633	930.379613	55.999999	61.566000
942.411628	930.384613	56.000001	61.573000
942.411632	930.389402	56.000001	61.577000
942.411632	930.395015	55.999999	61.579000
942.411628	930.400020	56.000001	61.578000
942.411635	930.404818	56.000001	61.575000
942.411632	930.409807	55.999999	61.571000
942.411626	930.414818	56.000002	61.566000
942.411633	930.419817	55.999998	61.559000
942.411634	930.425016	56.000001	61.553000
942.411632	930.429804	56.000001	61.546000
942.411628	930.434825	55.999998	61.540000
942.411629	930.439821	56.000002	61.534000
942.411630	930.445014	56.000001	61.531000
942.411629	930.449803	56.000002	61.529000
942.411630	930.454817	55.999999	61.531000
942.411629	930.459823	56.000001	61.534000
942.411632	930.465013	56.000000	61.537000
942.411627	930.469810	56.000002	61.541000
942.411629	930.475222	56.000001	61.547000
942.411634	930.480019	56.000002	61.553000
942.411633	930.485013	55.999998	61.559000
942.411630	930.490006	56.000003	61.562000
942.411632	930.495016	55.999999	61.561000
942.411633	930.500023	56.000001	61.558000
942.411633	930.505020	56.000000	61.552000
942.411630	930.510014	56.000002	61.546000
942.411629	930.515027	55.999998	61.540000
942.411632	930.520029	56.000002	61.535000
942.411632	930.525021	56.000000	61.531000
942.411628	930.530219	56.000002	61.527000
942.411626	930.535033	56.000002	61.523000
942.411631	930.540032	56.000001	61.520000
942.411628	930.545019	55.999998	61.519000
942.411631	930.550210	56.000002	61.520000
942.411632	930.555020	56.000000	61.526000
942.411632	930.560029	55.999999	61.535000
942.411630	930.565027	56.000002	61.545000
942.411634	930.570014	56.000000	61.554000
942.411629	930.575022	55.999999	61.559000
942.411632	930.580027	56.000002	61.561000
942.411630	930.585022	56.000000	61.561000
942.411634	930.590015	55.999998	61.560000
942.411632	930.595223	55.999999	61.557000
942.411635	930.600024	56.000000	61.553000
942.411632	930.605019	56.000001	61.549000
942.411633	930.610212	56.000001	61.546000
942.411628	930.615018	56.000000	61.544000
942.411629	930.619824	55.999999	61.543000
942.411633	930.625214	56.000000	61.542000
942.411629	930.630209	56.000002	61.541000
942.411629	930.635208	55.999998	61.536000
942.411628	930.640214	56.000001	61.530000
942.411631	930.645212	56.000000	61.523000
942.411629	930.650407	56.000000	61.517000
942.411632	930.655211	56.000000	61.510000
942.411633	930.660215	56.000001	61.504000
942.411633	930.665412	56.000000	61.498000
942.411631	930.670402	55.999999	61.493000
942.411630	930.675212	55.999999	61.489000
942.411628	930.680421	55.999999	61.487000
942.411634	930.685218	55.999998	61.488000
942.411633	930.690409	56.000001	61.491000
942.411633	930.695214	56.000000	61.495000
942.411634	930.700424	56.000000	61.499000
942.411635	930.705219	56.000001	61.502000
942.411631	930.710212	55.999999	61.504000
942.411634	930.715225	55.999997	61.507000
942.411634	930.720225	55.999997	61.511000
942.411630	930.725224	55.999997	61.515000
942.411631	930.730217	55.999997	61.517000
942.411633	930.735229	55.999997	61.517000
942.411631	930.740230	56.000000	61.515000
942.411634	930.745223	56.000003	61.514000
942.411632	930.750413	55.999998	61.515000
942.411630	930.755220	55.999999	61.516000
942.411627	930.760228	55.999998	61.516000
942.411630	930.765219	56.000000	61.514000
942.411631	930.770217	56.000002	61.511000
942.411634	930.775414	55.999998	61.507000
942.411630	930.780617	56.000003	61.506000
942.411629	930.785418	55.999999	61.506000
942.411628	930.790408	56.000001	61.508000
942.411630	930.795407	56.000002	61.514000
942.411636	930.800417	55.999998	61.523000
942.411634	930.805418	55.999997	61.531000
942.411628	930.810408	55.999996	61.537000
942.411629	930.815419	55.999999	61.540000
942.411628	930.820424	56.000002	61.541000
942.411633	930.825225	55.999997	61.541000
942.411629	930.830608	55.999998	61.541000
942.411628	930.835414	56.000003	61.541000
942.411629	930.840420	56.000003	61.541000
942.411631	930.845226	55.999997	61.541000
942.411629	930.850802	55.999999	61.541000
942.411630	930.855606	55.999999	61.544000
942.411628	930.861014	56.000004	61.548000
942.411627	930.865618	55.999997	61.552000
942.411628	930.870611	55.999998	61.553000
942.411627	930.875807	56.000001	61.550000
942.411627	930.880616	55.999997	61.545000
942.411628	930.885614	55.999997	61.542000
942.411632	930.890605	55.999997	61.539000
942.411628	930.895608	55.999999	61.537000
942.411630	930.900615	56.000002	61.534000
942.411632	930.905610	56.000002	61.531000
942.411627	930.910600	56.000003	61.525000
942.411629	930.915605	56.000001	61.517000
942.411628	930.920611	56.000001	61.508000
942.411627	930.925412	56.000001	61.500000
942.411630	930.930597	56.000001	61.495000
942.411630	930.935600	56.000001	61.494000
942.411628	930.940606	55.999999	61.496000
942.411633	930.945604	56.000001	61.496000
942.411627	930.950588	56.000001	61.494000
942.411628	930.955591	55.999999	61.490000
942.411630	930.960597	56.000001	61.485000
942.411632	930.965594	55.999999	61.483000
942.411630	930.970589	55.999999	61.484000
942.411630	930.975596	56.000001	61.487000
942.411632	930.980598	56.000000	61.492000
942.411630	930.985602	56.000001	61.494000
942.411629	930.990590	56.000001	61.494000
942.411630	930.995596	56.000000	61.490000
942.411630	931.000608	56.000001	61.484000
942.411629	931.005798	56.000000	61.478000
942.411631	931.010784	56.000000	61.474000
942.411631	931.015790	55.999999	61.473000
942.411632	931.020996	56.000000	61.478000
942.411631	931.025799	56.000000	61.486000
942.411627	931.030783	55.999999	61.495000
942.411631	931.035785	56.000002	61.500000
942.411629	931.040786	56.000000	61.502000
942.411632	931.045986	55.999999	61.505000
942.411627	931.050780	55.999998	61.511000
942.411628	931.055781	56.000002	61.523000
942.411635	931.060784	56.000001	61.537000
942.411632	931.065790	56.000000	61.547000
942.411630	931.070783	56.000000	61.550000
942.411626	931.075789	56.000001	61.548000
942.411632	931.080991	56.000000	61.543000
942.411632	931.086198	55.999999	61.538000
942.411631	931.090987	56.000000	61.533000
942.411629	931.095988	56.000000	61.528000
942.411627	931.101000	55.999998	61.523000
942.411626	931.106001	56.000001	61.518000
942.411629	931.110798	56.000000	61.512000
942.411632	931.115795	56.000000	61.508000
942.411631	931.121203	56.000001	61.508000
942.411630	931.126006	56.000000	61.515000
942.411629	931.131003	55.999999	61.529000
942.411631	931.135999	55.999999	61.541000
942.411629	931.141008	56.000001	61.545000
942.411630	931.146016	56.000000	61.539000
942.411629	931.151005	56.000000	61.527000
942.411627	931.156201	56.000000	61.513000
942.411631	931.161210	55.999999	61.503000
942.411634	931.166216	56.000001	61.495000
942.411626	931.171210	56.000000	61.495000
942.411630	931.176407	55.999999	61.497000
942.411629	931.181212	55.999999	61.500000
942.411629	931.186221	56.000000	61.505000
942.411625	931.191216	56.000001	61.511000
942.411628	931.196217	55.999999	61.517000
942.411628	931.201225	56.000000	61.524000
942.411626	931.206229	56.000001	61.533000
942.411631	931.211224	55.999999	61.540000
942.411631	931.216212	56.000002	61.541000
942.411632	931.221221	56.000001	61.537000
942.411633	931.226022	56.000000	61.529000
942.411630	931.231423	56.000001	61.520000
942.411630	931.236413	55.999999	61.512000
942.411630	931.241416	56.000000	61.503000
942.411633	931.246418	55.999999	61.495000
942.411630	931.251416	56.000000	61.487000
942.411630	931.256409	56.000001	61.481000
942.411635	931.261817	56.000000	61.473000
942.411635	931.266413	56.000000	61.466000
942.411629	931.271408	56.000002	61.458000
942.411629	931.276403	55.999999	61.451000
942.411630	931.281407	56.000000	61.447000
942.411630	931.286213	56.000000	61.449000
942.411628	931.291403	56.000002	61.458000
942.411627	931.296398	56.000001	61.472000
942.411630	931.301408	55.999999	61.487000
942.411627	931.306604	56.000000	61.499000
942.411631	931.311806	56.000000	61.508000
942.411627	931.316594	56.000000	61.515000
942.411629	931.321603	55.999999	61.524000
942.411633	931.326799	56.000000	61.532000
942.411628	931.331596	56.000000	61.537000
942.411625	931.336592	55.999999	61.537000
942.411628	931.341593	56.000001	61.532000
942.411629	931.346593	55.999999	61.526000
942.411630	931.351798	56.000003	61.519000
942.411634	931.356586	56.000001	61.516000
942.411629	931.361589	55.999998	61.515000
942.411630	931.366595	56.000002	61.515000
942.411632	931.371594	55.999998	61.515000
942.411629	931.376588	56.000001	61.513000
942.411630	931.381785	56.000001	61.510000
942.411633	931.386794	56.000000	61.504000
942.411630	931.391997	56.000001	61.498000
942.411630	931.396790	56.000001	61.491000
942.411629	931.401790	56.000000	61.485000
942.411629	931.406801	55.999998	61.483000
942.411632	931.411804	56.000001	61.484000
942.411630	931.416795	55.999999	61.488000
942.411628	931.421798	56.000000	61.493000
942.411632	931.426802	56.000000	61.496000
942.411632	931.431801	56.000000	61.496000
942.411631	931.436796	56.000000	61.494000
942.411630	931.441800	56.000000	61.488000
942.411632	931.446807	56.000000	61.481000
942.411631	931.451806	56.000001	61.474000
942.411631	931.456806	56.000000	61.466000
942.411628	931.462001	55.999998	61.457000
942.411628	931.467011	56.000001	61.451000
942.411630	931.472014	55.999999	61.446000
942.411627	931.477208	56.000000	61.444000
942.411629	931.481999	56.000001	61.448000
942.411627	931.487004	56.000000	61.457000
942.411631	931.491806	55.999999	61.467000
942.411633	931.497004	55.999999	61.472000
942.411630	931.501805	55.999999	61.473000
942.411632	931.507005	55.999999	61.470000
942.411628	931.511808	56.000000	61.468000
942.411627	931.517000	56.000000	61.469000
942.411627	931.521799	55.999999	61.471000
942.411630	931.526806	56.000002	61.476000
942.411625	931.531802	56.000000	61.479000
942.411631	931.537202	56.000000	61.481000
942.411629	931.542202	56.000001	61.481000
942.411627	931.547204	55.999999	61.480000
942.411631	931.552211	56.000001	61.481000
942.411630	931.557205	55.999999	61.480000
942.411630	931.562202	56.000003	61.479000
942.411632	931.567204	55.999998	61.476000
942.411634	931.572416	55.999999	61.474000
942.411627	931.577407	56.000002	61.473000
942.411630	931.582192	56.000002	61.475000
942.411632	931.587202	56.000000	61.480000
942.411625	931.592209	55.999999	61.486000
942.411631	931.597203	56.000001	61.492000
942.411629	931.602000	56.000000	61.497000
942.411628	931.607207	56.000001	61.501000
942.411630	931.612214	55.999999	61.505000
942.411630	931.617201	56.000001	61.507000
942.411630	931.622198	55.999999	61.508000
942.411631	931.627406	56.000001	61.508000
942.411627	931.632208	56.000001	61.507000
942.411630	931.637201	55.999999	61.505000
942.411631	931.642195	56.000000	61.504000
942.411630	931.647197	56.000000	61.504000
942.411630	931.652206	56.000000	61.503000
942.411628	931.657403	56.000002	61.503000
942.411624	931.662191	56.000001	61.502000
942.411626	931.667198	55.999998	61.503000
942.411631	931.672209	56.000002	61.506000
942.411630	931.677401	55.999998	61.510000
942.411628	931.682603	56.000001	61.515000
942.411633	931.687604	55.999998	61.520000
942.411623	931.692410	55.999999	61.523000
942.411630	931.697807	55.999999	61.526000
942.411630	931.702400	55.999999	61.529000
942.411630	931.707395	55.999998	61.534000
942.411631	931.712414	56.000002	61.537000
942.411627	931.717404	56.000001	61.537000
942.411628	931.722405	55.999999	61.535000
942.411630	931.727399	56.000002	61.532000
942.411630	931.732423	55.999998	61.530000
942.411629	931.737412	56.000001	61.529000
942.411628	931.742612	55.999998	61.531000
942.411631	931.747411	56.000001	61.534000
942.411625	931.752220	55.999999	61.537000
942.411627	931.757816	56.000001	61.540000
942.411633	931.763215	56.000001	61.541000
942.411633	931.767605	55.999998	61.542000
942.411628	931.772623	56.000001	61.543000
942.411630	931.777808	55.999999	61.543000
942.411629	931.782802	56.000002	61.543000
942.411626	931.787604	56.000001	61.542000
942.411627	931.792622	55.999998	61.540000
942.411631	931.797604	56.000002	61.539000
942.411629	931.802596	56.000000	61.538000
942.411634	931.807598	55.999999	61.537000
942.411629	931.812612	56.000000	61.534000
942.411628	931.817607	56.000001	61.529000
942.411634	931.822597	56.000000	61.523000
942.411630	931.827599	55.999999	61.516000
942.411632	931.833023	56.000001	61.509000
942.411633	931.838012	55.999997	61.502000
942.411630	931.843398	55.999999	61.497000
942.411633	931.848005	56.000001	61.494000
942.411635	931.852815	56.000000	61.493000
942.411629	931.857809	56.000001	61.494000
942.411631	931.863002	56.000002	61.494000
942.411635	931.867799	56.000000	61.493000
942.411628	931.872818	56.000000	61.493000
942.411630	931.877810	55.999999	61.494000
942.411631	931.882804	56.000001	61.500000
942.411627	931.887807	56.000000	61.509000
942.411629	931.893024	56.000000	61.516000
942.411630	931.897804	56.000000	61.519000
942.411629	931.902796	56.000000	61.517000
942.411632	931.908209	56.000000	61.518000
942.411627	931.913222	55.999999	61.526000
942.411631	931.918213	56.000002	61.535000
942.411629	931.922999	55.999999	61.540000
942.411633	931.928003	56.000000	61.539000
942.411631	931.933013	56.000001	61.533000
942.411632	931.938002	56.000000	61.525000
942.411629	931.942991	55.999999	61.516000
942.411636	931.948000	56.000002	61.508000
942.411628	931.952805	56.000001	61.503000
942.411630	931.958005	55.999998	61.503000
942.411631	931.962987	56.000000	61.508000
942.411627	931.967997	55.999999	61.513000
942.411628	931.973215	56.000001	61.514000
942.411629	931.978000	55.999999	61.511000
942.411632	931.982988	56.000000	61.503000
942.411628	931.988405	56.000000	61.493000
942.411628	931.993621	55.999999	61.486000
942.411630	931.998214	56.000003	61.482000
942.411625	932.003204	56.000002	61.485000
942.411632	932.008413	56.000000	61.491000
942.411628	932.013230	56.000001	61.495000
942.411630	932.018218	56.000001	61.494000
942.411631	932.023202	56.000002	61.492000
942.411629	932.028210	56.000002	61.494000
942.411629	932.033224	56.000002	61.497000
942.411629	932.038213	56.000003	61.501000
942.411629	932.043202	56.000002	61.502000
942.411627	932.048205	56.000000	61.502000
942.411632	932.053222	55.999999	61.499000
942.411627	932.058420	55.999999	61.497000
942.411631	932.063607	56.000002	61.496000
942.411628	932.068409	56.000001	61.496000
942.411629	932.073631	55.999998	61.496000
942.411627	932.078421	56.000001	61.496000
942.411632	932.083410	56.000000	61.496000
942.411632	932.088410	55.999999	61.497000
942.411635	932.093430	55.999999	61.496000
942.411628	932.098422	55.999997	61.495000
942.411632	932.103408	55.999998	61.494000
942.411633	932.108611	55.999998	61.493000
942.411629	932.113425	56.000002	61.491000
942.411629	932.118417	56.000001	61.491000
942.411632	932.123602	55.999998	61.491000
942.411633	932.128402	56.000001	61.493000
942.411632	932.133428	56.000001	61.495000
942.411630	932.138823	56.000003	61.497000
942.411638	932.144011	56.000000	61.499000
942.411633	932.148611	55.999997	61.501000
942.411628	932.153635	55.999997	61.502000
942.411628	932.158626	55.999997	61.502000
942.411627	932.163614	55.999998	61.501000
942.411633	932.168411	56.000000	61.500000
942.411627	932.173632	55.999997	61.500000
942.411634	932.178423	56.000001	61.500000
942.411628	932.183611	55.999997	61.501000
942.411630	932.188412	56.000002	61.504000
942.411633	932.193628	55.999998	61.507000
942.411632	932.198420	56.000000	61.510000
942.411631	932.203608	55.999998	61.513000
942.411631	932.208413	56.000001	61.517000
942.411628	932.213834	56.000001	61.519000
942.411622	932.218821	56.000001	61.520000
942.411630	932.223607	55.999999	61.519000
942.411630	932.228611	55.999999	61.516000
942.411633	932.233830	56.000002	61.513000
942.411627	932.238620	55.999998	61.510000
942.411635	932.243606	55.999999	61.508000
942.411632	932.248407	56.000000	61.508000
942.411628	932.253628	56.000000	61.509000
942.411628	932.258615	56.000000	61.510000
942.411631	932.263602	56.000000	61.511000
942.411632	932.268400	55.999999	61.511000
942.411630	932.273821	56.000001	61.511000
942.411630	932.278408	55.999999	61.510000
942.411629	932.283605	56.000001	61.509000
942.411631	932.289004	56.000000	61.508000
942.411631	932.294023	56.000000	61.507000
942.411631	932.298810	56.000000	61.507000
942.411629	932.303800	56.000000	61.507000
942.411632	932.308805	56.000000	61.509000
942.411628	932.313820	56.000000	61.510000
942.411626	932.318816	55.999999	61.511000
942.411632	932.324005	56.000001	61.511000
942.411632	932.328808	56.000000	61.510000
942.411632	932.333822	56.000000	61.509000
942.411632	932.338820	56.000000	61.508000
942.411631	932.343805	56.000000	61.508000
942.411628	932.348804	55.999999	61.509000
942.411630	932.353828	56.000000	61.511000
942.411630	932.358821	56.000000	61.512000
942.411632	932.364011	56.000000	61.514000
942.411632	932.369010	56.000000	61.513000
942.411632	932.374029	56.000000	61.511000
942.411628	932.379023	56.000000	61.509000
942.411626	932.384008	56.000000	61.505000
942.411627	932.389006	56.000000	61.502000
942.411630	932.394221	56.000000	61.499000
942.411625	932.399016	56.000000	61.498000
942.411632	932.404008	56.000001	61.499000
942.411630	932.409007	56.000000	61.502000
942.411627	932.414016	56.000000	61.506000
942.411628	932.419019	56.000000	61.508000
942.411633	932.424010	56.000000	61.508000
942.411628	932.429009	56.000000	61.508000
942.411635	932.434032	55.999999	61.508000
942.411635	932.439431	55.999999	61.507000
942.411629	932.444413	56.000000	61.506000
942.411630	932.449212	56.000000	61.503000
942.411631	932.454231	55.999999	61.499000
942.411632	932.459221	56.000001	61.496000
942.411628	932.464213	55.999999	61.494000
942.411627	932.469207	56.000000	61.496000
942.411631	932.474220	55.999999	61.502000
942.411633	932.479420	56.000000	61.508000
942.411634	932.484210	56.000000	61.513000
942.411630	932.489201	56.000000	61.516000
942.411634	932.494214	55.999999	61.516000
942.411632	932.499215	56.000000	61.515000
942.411632	932.504206	56.000000	61.514000
942.411631	932.509208	56.000000	61.512000
942.411634	932.514422	56.000000	61.511000
942.411632	932.519628	55.999999	61.513000
942.411632	932.524610	56.000000	61.518000
942.411628	932.529410	56.000001	61.523000
942.411632	932.534425	55.999999	61.525000
942.411629	932.539429	56.000000	61.523000
942.411633	932.544416	55.999999	61.519000
942.411629	932.549425	56.000000	61.514000
942.411629	932.554631	55.999999	61.508000
942.411632	932.559433	56.000000	61.502000
942.411630	932.564414	55.999999	61.496000
942.411631	932.569416	56.000000	61.491000
942.411631	932.574432	56.000000	61.487000
942.411633	932.579226	56.000000	61.483000
942.411627	932.584420	55.999999	61.480000
942.411629	932.589825	56.000000	61.476000
942.411629	932.594829	55.999999	61.475000
942.411631	932.599637	55.999999	61.477000
942.411628	932.604615	56.000001	61.484000
942.411629	932.609618	55.999999	61.492000
942.411629	932.614625	56.000000	61.498000
942.411635	932.619639	56.000000	61.500000
942.411633	932.624616	56.000000	61.501000
942.411631	932.629613	56.000000	61.500000
942.411629	932.634629	56.000002	61.500000
942.411626	932.639825	56.000000	61.502000
942.411631	932.644614	56.000001	61.505000
942.411630	932.649615	56.000001	61.509000
942.411632	932.654625	56.000001	61.513000
942.411631	932.659633	56.000000	61.515000
942.411633	932.665016	56.000000	61.516000
942.411628	932.670015	55.999999	61.515000
942.411627	932.675020	55.999999	61.512000
942.411628	932.679825	56.000000	61.509000
942.411627	932.684809	56.000000	61.507000
942.411629	932.689810	56.000000	61.506000
942.411625	932.694820	56.000000	61.507000
942.411630	932.699822	56.000000	61.510000
942.411633	932.705008	56.000001	61.513000
942.411635	932.709806	55.999999	61.515000
942.411627	932.714820	55.999999	61.515000
942.411632	932.719827	55.999999	61.514000
942.411627	932.725012	56.000001	61.513000
942.411631	932.729818	55.999999	61.511000
942.411630	932.734820	55.999999	61.511000
942.411630	932.740216	56.000000	61.511000
942.411632	932.745009	55.999999	61.512000
942.411628	932.750009	55.999999	61.515000
942.411627	932.755013	55.999999	61.518000
942.411625	932.760016	55.999998	61.522000
942.411627	932.765206	56.000002	61.525000
942.411628	932.770201	56.000001	61.528000
942.411626	932.775015	56.000000	61.529000
942.411626	932.780020	56.000000	61.528000
942.411629	932.785007	56.000000	61.525000
942.411628	932.790007	56.000000	61.521000
942.411629	932.795016	56.000001	61.517000
942.411627	932.800021	56.000001	61.513000
942.411631	932.805012	56.000000	61.509000
942.411625	932.810008	56.000001	61.506000
942.411628	932.815209	55.999999	61.505000
942.411630	932.820411	56.000001	61.504000
942.411629	932.825199	56.000000	61.505000
942.411630	932.830204	56.000000	61.505000
942.411627	932.835216	56.000001	61.505000
942.411630	932.840215	56.000001	61.505000
942.411632	932.845206	56.000001	61.504000
942.411628	932.850210	56.000001	61.504000
942.411630	932.855020	56.000001	61.503000
942.411632	932.860219	55.999999	61.503000
942.411631	932.865213	56.000000	61.503000
942.411628	932.870205	56.000000	61.503000
942.411632	932.875219	56.000000	61.502000
942.411629	932.880221	56.000002	61.501000
942.411628	932.885218	56.000002	61.500000
942.411628	932.890607	55.999999	61.500000
942.411628	932.895611	56.000000	61.501000
942.411627	932.900421	55.999999	61.503000
942.411630	932.905406	55.999999	61.506000
942.411628	932.910407	55.999999	61.508000
942.411627	932.915409	55.999999	61.509000
942.411632	932.920417	55.999999	61.510000
942.411631	932.925413	55.999999	61.512000
942.411634	932.930403	56.000000	61.513000
942.411626	932.935418	56.000000	61.512000
942.411629	932.940420	56.000000	61.511000
942.411630	932.945608	56.000000	61.507000
942.411628	932.950406	56.000000	61.502000
942.411629	932.955212	56.000000	61.497000
942.411627	932.960427	56.000000	61.493000
942.411633	932.965612	56.000001	61.492000
942.411630	932.970807	55.999999	61.493000
942.411631	932.975616	56.000001	61.496000
942.411629	932.980615	56.000001	61.501000
942.411634	932.985609	55.999999	61.504000
942.411629	932.990802	56.000000	61.506000
942.411631	932.995611	56.000000	61.507000
942.411630	933.000619	56.000000	61.506000
942.411627	933.005607	56.000001	61.504000
942.411632	933.010601	56.000001	61.502000
942.411633	933.015612	55.999999	61.499000
942.411633	933.020619	56.000000	61.497000
942.411636	933.025604	56.000000	61.497000
942.411632	933.030807	55.999999	61.500000
942.411629	933.035608	56.000001	61.504000
942.411630	933.041014	56.000000	61.508000
942.411631	933.045812	55.999999	61.510000
942.411637	933.050808	55.999999	61.511000
942.411631	933.055808	56.000000	61.510000
942.411630	933.060819	56.000000	61.509000
942.411631	933.065811	55.999999	61.507000
942.411631	933.070815	55.999999	61.506000
942.411628	933.075810	56.000001	61.506000
942.411629	933.080814	55.999999	61.505000
942.411630	933.085815	55.999999	61.507000
942.411632	933.090810	55.999999	61.510000
942.411629	933.096005	56.000000	61.513000
942.411631	933.100816	56.000000	61.516000
942.411631	933.105809	56.000000	61.517000
942.411631	933.110809	56.000000	61.517000
942.411629	933.116205	56.000000	61.515000
942.411637	933.121014	56.000000	61.512000
942.411632	933.126004	56.000001	61.510000
942.411634	933.131003	56.000000	61.509000
942.411630	933.136007	56.000000	61.509000
942.411631	933.141006	56.000000	61.510000
942.411630	933.145999	56.000000	61.511000
942.411633	933.151000	56.000000	61.510000
942.411633	933.156193	55.999999	61.508000
942.411634	933.161004	56.000000	61.504000
942.411635	933.166002	56.000000	61.500000
942.411629	933.171007	56.000000	61.497000
942.411628	933.176003	56.000001	61.497000
942.411631	933.181004	56.000000	61.500000
942.411632	933.186001	56.000000	61.505000
942.411628	933.191397	55.999999	61.510000
942.411628	933.196390	56.000000	61.512000
942.411631	933.201198	55.999999	61.513000
942.411631	933.206202	56.000000	61.514000
942.411633	933.211197	56.000001	61.517000
942.411625	933.216193	55.999999	61.522000
942.411629	933.221196	56.000000	61.527000
942.411637	933.226011	56.000000	61.530000
942.411631	933.231197	56.000000	61.530000
942.411631	933.236198	56.000000	61.528000
942.411629	933.241208	56.000000	61.524000
942.411629	933.246206	56.000000	61.518000
942.411628	933.251206	56.000000	61.514000
942.411628	933.256201	56.000000	61.513000
942.411630	933.261217	56.000000	61.514000
942.411630	933.266212	55.999999	61.517000
942.411627	933.271618	56.000000	61.520000
942.411628	933.276610	56.000000	61.522000
942.411626	933.281413	56.000000	61.523000
942.411628	933.286410	55.999999	61.524000
942.411628	933.291603	56.000001	61.525000
942.411627	933.296401	56.000000	61.525000
942.411636	933.301405	56.000000	61.524000
942.411629	933.306404	56.000001	61.523000
942.411625	933.311404	55.999999	61.521000
942.411628	933.316399	56.000000	61.522000
942.411629	933.321602	56.000000	61.525000
942.411631	933.326401	56.000000	61.530000
942.411630	933.331407	56.000000	61.534000
942.411631	933.336401	56.000000	61.534000
942.411628	933.341402	56.000000	61.531000
942.411631	933.346799	56.000001	61.526000
942.411630	933.351803	55.999999	61.520000
942.411629	933.356792	56.000000	61.516000
942.411632	933.361592	56.000000	61.514000
942.411630	933.366598	56.000000	61.514000
942.411630	933.371795	56.000000	61.516000
942.411631	933.376792	56.000001	61.519000
942.411630	933.381996	56.000002	61.520000
942.411631	933.386797	56.000001	61.520000
942.411627	933.391795	56.000000	61.520000
942.411630	933.396793	56.000000	61.520000
942.411630	933.401595	55.999999	61.520000
942.411632	933.406797	56.000000	61.519000
942.411634	933.411796	55.999999	61.518000
942.411629	933.416794	56.000000	61.516000
942.411633	933.422197	56.000000	61.512000
942.411633	933.426996	56.000000	61.508000
942.411631	933.431997	56.000000	61.504000
942.411631	933.437199	56.000000	61.500000
942.411631	933.441992	56.000000	61.499000
942.411634	933.447000	56.000000	61.500000
942.411632	933.451994	56.000000	61.502000
942.411629	933.457000	56.000000	61.505000
942.411631	933.461984	56.000000	61.507000
942.411635	933.466997	56.000000	61.509000
942.411630	933.471987	56.000000	61.510000
942.411629	933.476993	56.000001	61.510000
942.411633	933.481793	56.000000	61.511000
942.411631	933.486992	56.000000	61.511000
942.411631	933.491790	55.999999	61.513000
942.411629	933.496989	56.000000	61.515000
942.411632	933.502381	55.999999	61.520000
942.411633	933.507398	56.000001	61.525000
942.411630	933.512201	55.999999	61.529000
942.411631	933.517186	55.999999	61.529000
942.411628	933.522177	56.000000	61.526000
942.411633	933.527391	55.999999	61.521000
942.411631	933.532206	56.000000	61.514000
942.411632	933.537198	56.000000	61.506000
942.411633	933.542193	56.000000	61.499000
942.411633	933.547198	56.000000	61.495000
942.411629	933.552206	56.000000	61.495000
942.411632	933.557198	56.000000	61.499000
942.411628	933.562192	56.000000	61.504000
942.411631	933.567400	56.000000	61.510000
942.411630	933.572018	56.000000	61.515000
942.411631	933.577613	56.000001	61.520000
942.411632	933.582604	55.999998	61.524000
942.411633	933.587611	56.000001	61.526000
942.411632	933.592427	56.000000	61.526000
942.411630	933.597413	56.000000	61.524000
942.411631	933.602411	56.000000	61.520000
942.411631	933.607410	56.000000	61.516000
942.411633	933.612429	56.000001	61.512000
942.411632	933.617419	56.000001	61.509000
942.411626	933.622216	56.000001	61.507000
942.411633	933.627613	56.000002	61.505000
942.411632	933.632429	56.000001	61.502000
942.411633	933.637406	55.999999	61.498000
942.411628	933.642416	55.999997	61.494000
942.411628	933.647611	56.000002	61.489000
942.411625	933.652826	55.999998	61.486000
942.411627	933.657810	56.000001	61.486000
942.411627	933.662607	56.000001	61.491000
942.411635	933.667809	55.999998	61.498000
942.411631	933.672626	56.000002	61.505000
942.411630	933.677612	56.000000	61.508000
942.411628	933.682609	55.999998	61.508000
942.411631	933.687612	55.999999	61.507000
942.411628	933.692628	56.000003	61.504000
942.411631	933.697614	56.000000	61.503000
942.411631	933.702614	55.999997	61.503000
942.411631	933.707608	55.999997	61.504000
942.411630	933.712624	55.999999	61.505000
942.411632	933.717611	56.000002	61.505000
942.411635	933.722613	56.000001	61.503000
942.411628	933.728009	56.000000	61.501000
942.411629	933.733025	55.999997	61.500000
942.411631	933.738016	55.999998	61.501000
942.411631	933.742808	55.999997	61.504000
942.411632	933.747813	55.999997	61.507000
942.411625	933.752825	56.000000	61.508000
942.411626	933.757809	56.000001	61.506000
942.411627	933.762804	56.000003	61.501000
942.411631	933.767804	56.000001	61.495000
942.411629	933.772822	55.999998	61.490000
942.411628	933.777799	55.999997	61.485000
942.411630	933.783001	56.000003	61.483000
942.411630	933.787799	56.000001	61.484000
942.411630	933.793020	55.999998	61.486000
942.411628	933.797809	55.999997	61.488000
942.411629	933.802806	56.000001	61.489000
942.411633	933.808004	55.999997	61.490000
942.411627	933.813014	56.000000	61.490000
942.411626	933.818004	56.000001	61.490000
942.411628	933.823001	55.999998	61.491000
942.411629	933.828002	56.000001	61.493000
942.411627	933.833424	56.000002	61.494000
942.411625	933.838004	55.999999	61.495000
942.411631	933.842997	56.000003	61.496000
942.411631	933.847996	55.999999	61.497000
942.411628	933.853015	56.000000	61.499000
942.411628	933.858002	56.000000	61.502000
942.411626	933.862990	55.999998	61.504000
942.411625	933.867990	56.000002	61.507000
942.411629	933.872802	56.000001	61.511000
942.411625	933.877999	56.000002	61.515000
942.411631	933.883394	56.000000	61.520000
942.411630	933.888190	55.999998	61.523000
942.411630	933.893213	56.000001	61.524000
942.411629	933.898202	56.000000	61.523000
942.411628	933.903193	56.000001	61.520000
942.411634	933.908191	55.999998	61.517000
942.411629	933.913202	56.000003	61.515000
942.411626	933.918191	55.999998	61.514000
942.411628	933.923194	56.000001	61.515000
942.411631	933.928189	56.000001	61.516000
942.411632	933.933408	55.999999	61.517000
942.411628	933.938198	56.000002	61.517000
942.411632	933.943185	55.999997	61.518000
942.411628	933.948193	56.000003	61.518000
942.411632	933.953203	55.999998	61.519000
942.411630	933.958399	55.999997	61.520000
942.411633	933.963390	56.000002	61.521000
942.411631	933.968197	56.000002	61.522000
942.411632	933.973211	55.999998	61.524000
942.411627	933.978414	55.999999	61.525000
942.411630	933.983193	55.999999	61.526000
942.411631	933.988196	56.000000	61.526000
942.411630	933.993211	56.000001	61.524000
942.411631	933.998207	55.999998	61.522000
942.411629	934.003192	56.000001	61.520000
942.411631	934.008197	55.999999	61.518000
942.411628	934.013210	56.000001	61.518000
942.411629	934.018203	56.000002	61.518000
942.411629	934.023195	55.999998	61.517000
942.411630	934.027994	55.999998	61.515000
942.411633	934.033607	55.999998	61.512000
942.411628	934.038405	56.000001	61.509000
942.411629	934.043598	56.000002	61.506000
942.411625	934.048405	56.000002	61.503000
942.411634	934.053415	55.999999	61.501000
942.411633	934.058413	56.000002	61.500000
942.411630	934.063393	56.000001	61.499000
942.411628	934.068403	55.999997	61.500000
942.411629	934.073413	56.000003	61.502000
942.411631	934.078411	55.999998	61.506000
942.411629	934.083403	56.000004	61.509000
942.411632	934.088406	56.000001	61.511000
942.411631	934.093419	55.999998	61.511000
942.411629	934.098410	56.000001	61.510000
942.411632	934.103402	55.999998	61.509000
942.411633	934.108602	55.999999	61.508000
942.411632	934.113626	56.000000	61.507000
942.411633	934.118616	56.000001	61.506000
942.411628	934.123604	55.999998	61.505000
942.411635	934.128614	56.000002	61.505000
942.411632	934.133623	56.000000	61.506000
942.411631	934.138621	55.999999	61.508000
942.411632	934.143607	56.000003	61.510000
942.411632	934.148612	55.999998	61.511000
942.411631	934.153625	56.000003	61.512000
942.411628	934.158413	56.000003	61.511000
942.411629	934.163811	56.000001	61.510000
942.411632	934.168407	56.000001	61.511000
942.411628	934.173627	55.999997	61.513000
942.411631	934.178415	55.999997	61.516000
942.411628	934.184217	55.999998	61.516000
942.411630	934.189013	55.999998	61.512000
942.411632	934.193825	55.999998	61.505000
942.411629	934.198825	56.000000	61.498000
942.411632	934.203808	55.999999	61.492000
942.411634	934.208810	56.000002	61.488000
942.411634	934.213827	55.999999	61.489000
942.411631	934.218618	56.000000	61.494000
942.411636	934.223811	55.999997	61.501000
942.411634	934.228827	56.000001	61.506000
942.411620	934.233823	56.000000	61.509000
942.411638	934.238638	55.999999	61.510000
942.411638	934.244020	55.999997	61.509000
942.411637	934.248816	55.999997	61.509000
942.411623	934.253831	56.000003	61.509000
942.411622	934.259025	55.999998	61.508000
942.411630	934.264237	55.999997	61.508000
942.411634	934.269028	55.999998	61.507000
942.411640	934.274022	56.000001	61.507000
942.411629	934.279018	55.999999	61.508000
942.411625	934.284017	56.000000	61.509000
942.411630	934.289023	55.999999	61.509000
942.411631	934.294016	56.000002	61.509000
942.411632	934.299011	55.999999	61.508000
942.411633	934.304220	55.999997	61.506000
942.411630	934.309013	55.999999	61.504000
942.411631	934.314025	56.000002	61.503000
942.411631	934.319026	55.999997	61.502000
942.411630	934.324015	56.000001	61.502000
942.411632	934.328811	55.999999	61.502000
942.411630	934.334235	56.000002	61.502000
942.411627	934.339235	56.000000	61.500000
942.411627	934.344424	56.000001	61.499000
942.411627	934.349211	56.000002	61.498000
942.411637	934.354226	56.000000	61.496000
942.411624	934.359223	55.999999	61.496000
942.411628	934.364226	56.000003	61.496000
942.411630	934.369022	56.000003	61.496000
942.411632	934.374223	56.000000	61.496000
942.411633	934.379017	56.000002	61.497000
942.411630	934.384206	55.999998	61.499000
942.411632	934.389418	55.999997	61.501000
942.411628	934.394039	56.000003	61.504000
942.411631	934.399025	55.999997	61.506000
942.411629	934.404203	56.000003	61.506000
942.411628	934.409402	56.000000	61.503000
942.411622	934.414222	56.000001	61.500000
942.411627	934.419217	56.000002	61.497000
942.411632	934.424207	55.999998	61.496000
942.411631	934.429217	55.999998	61.498000
942.411629	934.434231	56.000002	61.502000
942.411632	934.439222	55.999998	61.506000
942.411631	934.444206	55.999998	61.509000
942.411628	934.449211	56.000003	61.510000
942.411630	934.454233	56.000001	61.508000
942.411629	934.459223	55.999997	61.506000
942.411628	934.464208	55.999996	61.504000
942.411632	934.469209	55.999999	61.503000
942.411629	934.474221	56.000003	61.502000
942.411630	934.479030	56.000000	61.502000
942.411632	934.484619	56.000001	61.503000
942.411632	934.489411	56.000002	61.507000
942.411630	934.494425	55.999998	61.515000
942.411630	934.499421	55.999999	61.524000
942.411630	934.504611	55.999998	61.531000
942.411629	934.509407	55.999998	61.534000
942.411626	934.514426	56.000003	61.533000
942.411624	934.519232	56.000001	61.529000
942.411630	934.524214	56.000002	61.523000
942.411632	934.529209	55.999997	61.517000
942.411627	934.534220	56.000001	61.511000
942.411625	934.539419	55.999998	61.505000
942.411628	934.544414	55.999997	61.500000
942.411632	934.549415	56.000001	61.494000
942.411631	934.554422	56.000002	61.489000
942.411632	934.559618	56.000001	61.486000
942.411627	934.564610	56.000003	61.485000
942.411628	934.569616	56.000001	61.488000
942.411631	934.574627	55.999998	61.492000
942.411625	934.579624	56.000000	61.498000
942.411631	934.584611	56.000002	61.502000
942.411628	934.589819	56.000000	61.505000
942.411628	934.594626	55.999997	61.508000
942.411631	934.599620	56.000002	61.509000
942.411633	934.605012	56.000002	61.511000
942.411636	934.609612	55.999998	61.512000
942.411630	934.614624	56.000000	61.511000
942.411632	934.619627	56.000001	61.508000
942.411628	934.624813	56.000000	61.506000
942.411633	934.629418	56.000000	61.504000
942.411630	934.635025	56.000001	61.502000
942.411629	934.639823	56.000000	61.502000
942.411637	934.645019	56.000000	61.502000
942.411630	934.649812	56.000000	61.502000
942.411632	934.654825	56.000000	61.501000
942.411631	934.659826	55.999998	61.500000
942.411631	934.664816	56.000000	61.499000
942.411631	934.669815	56.000002	61.497000
942.411630	934.675030	56.000000	61.497000
942.411631	934.679829	56.000000	61.497000
942.411629	934.684829	56.000001	61.497000
942.411633	934.689812	55.999999	61.498000
942.411632	934.694821	55.999998	61.500000
942.411630	934.699627	55.999999	61.503000
942.411631	934.704815	56.000002	61.505000
942.411637	934.710011	55.999999	61.507000
942.411632	934.715028	56.000001	61.509000
942.411629	934.720027	56.000002	61.510000
942.411632	934.725015	56.000001	61.512000
942.411628	934.730015	56.000000	61.514000
942.411630	934.735019	55.999999	61.515000
942.411630	934.740021	56.000001	61.514000
942.411626	934.745009	56.000000	61.513000
942.411633	934.750013	55.999998	61.512000
942.411628	934.755020	55.999999	61.513000
942.411633	934.760022	56.000000	61.516000
942.411634	934.765012	56.000002	61.522000
942.411631	934.770206	55.999998	61.526000
942.411630	934.775016	56.000001	61.527000
942.411631	934.780018	55.999999	61.526000
942.411630	934.785209	56.000000	61.525000
942.411629	934.790604	56.000000	61.525000
942.411628	934.795420	55.999999	61.527000
942.411635	934.800221	55.999999	61.529000
942.411633	934.805212	56.000001	61.532000
942.411636	934.810209	55.999998	61.533000
942.411629	934.815015	55.999999	61.534000
942.411634	934.820213	56.000000	61.534000
942.411631	934.825002	56.000000	61.534000
942.411631	934.830201	56.000001	61.534000
942.411627	934.835016	56.000000	61.534000
942.411630	934.840212	55.999999	61.535000
942.411629	934.845001	56.000000	61.537000
942.411633	934.850397	56.000000	61.541000
942.411624	934.855601	56.000000	61.548000
942.411629	934.860602	56.000000	61.553000
942.411635	934.865405	56.000000	61.556000
942.411627	934.870403	56.000000	61.555000
942.411632	934.875416	56.000000	61.550000
942.411632	934.880420	56.000000	61.543000
942.411630	934.885412	56.000000	61.534000
942.411632	934.890206	56.000000	61.525000
942.411631	934.895219	56.000000	61.516000
942.411627	934.900418	55.999999	61.508000
942.411633	934.905418	56.000001	61.500000
942.411629	934.910411	56.000001	61.494000
942.411629	934.915223	56.000000	61.490000
942.411624	934.920421	56.000001	61.489000
942.411627	934.925217	56.000001	61.491000
942.411625	934.930800	56.000001	61.496000
942.411631	934.935614	56.000001	61.499000
942.411632	934.940620	55.999999	61.499000
942.411631	934.945603	56.000000	61.497000
942.411632	934.950610	55.999999	61.494000
942.411624	934.955618	56.000000	61.493000
942.411627	934.960623	56.000000	61.496000
942.411636	934.965610	55.999999	61.502000
942.411630	934.970612	55.999998	61.511000
942.411626	934.975816	56.000002	61.518000
942.411628	934.980613	55.999998	61.520000
942.411633	934.985611	55.999998	61.519000
942.411630	934.990605	55.999999	61.517000
942.411629	934.995614	56.000000	61.514000
942.411629	935.000612	56.000001	61.511000
942.411627	935.005605	56.000001	61.509000
942.411632	935.010993	56.000003	61.506000
942.411625	935.016008	56.000002	61.503000
942.411630	935.020802	55.999998	61.499000
942.411630	935.025802	55.999997	61.495000
942.411628	935.030791	55.999998	61.492000
942.411627	935.035800	56.000000	61.490000
942.411629	935.040804	55.999999	61.490000
942.411630	935.045797	55.999998	61.493000
942.411625	935.050791	55.999997	61.496000
942.411628	935.055803	55.999998	61.500000
942.411629	935.060803	56.000000	61.504000
942.411631	935.065795	55.999999	61.510000
942.411628	935.070790	56.000000	61.517000
942.411633	935.075791	55.999997	61.523000
942.411630	935.080797	55.999998	61.527000
942.411631	935.085984	56.000001	61.529000
942.411631	935.090983	56.000002	61.529000
942.411628	935.096184	56.000001	61.528000
942.411632	935.100984	55.999999	61.525000
942.411629	935.105986	55.999999	61.522000
942.411629	935.110983	56.000000	61.519000
942.411628	935.115991	56.000001	61.517000
942.411631	935.120990	56.000001	61.518000
942.411629	935.125984	56.000002	61.521000
942.411629	935.130978	56.000001	61.525000
942.411630	935.135787	55.999998	61.528000
942.411631	935.140985	55.999999	61.530000
942.411631	935.145978	56.000002	61.530000
942.411626	935.151178	55.999998	61.528000
942.411629	935.155983	56.000003	61.525000
942.411632	935.161377	55.999999	61.522000
942.411632	935.166383	55.999998	61.518000
942.411637	935.171186	55.999999	61.515000
942.411633	935.176191	55.999998	61.511000
942.411628	935.181390	56.000001	61.506000
942.411633	935.186188	55.999999	61.500000
942.411630	935.191194	55.999999	61.494000
942.411628	935.196195	55.999999	61.491000
942.411629	935.201201	55.999999	61.490000
942.411631	935.206196	55.999998	61.493000
942.411628	935.211395	55.999999	61.498000
942.411621	935.216198	55.999999	61.503000
942.411630	935.221200	56.000000	61.507000
942.411630	935.226196	56.000000	61.509000
942.411634	935.231208	56.000000	61.511000
942.411627	935.236602	55.999999	61.513000
942.411630	935.241599	55.999998	61.516000
942.411636	935.246603	55.999998	61.518000
942.411631	935.251411	56.000001	61.520000
942.411622	935.256405	56.000001	61.522000
942.411628	935.261408	56.000002	61.523000
942.411631	935.266404	55.999999	61.525000
942.411631	935.271411	56.000001	61.527000
942.411633	935.276403	56.000001	61.528000
942.411632	935.281408	56.000002	61.527000
942.411632	935.286406	56.000001	61.525000
942.411628	935.291412	56.000002	61.522000
942.411632	935.296412	56.000000	61.518000
942.411623	935.301414	56.000000	61.514000
942.411633	935.306410	56.000000	61.510000
942.411627	935.311410	56.000000	61.507000
942.411632	935.316804	56.000000	61.504000
942.411629	935.321601	55.999999	61.502000
942.411626	935.326805	56.000001	61.502000
942.411632	935.331614	55.999998	61.503000
942.411633	935.336611	56.000000	61.504000
942.411629	935.341615	55.999999	61.506000
942.411634	935.346412	56.000001	61.508000
942.411632	935.351617	55.999999	61.511000
942.411631	935.356615	56.000000	61.512000
942.411631	935.361611	55.999999	61.513000
942.411632	935.366615	55.999999	61.513000
942.411632	935.371617	56.000000	61.512000
942.411628	935.376812	56.000000	61.511000
942.411633	935.381610	55.999999	61.511000
942.411631	935.386619	55.999999	61.511000
942.411631	935.391823	55.999999	61.512000
942.411623	935.397208	55.999999	61.514000
942.411633	935.402008	55.999999	61.515000
942.411635	935.406813	56.000000	61.517000
942.411626	935.411816	56.000000	61.520000
942.411630	935.416811	55.999999	61.523000
942.411628	935.421804	56.000001	61.527000
942.411631	935.427007	56.000000	61.530000
942.411630	935.431818	56.000000	61.530000
942.411631	935.436813	56.000001	61.528000
942.411630	935.441605	55.999998	61.525000
942.411633	935.446811	56.000001	61.522000
942.411630	935.451612	55.999999	61.521000
942.411628	935.456807	56.000000	61.521000
942.411631	935.461605	56.000000	61.522000
942.411627	935.467207	56.000000	61.523000
942.411631	935.472013	55.999999	61.521000
942.411627	935.477008	56.000000	61.518000
942.411625	935.481996	55.999999	61.513000
942.411633	935.487005	56.000001	61.507000
942.411630	935.492006	55.999999	61.503000
942.411629	935.496999	55.999999	61.502000
942.411625	935.501998	56.000000	61.507000
942.411630	935.507007	55.999999	61.514000
942.411628	935.512012	56.000000	61.522000
942.411631	935.517002	55.999999	61.526000
942.411628	935.522004	55.999999	61.528000
942.411631	935.527009	55.999999	61.529000
942.411628	935.532006	56.000000	61.530000
942.411626	935.537003	56.000000	61.532000
942.411629	935.542395	56.000000	61.535000
942.411629	935.547399	56.000000	61.535000
942.411631	935.552208	55.999999	61.534000
942.411629	935.557208	55.999999	61.530000
942.411626	935.562200	55.999999	61.525000
942.411626	935.567209	55.999998	61.521000
942.411632	935.572210	55.999998	61.517000
942.411626	935.577203	56.000000	61.514000
942.411626	935.582001	56.000001	61.512000
942.411625	935.587204	55.999998	61.510000
942.411628	935.592213	55.999998	61.507000
942.411631	935.597410	56.000001	61.505000
942.411629	935.602002	56.000001	61.503000
942.411629	935.607204	55.999999	61.505000
942.411628	935.612217	55.999998	61.509000
942.411629	935.617612	56.000000	61.517000
942.411630	935.622407	56.000001	61.524000
942.411634	935.627406	55.999999	61.529000
942.411630	935.632419	55.999999	61.531000
942.411627	935.637410	55.999998	61.529000
942.411630	935.642403	55.999999	61.526000
942.411627	935.647406	55.999999	61.522000
942.411628	935.652415	56.000002	61.517000
942.411629	935.657408	56.000002	61.513000
942.411629	935.662398	56.000001	61.510000
942.411631	935.667403	56.000003	61.510000
942.411629	935.672610	56.000001	61.512000
942.411625	935.677393	56.000001	61.515000
942.411631	935.682392	56.000002	61.518000
942.411626	935.687387	56.000002	61.521000
942.411633	935.693009	56.000002	61.523000
942.411628	935.697590	56.000000	61.523000
942.411633	935.702794	55.999998	61.522000
942.411629	935.707595	56.000000	61.520000
942.411630	935.712607	55.999999	61.516000
942.411631	935.717594	55.999998	61.511000
942.411628	935.722601	55.999998	61.506000
942.411629	935.727792	56.000000	61.500000
942.411629	935.732610	55.999999	61.495000
942.411631	935.737596	55.999998	61.492000
942.411632	935.742596	55.999998	61.490000
942.411633	935.747797	56.000000	61.489000
942.411624	935.752413	56.000002	61.488000
942.411630	935.757591	56.000002	61.488000
942.411631	935.762594	56.000000	61.487000
942.411634	935.767999	56.000000	61.486000
942.411635	935.772816	56.000000	61.486000
942.411631	935.777796	56.000001	61.488000
942.411630	935.782794	56.000002	61.491000
942.411633	935.787794	56.000001	61.495000
942.411630	935.792811	55.999998	61.498000
942.411631	935.797792	55.999998	61.502000
942.411632	935.802792	56.000000	61.505000
942.411631	935.807792	56.000000	61.508000
942.411634	935.813019	55.999999	61.510000
942.411634	935.817796	56.000001	61.510000
942.411630	935.822796	56.000001	61.510000
942.411631	935.827801	56.000002	61.510000
942.411629	935.832812	56.000001	61.510000
942.411629	935.837795	56.000001	61.513000
942.411629	935.843199	55.999999	61.517000
942.411631	935.848196	56.000000	61.521000
942.411631	935.853209	55.999999	61.525000
942.411630	935.857996	55.999999	61.528000
942.411630	935.863001	55.999999	61.530000
942.411632	935.868007	56.000000	61.532000
942.411630	935.873019	56.000000	61.535000
942.411633	935.878216	56.000000	61.538000
942.411630	935.883008	56.000000	61.539000
942.411629	935.888011	56.000000	61.537000
942.411631	935.893023	56.000000	61.532000
942.411633	935.898219	56.000000	61.526000
942.411632	935.902812	56.000000	61.521000
942.411632	935.908015	55.999999	61.519000
942.411631	935.913023	55.999999	61.521000
942.411630	935.918218	56.000000	61.527000
942.411630	935.923421	56.000000	61.533000
942.411632	935.928215	56.000000	61.537000
942.411630	935.933227	56.000001	61.537000
942.411635	935.938218	56.000001	61.535000
942.411634	935.943213	56.000001	61.531000
942.411636	935.948220	56.000000	61.525000
942.411630	935.953229	56.000000	61.520000
942.411633	935.958220	56.000000	61.515000
942.411630	935.963416	56.000000	61.511000
942.411632	935.968412	56.000000	61.509000
942.411628	935.973223	56.000001	61.508000
942.411630	935.978219	55.999999	61.509000
942.411631	935.983209	56.000001	61.510000
942.411632	935.988209	56.000000	61.511000
942.411628	935.993626	56.000000	61.511000
942.411628	935.998418	56.000000	61.511000
942.411630	936.003615	56.000000	61.511000
942.411631	936.008412	56.000000	61.511000
942.411629	936.013424	55.999999	61.512000
942.411627	936.018423	56.000000	61.513000
942.411632	936.023410	56.000000	61.515000
942.411631	936.028407	56.000000	61.517000
942.411633	936.033427	56.000000	61.518000
942.411630	936.038212	56.000000	61.518000
942.411632	936.043406	56.000000	61.518000
942.411633	936.048213	56.000000	61.518000
942.411629	936.053419	56.000000	61.517000
942.411631	936.058215	56.000000	61.517000
942.411632	936.063398	56.000000	61.517000
942.411630	936.068610	56.000000	61.515000
942.411633	936.073623	56.000001	61.513000
942.411627	936.078612	56.000000	61.509000
942.411626	936.083604	56.000000	61.507000
942.411626	936.088606	56.000000	61.505000
942.411628	936.093616	56.000000	61.505000
942.411627	936.098614	56.000000	61.507000
942.411629	936.103803	56.000000	61.511000
942.411629	936.108599	56.000000	61.515000
942.411631	936.113621	55.999999	61.519000
942.411628	936.118405	56.000000	61.524000
942.411632	936.123604	56.000000	61.528000
942.411628	936.128604	56.000000	61.531000
942.411630	936.133622	56.000000	61.531000
942.411633	936.138411	56.000000	61.529000
942.411635	936.144007	55.999999	61.525000
942.411629	936.148809	56.000000	61.522000
942.411631	936.153829	56.000000	61.521000
942.411629	936.158819	56.000000	61.520000
942.411629	936.163809	56.000000	61.519000
942.411632	936.168810	56.000001	61.517000
942.411629	936.173825	56.000000	61.513000
942.411624	936.179025	55.999999	61.509000
942.411628	936.183807	55.999999	61.506000
942.411631	936.188815	56.000000	61.505000
942.411631	936.193830	56.000000	61.506000
942.411628	936.198619	56.000000	61.508000
942.411628	936.203814	56.000000	61.511000
942.411636	936.208612	56.000000	61.512000
942.411630	936.213829	56.000000	61.511000
942.411630	936.219222	56.000001	61.510000
942.411630	936.224220	56.000001	61.510000
942.411630	936.229020	56.000000	61.513000
942.411631	936.234029	55.999999	61.519000
942.411630	936.239024	56.000000	61.525000
942.411630	936.244219	55.999999	61.529000
942.411628	936.249209	56.000001	61.529000
942.411630	936.254027	55.999999	61.526000
942.411628	936.259022	55.999999	61.520000
942.411635	936.264220	56.000001	61.514000
942.411627	936.268818	56.000000	61.509000
942.411629	936.274026	55.999999	61.506000
942.411625	936.279017	56.000001	61.505000
942.411626	936.284018	56.000001	61.506000
942.411632	936.288816	56.000002	61.505000
942.411631	936.294426	55.999999	61.502000
942.411631	936.299218	56.000002	61.496000
942.411631	936.304218	56.000000	61.490000
942.411629	936.309206	55.999998	61.485000
942.411631	936.314225	55.999999	61.484000
942.411628	936.319219	56.000000	61.487000
942.411632	936.324208	56.000002	61.494000
942.411632	936.329414	55.999998	61.499000
942.411636	936.334224	56.000003	61.500000
942.411630	936.339218	56.000001	61.497000
942.411631	936.344219	56.000001	61.492000
942.411631	936.349218	55.999999	61.486000
942.411633	936.354234	55.999998	61.482000
942.411632	936.359221	56.000002	61.480000
942.411631	936.364220	56.000003	61.480000
942.411635	936.369413	55.999999	61.482000
942.411631	936.374229	56.000001	61.484000
942.411628	936.379220	56.000001	61.487000
942.411632	936.384220	55.999998	61.489000
942.411632	936.389213	55.999999	61.493000
942.411631	936.394424	55.999999	61.498000
942.411634	936.399426	56.000000	61.506000
942.411630	936.404218	56.000003	61.514000
942.411631	936.409016	56.000001	61.520000
942.411630	936.414232	55.999999	61.520000
942.411627	936.419024	55.999999	61.516000
942.411629	936.424018	56.000001	61.510000
942.411631	936.429418	56.000001	61.504000
942.411635	936.434222	56.000002	61.499000
942.411630	936.439021	56.000001	61.498000
942.411633	936.444411	55.999999	61.500000
942.411632	936.449607	56.000001	61.502000
942.411631	936.454425	56.000001	61.503000
942.411628	936.459426	55.999999	61.501000
942.411632	936.464416	56.000001	61.497000
942.411632	936.469402	56.000000	61.490000
942.411674	936.473139	56.000000	61.484000
