1072.651062	884.362531	55.999997	50.929000
1072.651396	884.364669	56.000003	50.930000
1072.651106	884.369791	56.000000	50.929000
1072.650910	884.375157	55.999998	50.928000
1072.650794	884.380308	55.999996	50.929000
1072.650775	884.385636	56.000002	50.930000
1072.650745	884.390950	55.999999	50.930000
1072.650770	884.395946	55.999998	50.930000
1072.650741	884.401013	55.999998	50.929000
1072.650759	884.406032	56.000000	50.927000
1072.650751	884.411044	56.000001	50.925000
1072.650767	884.415904	55.999999	50.924000
1072.650757	884.420862	56.000000	50.923000
1072.650760	884.425914	55.999999	50.923000
1072.650762	884.431133	55.999999	50.922000
1072.650768	884.435908	56.000001	50.922000
1072.650767	884.440942	55.999999	50.921000
1072.650772	884.445931	56.000000	50.921000
1072.650772	884.451163	56.000002	50.921000
1072.650768	884.456148	55.999998	50.921000
1072.650766	884.461343	56.000003	50.920000
1072.650774	884.466367	56.000000	50.919000
1072.650766	884.471563	55.999999	50.918000
1072.650768	884.476174	56.000003	50.916000
1072.650772	884.481149	56.000002	50.914000
1072.650770	884.486378	55.999997	50.913000
1072.650774	884.491190	55.999997	50.912000
1072.650775	884.496176	55.999996	50.912000
1072.650770	884.501177	55.999998	50.911000
1072.650765	884.506180	56.000001	50.910000
1072.650769	884.511204	56.000004	50.909000
1072.650777	884.516188	56.000002	50.908000
1072.650768	884.521380	55.999999	50.908000
1072.650765	884.526186	55.999997	50.909000
1072.650771	884.531202	56.000001	50.910000
1072.650774	884.536603	56.000001	50.910000
1072.650769	884.541575	56.000003	50.911000
1072.650771	884.546601	56.000000	50.911000
1072.650770	884.551419	56.000001	50.911000
1072.650770	884.556598	56.000003	50.913000
1072.650770	884.561598	55.999997	50.915000
1072.650771	884.566407	55.999997	50.917000
1072.650770	884.571427	56.000001	50.920000
1072.650777	884.576409	56.000001	50.922000
1072.650767	884.581401	56.000001	50.923000
1072.650764	884.586414	55.999998	50.924000
1072.650772	884.591431	55.999999	50.924000
1072.650772	884.596422	56.000001	50.925000
1072.650770	884.601393	55.999998	50.926000
1072.650767	884.606614	55.999998	50.926000
1072.650770	884.611420	55.999999	50.927000
1072.650768	884.616613	56.000002	50.928000
1072.650768	884.621390	56.000002	50.929000
1072.650770	884.626600	56.000003	50.930000
1072.650768	884.631416	56.000001	50.930000
1072.650773	884.636606	56.000000	50.930000
1072.650771	884.641388	56.000000	50.930000
1072.650768	884.646404	56.000000	50.931000
1072.650771	884.651420	55.999998	50.931000
1072.650771	884.656401	56.000000	50.930000
1072.650773	884.661391	56.000002	50.930000
1072.650768	884.666603	56.000002	50.929000
1072.650769	884.671425	56.000002	50.929000
1072.650773	884.676412	56.000000	50.930000
1072.650769	884.681391	55.999999	50.930000
1072.650774	884.687194	56.000000	50.931000
1072.650772	884.691616	56.000000	50.931000
1072.650773	884.696810	55.999999	50.931000
1072.650772	884.701788	56.000000	50.930000
1072.650768	884.706801	56.000002	50.930000
1072.650770	884.711618	56.000001	50.929000
1072.650768	884.716606	56.000001	50.929000
1072.650769	884.721594	55.999998	50.928000
1072.650772	884.726603	56.000003	50.928000
1072.650777	884.731613	55.999998	50.927000
1072.650774	884.736615	55.999998	50.926000
1072.650770	884.741392	55.999999	50.926000
1072.650771	884.746606	56.000001	50.925000
1072.650766	884.751425	56.000001	50.924000
1072.650770	884.756615	55.999999	50.923000
1072.650771	884.762000	56.000000	50.924000
1072.650773	884.767008	56.000001	50.924000
1072.650770	884.772025	55.999999	50.924000
1072.650767	884.777017	56.000002	50.924000
1072.650771	884.781795	56.000001	50.924000
1072.650773	884.787206	56.000000	50.924000
1072.650771	884.791829	56.000001	50.924000
1072.650772	884.796829	56.000001	50.925000
1072.650768	884.801801	56.000000	50.925000
1072.650772	884.806809	55.999999	50.926000
1072.650771	884.811829	55.999999	50.926000
1072.650769	884.817027	56.000000	50.927000
1072.650765	884.821804	55.999999	50.927000
1072.650771	884.826815	55.999998	50.927000
1072.650772	884.832032	55.999999	50.927000
1072.650773	884.837223	55.999999	50.928000
1072.650770	884.842201	55.999999	50.929000
1072.650769	884.847203	55.999998	50.929000
1072.650775	884.852231	55.999999	50.929000
1072.650776	884.857219	56.000000	50.929000
1072.650772	884.862005	55.999998	50.928000
1072.650769	884.867005	56.000002	50.927000
1072.650772	884.872222	56.000000	50.926000
1072.650772	884.877216	56.000002	50.925000
1072.650771	884.882195	55.999998	50.923000
1072.650776	884.887202	56.000001	50.921000
1072.650772	884.892227	56.000002	50.919000
1072.650772	884.897215	56.000001	50.917000
1072.650771	884.902394	55.999999	50.916000
1072.650771	884.907201	56.000002	50.916000
1072.650770	884.912221	55.999999	50.915000
1072.650770	884.917615	56.000002	50.915000
1072.650774	884.922597	56.000000	50.915000
1072.650769	884.927596	55.999999	50.915000
1072.650771	884.932619	55.999998	50.916000
1072.650773	884.937411	56.000001	50.916000
1072.650770	884.942597	56.000001	50.917000
1072.650773	884.947392	55.999999	50.917000
1072.650776	884.952421	55.999998	50.918000
1072.650774	884.957416	56.000002	50.918000
1072.650772	884.962395	56.000000	50.918000
1072.650771	884.967609	56.000002	50.917000
1072.650779	884.972431	55.999999	50.917000
1072.650777	884.977423	55.999999	50.916000
1072.650771	884.982403	56.000001	50.916000
1072.650774	884.987406	55.999999	50.916000
1072.650770	884.992829	55.999999	50.916000
1072.650771	884.997817	56.000002	50.917000
1072.650771	885.002603	56.000002	50.917000
1072.650766	885.007601	56.000000	50.917000
1072.650776	885.012616	55.999999	50.918000
1072.650771	885.017614	56.000000	50.918000
1072.650769	885.022396	56.000003	50.919000
1072.650773	885.027398	55.999998	50.919000
1072.650777	885.032418	56.000002	50.920000
1072.650774	885.037611	56.000002	50.920000
1072.650771	885.042397	56.000002	50.921000
1072.650768	885.047399	56.000000	50.922000
1072.650771	885.052421	55.999999	50.922000
1072.650769	885.057411	56.000000	50.922000
1072.650773	885.062390	56.000001	50.921000
1072.650770	885.067799	55.999998	50.920000
1072.650773	885.072823	56.000002	50.920000
1072.650769	885.077816	55.999997	50.919000
1072.650772	885.082801	56.000002	50.920000
1072.650769	885.087796	55.999998	50.920000
1072.650772	885.092832	56.000003	50.919000
1072.650765	885.097821	55.999998	50.919000
1072.650772	885.102604	55.999998	50.918000
1072.650772	885.107595	56.000000	50.918000
1072.650770	885.112614	56.000002	50.917000
1072.650774	885.117596	55.999999	50.917000
1072.650769	885.122590	56.000002	50.916000
1072.650772	885.127593	55.999999	50.915000
1072.650775	885.132617	55.999999	50.914000
1072.650769	885.138006	55.999999	50.913000
1072.650764	885.143196	55.999999	50.911000
1072.650768	885.147786	55.999998	50.910000
1072.650774	885.153010	55.999998	50.910000
1072.650774	885.158007	56.000002	50.911000
1072.650770	885.162994	55.999999	50.912000
1072.650769	885.167787	56.000001	50.913000
1072.650770	885.172822	55.999998	50.914000
1072.650767	885.177808	56.000001	50.914000
1072.650769	885.182989	56.000001	50.914000
1072.650769	885.187795	55.999999	50.914000
1072.650771	885.192822	55.999997	50.914000
1072.650773	885.197812	56.000002	50.915000
1072.650767	885.202994	56.000001	50.916000
1072.650770	885.207798	55.999999	50.918000
1072.650770	885.213224	55.999998	50.919000
1072.650766	885.218018	55.999997	50.920000
1072.650770	885.223215	56.000001	50.921000
1072.650773	885.227999	56.000000	50.922000
1072.650770	885.233026	56.000002	50.923000
1072.650770	885.238221	56.000003	50.924000
1072.650769	885.243213	56.000000	50.924000
1072.650766	885.248005	56.000002	50.924000
1072.650768	885.253030	55.999999	50.924000
1072.650769	885.258017	55.999999	50.924000
1072.650768	885.263200	56.000000	50.923000
1072.650769	885.267993	55.999999	50.923000
1072.650769	885.273022	56.000000	50.922000
1072.650769	885.278014	56.000001	50.920000
1072.650768	885.282997	56.000001	50.919000
1072.650770	885.288400	55.999999	50.918000
1072.650768	885.293428	56.000000	50.917000
1072.650773	885.298426	55.999998	50.916000
1072.650773	885.303414	56.000001	50.916000
1072.650775	885.308404	56.000001	50.916000
1072.650768	885.313429	56.000001	50.916000
1072.650770	885.318234	56.000000	50.916000
1072.650773	885.323223	56.000000	50.917000
1072.650771	885.328215	55.999999	50.918000
1072.650770	885.333236	55.999999	50.919000
1072.650770	885.338238	55.999999	50.919000
1072.650767	885.343220	56.000000	50.920000
1072.650769	885.348209	56.000000	50.920000
1072.650773	885.353239	56.000000	50.921000
1072.650770	885.358228	56.000001	50.923000
1072.650771	885.363620	56.000000	50.924000
1072.650769	885.368618	56.000000	50.924000
1072.650772	885.373627	56.000001	50.923000
1072.650768	885.378635	56.000001	50.924000
1072.650769	885.383415	55.999999	50.924000
1072.650768	885.388419	55.999999	50.926000
1072.650767	885.393436	56.000000	50.928000
1072.650772	885.398636	55.999999	50.929000
1072.650768	885.403628	56.000001	50.931000
1072.650770	885.408425	56.000000	50.932000
1072.650767	885.413435	56.000000	50.933000
1072.650768	885.418441	55.999999	50.934000
1072.650770	885.423426	56.000000	50.935000
1072.650771	885.428222	56.000000	50.935000
1072.650772	885.433442	56.000001	50.936000
1072.650774	885.438833	56.000000	50.936000
1072.650775	885.443827	56.000000	50.936000
1072.650773	885.449224	56.000000	50.936000
1072.650772	885.453825	56.000000	50.936000
1072.650773	885.458833	55.999999	50.936000
1072.650768	885.464028	56.000000	50.936000
1072.650771	885.468609	56.000000	50.936000
1072.650771	885.473630	55.999999	50.935000
1072.650770	885.478626	56.000000	50.933000
1072.650773	885.483613	55.999999	50.930000
1072.650772	885.488611	56.000000	50.928000
1072.650767	885.493429	56.000001	50.925000
1072.650769	885.498630	56.000000	50.923000
1072.650774	885.503621	56.000000	50.922000
1072.650774	885.508603	56.000001	50.920000
1072.650772	885.514218	56.000001	50.919000
1072.650769	885.519019	55.999999	50.917000
1072.650769	885.524020	56.000001	50.917000
1072.650773	885.529414	56.000001	50.916000
1072.650770	885.533824	55.999998	50.916000
1072.650776	885.538830	56.000001	50.916000
1072.650771	885.543815	56.000000	50.915000
1072.650774	885.548797	56.000000	50.913000
1072.650773	885.553824	56.000000	50.912000
1072.650774	885.558822	55.999998	50.910000
1072.650772	885.563812	56.000002	50.910000
1072.650769	885.568805	56.000000	50.910000
1072.650775	885.574017	55.999996	50.910000
1072.650772	885.578815	55.999998	50.911000
1072.650773	885.583816	56.000000	50.910000
1072.650767	885.589205	56.000003	50.909000
1072.650768	885.594412	55.999999	50.909000
1072.650771	885.599217	55.999999	50.908000
1072.650771	885.604220	56.000002	50.909000
1072.650772	885.609202	55.999997	50.910000
1072.650774	885.614021	55.999998	50.910000
1072.650773	885.619015	56.000002	50.911000
1072.650771	885.624013	55.999997	50.912000
1072.650773	885.629005	56.000003	50.912000
1072.650773	885.634014	55.999999	50.913000
1072.650770	885.639014	55.999999	50.913000
1072.650770	885.644016	56.000001	50.912000
1072.650770	885.648993	55.999997	50.912000
1072.650774	885.654021	56.000002	50.911000
1072.650769	885.659018	55.999998	50.911000
1072.650769	885.664614	56.000002	50.911000
1072.650770	885.669399	56.000002	50.912000
1072.650770	885.674413	56.000000	50.912000
1072.650771	885.679600	56.000002	50.913000
1072.650765	885.684411	56.000000	50.913000
1072.650767	885.689394	56.000001	50.913000
1072.650769	885.694204	55.999999	50.912000
1072.650772	885.699206	56.000002	50.911000
1072.650768	885.704201	56.000001	50.911000
1072.650770	885.709198	55.999999	50.912000
1072.650770	885.714209	56.000000	50.912000
1072.650773	885.719208	55.999999	50.913000
1072.650774	885.724211	55.999999	50.914000
1072.650770	885.729197	55.999998	50.914000
1072.650770	885.734207	56.000000	50.914000
1072.650765	885.739606	56.000001	50.914000
1072.650770	885.744608	56.000001	50.915000
1072.650772	885.749399	56.000001	50.915000
1072.650769	885.754609	56.000000	50.916000
1072.650770	885.759610	56.000002	50.916000
1072.650769	885.764621	55.999998	50.916000
1072.650768	885.769403	56.000001	50.917000
1072.650772	885.774418	56.000001	50.919000
1072.650772	885.779416	55.999999	50.920000
1072.650765	885.784411	55.999999	50.920000
1072.650771	885.789409	55.999999	50.919000
1072.650771	885.794416	56.000001	50.919000
1072.650769	885.799414	55.999997	50.918000
1072.650766	885.804415	56.000000	50.917000
1072.650770	885.809400	56.000003	50.916000
1072.650770	885.814611	55.999998	50.916000
1072.650770	885.819802	55.999997	50.915000
1072.650770	885.824811	56.000000	50.914000
1072.650767	885.829804	56.000004	50.913000
1072.650768	885.834601	56.000002	50.912000
1072.650770	885.839812	55.999996	50.911000
1072.650768	885.844617	55.999997	50.911000
1072.650768	885.849602	55.999998	50.910000
1072.650771	885.854611	56.000003	50.909000
1072.650770	885.859611	55.999998	50.908000
1072.650771	885.864620	56.000003	50.908000
1072.650776	885.869609	55.999999	50.908000
1072.650768	885.874611	55.999998	50.908000
1072.650773	885.879618	56.000002	50.909000
1072.650766	885.884621	55.999997	50.910000
1072.650772	885.890009	56.000000	50.911000
1072.650772	885.895213	55.999998	50.912000
1072.650772	885.900006	55.999999	50.914000
1072.650770	885.905020	56.000001	50.917000
1072.650774	885.910017	55.999997	50.919000
1072.650774	885.914825	55.999997	50.921000
1072.650775	885.919816	56.000002	50.922000
1072.650771	885.924822	56.000001	50.924000
1072.650771	885.929824	55.999998	50.926000
1072.650775	885.934823	56.000002	50.928000
1072.650769	885.939825	55.999998	50.930000
1072.650768	885.944837	56.000002	50.933000
1072.650770	885.949831	55.999998	50.935000
1072.650774	885.954825	56.000002	50.938000
1072.650776	885.960027	55.999998	50.940000
1072.650777	885.965234	55.999998	50.941000
1072.650773	885.970226	56.000000	50.943000
1072.650770	885.975219	56.000002	50.944000
1072.650772	885.980628	55.999999	50.945000
1072.650769	885.985034	55.999999	50.946000
1072.650777	885.990030	56.000002	50.948000
1072.650768	885.995026	55.999998	50.949000
1072.650772	886.000214	55.999999	50.950000
1072.650773	886.005029	55.999998	50.951000
1072.650770	886.010018	56.000001	50.951000
1072.650773	886.015016	56.000001	50.951000
1072.650770	886.020014	55.999998	50.951000
1072.650772	886.024822	55.999998	50.952000
1072.650774	886.030010	56.000002	50.953000
1072.650771	886.035012	55.999998	50.954000
1072.650770	886.040004	56.000001	50.954000
1072.650771	886.045812	56.000002	50.954000
1072.650771	886.050614	56.000001	50.955000
1072.650777	886.055416	56.000001	50.957000
1072.650777	886.060417	55.999999	50.959000
1072.650768	886.065423	56.000001	50.961000
1072.650773	886.070422	55.999998	50.961000
1072.650771	886.075217	55.999999	50.962000
1072.650771	886.080224	56.000002	50.963000
1072.650773	886.085228	55.999998	50.965000
1072.650770	886.090220	56.000003	50.966000
1072.650772	886.095418	55.999997	50.966000
1072.650770	886.100220	55.999998	50.966000
1072.650771	886.105227	56.000002	50.965000
1072.650772	886.110222	55.999999	50.965000
1072.650771	886.115223	56.000001	50.965000
1072.650771	886.120615	56.000002	50.965000
1072.650771	886.125630	55.999999	50.964000
1072.650770	886.130625	56.000000	50.962000
1072.650768	886.135425	56.000001	50.960000
1072.650767	886.140612	56.000000	50.958000
1072.650769	886.145623	56.000001	50.955000
1072.650772	886.150621	56.000000	50.953000
1072.650773	886.155419	56.000001	50.951000
1072.650775	886.160415	55.999999	50.949000
1072.650767	886.165422	56.000001	50.948000
1072.650772	886.170414	55.999999	50.946000
1072.650771	886.175410	56.000000	50.943000
1072.650771	886.180603	56.000000	50.939000
1072.650768	886.185423	56.000000	50.935000
1072.650775	886.190414	55.999999	50.931000
1072.650772	886.196011	56.000000	50.927000
1072.650770	886.200800	56.000000	50.923000
1072.650771	886.205817	55.999998	50.920000
1072.650769	886.210821	56.000002	50.916000
1072.650767	886.215817	55.999999	50.913000
1072.650771	886.220601	56.000000	50.909000
1072.650767	886.225807	56.000000	50.906000
1072.650770	886.230613	56.000001	50.904000
1072.650771	886.235611	55.999999	50.902000
1072.650771	886.240590	56.000000	50.900000
1072.650768	886.245410	56.000000	50.899000
1072.650774	886.250596	55.999999	50.898000
1072.650774	886.255600	56.000000	50.898000
1072.650771	886.260789	55.999999	50.899000
1072.650772	886.265597	55.999999	50.901000
1072.650767	886.270990	56.000001	50.904000
1072.650766	886.275988	55.999999	50.907000
1072.650766	886.280980	56.000002	50.910000
1072.650768	886.285994	55.999999	50.912000
1072.650772	886.291196	56.000002	50.913000
1072.650771	886.295990	56.000001	50.915000
1072.650771	886.300786	56.000000	50.917000
1072.650768	886.305798	56.000000	50.918000
1072.650772	886.310801	55.999999	50.919000
1072.650770	886.315796	56.000001	50.918000
1072.650773	886.320789	55.999998	50.916000
1072.650768	886.326003	56.000002	50.914000
1072.650767	886.330815	55.999999	50.913000
1072.650766	886.335809	56.000000	50.912000
1072.650773	886.340803	56.000002	50.911000
1072.650767	886.346219	56.000000	50.910000
1072.650770	886.351221	56.000003	50.908000
1072.650776	886.356214	56.000002	50.906000
1072.650771	886.361201	56.000001	50.905000
1072.650767	886.366224	55.999997	50.904000
1072.650770	886.371022	55.999998	50.903000
1072.650774	886.376021	55.999997	50.902000
1072.650770	886.381007	55.999997	50.901000
1072.650767	886.386022	55.999996	50.900000
1072.650763	886.391022	55.999996	50.899000
1072.650772	886.396221	56.000001	50.898000
1072.650775	886.401006	55.999997	50.898000
1072.650767	886.406021	55.999998	50.896000
1072.650765	886.411224	56.000000	50.895000
1072.650768	886.416019	55.999999	50.894000
1072.650769	886.421401	56.000003	50.893000
1072.650767	886.426419	56.000003	50.892000
1072.650770	886.431433	56.000000	50.892000
1072.650772	886.436416	55.999999	50.891000
1072.650770	886.441207	56.000001	50.890000
1072.650768	886.446421	55.999997	50.889000
1072.650771	886.451222	56.000003	50.887000
1072.650770	886.456215	56.000001	50.886000
1072.650774	886.461408	56.000003	50.884000
1072.650768	886.466210	55.999999	50.883000
1072.650771	886.471217	55.999997	50.883000
1072.650773	886.476212	55.999997	50.882000
1072.650770	886.481406	56.000001	50.883000
1072.650768	886.486220	55.999998	50.883000
1072.650772	886.491232	56.000000	50.884000
1072.650770	886.496615	55.999998	50.885000
1072.650770	886.501414	56.000001	50.887000
1072.650772	886.506616	55.999998	50.889000
1072.650771	886.511432	56.000001	50.892000
1072.650774	886.516616	55.999999	50.895000
1072.650773	886.521411	55.999999	50.897000
1072.650773	886.526425	55.999999	50.900000
1072.650768	886.531436	55.999999	50.903000
1072.650773	886.536431	56.000000	50.906000
1072.650768	886.541414	56.000001	50.909000
1072.650767	886.546427	55.999999	50.912000
1072.650771	886.551436	55.999999	50.915000
1072.650773	886.556626	56.000000	50.917000
1072.650770	886.561218	56.000000	50.918000
1072.650774	886.566424	56.000000	50.920000
1072.650768	886.571637	56.000000	50.922000
1072.650776	886.577032	56.000000	50.924000
1072.650772	886.581809	56.000000	50.926000
1072.650771	886.586825	55.999999	50.928000
1072.650773	886.591637	55.999999	50.929000
1072.650771	886.596622	56.000001	50.930000
1072.650776	886.601610	56.000001	50.931000
1072.650769	886.606817	56.000000	50.932000
1072.650772	886.611634	56.000001	50.932000
1072.650772	886.616624	56.000000	50.932000
1072.650771	886.621809	56.000000	50.933000
1072.650770	886.626618	56.000001	50.934000
1072.650774	886.631434	55.999999	50.936000
1072.650772	886.636625	56.000002	50.937000
1072.650769	886.641608	56.000000	50.938000
1072.650773	886.647021	55.999998	50.937000
1072.650771	886.652038	55.999999	50.937000
1072.650769	886.657225	55.999998	50.935000
1072.650773	886.662013	55.999999	50.934000
1072.650770	886.667018	55.999998	50.932000
1072.650769	886.671827	56.000002	50.931000
1072.650773	886.677017	56.000001	50.930000
1072.650770	886.681802	56.000001	50.929000
1072.650772	886.686819	56.000002	50.929000
1072.650769	886.691829	56.000000	50.930000
1072.650774	886.697020	55.999999	50.929000
1072.650769	886.701800	56.000000	50.929000
1072.650768	886.706819	56.000001	50.928000
1072.650771	886.711838	55.999999	50.926000
1072.650771	886.716826	56.000000	50.925000
1072.650772	886.722216	56.000000	50.924000
1072.650767	886.727222	56.000000	50.924000
1072.650768	886.732230	56.000000	50.923000
1072.650769	886.737224	56.000000	50.923000
1072.650768	886.742007	56.000000	50.923000
1072.650770	886.747023	56.000000	50.923000
1072.650773	886.752028	55.999999	50.924000
1072.650768	886.757020	56.000000	50.924000
1072.650770	886.762005	56.000000	50.924000
1072.650770	886.767010	55.999999	50.925000
1072.650770	886.772027	56.000000	50.926000
1072.650768	886.777029	55.999999	50.926000
1072.650770	886.781793	55.999999	50.927000
1072.650772	886.787219	56.000003	50.928000
1072.650770	886.792028	55.999998	50.928000
1072.650772	886.797424	56.000000	50.929000
1072.650772	886.802403	56.000002	50.930000
1072.650772	886.807613	55.999998	50.930000
1072.650767	886.812429	56.000002	50.930000
1072.650768	886.817422	56.000001	50.930000
1072.650768	886.822207	56.000000	50.930000
1072.650766	886.827216	56.000001	50.931000
1072.650769	886.832231	56.000001	50.932000
1072.650773	886.837230	55.999999	50.933000
1072.650770	886.842216	56.000001	50.935000
1072.650766	886.847020	55.999999	50.936000
1072.650769	886.852029	56.000000	50.937000
1072.650770	886.857227	56.000000	50.937000
1072.650770	886.862210	56.000001	50.938000
1072.650767	886.867219	56.000001	50.938000
1072.650766	886.872425	56.000001	50.938000
1072.650770	886.877628	56.000001	50.938000
1072.650770	886.882610	56.000000	50.938000
1072.650772	886.887411	55.999999	50.939000
1072.650769	886.892430	56.000000	50.939000
1072.650764	886.897630	56.000000	50.940000
1072.650768	886.902409	55.999999	50.940000
1072.650772	886.907420	56.000001	50.939000
1072.650767	886.912432	56.000000	50.938000
1072.650771	886.917833	56.000000	50.937000
1072.650767	886.922413	55.999999	50.937000
1072.650770	886.927428	55.999999	50.938000
1072.650771	886.932245	55.999999	50.939000
1072.650766	886.937843	56.000002	50.940000
1072.650765	886.942426	55.999998	50.941000
1072.650771	886.947832	56.000002	50.941000
1072.650771	886.952849	56.000002	50.941000
1072.650771	886.957844	56.000002	50.940000
1072.650770	886.962833	56.000001	50.941000
1072.650769	886.967825	56.000002	50.941000
1072.650773	886.972848	56.000002	50.942000
1072.650770	886.977635	55.999998	50.944000
1072.650768	886.982624	55.999997	50.945000
1072.650765	886.987622	55.999997	50.947000
1072.650773	886.992641	55.999997	50.949000
1072.650768	886.997634	55.999998	50.951000
1072.650766	887.002421	56.000001	50.952000
1072.650766	887.007625	55.999999	50.953000
1072.650766	887.012644	55.999998	50.953000
1072.650767	887.017633	55.999999	50.954000
1072.650765	887.022820	56.000003	50.956000
1072.650772	887.027817	56.000002	50.958000
1072.650768	887.032838	56.000002	50.958000
1072.650774	887.038039	55.999998	50.958000
1072.650771	887.042820	56.000003	50.957000
1072.650770	887.047823	56.000002	50.957000
1072.650773	887.052838	56.000003	50.957000
1072.650772	887.057833	56.000000	50.957000
1072.650769	887.063017	55.999998	50.958000
1072.650769	887.067808	56.000000	50.959000
1072.650771	887.072841	56.000002	50.959000
1072.650771	887.077841	56.000002	50.960000
1072.650771	887.083024	55.999998	50.961000
1072.650765	887.087615	55.999998	50.961000
1072.650773	887.092842	56.000002	50.961000
1072.650767	887.098231	56.000000	50.960000
1072.650771	887.103224	56.000001	50.959000
1072.650769	887.108009	55.999997	50.959000
1072.650772	887.113232	56.000000	50.960000
1072.650767	887.118031	55.999998	50.962000
1072.650771	887.123218	56.000001	50.963000
1072.650770	887.128012	55.999998	50.964000
1072.650774	887.133027	55.999997	50.966000
1072.650772	887.138032	55.999998	50.969000
1072.650774	887.143018	55.999998	50.974000
1072.650769	887.148017	55.999999	50.980000
1072.650769	887.152832	55.999998	50.985000
1072.650768	887.158041	56.000001	50.989000
1072.650771	887.163021	56.000001	50.992000
1072.650769	887.168017	55.999999	50.994000
1072.650769	887.173441	55.999998	50.996000
1072.650770	887.178635	56.000000	50.998000
1072.650772	887.183424	55.999999	51.000000
1072.650773	887.188417	55.999998	51.002000
1072.650773	887.193226	56.000002	51.003000
1072.650775	887.198427	56.000000	51.003000
1072.650771	887.203218	56.000002	51.001000
1072.650770	887.208211	56.000003	50.999000
1072.650771	887.213437	55.999998	50.997000
1072.650770	887.218429	55.999998	50.994000
1072.650773	887.223216	56.000003	50.991000
1072.650771	887.228014	55.999999	50.987000
1072.650772	887.233226	56.000000	50.983000
1072.650778	887.238026	56.000001	50.979000
1072.650771	887.243214	55.999998	50.975000
1072.650771	887.248407	56.000002	50.971000
1072.650772	887.253623	55.999998	50.968000
1072.650769	887.258421	56.000001	50.964000
1072.650770	887.263619	55.999998	50.960000
1072.650771	887.268402	56.000001	50.957000
1072.650772	887.273432	56.000002	50.955000
1072.650770	887.278427	56.000000	50.955000
1072.650775	887.283419	55.999999	50.954000
1072.650773	887.288411	55.999997	50.952000
1072.650772	887.293429	55.999998	50.949000
1072.650770	887.298433	55.999997	50.945000
1072.650771	887.303625	56.000001	50.942000
1072.650774	887.308215	56.000002	50.938000
1072.650772	887.313430	55.999998	50.936000
1072.650772	887.318831	56.000000	50.933000
1072.650769	887.323829	56.000000	50.931000
1072.650767	887.328624	56.000000	50.928000
1072.650771	887.333842	55.999999	50.925000
1072.650773	887.338639	55.999999	50.922000
1072.650771	887.343827	56.000000	50.919000
1072.650771	887.348816	56.000001	50.916000
1072.650768	887.353625	56.000001	50.914000
1072.650769	887.358637	55.999998	50.914000
1072.650768	887.363618	55.999998	50.917000
1072.650770	887.368810	56.000003	50.921000
1072.650770	887.373624	55.999998	50.923000
1072.650773	887.378634	55.999997	50.924000
1072.650769	887.383624	55.999999	50.922000
1072.650773	887.388414	55.999997	50.920000
1072.650768	887.394024	55.999997	50.918000
1072.650768	887.399029	55.999997	50.917000
1072.650771	887.404021	55.999997	50.917000
1072.650772	887.408810	56.000003	50.917000
1072.650769	887.414017	55.999998	50.919000
1072.650768	887.418829	56.000002	50.921000
1072.650772	887.424023	55.999997	50.923000
1072.650774	887.428813	56.000000	50.922000
1072.650772	887.433824	55.999998	50.920000
1072.650769	887.438829	55.999999	50.916000
1072.650766	887.443822	55.999998	50.913000
1072.650771	887.448617	56.000000	50.910000
1072.650768	887.453831	55.999999	50.909000
1072.650770	887.458633	55.999999	50.908000
1072.650768	887.463826	56.000000	50.907000
1072.650770	887.469220	55.999999	50.905000
1072.650768	887.474230	56.000001	50.903000
1072.650773	887.479241	55.999999	50.900000
1072.650767	887.484230	56.000001	50.897000
1072.650769	887.489023	56.000001	50.893000
1072.650771	887.494034	56.000000	50.891000
1072.650774	887.499038	55.999999	50.889000
1072.650768	887.504034	56.000001	50.887000
1072.650769	887.509021	55.999999	50.885000
1072.650768	887.514029	55.999999	50.882000
1072.650773	887.519426	55.999998	50.879000
1072.650766	887.524219	56.000001	50.876000
1072.650772	887.529214	55.999999	50.874000
1072.650768	887.534223	55.999999	50.873000
1072.650770	887.539227	56.000000	50.873000
1072.650773	887.544629	56.000000	50.874000
1072.650772	887.549619	56.000001	50.874000
1072.650775	887.554630	56.000002	50.875000
1072.650773	887.559630	56.000000	50.874000
1072.650773	887.564433	55.999998	50.873000
1072.650773	887.569623	56.000000	50.873000
1072.650771	887.574431	55.999998	50.873000
1072.650772	887.579827	55.999998	50.874000
1072.650772	887.584433	55.999999	50.876000
1072.650772	887.589427	56.000001	50.878000
1072.650771	887.594434	56.000001	50.881000
1072.650774	887.599627	55.999998	50.883000
1072.650770	887.604428	55.999998	50.886000
1072.650772	887.609219	56.000002	50.889000
1072.650774	887.614432	55.999997	50.891000
1072.650772	887.619826	56.000001	50.893000
1072.650775	887.624630	56.000002	50.893000
1072.650772	887.629826	56.000002	50.894000
1072.650769	887.634620	56.000000	50.894000
1072.650768	887.639812	56.000003	50.894000
1072.650772	887.644622	55.999998	50.896000
1072.650773	887.649610	55.999999	50.898000
1072.650774	887.654615	56.000002	50.900000
1072.650772	887.659615	56.000002	50.901000
1072.650771	887.664617	56.000002	52.439000
1072.650771	887.669611	56.000002	57.651000
1072.650769	887.674618	56.000002	61.839000
1072.650772	887.679803	56.000001	61.841000
1072.650772	887.684822	56.000002	61.843000
1072.650773	887.689607	56.000002	61.844000
1072.650772	887.694814	55.999999	61.843000
1072.650770	887.700207	56.000002	61.842000
1072.650770	887.705026	56.000001	61.839000
1072.650770	887.710006	56.000000	61.837000
1072.650771	887.714816	55.999999	61.836000
1072.650768	887.719811	55.999999	61.836000
1072.650767	887.724812	56.000001	61.839000
1072.650764	887.730002	56.000000	61.843000
1072.650771	887.734812	56.000000	61.847000
1072.650776	887.739808	55.999998	61.850000
1072.650773	887.744616	56.000001	61.851000
1072.650769	887.749812	56.000001	61.849000
1072.650774	887.754617	56.000001	61.844000
1072.650772	887.759610	55.999999	61.837000
1072.650775	887.764620	56.000001	61.832000
1072.650770	887.770013	56.000002	61.828000
1072.650772	887.775020	56.000001	61.827000
1072.650770	887.780206	56.000000	61.829000
1072.650770	887.785412	55.999999	61.834000
1072.650768	887.790207	56.000002	61.839000
1072.650769	887.795017	55.999999	61.845000
1072.650772	887.800009	55.999999	61.850000
1072.650772	887.805016	56.000000	61.854000
1072.650772	887.810006	56.000001	61.857000
1072.650771	887.815016	56.000002	61.857000
1072.650771	887.820006	56.000002	61.855000
1072.650770	887.825214	55.999998	61.850000
1072.650772	887.830004	55.999998	61.845000
1072.650771	887.834801	56.000003	61.839000
1072.650774	887.840002	55.999997	61.834000
1072.650771	887.845604	56.000000	61.832000
1072.650769	887.850403	55.999997	61.833000
1072.650773	887.855395	55.999997	61.836000
1072.650771	887.860598	56.000003	61.839000
1072.650774	887.865213	55.999997	61.843000
1072.650771	887.870405	56.000002	61.845000
1072.650771	887.875205	56.000002	61.846000
1072.650769	887.880197	56.000000	61.844000
1072.650771	887.885211	55.999997	61.840000
1072.650770	887.890804	56.000001	61.834000
1072.650771	887.895001	56.000002	61.828000
1072.650772	887.900206	55.999999	61.823000
1072.650769	887.905019	56.000000	61.822000
1072.650768	887.910409	55.999999	61.822000
1072.650773	887.915214	55.999999	61.825000
1072.650772	887.920607	56.000000	61.827000
1072.650766	887.925616	56.000001	61.827000
1072.650771	887.930620	55.999998	61.827000
1072.650769	887.935409	55.999998	61.827000
1072.650767	887.940604	56.000003	61.827000
1072.650770	887.945416	56.000000	61.828000
1072.650771	887.950413	56.000002	61.828000
1072.650769	887.955421	55.999997	61.827000
1072.650767	887.960412	56.000001	61.825000
1072.650766	887.965422	56.000003	61.820000
1072.650771	887.970418	55.999999	61.814000
1072.650768	887.975218	56.000002	61.808000
1072.650767	887.980417	55.999998	61.803000
1072.650765	887.985419	56.000002	61.800000
1072.650769	887.990415	56.000003	61.799000
1072.650771	887.995608	55.999996	61.800000
1072.650765	888.000804	56.000003	61.803000
1072.650772	888.005822	55.999999	61.807000
1072.650773	888.010830	55.999996	61.811000
1072.650769	888.015618	55.999997	61.813000
1072.650773	888.020610	55.999997	61.813000
1072.650767	888.025625	56.000001	61.810000
1072.650763	888.030620	56.000003	61.809000
1072.650770	888.035811	55.999997	61.811000
1072.650771	888.040804	56.000002	61.816000
1072.650766	888.045620	56.000002	61.824000
1072.650771	888.050619	56.000002	61.829000
1072.650767	888.055620	55.999998	61.830000
1072.650769	888.060610	55.999998	61.827000
1072.650771	888.065625	56.000002	61.822000
1072.650769	888.071023	55.999999	61.818000
1072.650775	888.076008	56.000001	61.816000
1072.650773	888.081004	55.999999	61.817000
1072.650770	888.086025	56.000000	61.819000
1072.650771	888.091028	56.000001	61.822000
1072.650774	888.095820	56.000002	61.823000
1072.650765	888.100807	55.999998	61.822000
1072.650770	888.105821	56.000001	61.822000
1072.650773	888.110829	56.000000	61.825000
1072.650772	888.115820	56.000000	61.830000
1072.650768	888.120811	55.999999	61.836000
1072.650770	888.125630	55.999997	61.842000
1072.650771	888.130829	56.000003	61.844000
1072.650771	888.135822	56.000003	61.845000
1072.650770	888.140806	56.000001	61.843000
1072.650774	888.146218	56.000003	61.842000
1072.650770	888.151225	56.000004	61.843000
1072.650773	888.156022	56.000001	61.845000
1072.650773	888.161208	55.999999	61.847000
1072.650771	888.166026	56.000003	61.851000
1072.650771	888.171016	56.000002	61.853000
1072.650774	888.176014	56.000002	61.855000
1072.650771	888.181006	55.999999	61.856000
1072.650770	888.186227	56.000000	61.855000
1072.650770	888.191027	55.999997	61.852000
1072.650773	888.196013	55.999998	61.848000
1072.650771	888.200998	56.000001	61.842000
1072.650771	888.206022	56.000002	61.836000
1072.650773	888.211026	56.000003	61.831000
1072.650771	888.216423	56.000002	61.827000
1072.650771	888.221210	56.000000	61.824000
1072.650770	888.226419	55.999998	61.821000
1072.650766	888.231216	56.000000	61.817000
1072.650774	888.236216	55.999999	61.813000
1072.650773	888.241199	55.999997	61.807000
1072.650772	888.246422	56.000002	61.802000
1072.650772	888.251426	56.000001	61.798000
1072.650775	888.256222	55.999999	61.795000
1072.650771	888.261197	56.000002	61.794000
1072.650772	888.266223	56.000002	61.796000
1072.650775	888.271231	56.000002	61.798000
1072.650775	888.276025	55.999998	61.803000
1072.650779	888.281208	56.000001	61.810000
1072.650773	888.286222	56.000002	61.819000
1072.650771	888.291630	56.000001	61.830000
1072.650774	888.296631	56.000001	61.837000
1072.650772	888.301609	56.000001	61.842000
1072.650769	888.306427	55.999997	61.841000
1072.650773	888.311436	55.999998	61.837000
1072.650773	888.316623	56.000002	61.831000
1072.650769	888.321605	56.000003	61.826000
1072.650767	888.326422	55.999997	61.824000
1072.650769	888.331427	55.999997	61.827000
1072.650772	888.336415	55.999998	61.831000
1072.650768	888.341393	55.999999	61.835000
1072.650770	888.346411	56.000002	61.835000
1072.650771	888.351224	55.999997	61.831000
1072.650770	888.356422	56.000002	61.826000
1072.650773	888.361606	55.999998	61.819000
1072.650766	888.367018	55.999997	61.814000
1072.650767	888.371827	56.000003	61.812000
1072.650767	888.376825	56.000002	61.813000
1072.650767	888.382009	55.999998	61.817000
1072.650771	888.386826	55.999998	61.822000
1072.650772	888.391635	56.000002	61.825000
1072.650770	888.396624	55.999999	61.825000
1072.650770	888.401606	55.999998	61.823000
1072.650769	888.406619	56.000002	61.825000
1072.650770	888.411632	56.000001	61.831000
1072.650771	888.416624	55.999999	61.842000
1072.650770	888.421609	56.000000	61.852000
1072.650768	888.426620	56.000002	61.857000
1072.650770	888.431431	55.999999	61.856000
1072.650770	888.436626	56.000001	61.853000
1072.650769	888.441999	55.999999	61.847000
1072.650769	888.447024	56.000001	61.842000
1072.650769	888.451840	56.000000	61.837000
1072.650769	888.457231	56.000000	61.831000
1072.650767	888.461802	56.000000	61.826000
1072.650769	888.467210	55.999999	61.821000
1072.650767	888.471829	56.000000	61.816000
1072.650771	888.476822	55.999999	61.814000
1072.650769	888.481800	56.000001	61.815000
1072.650774	888.486820	55.999999	61.818000
1072.650765	888.491832	56.000000	61.823000
1072.650771	888.497217	56.000000	61.827000
1072.650768	888.501798	56.000001	61.829000
1072.650772	888.506814	55.999999	61.829000
1072.650769	888.511827	56.000000	61.827000
1072.650770	888.517223	56.000000	61.825000
1072.650767	888.522206	55.999998	61.824000
1072.650769	888.527220	56.000003	61.823000
1072.650771	888.532036	56.000002	61.823000
1072.650770	888.537022	56.000003	61.824000
1072.650766	888.542201	55.999998	61.824000
1072.650772	888.547208	55.999999	61.825000
1072.650771	888.552031	55.999997	61.826000
1072.650769	888.557215	56.000001	61.829000
1072.650767	888.562002	55.999999	61.831000
1072.650770	888.567003	56.000001	61.833000
1072.650766	888.572023	55.999999	61.832000
1072.650773	888.577014	56.000001	61.829000
1072.650769	888.581793	56.000001	61.825000
1072.650768	888.587004	56.000001	61.821000
1072.650773	888.592425	56.000002	61.817000
1072.650771	888.597416	56.000001	61.815000
1072.650766	888.602397	56.000001	61.815000
1072.650769	888.607410	56.000000	61.817000
1072.650770	888.612403	56.000000	61.821000
1072.650773	888.617418	55.999999	61.826000
1072.650766	888.622197	55.999999	61.830000
1072.650766	888.627200	56.000001	61.833000
1072.650768	888.632232	56.000000	61.833000
1072.650769	888.637217	56.000000	61.830000
1072.650773	888.642182	56.000000	61.825000
1072.650770	888.646992	56.000000	61.820000
1072.650768	888.652227	56.000000	61.815000
1072.650768	888.657225	55.999999	61.811000
1072.650771	888.662209	56.000000	61.810000
1072.650763	888.667607	56.000000	61.814000
1072.650771	888.672627	56.000003	61.822000
1072.650763	888.677607	56.000003	61.830000
1072.650769	888.682600	56.000002	61.834000
1072.650771	888.687608	56.000003	61.833000
1072.650770	888.692434	55.999997	61.830000
1072.650768	888.697413	55.999999	61.826000
1072.650768	888.702397	56.000001	61.822000
1072.650769	888.707408	55.999999	61.820000
1072.650770	888.712432	55.999998	61.819000
1072.650766	888.717433	56.000000	61.821000
1072.650766	888.722406	56.000001	61.824000
1072.650768	888.727414	56.000002	61.828000
1072.650774	888.732440	55.999998	61.832000
1072.650771	888.737431	55.999997	61.836000
1072.650774	888.742810	55.999997	61.837000
1072.650771	888.747817	55.999997	61.836000
1072.650772	888.752842	55.999997	61.833000
1072.650767	888.758042	56.000002	61.829000
1072.650772	888.762623	55.999998	61.825000
1072.650771	888.767823	56.000002	61.823000
1072.650772	888.772643	55.999998	61.822000
1072.650775	888.777632	55.999998	61.822000
1072.650771	888.782621	56.000001	61.821000
1072.650772	888.787829	56.000001	61.820000
1072.650768	888.792644	56.000001	61.820000
1072.650770	888.797841	55.999999	61.823000
1072.650766	888.802614	56.000003	61.828000
1072.650769	888.807620	56.000002	61.834000
1072.650771	888.812639	55.999999	61.838000
1072.650768	888.818031	55.999997	61.840000
1072.650766	888.823231	56.000002	61.839000
1072.650772	888.827822	56.000002	61.839000
1072.650766	888.833031	55.999997	61.840000
1072.650770	888.837832	56.000001	61.841000
1072.650769	888.842816	56.000001	61.840000
1072.650768	888.848015	55.999997	61.837000
1072.650775	888.852841	56.000001	61.831000
1072.650771	888.857831	56.000000	61.824000
1072.650771	888.862814	56.000000	61.816000
1072.650774	888.867811	56.000000	61.811000
1072.650775	888.872842	55.999999	61.809000
1072.650776	888.877831	55.999999	61.810000
1072.650769	888.882817	55.999998	61.815000
1072.650772	888.887612	55.999999	61.821000
1072.650772	888.893038	55.999999	61.827000
1072.650771	888.898044	55.999999	61.832000
1072.650769	888.903227	55.999999	61.835000
1072.650775	888.908022	55.999999	61.837000
1072.650772	888.913235	56.000000	61.839000
1072.650771	888.918041	56.000000	61.842000
1072.650766	888.923019	56.000001	61.845000
1072.650770	888.928026	56.000001	61.848000
1072.650771	888.933042	56.000000	61.850000
1072.650771	888.938040	55.999999	61.850000
1072.650771	888.943024	56.000001	61.851000
1072.650773	888.948024	55.999998	61.852000
1072.650771	888.953036	55.999998	61.853000
1072.650772	888.957829	55.999999	61.857000
1072.650771	888.963014	56.000000	61.862000
1072.650767	888.968217	56.000002	61.865000
1072.650772	888.973439	55.999997	61.866000
1072.650770	888.978227	56.000001	61.864000
1072.650768	888.983416	55.999998	61.860000
1072.650768	888.988207	55.999999	61.855000
1072.650768	888.993230	55.999998	61.850000
1072.650770	888.998228	56.000000	61.844000
1072.650772	889.003207	56.000001	61.839000
1072.650761	889.008194	55.999999	61.833000
1072.650771	889.013428	56.000001	61.828000
1072.650771	889.018219	56.000001	61.824000
1072.650764	889.023209	55.999998	61.821000
1072.650768	889.028010	55.999998	61.819000
1072.650773	889.033231	56.000002	61.821000
1072.650772	889.038021	56.000002	61.826000
1072.650774	889.043614	56.000002	61.834000
1072.650768	889.048415	56.000002	61.841000
1072.650770	889.053619	55.999999	61.845000
1072.650771	889.058414	55.999997	61.848000
1072.650769	889.063420	55.999997	61.849000
1072.650769	889.068410	55.999997	61.850000
1072.650768	889.073438	55.999997	61.852000
1072.650769	889.078423	55.999996	61.855000
1072.650769	889.083438	55.999997	61.859000
1072.650765	889.088407	55.999997	61.862000
1072.650765	889.093426	55.999997	61.864000
1072.650767	889.098438	55.999997	61.865000
1072.650767	889.103421	55.999996	61.868000
1072.650769	889.108414	55.999998	61.873000
1072.650767	889.113440	55.999999	61.880000
1072.650770	889.118836	56.000003	61.887000
1072.650770	889.123828	56.000000	61.889000
1072.650767	889.128617	56.000002	61.887000
1072.650769	889.133844	56.000001	61.881000
1072.650770	889.138836	56.000001	61.872000
1072.650766	889.143637	56.000002	61.861000
1072.650766	889.148618	55.999999	61.850000
1072.650769	889.153638	56.000000	61.838000
1072.650772	889.158628	56.000000	61.828000
1072.650769	889.163415	55.999999	61.823000
1072.650774	889.168614	55.999998	61.827000
1072.650768	889.173631	56.000000	61.840000
1072.650772	889.178631	56.000001	61.852000
1072.650769	889.183621	56.000001	61.856000
1072.650771	889.189217	55.999998	61.852000
1072.650772	889.194028	56.000002	61.845000
1072.650774	889.199037	56.000002	61.841000
1072.650769	889.204028	56.000000	61.841000
1072.650771	889.208821	55.999999	61.845000
1072.650770	889.214031	55.999999	61.850000
1072.650771	889.218838	56.000000	61.854000
1072.650770	889.224031	55.999998	61.856000
1072.650767	889.228823	56.000000	61.856000
1072.650769	889.233838	55.999998	61.857000
1072.650771	889.238832	55.999998	61.860000
1072.650770	889.243831	55.999998	61.864000
1072.650767	889.248620	55.999999	61.868000
1072.650770	889.253844	56.000000	61.869000
1072.650768	889.258644	55.999999	61.867000
1072.650775	889.264236	55.999999	61.865000
1072.650774	889.269228	55.999999	61.865000
1072.650773	889.274232	55.999998	61.865000
1072.650773	889.279433	55.999999	61.862000
1072.650768	889.284227	55.999998	61.861000
1072.650771	889.289022	55.999997	61.862000
1072.650771	889.294228	56.000003	61.858000
1072.650771	889.299028	55.999998	61.849000
1072.650777	889.304032	56.000001	61.841000
1072.650775	889.309019	56.000002	61.838000
1072.650772	889.314027	55.999999	61.834000
1072.650773	889.319031	55.999997	61.830000
1072.650775	889.323831	55.999999	61.832000
1072.650773	889.328823	55.999997	61.841000
1072.650773	889.334030	56.000003	61.856000
1072.650768	889.339433	56.000002	61.870000
1072.650772	889.345825	56.000000	61.874000
1072.650774	889.350627	55.999998	61.871000
1072.650773	889.355810	55.999999	61.863000
1072.650775	889.360813	55.999999	61.853000
1072.650770	889.365673	55.999997	61.845000
1072.650765	889.370604	55.999999	61.837000
1072.650768	889.375583	56.000002	61.826000
1072.650775	889.380603	56.000001	61.817000
1072.650774	889.385828	56.000001	61.812000
1072.650776	889.390663	56.000000	61.807000
1072.650771	889.395823	55.999998	61.802000
1072.650769	889.400589	55.999999	61.797000
1072.650774	889.405616	55.999999	61.795000
1072.650777	889.410633	56.000003	61.798000
1072.650778	889.416216	55.999998	61.812000
1072.650768	889.421022	55.999996	61.828000
1072.650764	889.426028	56.000001	61.842000
1072.650768	889.431211	55.999997	61.847000
1072.650770	889.435832	56.000002	61.847000
1072.650772	889.440831	55.999998	61.845000
1072.650771	889.446019	56.000000	61.843000
1072.650771	889.450808	56.000000	61.844000
1072.650772	889.455804	55.999999	61.846000
1072.650771	889.460835	56.000002	61.846000
1072.650773	889.465845	55.999998	61.846000
1072.650773	889.470817	55.999998	61.844000
1072.650770	889.475802	56.000002	61.840000
1072.650767	889.480815	56.000000	61.835000
1072.650768	889.485822	55.999997	61.829000
1072.650773	889.491237	55.999997	61.825000
1072.650775	889.496226	56.000002	61.825000
1072.650774	889.501213	56.000001	61.831000
1072.650770	889.506219	55.999997	61.840000
1072.650768	889.511024	55.999998	61.847000
1072.650770	889.516014	56.000001	61.848000
1072.650771	889.521019	56.000001	61.845000
1072.650770	889.526021	55.999998	61.839000
1072.650771	889.531026	56.000002	61.831000
1072.650770	889.536014	55.999998	61.824000
1072.650770	889.541002	56.000001	61.818000
1072.650768	889.546214	55.999998	61.814000
1072.650772	889.551022	56.000000	61.812000
1072.650771	889.556016	55.999999	61.811000
1072.650770	889.561002	56.000003	61.810000
1072.650770	889.566208	56.000000	61.809000
1072.650773	889.571223	56.000000	61.807000
1072.650769	889.576420	56.000001	61.803000
1072.650773	889.581200	56.000001	61.798000
1072.650768	889.586208	55.999998	61.793000
1072.650769	889.591220	56.000002	61.791000
1072.650773	889.596224	56.000000	61.791000
1072.650766	889.601214	56.000000	61.795000
1072.650771	889.606210	56.000001	61.803000
1072.650768	889.611218	55.999999	61.812000
1072.650770	889.616211	56.000000	61.820000
1072.650770	889.621203	56.000000	61.826000
1072.650768	889.626218	55.999999	61.829000
1072.650771	889.631221	55.999999	61.834000
1072.650769	889.636204	56.000001	61.840000
1072.650771	889.641200	56.000000	61.847000
1072.650764	889.646420	55.999999	61.851000
1072.650767	889.651226	56.000000	61.851000
1072.650772	889.656404	55.999998	61.848000
1072.650771	889.661195	56.000001	61.843000
1072.650768	889.666418	56.000002	61.836000
1072.650768	889.671224	56.000001	61.828000
1072.650767	889.676412	56.000001	61.821000
1072.650772	889.681209	56.000002	61.813000
1072.650768	889.686223	55.999999	61.806000
1072.650772	889.691234	56.000001	61.800000
1072.650768	889.696217	55.999998	61.796000
1072.650772	889.701210	56.000001	61.797000
1072.650765	889.706219	55.999999	61.804000
1072.650770	889.711239	56.000001	61.815000
1072.650771	889.716625	55.999999	61.826000
1072.650768	889.721404	56.000000	61.830000
1072.650768	889.726619	55.999999	61.830000
1072.650770	889.731429	56.000001	61.826000
1072.650769	889.736425	56.000000	61.822000
1072.650766	889.741410	56.000000	61.822000
1072.650767	889.746419	55.999999	61.828000
1072.650769	889.751425	55.999999	61.838000
1072.650771	889.756620	56.000001	61.847000
1072.650768	889.761401	56.000000	61.853000
1072.650767	889.766414	56.000001	61.854000
1072.650768	889.771226	56.000002	61.851000
1072.650770	889.776415	56.000001	61.845000
1072.650771	889.781402	55.999999	61.838000
1072.650775	889.786613	56.000002	61.831000
1072.650768	889.792032	55.999999	61.823000
1072.650771	889.796823	55.999998	61.816000
1072.650770	889.802214	56.000001	61.810000
1072.650771	889.806829	55.999998	61.805000
1072.650770	889.811622	56.000000	61.801000
1072.650769	889.816633	56.000001	61.799000
1072.650771	889.821614	56.000000	61.798000
1072.650767	889.826618	55.999999	61.800000
1072.650767	889.831623	56.000001	61.806000
1072.650770	889.836622	56.000000	61.818000
1072.650774	889.841618	56.000001	61.831000
1072.650767	889.846628	55.999999	61.844000
1072.650771	889.851766	56.000000	61.852000
1072.650765	889.856608	56.000002	61.854000
1072.650765	889.861643	55.999998	61.851000
1072.650768	889.867049	56.000001	61.845000
1072.650777	889.872237	55.999999	61.838000
1072.650772	889.876990	56.000001	61.831000
1072.650772	889.881980	55.999998	61.826000
1072.650769	889.886829	55.999999	61.821000
1072.650768	889.891854	56.000001	61.815000
1072.650771	889.896832	56.000000	61.811000
1072.650769	889.901793	55.999999	61.807000
1072.650770	889.906800	56.000001	61.805000
1072.650770	889.911819	55.999999	61.804000
1072.650769	889.916632	55.999998	61.804000
1072.650769	889.921811	55.999999	61.804000
1072.650772	889.926817	55.999997	61.801000
1072.650769	889.932021	55.999999	61.798000
1072.650775	889.937632	56.000001	61.796000
1072.650773	889.942206	55.999999	61.798000
1072.650768	889.947207	56.000003	61.804000
1072.650772	889.952432	55.999998	61.813000
1072.650771	889.957225	55.999998	61.823000
1072.650769	889.962012	55.999999	61.828000
1072.650771	889.967019	56.000001	61.830000
1072.650773	889.972020	55.999998	61.828000
1072.650764	889.977010	56.000001	61.825000
1072.650769	889.981994	56.000000	61.820000
1072.650770	889.987012	55.999998	61.815000
1072.650767	889.992026	56.000002	61.809000
1072.650772	889.997205	56.000000	61.805000
1072.650773	890.001796	55.999999	61.803000
1072.650768	890.007005	55.999998	61.807000
1072.650770	890.012432	56.000001	61.818000
1072.650773	890.017622	56.000000	61.826000
1072.650776	890.022408	56.000001	61.828000
1072.650772	890.027410	55.999998	61.824000
1072.650769	890.032435	56.000002	61.818000
1072.650771	890.037416	55.999998	61.814000
1072.650773	890.042203	56.000000	61.813000
1072.650766	890.047423	55.999999	61.817000
1072.650774	890.052242	56.000001	61.823000
1072.650771	890.057226	56.000000	61.826000
1072.650773	890.062209	55.999999	61.824000
1072.650772	890.067218	56.000002	61.817000
1072.650775	890.072049	56.000001	61.807000
1072.650774	890.077230	56.000002	61.797000
1072.650771	890.082412	56.000001	61.788000
1072.650768	890.087424	56.000000	61.782000
1072.650770	890.092664	55.999999	61.779000
1072.650766	890.097631	56.000000	61.777000
1072.650768	890.102570	56.000001	61.776000
1072.650774	890.107421	56.000000	61.775000
1072.650777	890.112434	56.000000	61.776000
1072.650768	890.117437	55.999999	61.780000
1072.650770	890.122445	56.000002	61.786000
1072.650771	890.127424	55.999999	61.794000
1072.650772	890.132412	56.000000	61.801000
1072.650765	890.137437	56.000000	61.806000
1072.650770	890.142422	56.000000	61.809000
1072.650774	890.147433	55.999999	61.810000
1072.650769	890.152462	56.000000	61.810000
1072.650765	890.157422	55.999999	61.812000
1072.650765	890.162814	56.000000	61.815000
1072.650775	890.168008	56.000001	61.822000
1072.650768	890.173038	56.000001	61.831000
1072.650765	890.177844	56.000000	61.839000
1072.650769	890.182624	56.000000	61.841000
1072.650775	890.187821	55.999999	61.839000
1072.650767	890.192828	56.000000	61.835000
1072.650770	890.197621	55.999999	61.830000
1072.650769	890.202612	56.000002	61.825000
1072.650775	890.207625	55.999998	61.820000
1072.650771	890.212639	56.000002	61.814000
1072.650771	890.217634	55.999999	61.808000
1072.650764	890.222805	56.000000	61.802000
1072.650770	890.227608	56.000001	61.795000
1072.650766	890.232831	55.999998	61.790000
1072.650769	890.238031	55.999999	61.787000
1072.650771	890.243222	55.999999	61.787000
1072.650770	890.247817	56.000000	61.791000
1072.650765	890.253033	56.000002	61.798000
1072.650768	890.257815	56.000002	61.807000
1072.650770	890.263001	56.000002	61.816000
1072.650764	890.267809	56.000002	61.824000
1072.650770	890.272835	56.000000	61.827000
1072.650767	890.277831	55.999999	61.825000
1072.650768	890.283003	55.999998	61.820000
1072.650766	890.287803	55.999998	61.815000
1072.650768	890.292820	55.999997	61.807000
1072.650764	890.297821	56.000003	61.798000
1072.650770	890.303018	56.000000	61.791000
1072.650766	890.307808	56.000002	61.786000
1072.650768	890.313220	55.999999	61.786000
1072.650770	890.318218	56.000001	61.788000
1072.650772	890.323203	56.000000	61.793000
1072.650771	890.328005	56.000002	61.800000
1072.650769	890.333027	55.999997	61.808000
1072.650774	890.338028	55.999998	61.817000
1072.650767	890.342999	56.000002	61.825000
1072.650767	890.348004	55.999999	61.833000
1072.650769	890.353024	56.000003	61.839000
1072.650770	890.358033	55.999998	61.842000
1072.650765	890.363211	56.000000	61.842000
1072.650769	890.367807	56.000002	61.841000
1072.650771	890.373019	55.999998	61.840000
1072.650770	890.377827	56.000001	61.841000
1072.650770	890.383207	56.000001	61.841000
1072.650771	890.388212	55.999998	61.839000
1072.650774	890.393426	55.999999	61.835000
1072.650769	890.398427	55.999998	61.828000
1072.650765	890.403618	55.999999	61.820000
1072.650771	890.408415	55.999998	61.811000
1072.650772	890.413231	55.999998	61.802000
1072.650773	890.418240	56.000003	61.797000
1072.650767	890.423213	55.999999	61.793000
1072.650767	890.428214	56.000000	61.791000
1072.650767	890.433232	56.000002	61.789000
1072.650768	890.438228	56.000001	61.787000
1072.650768	890.443219	55.999998	61.785000
1072.650771	890.448419	56.000000	61.782000
1072.650770	890.453233	55.999999	61.781000
1072.650768	890.458234	56.000000	61.781000
1072.650768	890.463621	56.000000	61.782000
1072.650767	890.468618	55.999999	61.784000
1072.650771	890.473633	56.000001	61.784000
1072.650773	890.478631	56.000002	61.784000
1072.650769	890.483416	56.000001	61.789000
1072.650774	890.488415	55.999998	61.802000
1072.650773	890.493423	56.000003	61.818000
1072.650770	890.498425	56.000000	61.834000
1072.650770	890.503419	55.999998	61.844000
1072.650772	890.508409	56.000002	61.848000
1072.650775	890.513627	56.000002	61.849000
1072.650770	890.518227	55.999999	61.846000
1072.650772	890.523412	55.999998	61.842000
1072.650769	890.528406	56.000002	61.835000
1072.650771	890.533424	55.999999	61.827000
1072.650769	890.538831	56.000002	61.819000
1072.650769	890.543821	55.999998	61.814000
1072.650771	890.548811	55.999999	61.812000
1072.650774	890.553831	55.999999	61.813000
1072.650773	890.558627	55.999999	61.816000
1072.650768	890.563819	55.999998	61.818000
1072.650769	890.568615	55.999998	61.819000
1072.650769	890.573630	56.000000	61.820000
1072.650773	890.578636	56.000002	61.822000
1072.650772	890.583634	55.999999	61.827000
1072.650772	890.588420	56.000000	61.833000
1072.650771	890.593626	56.000001	61.838000
1072.650772	890.598618	56.000000	61.839000
1072.650771	890.603630	56.000000	61.836000
1072.650772	890.609029	56.000001	61.832000
1072.650769	890.613838	56.000000	61.826000
1072.650766	890.619230	55.999999	61.820000
1072.650768	890.624027	55.999999	61.815000
1072.650774	890.628814	55.999999	61.812000
1072.650774	890.633829	56.000002	61.811000
1072.650774	890.639029	56.000000	61.813000
1072.650772	890.643825	56.000000	61.817000
1072.650772	890.648820	55.999999	61.821000
1072.650771	890.653823	55.999999	61.825000
1072.650774	890.658828	56.000000	61.827000
1072.650770	890.663820	55.999999	61.825000
1072.650774	890.668814	56.000000	61.822000
1072.650771	890.673828	56.000000	61.816000
1072.650774	890.679027	56.000000	61.810000
1072.650769	890.683823	55.999999	61.805000
1072.650769	890.689209	55.999998	61.803000
1072.650774	890.694231	56.000002	61.802000
1072.650769	890.699431	55.999999	61.803000
1072.650769	890.704237	56.000001	61.803000
1072.650769	890.709221	56.000001	61.801000
1072.650775	890.714031	56.000001	61.799000
1072.650774	890.719031	55.999999	61.797000
1072.650772	890.724035	56.000001	61.796000
1072.650767	890.729017	55.999999	61.795000
1072.650769	890.734226	55.999998	61.794000
1072.650767	890.739040	56.000001	61.790000
1072.650768	890.744232	56.000000	61.784000
1072.650770	890.749021	56.000000	61.776000
1072.650769	890.754035	56.000000	61.769000
1072.650772	890.758833	56.000000	61.763000
1072.650770	890.764231	56.000000	61.760000
1072.650768	890.769212	55.999999	61.760000
1072.650768	890.774231	55.999999	61.763000
1072.650770	890.779235	56.000001	61.768000
1072.650769	890.784030	56.000000	61.775000
1072.650769	890.789018	56.000000	61.783000
1072.650768	890.794040	55.999999	61.795000
1072.650770	890.799235	55.999999	61.810000
1072.650769	890.804031	55.999998	61.825000
1072.650770	890.809022	56.000001	61.839000
1072.650771	890.814041	56.000000	61.847000
1072.650772	890.819041	56.000000	61.852000
1072.650769	890.824026	55.999999	61.854000
1072.650771	890.828824	56.000001	61.854000
1072.650768	890.833830	55.999998	61.850000
1072.650766	890.839440	56.000001	61.844000
1072.650768	890.844432	55.999999	61.837000
1072.650770	890.849219	55.999999	61.829000
1072.650767	890.854427	55.999999	61.821000
1072.650769	890.859437	56.000001	61.815000
1072.650769	890.864433	56.000000	61.809000
1072.650768	890.869224	56.000000	61.805000
1072.650775	890.874231	56.000000	61.806000
1072.650769	890.879437	56.000001	61.809000
1072.650771	890.884237	56.000002	61.812000
1072.650771	890.889022	56.000001	61.812000
1072.650765	890.894228	56.000002	61.810000
1072.650771	890.899235	55.999999	61.808000
1072.650770	890.904233	55.999999	61.805000
1072.650773	890.909615	55.999999	61.804000
1072.650767	890.914429	55.999999	61.804000
1072.650771	890.919621	55.999999	61.803000
1072.650763	890.924425	55.999999	61.802000
1072.650769	890.929818	56.000001	61.800000
1072.650764	890.934422	55.999998	61.798000
1072.650768	890.939628	56.000000	61.796000
1072.650770	890.944418	56.000001	61.795000
1072.650764	890.949416	55.999997	61.794000
1072.650772	890.954416	56.000001	61.794000
1072.650768	890.959426	56.000000	61.793000
1072.650766	890.964423	55.999999	61.792000
1072.650767	890.969420	55.999999	61.791000
1072.650772	890.974422	56.000002	61.788000
1072.650766	890.979422	56.000002	61.786000
1072.650772	890.984419	55.999999	61.784000
1072.650772	890.989612	55.999998	61.782000
1072.650765	890.994422	55.999998	61.781000
1072.650766	890.999624	56.000002	61.783000
1072.650769	891.004421	56.000002	61.789000
1072.650770	891.009411	55.999999	61.798000
1072.650771	891.014418	55.999999	61.808000
1072.650767	891.019419	56.000002	61.815000
1072.650768	891.024414	55.999998	61.818000
1072.650767	891.029412	55.999999	61.816000
1072.650772	891.034417	56.000002	61.810000
1072.650774	891.039422	56.000000	61.803000
1072.650766	891.044418	55.999997	61.795000
1072.650769	891.049614	56.000003	61.788000
1072.650771	891.054418	56.000002	61.782000
1072.650768	891.059809	56.000002	61.778000
1072.650768	891.064617	55.999998	61.776000
1072.650770	891.070011	55.999998	61.776000
1072.650772	891.074818	55.999998	61.778000
1072.650769	891.080016	56.000001	61.781000
1072.650767	891.084625	55.999999	61.785000
1072.650770	891.089614	56.000002	61.791000
1072.650772	891.094617	56.000000	61.798000
1072.650775	891.099618	55.999999	61.803000
1072.650770	891.104624	56.000001	61.806000
1072.650769	891.109615	56.000002	61.808000
1072.650770	891.114426	56.000000	61.808000
1072.650769	891.119622	56.000002	61.809000
1072.650766	891.124427	55.999996	61.811000
1072.650771	891.129611	56.000003	61.812000
1072.650771	891.135010	56.000002	61.810000
1072.650767	891.140008	56.000002	61.805000
1072.650769	891.144822	55.999999	61.799000
1072.650777	891.150013	55.999999	61.792000
1072.650768	891.155022	55.999997	61.788000
1072.650767	891.160011	55.999997	61.787000
1072.650772	891.164821	56.000000	61.788000
1072.650776	891.169808	55.999997	61.792000
1072.650769	891.174811	55.999998	61.796000
1072.650773	891.179811	55.999998	61.800000
1072.650770	891.184813	56.000002	61.804000
1072.650771	891.189800	56.000000	61.806000
1072.650773	891.194616	56.000002	61.808000
1072.650771	891.199814	55.999997	61.809000
1072.650768	891.204822	55.999998	61.810000
1072.650773	891.210200	55.999998	61.810000
1072.650771	891.215001	55.999999	61.811000
1072.650769	891.220200	56.000001	61.812000
1072.650769	891.225205	56.000003	61.816000
1072.650770	891.230402	55.999998	61.821000
1072.650769	891.235605	56.000001	61.825000
1072.650773	891.240009	56.000001	61.827000
1072.650772	891.245008	56.000002	61.826000
1072.650775	891.250002	56.000002	61.823000
1072.650769	891.255004	55.999997	61.821000
1072.650769	891.259998	55.999997	61.819000
1072.650770	891.265009	55.999997	61.818000
1072.650768	891.269996	56.000001	61.819000
1072.650769	891.275004	56.000000	61.820000
1072.650770	891.279999	56.000001	61.819000
1072.650769	891.285411	55.999997	61.817000
1072.650770	891.290406	55.999997	61.814000
1072.650770	891.295203	56.000000	61.810000
1072.650771	891.300594	56.000003	61.807000
1072.650771	891.305413	56.000000	61.805000
1072.650775	891.310197	55.999998	61.804000
1072.650769	891.315207	56.000000	61.806000
1072.650767	891.320209	56.000001	61.809000
1072.650771	891.325419	56.000001	61.811000
1072.650771	891.330205	56.000002	61.813000
1072.650777	891.335011	55.999997	61.812000
1072.650772	891.340210	56.000001	61.809000
1072.650775	891.345221	55.999999	61.805000
1072.650769	891.350212	56.000000	61.800000
1072.650770	891.355213	56.000001	61.795000
1072.650771	891.360614	55.999997	61.793000
1072.650770	891.365423	56.000003	61.795000
1072.650765	891.370619	55.999998	61.799000
1072.650771	891.375617	55.999998	61.804000
1072.650769	891.380812	56.000000	61.805000
1072.650771	891.385428	56.000003	61.802000
1072.650768	891.390623	55.999997	61.798000
1072.650770	891.395625	55.999998	61.795000
1072.650767	891.400416	56.000001	61.795000
1072.650771	891.405433	55.999999	61.798000
1072.650772	891.410427	56.000000	61.801000
1072.650774	891.415418	56.000002	61.801000
1072.650769	891.420415	56.000000	61.799000
1072.650771	891.425424	55.999999	61.799000
1072.650769	891.430418	55.999998	61.797000
1072.650771	891.435817	56.000002	61.788000
1072.650765	891.440812	56.000003	61.779000
1072.650769	891.446017	55.999999	61.773000
1072.650768	891.450622	55.999997	61.772000
1072.650771	891.455821	56.000002	61.777000
1072.650768	891.460813	56.000000	61.785000
1072.650769	891.465826	56.000000	61.792000
1072.650771	891.470627	55.999999	61.797000
1072.650771	891.475616	56.000001	61.802000
1072.650769	891.480615	55.999999	61.808000
1072.650766	891.485620	56.000000	61.815000
1072.650768	891.490421	56.000001	61.822000
1072.650771	891.495421	56.000000	61.827000
1072.650771	891.500605	56.000000	61.833000
1072.650775	891.505814	56.000000	61.844000
1072.650772	891.510817	56.000001	61.860000
1072.650769	891.516010	56.000000	61.871000
1072.650766	891.520998	56.000000	61.873000
1072.650774	891.526207	56.000000	61.867000
1072.650770	891.531015	56.000000	61.855000
1072.650770	891.536017	56.000000	61.842000
1072.650766	891.540805	56.000000	61.834000
1072.650767	891.545824	56.000000	61.830000
1072.650771	891.550822	55.999999	61.816000
1072.650774	891.555812	56.000001	61.804000
1072.650767	891.560809	55.999999	61.798000
1072.650767	891.565825	56.000001	61.792000
1072.650764	891.570821	56.000000	61.791000
1072.650770	891.576011	55.999999	61.796000
1072.650769	891.580802	55.999999	61.810000
1072.650768	891.586012	56.000001	61.832000
1072.650773	891.591217	55.999999	61.852000
1072.650769	891.596206	55.999999	61.864000
1072.650767	891.600991	55.999999	61.866000
1072.650770	891.606210	56.000000	61.861000
1072.650771	891.611013	56.000000	61.854000
1072.650772	891.616005	56.000000	61.846000
1072.650770	891.621001	56.000002	61.839000
1072.650771	891.626212	55.999998	61.833000
1072.650772	891.631017	56.000000	61.827000
1072.650773	891.636004	55.999999	61.822000
1072.650770	891.640999	55.999998	61.818000
1072.650768	891.646007	55.999998	61.817000
1072.650773	891.651212	56.000001	61.818000
1072.650773	891.656005	55.999998	61.820000
1072.650773	891.661393	55.999999	61.821000
1072.650772	891.666414	56.000000	61.818000
1072.650773	891.671222	56.000001	61.812000
1072.650774	891.676417	55.999999	61.802000
1072.650769	891.681202	56.000001	61.791000
1072.650771	891.686414	56.000002	61.780000
1072.650769	891.691228	56.000000	61.771000
1072.650767	891.696224	55.999998	61.768000
1072.650769	891.701209	55.999998	61.774000
1072.650775	891.706423	56.000003	61.785000
1072.650768	891.711227	55.999997	61.798000
1072.650769	891.716220	55.999999	61.805000
1072.650770	891.721209	56.000000	61.805000
1072.650771	891.726221	56.000001	61.799000
1072.650767	891.731022	55.999998	61.789000
1072.650777	891.736618	55.999999	61.777000
1072.650775	891.741608	56.000000	61.767000
1072.650770	891.746622	55.999998	61.761000
1072.650770	891.751430	56.000000	61.760000
1072.650772	891.757230	56.000000	61.764000
1072.650773	891.761410	55.999999	61.772000
1072.650767	891.766424	55.999999	61.781000
1072.650769	891.771431	56.000003	61.789000
1072.650771	891.776426	56.000002	61.794000
1072.650770	891.781409	56.000002	61.798000
1072.650769	891.786428	56.000003	61.800000
1072.650772	891.791428	56.000003	61.803000
1072.650773	891.796421	56.000001	61.806000
1072.650770	891.801408	56.000002	61.808000
1072.650772	891.806821	56.000000	61.808000
1072.650773	891.811842	56.000001	61.805000
1072.650772	891.816826	56.000002	61.802000
1072.650773	891.821607	55.999998	61.798000
1072.650770	891.826829	56.000000	61.795000
1072.650773	891.831836	55.999999	61.794000
1072.650772	891.836625	55.999998	61.794000
1072.650771	891.841809	56.000002	61.794000
1072.650769	891.846623	55.999998	61.795000
1072.650772	891.851629	55.999998	61.799000
1072.650775	891.856621	55.999999	61.806000
1072.650772	891.861600	55.999999	61.816000
1072.650765	891.866619	55.999998	61.824000
1072.650770	891.871626	55.999999	61.827000
1072.650770	891.876617	55.999999	61.825000
1072.650771	891.882000	55.999998	61.819000
1072.650770	891.887017	55.999999	61.811000
1072.650774	891.892029	56.000001	61.805000
1072.650773	891.897026	56.000000	61.798000
1072.650774	891.902002	56.000000	61.792000
1072.650771	891.906816	56.000002	61.787000
1072.650776	891.912037	55.999998	61.785000
1072.650774	891.916822	56.000001	61.785000
1072.650770	891.921802	56.000001	61.790000
1072.650766	891.926819	56.000001	61.802000
1072.650767	891.931828	56.000000	61.821000
1072.650771	891.936821	55.999999	61.839000
1072.650770	891.941810	56.000000	61.851000
1072.650770	891.946623	56.000001	61.856000
1072.650772	891.952035	56.000000	61.855000
1072.650774	891.957230	56.000001	61.849000
1072.650775	891.962213	56.000000	61.843000
1072.650771	891.967222	56.000001	61.836000
1072.650768	891.972636	55.999999	61.830000
1072.650769	891.977228	56.000001	61.825000
1072.650770	891.982213	56.000001	61.821000
1072.650771	891.987216	55.999999	61.817000
1072.650769	891.992039	55.999999	61.815000
1072.650769	891.997026	55.999998	61.815000
1072.650769	892.002008	55.999998	61.819000
1072.650770	892.007019	55.999998	61.826000
1072.650771	892.012035	55.999999	61.832000
1072.650775	892.017018	56.000000	61.835000
1072.650768	892.022007	56.000000	61.835000
1072.650767	892.027017	55.999999	61.833000
1072.650771	892.032435	56.000003	61.828000
1072.650772	892.037825	55.999999	61.825000
1072.650768	892.042414	56.000001	61.822000
1072.650771	892.047411	56.000001	61.820000
1072.650768	892.052432	56.000001	61.818000
1072.650771	892.057828	55.999999	61.815000
1072.650767	892.062216	56.000000	61.811000
1072.650773	892.067415	56.000001	61.808000
1072.650770	892.072230	55.999998	61.806000
1072.650769	892.077217	55.999998	61.807000
1072.650772	892.082199	55.999998	61.810000
1072.650771	892.087214	55.999998	61.811000
1072.650772	892.092230	55.999998	61.810000
1072.650767	892.097220	55.999998	61.806000
1072.650768	892.102609	56.000000	61.800000
1072.650768	892.107806	56.000000	61.796000
1072.650773	892.113027	56.000002	61.796000
1072.650767	892.117824	55.999999	61.801000
1072.650772	892.123209	56.000002	61.808000
1072.650769	892.128012	55.999998	61.814000
1072.650770	892.133234	55.999997	61.816000
1072.650769	892.138233	55.999998	61.813000
1072.650769	892.143018	56.000002	61.807000
1072.650773	892.148011	56.000002	61.800000
1072.650771	892.153036	56.000002	61.793000
1072.650773	892.158031	56.000002	61.787000
1072.650770	892.163016	56.000001	61.786000
1072.650769	892.167818	56.000001	61.790000
1072.650771	892.173033	56.000001	61.798000
1072.650772	892.178026	56.000002	61.809000
1072.650770	892.183417	55.999999	61.819000
1072.650772	892.188211	56.000000	61.826000
1072.650770	892.193433	56.000001	61.829000
1072.650774	892.198431	56.000001	61.829000
1072.650771	892.203423	56.000001	61.824000
1072.650773	892.208213	55.999999	61.818000
1072.650771	892.213433	56.000001	61.812000
1072.650770	892.218231	56.000000	61.807000
1072.650770	892.223228	56.000001	61.803000
1072.650770	892.228218	56.000000	61.802000
1072.650773	892.233235	56.000001	61.801000
1072.650771	892.238233	56.000000	61.802000
1072.650771	892.243219	56.000001	61.805000
1072.650773	892.248017	56.000000	61.809000
1072.650773	892.253833	56.000001	61.813000
1072.650772	892.258631	56.000000	61.817000
1072.650765	892.263624	55.999999	61.820000
1072.650773	892.268422	56.000000	61.820000
1072.650768	892.273831	55.999999	61.818000
1072.650774	892.278630	55.999999	61.815000
1072.650771	892.283623	56.000000	61.811000
1072.650772	892.288419	56.000000	61.807000
1072.650774	892.293428	56.000001	61.804000
1072.650771	892.298428	55.999999	61.803000
1072.650772	892.303416	56.000001	61.804000
1072.650772	892.308410	56.000000	61.806000
1072.650776	892.313427	55.999999	61.811000
1072.650775	892.318429	55.999999	61.818000
1072.650769	892.323421	56.000001	61.828000
1072.650766	892.328215	56.000001	61.840000
1072.650771	892.334025	55.999999	61.851000
1072.650771	892.338829	56.000000	61.857000
1072.650770	892.343818	56.000001	61.859000
1072.650768	892.348615	56.000000	61.856000
1072.650768	892.353835	56.000000	61.849000
1072.650769	892.358631	55.999999	61.840000
1072.650773	892.363622	56.000000	61.831000
1072.650773	892.368612	56.000000	61.822000
1072.650768	892.373832	56.000000	61.814000
1072.650771	892.379029	56.000000	61.809000
1072.650769	892.383630	55.999999	61.805000
1072.650772	892.388619	56.000000	61.805000
1072.650773	892.393633	56.000000	61.807000
1072.650770	892.398832	56.000000	61.811000
1072.650770	892.403625	56.000000	61.815000
1072.650770	892.409019	55.999999	61.818000
1072.650769	892.414031	56.000000	61.818000
1072.650768	892.419230	56.000001	61.817000
1072.650768	892.424024	56.000001	61.816000
1072.650768	892.429022	55.999999	61.814000
1072.650771	892.434030	56.000000	61.812000
1072.650772	892.439236	56.000001	61.809000
1072.650769	892.443833	56.000001	61.806000
1072.650770	892.448821	56.000000	61.806000
1072.650770	892.453834	56.000000	61.809000
1072.650768	892.458836	56.000000	61.815000
1072.650772	892.463824	56.000000	61.821000
1072.650772	892.468621	56.000000	61.823000
1072.650768	892.473829	56.000000	61.823000
1072.650771	892.478831	56.000000	61.819000
1072.650772	892.484019	56.000000	61.813000
1072.650768	892.488810	56.000000	61.806000
1072.650767	892.494019	56.000000	61.800000
1072.650769	892.499023	56.000000	61.795000
1072.650767	892.504013	56.000000	61.791000
1072.650769	892.508811	56.000000	61.786000
1072.650777	892.514027	56.000000	61.782000
1072.650771	892.518831	56.000000	61.777000
1072.650768	892.523829	56.000000	61.775000
1072.650768	892.528813	56.000000	61.776000
1072.650770	892.533833	56.000000	61.784000
1072.650765	892.538830	56.000001	61.796000
1072.650771	892.543834	56.000000	61.808000
1072.650768	892.548818	56.000001	61.818000
1072.650769	892.553837	55.999999	61.825000
1072.650771	892.559237	56.000000	61.829000
1072.650768	892.564235	55.999999	61.829000
1072.650770	892.569225	56.000001	61.826000
1072.650770	892.574234	55.999999	61.822000
1072.650769	892.579236	56.000002	61.817000
1072.650770	892.584432	55.999999	61.812000
1072.650769	892.589017	56.000000	61.808000
1072.650770	892.594422	56.000002	61.805000
1072.650773	892.599029	55.999998	61.804000
1072.650768	892.604023	55.999998	61.805000
1072.650767	892.609015	56.000000	61.807000
1072.650768	892.614028	56.000002	61.811000
1072.650772	892.619036	56.000001	61.814000
1072.650770	892.624026	56.000002	61.817000
1072.650766	892.629415	56.000003	61.818000
1072.650770	892.634426	56.000003	61.819000
1072.650770	892.639423	56.000003	61.819000
1072.650768	892.644425	56.000003	61.820000
1072.650774	892.649409	56.000003	61.820000
1072.650772	892.654416	56.000003	61.820000
1072.650774	892.659221	55.999998	61.820000
1072.650768	892.664214	55.999998	61.819000
1072.650772	892.669205	55.999997	61.818000
1072.650771	892.674214	55.999997	61.817000
1072.650773	892.679412	56.000003	61.817000
1072.650769	892.684219	55.999997	61.816000
1072.650771	892.689200	55.999997	61.815000
1072.650771	892.694212	55.999996	61.813000
1072.650771	892.699218	55.999996	61.809000
1072.650771	892.704414	56.000003	61.805000
1072.650769	892.709802	55.999999	61.801000
1072.650772	892.714416	56.000004	61.799000
1072.650773	892.719607	55.999997	61.797000
1072.650769	892.724412	56.000003	61.796000
1072.650771	892.729598	55.999997	61.796000
1072.650770	892.734410	56.000002	61.795000
1072.650766	892.739611	55.999998	61.796000
1072.650770	892.744419	55.999999	61.797000
1072.650771	892.749405	55.999998	61.800000
1072.650775	892.754420	56.000001	61.803000
1072.650767	892.759421	55.999999	61.806000
1072.650771	892.764418	56.000002	61.809000
1072.650772	892.769210	56.000002	61.810000
1072.650770	892.774417	55.999999	61.811000
1072.650771	892.779813	56.000000	61.811000
1072.650772	892.784823	55.999999	61.811000
1072.650774	892.789809	56.000001	61.809000
1072.650766	892.794615	56.000001	61.807000
1072.650767	892.799817	56.000001	61.805000
1072.650770	892.804624	56.000001	61.802000
1072.650771	892.809609	56.000002	61.799000
1072.650773	892.814613	55.999998	61.796000
1072.650772	892.819816	56.000001	61.793000
1072.650773	892.824626	56.000002	61.789000
1072.650768	892.829616	55.999999	61.786000
1072.650770	892.834615	55.999998	61.783000
1072.650773	892.839622	55.999997	61.782000
1072.650769	892.844421	56.000002	61.783000
1072.650770	892.849613	55.999997	61.785000
1072.650773	892.854811	56.000003	61.787000
1072.650770	892.859820	56.000003	61.790000
1072.650768	892.865025	55.999997	61.793000
1072.650769	892.870018	55.999998	61.797000
1072.650770	892.875018	55.999998	61.801000
1072.650777	892.880018	56.000001	61.806000
1072.650773	892.885024	56.000003	61.810000
1072.650769	892.889813	55.999999	61.812000
1072.650770	892.894815	56.000002	61.814000
1072.650773	892.899822	56.000002	61.815000
1072.650773	892.905027	55.999998	61.816000
1072.650770	892.909817	55.999998	61.818000
1072.650772	892.914622	55.999998	61.821000
1072.650767	892.919627	56.000001	61.822000
1072.650769	892.924627	56.000000	61.823000
1072.650771	892.930022	55.999998	61.824000
1072.650768	892.935222	56.000003	61.826000
1072.650775	892.940227	55.999998	61.831000
1072.650769	892.945030	55.999999	61.837000
1072.650772	892.950018	56.000001	61.840000
1072.650767	892.955222	56.000001	61.840000
1072.650774	892.960026	56.000000	61.837000
1072.650768	892.965025	56.000000	61.832000
1072.650772	892.970019	55.999999	61.827000
1072.650774	892.975023	56.000000	61.822000
1072.650771	892.980033	56.000000	61.818000
1072.650769	892.985033	56.000000	61.815000
1072.650770	892.989827	56.000000	61.812000
1072.650772	892.995026	55.999999	61.809000
1072.650772	893.000034	56.000000	61.806000
1072.650768	893.005032	56.000001	61.802000
1072.650770	893.010235	56.000000	61.799000
1072.650772	893.015232	56.000000	61.799000
1072.650767	893.020030	56.000002	61.802000
1072.650771	893.025227	56.000001	61.807000
1072.650769	893.030627	56.000003	61.812000
1072.650777	893.035026	56.000002	61.815000
1072.650769	893.040225	55.999999	61.815000
1072.650767	893.045030	55.999996	61.814000
1072.650769	893.050020	55.999996	61.813000
1072.650771	893.055022	55.999999	61.814000
1072.650772	893.060022	56.000001	61.814000
1072.650769	893.065023	56.000001	61.813000
1072.650772	893.070017	55.999998	61.810000
1072.650770	893.074820	56.000003	61.804000
1072.650769	893.080415	55.999999	61.797000
1072.650767	893.085421	55.999996	61.792000
1072.650772	893.090412	55.999996	61.792000
1072.650771	893.095812	55.999998	61.796000
1072.650773	893.100417	56.000000	61.804000
1072.650768	893.105427	56.000003	61.811000
1072.650769	893.110219	55.999997	61.815000
1072.650767	893.115221	55.999999	61.817000
1072.650771	893.120219	56.000000	61.818000
1072.650768	893.125219	56.000004	61.818000
1072.650770	893.130220	56.000003	61.816000
1072.650770	893.135207	56.000001	61.813000
1072.650770	893.140409	56.000002	61.808000
1072.650771	893.145214	55.999998	61.803000
1072.650773	893.150212	56.000001	61.797000
1072.650769	893.155607	55.999997	61.794000
1072.650769	893.160603	56.000000	61.793000
1072.650768	893.165618	56.000003	61.796000
1072.650770	893.170412	56.000000	61.800000
1072.650767	893.175409	56.000003	61.804000
1072.650771	893.180995	56.000000	61.807000
1072.650771	893.185413	56.000000	61.808000
1072.650773	893.190810	56.000000	61.809000
1072.650764	893.195405	55.999998	61.811000
1072.650769	893.200403	56.000003	61.812000
1072.650767	893.205412	56.000003	61.814000
1072.650771	893.210404	56.000000	61.816000
1072.650769	893.215401	55.999997	61.819000
1072.650767	893.220396	55.999998	61.822000
1072.650766	893.225412	56.000002	61.824000
1072.650770	893.230602	55.999997	61.827000
1072.650766	893.235798	56.000003	61.829000
1072.650768	893.240785	56.000000	61.831000
1072.650770	893.245612	56.000003	61.833000
1072.650769	893.250807	55.999999	61.833000
1072.650771	893.255802	56.000003	61.832000
1072.650765	893.260598	56.000003	61.829000
1072.650771	893.265615	56.000001	61.824000
1072.650769	893.270606	55.999996	61.818000
1072.650769	893.275606	55.999999	61.813000
1072.650771	893.280596	56.000004	61.810000
1072.650769	893.285813	55.999997	61.809000
1072.650766	893.290602	55.999996	61.812000
1072.650767	893.295607	55.999999	61.816000
1072.650765	893.300597	56.000003	61.819000
1072.650768	893.306011	56.000001	61.822000
1072.650766	893.310804	56.000004	61.823000
1072.650771	893.315799	55.999999	61.824000
1072.650771	893.320992	56.000004	61.826000
1072.650771	893.326204	55.999999	61.829000
1072.650770	893.330803	55.999999	61.831000
1072.650764	893.335804	55.999997	61.833000
1072.650767	893.340597	55.999996	61.835000
1072.650765	893.345614	55.999999	61.837000
1072.650771	893.350608	56.000003	61.839000
1072.650769	893.355613	55.999997	61.840000
1072.650767	893.360602	55.999997	61.839000
1072.650769	893.365610	56.000002	61.838000
1072.650770	893.370418	56.000001	61.834000
1072.650769	893.375417	56.000002	61.829000
1072.650770	893.380807	56.000000	61.824000
1072.650772	893.386223	56.000000	61.819000
1072.650772	893.391026	56.000002	61.817000
1072.650769	893.396016	55.999997	61.819000
1072.650775	893.401201	56.000002	61.826000
1072.650765	893.405818	56.000000	61.833000
1072.650769	893.411029	55.999997	61.837000
1072.650771	893.415813	56.000000	61.836000
1072.650768	893.420808	55.999997	61.832000
1072.650766	893.425824	56.000003	61.825000
1072.650766	893.430827	56.000000	61.818000
1072.650773	893.435819	55.999997	61.812000
1072.650770	893.440807	56.000003	61.807000
1072.650766	893.445825	55.999999	61.806000
1072.650768	893.451031	56.000003	61.807000
1072.650767	893.456219	55.999999	61.811000
1072.650770	893.461010	55.999998	61.813000
1072.650773	893.466219	55.999998	61.814000
1072.650773	893.471436	56.000003	61.813000
1072.650778	893.476225	56.000003	61.813000
1072.650773	893.481012	56.000003	61.811000
1072.650772	893.486019	55.999998	61.810000
1072.650767	893.491028	55.999998	61.809000
1072.650771	893.496020	56.000003	61.807000
1072.650771	893.501005	55.999999	61.805000
1072.650770	893.506020	55.999996	61.803000
1072.650768	893.511030	56.000002	61.800000
1072.650771	893.516216	55.999997	61.796000
1072.650769	893.521009	55.999997	61.792000
1072.650771	893.526016	56.000002	61.786000
1072.650770	893.531226	55.999997	61.781000
1072.650775	893.536414	55.999999	61.778000
1072.650774	893.541401	55.999997	61.779000
1072.650767	893.546412	56.000003	61.783000
1072.650773	893.551225	56.000003	61.788000
1072.650773	893.556616	56.000002	61.793000
1072.650768	893.561400	56.000001	61.798000
1072.650770	893.566215	56.000003	61.802000
1072.650769	893.571221	55.999997	61.807000
1072.650773	893.576216	55.999999	61.812000
1072.650768	893.581202	56.000002	61.818000
1072.650770	893.586215	55.999997	61.822000
1072.650774	893.591024	55.999999	61.824000
1072.650774	893.596210	56.000002	61.823000
1072.650772	893.601398	56.000002	61.821000
1072.650771	893.606611	55.999996	61.818000
1072.650776	893.611422	55.999999	61.817000
1072.650772	893.616615	56.000001	61.818000
1072.650771	893.621396	55.999998	61.821000
1072.650774	893.626408	56.000003	61.824000
1072.650773	893.631422	55.999998	61.825000
1072.650774	893.636808	55.999998	61.822000
1072.650769	893.641384	56.000002	61.819000
1072.650772	893.646395	56.000001	61.816000
1072.650773	893.651409	55.999997	61.815000
1072.650776	893.656395	56.000002	61.816000
1072.650768	893.661577	55.999997	61.818000
1072.650767	893.666595	55.999999	61.821000
1072.650775	893.671197	56.000000	61.824000
1072.650768	893.676797	55.999998	61.825000
1072.650768	893.682183	55.999997	61.826000
1072.650767	893.686790	56.000003	61.826000
1072.650764	893.691806	56.000000	61.826000
1072.650772	893.696804	55.999997	61.825000
1072.650768	893.701782	55.999999	61.822000
1072.650770	893.706603	55.999998	61.818000
1072.650771	893.711615	56.000002	61.813000
1072.650769	893.716605	56.000002	61.809000
1072.650771	893.721586	55.999997	61.805000
1072.650773	893.726603	55.999997	61.802000
1072.650772	893.731621	56.000001	61.802000
1072.650772	893.736618	56.000001	61.802000
1072.650769	893.741594	55.999998	61.804000
1072.650776	893.746607	56.000002	61.805000
1072.650770	893.751817	56.000000	61.804000
1072.650771	893.757010	55.999998	61.801000
1072.650767	893.761993	55.999999	61.798000
1072.650769	893.767014	56.000002	61.796000
1072.650765	893.772018	55.999998	61.795000
1072.650764	893.777018	55.999997	61.797000
1072.650769	893.781790	55.999999	61.802000
1072.650767	893.787205	55.999998	61.808000
1072.650772	893.791818	56.000002	61.814000
1072.650772	893.796812	55.999997	61.819000
1072.650767	893.801795	56.000002	61.823000
1072.650770	893.806814	56.000001	61.823000
1072.650770	893.812034	56.000002	61.822000
1072.650771	893.816821	56.000001	61.819000
1072.650773	893.821800	55.999998	61.816000
1072.650764	893.827215	55.999999	61.814000
1072.650771	893.832226	56.000000	61.812000
1072.650771	893.837220	55.999998	61.811000
1072.650768	893.842199	56.000000	61.810000
1072.650768	893.847213	56.000000	61.807000
1072.650772	893.852226	56.000001	61.804000
1072.650772	893.857020	56.000001	61.800000
1072.650769	893.862000	55.999999	61.797000
1072.650767	893.867017	56.000000	61.795000
1072.650767	893.872033	56.000000	61.795000
1072.650773	893.877225	56.000000	61.795000
1072.650770	893.882204	56.000000	61.796000
1072.650769	893.887220	56.000000	61.796000
1072.650767	893.892038	55.999999	61.796000
1072.650769	893.897035	56.000001	61.798000
1072.650770	893.902418	56.000000	61.803000
1072.650771	893.907625	56.000000	61.810000
1072.650763	893.912444	56.000000	61.817000
1072.650769	893.917434	56.000000	61.821000
1072.650768	893.922416	56.000000	61.822000
1072.650769	893.927423	55.999999	61.820000
1072.650771	893.932442	56.000000	61.817000
1072.650772	893.937428	56.000000	61.815000
1072.650768	893.942206	56.000000	61.812000
1072.650766	893.947424	56.000000	61.811000
1072.650767	893.952442	56.000000	61.809000
1072.650772	893.957233	56.000001	61.809000
1072.650769	893.962210	55.999999	61.808000
1072.650769	893.967224	56.000001	61.808000
1072.650766	893.972243	55.999999	61.809000
1072.650764	893.977636	55.999999	61.810000
1072.650769	893.982615	56.000001	61.811000
1072.650770	893.987624	56.000002	61.813000
1072.650773	893.992839	56.000001	61.814000
1072.650772	893.997634	55.999998	61.816000
1072.650767	894.002611	56.000000	61.817000
1072.650770	894.007615	56.000002	61.816000
1072.650768	894.012436	56.000000	61.814000
1072.650769	894.017429	56.000003	61.811000
1072.650767	894.022412	56.000003	61.807000
1072.650767	894.027621	55.999998	61.803000
1072.650769	894.032441	55.999999	61.800000
1072.650771	894.037631	55.999998	61.798000
1072.650767	894.042405	56.000000	61.798000
1072.650770	894.047414	55.999999	61.799000
1072.650774	894.052836	56.000002	61.801000
1072.650767	894.057624	56.000000	61.802000
1072.650770	894.062819	56.000002	61.804000
1072.650770	894.067624	56.000002	61.807000
1072.650766	894.072645	55.999999	61.811000
1072.650774	894.077833	56.000003	61.814000
1072.650768	894.082616	55.999997	61.815000
1072.650770	894.087619	55.999998	61.816000
1072.650773	894.092842	56.000003	61.815000
1072.650773	894.097834	56.000002	61.815000
1072.650771	894.102813	56.000002	61.815000
1072.650769	894.107617	55.999997	61.817000
1072.650771	894.112638	55.999997	61.819000
1072.650772	894.117625	55.999997	61.824000
1072.650768	894.122798	55.999999	61.828000
1072.650771	894.127801	56.000001	61.830000
1072.650771	894.133023	56.000000	61.829000
1072.650771	894.138019	55.999999	61.825000
1072.650768	894.143212	55.999999	61.820000
1072.650771	894.147812	56.000002	61.814000
1072.650772	894.152829	56.000001	61.808000
1072.650772	894.158025	56.000001	61.805000
1072.650774	894.162804	56.000001	61.804000
1072.650772	894.167802	56.000000	61.804000
1072.650774	894.172822	55.999999	61.806000
1072.650764	894.177818	56.000002	61.810000
1072.650769	894.185217	55.999999	61.816000
1072.650773	894.188006	55.999999	61.826000
1072.650770	894.192820	56.000002	61.835000
1072.650768	894.198016	55.999999	61.839000
1072.650770	894.203405	56.000002	61.838000
1072.650773	894.208195	55.999999	61.834000
1072.650767	894.213211	56.000000	61.829000
1072.650771	894.218411	56.000001	61.824000
1072.650771	894.223401	55.999999	61.822000
1072.650767	894.228397	56.000000	61.822000
1072.650767	894.233420	56.000002	61.823000
1072.650771	894.238415	56.000002	61.826000
1072.650766	894.243192	56.000001	61.828000
1072.650769	894.248194	56.000001	61.827000
1072.650771	894.253215	55.999999	61.824000
1072.650771	894.258209	56.000000	61.820000
1072.650772	894.263204	56.000000	61.817000
1072.650770	894.268192	55.999998	61.817000
1072.650769	894.273420	56.000002	61.820000
1072.650769	894.278614	55.999998	61.824000
1072.650773	894.283603	55.999998	61.827000
1072.650766	894.288599	55.999998	61.829000
1072.650771	894.293825	56.000001	61.827000
1072.650766	894.298623	55.999999	61.824000
1072.650766	894.303613	56.000001	61.818000
1072.650766	894.308411	56.000001	61.811000
1072.650765	894.313629	56.000000	61.804000
1072.650771	894.318430	56.000000	61.798000
1072.650771	894.323413	56.000000	61.792000
1072.650769	894.328411	56.000000	61.789000
1072.650775	894.333435	56.000000	61.789000
1072.650772	894.338435	56.000000	61.791000
1072.650770	894.343422	56.000000	61.797000
1072.650768	894.348420	56.000000	61.805000
1072.650765	894.353833	56.000001	61.814000
1072.650768	894.358836	56.000001	61.820000
1072.650768	894.363826	56.000000	61.823000
1072.650780	894.364729	56.000001	61.824000
