983.066890	938.191569	56.000000	50.794000
983.066957	938.192341	56.000001	50.792000
983.066489	938.197416	56.000002	50.791000
983.066191	938.202425	56.000001	50.792000
983.066012	938.207868	56.000002	50.795000
983.065972	938.213599	56.000001	50.797000
983.065946	938.218728	56.000001	50.799000
983.065961	938.223760	55.999998	50.799000
983.065944	938.228834	56.000000	50.800000
983.065968	938.233873	56.000002	50.801000
983.065956	938.239088	55.999999	50.801000
983.065969	938.243723	55.999999	50.801000
983.065963	938.248712	56.000000	50.801000
983.065977	938.253749	56.000001	50.800000
983.065974	938.258765	56.000000	50.800000
983.065982	938.263767	55.999999	50.801000
983.065981	938.268780	56.000001	50.801000
983.065983	938.273799	55.999998	50.801000
983.065989	938.278792	56.000000	50.801000
983.065989	938.284004	55.999999	50.800000
983.065990	938.289185	56.000000	50.800000
983.065997	938.294218	55.999998	50.799000
983.065995	938.299203	56.000000	50.798000
983.065993	938.304215	55.999998	50.797000
983.065996	938.309005	55.999998	50.797000
983.065993	938.314020	56.000001	50.797000
983.066002	938.319232	55.999999	50.796000
983.065996	938.324020	56.000000	50.796000
983.065999	938.329028	55.999998	50.795000
983.065993	938.334029	56.000001	50.793000
983.065998	938.339044	56.000001	50.791000
983.065995	938.344032	55.999998	50.790000
983.065999	938.349232	56.000001	50.788000
983.065998	938.354041	56.000001	50.788000
983.066000	938.359052	55.999998	50.787000
983.066000	938.364434	56.000000	50.786000
983.065998	938.369435	56.000002	50.785000
983.066000	938.374453	56.000001	50.784000
983.066000	938.379453	55.999998	50.783000
983.066001	938.384447	56.000000	50.782000
983.066001	938.389443	56.000002	50.782000
983.066000	938.394447	56.000000	50.782000
983.066000	938.399267	56.000003	50.782000
983.066002	938.404253	56.000000	50.781000
983.066000	938.409249	55.999998	50.781000
983.066000	938.414459	56.000001	50.780000
983.066004	938.419467	56.000003	50.779000
983.066001	938.424261	55.999998	50.779000
983.065999	938.429260	56.000000	50.779000
983.066000	938.434268	56.000003	50.779000
983.066001	938.439469	55.999998	50.779000
983.066000	938.444455	55.999998	50.779000
983.065999	938.449455	56.000001	50.779000
983.066001	938.454464	56.000003	50.779000
983.066004	938.459665	55.999997	50.779000
983.066002	938.464464	56.000002	50.779000
983.066001	938.469464	56.000001	50.780000
983.066002	938.474475	55.999998	50.780000
983.066003	938.479280	56.000000	50.780000
983.066001	938.484266	56.000000	50.780000
983.066001	938.489265	55.999998	50.780000
983.065999	938.494275	55.999997	50.780000
983.066000	938.499478	56.000002	50.781000
983.066001	938.504270	56.000002	50.782000
983.065998	938.509263	55.999999	50.782000
983.066000	938.514670	55.999998	50.784000
983.066000	938.519673	55.999998	50.785000
983.066000	938.524666	56.000001	50.786000
983.066003	938.529655	56.000003	50.787000
983.066003	938.534670	55.999999	50.788000
983.065999	938.539662	55.999997	50.790000
983.066001	938.544464	55.999998	50.792000
983.066003	938.549659	56.000003	50.794000
983.066000	938.554467	56.000002	50.795000
983.066003	938.559468	56.000001	50.796000
983.066002	938.564462	55.999998	50.797000
983.065999	938.569451	55.999998	50.800000
983.066002	938.574465	56.000000	50.802000
983.066004	938.579471	56.000002	50.804000
983.066001	938.584459	55.999998	50.806000
983.066000	938.589858	55.999998	50.807000
983.066002	938.594864	56.000001	50.809000
983.066002	938.599866	56.000001	50.811000
983.066004	938.604855	56.000000	50.813000
983.065998	938.609846	56.000000	50.815000
983.066003	938.614858	55.999999	50.816000
983.066004	938.619869	55.999998	50.816000
983.066001	938.625059	56.000000	50.814000
983.066004	938.630055	55.999999	50.813000
983.066001	938.634851	55.999999	50.811000
983.066003	938.639660	56.000001	50.810000
983.066002	938.644848	55.999999	50.807000
983.066003	938.649644	56.000000	50.805000
983.066001	938.654851	56.000000	50.802000
983.066001	938.659664	56.000001	50.799000
983.065998	938.664860	56.000001	50.797000
983.066000	938.669655	56.000000	50.796000
983.066002	938.675069	56.000001	50.796000
983.066002	938.679874	55.999999	50.796000
983.065998	938.685069	56.000001	50.795000
983.066002	938.689858	56.000000	50.794000
983.066003	938.695074	55.999999	50.793000
983.066002	938.699872	55.999998	50.791000
983.066001	938.705266	55.999999	50.789000
983.066002	938.709851	55.999999	50.787000
983.066001	938.714865	56.000002	50.785000
983.066001	938.719872	56.000002	50.783000
983.066003	938.724858	56.000003	50.781000
983.066003	938.729858	56.000003	50.780000
983.066002	938.734861	56.000003	50.777000
983.066003	938.739868	56.000003	50.775000
983.066003	938.745055	55.999997	50.773000
983.066003	938.750254	56.000002	50.771000
983.066000	938.755260	56.000001	50.770000
983.066002	938.760060	55.999998	50.769000
983.066001	938.765251	55.999999	50.768000
983.066003	938.770254	55.999999	50.768000
983.066003	938.775259	55.999998	50.767000
983.066004	938.780072	55.999998	50.767000
983.066003	938.785064	55.999997	50.768000
983.066000	938.790456	56.000001	50.770000
983.066000	938.795261	56.000002	50.772000
983.066002	938.800066	56.000001	50.775000
983.066004	938.805056	56.000001	50.776000
983.066002	938.809863	56.000002	50.777000
983.066004	938.815058	56.000000	50.778000
983.066004	938.819871	56.000000	50.780000
983.065998	938.825463	56.000000	50.781000
983.065998	938.830453	56.000000	50.782000
983.066000	938.835459	56.000000	50.783000
983.066002	938.840466	56.000000	50.784000
983.065998	938.845458	55.999999	50.786000
983.066003	938.850255	56.000001	50.788000
983.066004	938.855255	56.000000	50.790000
983.066003	938.860268	56.000000	50.791000
983.066002	938.865263	56.000000	50.792000
983.066004	938.870254	55.999998	50.793000
983.066000	938.875258	56.000000	50.794000
983.066002	938.880262	56.000001	50.795000
983.066002	938.885254	56.000001	50.795000
983.066003	938.890451	56.000003	50.794000
983.065999	938.895257	55.999997	50.794000
983.065999	938.900458	56.000003	50.794000
983.065998	938.905441	56.000003	50.795000
983.065998	938.910447	56.000000	50.795000
983.065998	938.915441	55.999998	50.795000
983.065995	938.920457	55.999996	50.794000
983.066001	938.925447	55.999997	50.792000
983.065999	938.930256	56.000003	50.789000
983.066003	938.935254	56.000003	50.787000
983.065999	938.940264	56.000003	50.785000
983.066000	938.945255	56.000001	50.784000
983.065999	938.950261	55.999998	50.783000
983.065996	938.955257	55.999997	50.781000
983.066001	938.960468	56.000003	50.780000
983.066001	938.965259	55.999997	50.780000
983.066002	938.970257	55.999997	50.780000
983.066001	938.975655	56.000002	50.780000
983.066000	938.980852	55.999997	50.781000
983.065999	938.985654	56.000004	50.781000
983.065999	938.990652	56.000003	50.780000
983.066002	938.995843	55.999999	50.779000
983.066000	939.000653	56.000003	50.778000
983.065999	939.005646	56.000004	50.777000
983.065997	939.010445	55.999998	50.777000
983.066002	939.015455	55.999998	50.777000
983.066000	939.020452	55.999997	50.776000
983.066000	939.025446	55.999998	50.777000
983.066001	939.030443	55.999998	50.777000
983.066001	939.035453	55.999998	50.778000
983.066004	939.040252	55.999998	50.779000
983.066001	939.045445	56.000001	50.780000
983.066000	939.050849	55.999997	50.781000
983.065999	939.055839	55.999997	50.783000
983.066003	939.061046	56.000002	50.785000
983.066003	939.065842	56.000002	50.787000
983.066002	939.070847	56.000000	50.789000
983.066001	939.075848	55.999999	50.792000
983.066004	939.081050	56.000000	50.795000
983.066001	939.085850	56.000000	50.799000
983.066002	939.090851	56.000001	50.802000
983.066002	939.095846	55.999998	50.805000
983.066001	939.100846	55.999997	50.807000
983.065998	939.105845	55.999998	50.809000
983.066002	939.110654	55.999999	50.811000
983.066000	939.115846	56.000002	50.812000
983.066002	939.120851	56.000002	50.813000
983.066003	939.126245	56.000002	50.813000
983.066001	939.131456	55.999998	50.812000
983.066001	939.136243	56.000000	50.812000
983.066003	939.141247	55.999999	50.812000
983.066000	939.146245	55.999998	50.812000
983.066002	939.151252	56.000001	50.812000
983.066001	939.156249	56.000003	50.812000
983.066000	939.161058	55.999999	50.812000
983.066001	939.166054	55.999999	50.812000
983.066000	939.171048	56.000000	50.811000
983.065999	939.176047	56.000000	50.811000
983.066000	939.181055	56.000002	50.811000
983.066000	939.186056	56.000002	50.810000
983.065997	939.191051	56.000001	50.810000
983.066000	939.196056	55.999999	50.809000
983.065999	939.201251	55.999999	50.809000
983.066002	939.206252	56.000000	50.809000
983.066002	939.211250	55.999999	50.810000
983.066001	939.216253	56.000000	50.811000
983.066002	939.221266	56.000000	50.812000
983.065996	939.226269	56.000001	50.813000
983.066003	939.231260	56.000000	50.814000
983.066001	939.236056	56.000000	50.815000
983.066001	939.241259	56.000000	50.814000
983.065998	939.246250	56.000000	50.814000
983.065999	939.251258	56.000000	50.814000
983.065998	939.256260	56.000000	50.813000
983.065999	939.261458	56.000000	50.813000
983.066003	939.266455	55.999999	50.812000
983.066004	939.271253	55.999999	50.812000
983.066002	939.276651	56.000002	50.811000
983.066000	939.281846	55.999999	50.810000
983.066000	939.286442	55.999998	50.809000
983.066003	939.291648	56.000002	50.808000
983.066001	939.296440	56.000002	50.807000
983.066000	939.301634	55.999999	50.806000
983.066002	939.306436	56.000003	50.806000
983.066001	939.311447	56.000000	50.804000
983.065999	939.316446	55.999997	50.802000
983.066002	939.321452	55.999998	50.801000
983.065999	939.326446	55.999999	50.799000
983.065999	939.331450	56.000002	50.797000
983.066002	939.336442	55.999999	50.795000
983.066003	939.341652	56.000003	50.793000
983.066000	939.346651	55.999999	50.791000
983.066002	939.351846	56.000000	50.788000
983.065999	939.356840	56.000000	50.787000
983.066000	939.361641	56.000001	50.785000
983.066003	939.366843	56.000000	50.785000
983.066000	939.371854	56.000001	50.786000
983.066004	939.376649	56.000003	50.787000
983.066000	939.381636	56.000001	50.787000
983.066005	939.386636	55.999999	50.787000
983.066000	939.391646	56.000000	50.787000
983.066003	939.396644	56.000000	50.788000
983.066003	939.401640	56.000000	50.790000
983.066002	939.406640	56.000001	50.793000
983.065999	939.411846	56.000000	50.795000
983.066005	939.416437	55.999999	50.796000
983.066001	939.421644	56.000000	50.797000
983.066001	939.427245	56.000002	50.799000
983.066001	939.432268	55.999998	50.802000
983.066001	939.436851	56.000002	50.808000
983.065999	939.442051	55.999999	50.815000
983.066002	939.447255	56.000000	50.824000
983.066005	939.452069	56.000002	50.833000
983.066001	939.456851	56.000002	50.842000
983.065997	939.461850	56.000003	50.853000
983.066001	939.466850	56.000001	50.865000
983.066003	939.471857	56.000000	50.880000
983.066003	939.476857	55.999999	50.898000
983.066002	939.481859	56.000000	50.916000
983.066002	939.486845	56.000000	50.933000
983.066002	939.491853	56.000000	50.947000
983.066002	939.496647	56.000000	50.958000
983.066004	939.502061	56.000000	50.968000
983.066001	939.507047	56.000001	50.977000
983.066001	939.512055	56.000003	50.984000
983.066000	939.516846	55.999998	50.990000
983.066003	939.522056	56.000002	50.994000
983.066000	939.526846	56.000001	50.997000
983.066004	939.532057	56.000000	50.998000
983.066001	939.536860	56.000002	50.997000
983.066002	939.541864	56.000001	50.996000
983.066002	939.546850	56.000001	50.995000
983.066002	939.551864	56.000001	50.993000
983.066000	939.556853	56.000000	50.991000
983.066000	939.561855	56.000001	50.989000
983.066000	939.566851	56.000000	50.986000
983.066003	939.571866	56.000000	50.982000
983.066003	939.577260	56.000000	50.977000
983.065998	939.582255	55.999999	50.972000
983.066000	939.587251	56.000001	50.968000
983.066001	939.592265	55.999999	50.963000
983.066001	939.597049	56.000000	50.959000
983.065999	939.602254	55.999997	50.955000
983.066000	939.607052	55.999998	50.950000
983.066001	939.612265	56.000000	50.945000
983.066003	939.617060	55.999998	50.940000
983.066006	939.622047	55.999999	50.935000
983.066001	939.627249	55.999998	50.930000
983.066002	939.632053	55.999999	50.925000
983.066002	939.637057	55.999999	50.920000
983.066004	939.642046	55.999997	50.913000
983.066000	939.647053	55.999997	50.905000
983.066001	939.652669	55.999998	50.896000
983.066003	939.657463	55.999997	50.888000
983.065999	939.662462	55.999998	50.881000
983.065997	939.667461	55.999999	50.874000
983.066000	939.672459	56.000001	50.868000
983.065998	939.677254	55.999997	50.862000
983.066000	939.682464	56.000002	50.856000
983.066003	939.687250	55.999998	50.850000
983.066001	939.692472	56.000004	50.843000
983.066002	939.697254	55.999998	50.835000
983.066000	939.702251	55.999999	50.828000
983.066004	939.707247	56.000002	50.819000
983.065999	939.712454	55.999998	50.811000
983.066001	939.717244	55.999999	50.804000
983.066001	939.722249	56.000000	50.798000
983.065998	939.727855	56.000000	50.791000
983.066002	939.732669	56.000000	50.786000
983.066000	939.737665	55.999999	50.781000
983.066001	939.742661	56.000000	50.776000
983.065997	939.747659	56.000000	50.772000
983.066001	939.752671	56.000000	50.767000
983.066001	939.757458	56.000000	50.764000
983.065999	939.762459	55.999999	50.760000
983.066002	939.767458	56.000002	50.757000
983.066000	939.772460	55.999999	50.754000
983.065999	939.777445	55.999997	50.751000
983.065998	939.782647	56.000002	50.748000
983.066001	939.787447	56.000004	50.744000
983.066001	939.792664	55.999997	50.740000
983.066004	939.797249	56.000000	50.735000
983.066002	939.803052	56.000000	50.730000
983.065997	939.807852	56.000003	50.725000
983.065996	939.812858	56.000002	50.720000
983.065998	939.817855	56.000002	50.716000
983.065999	939.822856	56.000001	50.712000
983.065999	939.827851	56.000000	50.710000
983.065998	939.832866	56.000000	50.704000
983.066000	939.837665	55.999996	50.695000
983.066000	939.842655	55.999996	50.690000
983.065998	939.847655	55.999997	50.685000
983.065999	939.852668	55.999998	50.680000
983.066002	939.857872	56.000003	50.675000
983.066001	939.862658	56.000003	50.669000
983.065999	939.867650	56.000002	51.179000
983.066001	939.872668	56.000000	52.115000
983.066004	939.878274	55.999997	57.593000
983.066001	939.883062	55.999998	61.535000
983.066000	939.888053	55.999999	61.620000
983.066000	939.893068	56.000001	61.616000
983.066000	939.898066	55.999998	61.613000
983.066000	939.903061	56.000000	61.610000
983.065996	939.907865	56.000001	61.605000
983.065998	939.912874	56.000000	61.600000
983.065996	939.917864	55.999999	61.595000
983.065998	939.922857	56.000000	61.590000
983.065996	939.927862	56.000001	61.585000
983.065998	939.932869	55.999999	61.580000
983.065996	939.937862	56.000001	61.577000
983.065998	939.942861	56.000000	61.576000
983.065999	939.948058	56.000000	61.575000
983.066001	939.953073	55.999999	61.575000
983.065999	939.958265	55.999999	61.575000
983.065999	939.963267	56.000002	61.576000
983.066000	939.968456	56.000002	61.577000
983.066001	939.973271	56.000002	61.579000
983.066002	939.978262	55.999997	61.580000
983.065999	939.983063	55.999998	61.580000
983.066001	939.988259	55.999999	61.577000
983.065997	939.993073	56.000002	61.572000
983.065999	939.998069	55.999999	61.566000
983.065999	940.003060	55.999997	61.561000
983.066001	940.008060	55.999998	61.560000
983.065998	940.013069	56.000000	61.565000
983.065999	940.018059	56.000003	61.574000
983.065999	940.023264	55.999999	61.584000
983.066005	940.028656	56.000003	61.592000
983.065999	940.033270	55.999997	61.594000
983.066003	940.038463	56.000002	61.593000
983.065998	940.043660	55.999999	61.589000
983.066000	940.048447	55.999998	61.583000
983.065997	940.053269	55.999998	61.578000
983.066003	940.058465	55.999999	61.574000
983.065998	940.063262	55.999999	61.570000
983.066000	940.068257	56.000000	61.568000
983.065997	940.073277	55.999999	61.567000
983.066001	940.078268	56.000001	61.568000
983.066000	940.083266	55.999998	61.571000
983.066000	940.088260	56.000001	61.575000
983.066002	940.093271	56.000000	61.579000
983.066003	940.098259	55.999997	61.582000
983.065997	940.103864	55.999999	61.584000
983.066000	940.108655	55.999999	61.584000
983.066002	940.113869	56.000000	61.583000
983.065999	940.118665	56.000004	61.581000
983.066000	940.123664	56.000002	61.577000
983.066001	940.128653	56.000001	61.573000
983.066000	940.133670	55.999997	61.569000
983.066002	940.138470	56.000002	61.567000
983.066003	940.143464	55.999999	61.568000
983.066000	940.148449	55.999998	61.570000
983.065998	940.153471	55.999997	61.572000
983.066001	940.158465	55.999998	61.571000
983.066002	940.163663	56.000002	61.567000
983.065998	940.168460	56.000001	61.561000
983.065999	940.173466	56.000003	61.554000
983.066000	940.178661	55.999998	61.546000
983.066002	940.183461	55.999998	61.539000
983.066000	940.188452	55.999997	61.535000
983.066002	940.193669	56.000001	61.537000
983.065998	940.198671	55.999998	61.547000
983.066001	940.203655	55.999999	61.564000
983.066001	940.208646	56.000000	61.583000
983.066003	940.213869	56.000002	61.598000
983.066001	940.218461	55.999997	61.606000
983.066000	940.223462	56.000001	61.607000
983.066000	940.228651	55.999999	61.602000
983.066002	940.233469	55.999998	61.594000
983.065998	940.238466	56.000002	61.584000
983.066001	940.243462	55.999998	61.574000
983.065999	940.248856	56.000001	61.565000
983.066001	940.253467	55.999998	61.559000
983.066000	940.258876	55.999997	61.555000
983.066001	940.263867	55.999998	61.553000
983.066003	940.268857	56.000001	61.555000
983.066003	940.273875	55.999998	61.557000
983.066001	940.278876	56.000001	61.559000
983.066003	940.283863	56.000001	61.561000
983.066003	940.288861	55.999997	61.562000
983.066000	940.293670	55.999999	61.563000
983.066002	940.298666	56.000002	61.564000
983.066003	940.303658	55.999998	61.565000
983.066003	940.308860	55.999999	61.567000
983.066004	940.313676	55.999999	61.568000
983.066001	940.318673	56.000002	61.568000
983.066002	940.323661	55.999999	61.566000
983.065999	940.329269	56.000000	61.563000
983.066003	940.334077	55.999999	61.561000
983.066001	940.339067	56.000001	61.559000
983.065997	940.344068	56.000000	61.559000
983.065999	940.349062	56.000000	61.560000
983.066000	940.353876	56.000001	61.561000
983.066003	940.358865	56.000000	61.562000
983.066003	940.364067	56.000000	61.564000
983.066001	940.368861	56.000000	61.565000
983.066000	940.373872	56.000000	61.565000
983.066004	940.378873	56.000001	61.566000
983.066000	940.383864	55.999999	61.567000
983.066003	940.388855	55.999999	61.569000
983.066002	940.394078	56.000001	61.573000
983.065999	940.399066	56.000000	61.577000
983.066001	940.404269	56.000000	61.580000
983.065998	940.409260	56.000001	61.581000
983.065999	940.414267	55.999998	61.580000
983.065997	940.419471	56.000001	61.576000
983.066001	940.424262	56.000002	61.571000
983.066000	940.429257	55.999999	61.566000
983.066003	940.434070	56.000001	61.562000
983.066000	940.439066	55.999998	61.561000
983.065998	940.444263	56.000002	61.564000
983.066002	940.449061	56.000002	61.571000
983.066003	940.454065	55.999999	61.579000
983.065997	940.459068	56.000000	61.585000
983.066004	940.463865	55.999998	61.588000
983.065999	940.469063	56.000000	61.586000
983.066000	940.474271	56.000002	61.581000
983.066001	940.479072	56.000001	61.575000
983.066001	940.484267	56.000002	61.569000
983.065998	940.489260	55.999998	61.565000
983.066000	940.494470	56.000000	61.565000
983.066001	940.499273	56.000002	61.566000
983.066001	940.504279	55.999999	61.568000
983.065999	940.509061	56.000001	61.569000
983.066002	940.514282	55.999999	61.570000
983.066003	940.519084	55.999997	61.569000
983.065998	940.524075	55.999999	61.569000
983.066003	940.529070	56.000002	61.569000
983.065999	940.534081	56.000001	61.571000
983.065999	940.539081	55.999997	61.574000
983.066000	940.544077	55.999999	61.577000
983.066001	940.549068	56.000002	61.578000
983.066003	940.554077	56.000002	61.578000
983.066000	940.559484	56.000003	61.577000
983.066000	940.564476	56.000002	61.575000
983.066000	940.569466	56.000001	61.572000
983.066002	940.574482	56.000000	61.571000
983.066001	940.579481	55.999998	61.571000
983.066000	940.584471	55.999998	61.573000
983.066004	940.589266	55.999999	61.574000
983.066001	940.594269	55.999997	61.573000
983.066002	940.599275	55.999998	61.569000
983.066002	940.604463	56.000001	61.562000
983.066001	940.609447	55.999999	61.556000
983.066000	940.614266	56.000003	61.553000
983.065998	940.619468	55.999998	61.555000
983.066000	940.624260	55.999998	61.563000
983.066001	940.629260	55.999999	61.572000
983.065999	940.634673	55.999998	61.577000
983.065997	940.639672	56.000001	61.577000
983.065999	940.644670	56.000002	61.573000
983.065999	940.649666	55.999999	61.568000
983.065999	940.654679	55.999997	61.564000
983.066001	940.659477	56.000000	61.561000
983.065997	940.664663	56.000001	61.562000
983.065999	940.669461	55.999997	61.567000
983.065999	940.674463	55.999997	61.572000
983.065998	940.679476	56.000000	61.577000
983.065999	940.684470	56.000003	61.579000
983.065996	940.689450	56.000002	61.579000
983.066003	940.694466	56.000000	61.578000
983.066000	940.699659	56.000001	61.576000
983.065998	940.704461	56.000000	61.574000
983.065997	940.709854	55.999997	61.572000
983.066000	940.714861	55.999998	61.572000
983.066001	940.719860	55.999999	61.573000
983.065999	940.724850	56.000000	61.576000
983.065999	940.729853	55.999999	61.580000
983.066000	940.734861	56.000001	61.585000
983.066000	940.739664	55.999998	61.589000
983.066002	940.744662	55.999998	61.589000
983.065998	940.749657	55.999999	61.588000
983.065999	940.754655	56.000000	61.584000
983.066000	940.759661	56.000001	61.580000
983.066001	940.764658	56.000002	61.579000
983.065999	940.769646	56.000002	61.580000
983.066001	940.774654	56.000001	61.583000
983.065999	940.779657	55.999999	61.587000
983.066000	940.785048	55.999998	61.590000
983.066000	940.789856	55.999998	61.590000
983.066001	940.794860	56.000000	61.588000
983.065999	940.799864	56.000001	61.586000
983.066003	940.805059	55.999999	61.583000
983.066001	940.809662	56.000002	61.580000
983.065998	940.814868	56.000001	61.577000
983.066002	940.819672	55.999998	61.576000
983.066001	940.824663	56.000000	61.577000
983.066000	940.829669	56.000001	61.577000
983.066002	940.834671	55.999999	61.578000
983.066001	940.839674	56.000000	61.579000
983.065998	940.844660	56.000000	61.579000
983.066000	940.849860	56.000001	61.581000
983.065999	940.854670	56.000002	61.586000
983.065999	940.860067	56.000001	61.591000
983.066001	940.865056	55.999999	61.595000
983.066002	940.870063	56.000000	61.596000
983.066003	940.875062	56.000001	61.594000
983.066002	940.879871	56.000001	61.589000
983.066000	940.885258	56.000000	61.582000
983.065999	940.889856	55.999999	61.573000
983.065999	940.894857	56.000001	61.566000
983.065999	940.899870	56.000000	61.561000
983.066000	940.904856	55.999999	61.561000
983.066002	940.909856	56.000000	61.564000
983.065997	940.914863	56.000001	61.569000
983.066001	940.919856	55.999999	61.573000
983.065999	940.924855	55.999999	61.575000
983.066001	940.929854	56.000000	61.574000
983.066001	940.935254	55.999999	61.571000
983.065999	940.940063	56.000000	61.567000
983.066001	940.945250	55.999999	61.565000
983.066003	940.950257	56.000002	61.564000
983.066002	940.955254	55.999998	61.565000
983.065998	940.960063	55.999999	61.568000
983.066002	940.965251	55.999999	61.571000
983.066000	940.970255	56.000000	61.572000
983.065999	940.975259	56.000000	61.572000
983.066003	940.980075	56.000001	61.570000
983.066001	940.985060	55.999999	61.567000
983.065998	940.990061	56.000000	61.563000
983.065999	940.995063	56.000002	61.560000
983.065999	940.999872	56.000000	61.558000
983.065999	941.005061	56.000001	61.558000
983.066003	941.010458	56.000001	61.560000
983.066003	941.015462	55.999999	61.563000
983.066003	941.020463	55.999998	61.566000
983.066004	941.025458	55.999998	61.568000
983.066003	941.030654	56.000002	61.570000
983.066002	941.035460	56.000000	61.572000
983.065999	941.040264	55.999998	61.572000
983.066001	941.045252	55.999998	61.573000
983.065998	941.050256	56.000000	61.573000
983.066001	941.055267	56.000001	61.573000
983.066000	941.060268	56.000000	61.574000
983.066001	941.065259	55.999999	61.575000
983.065999	941.070258	56.000001	61.576000
983.066003	941.075267	55.999999	61.577000
983.065999	941.080266	55.999999	61.577000
983.066002	941.085654	56.000000	61.578000
983.066001	941.090859	55.999999	61.577000
983.066001	941.095657	55.999999	61.577000
983.066004	941.100660	56.000001	61.576000
983.066003	941.105655	56.000001	61.575000
983.066002	941.110447	56.000001	61.574000
983.066003	941.115653	56.000001	61.572000
983.066001	941.120659	55.999999	61.571000
983.066002	941.125648	56.000001	61.569000
983.066000	941.130447	56.000000	61.567000
983.066000	941.135456	56.000001	61.565000
983.066003	941.140455	55.999999	61.565000
983.066003	941.145459	56.000000	61.567000
983.066002	941.150651	55.999999	61.571000
983.066001	941.155461	55.999999	61.575000
983.066003	941.160265	56.000000	61.575000
983.066003	941.165859	56.000000	61.572000
983.066000	941.171060	55.999998	61.567000
983.066003	941.175860	56.000001	61.561000
983.065999	941.180856	56.000000	61.556000
983.065998	941.185862	56.000000	61.554000
983.066001	941.191058	55.999997	61.556000
983.065998	941.195657	56.000000	61.561000
983.066000	941.200665	56.000000	61.566000
983.066000	941.205655	56.000001	61.571000
983.066000	941.210652	56.000001	61.572000
983.066001	941.215647	56.000001	61.571000
983.066002	941.220853	56.000000	61.569000
983.066000	941.225657	56.000001	61.568000
983.065998	941.230645	56.000002	61.567000
983.066003	941.235647	56.000000	61.566000
983.066001	941.241253	56.000001	61.565000
983.066001	941.246454	56.000000	61.563000
983.065998	941.251456	56.000000	61.562000
983.065998	941.256450	55.999999	61.560000
983.066003	941.261854	56.000000	61.560000
983.066000	941.266456	56.000001	61.561000
983.065997	941.271659	56.000000	61.564000
983.065999	941.276450	55.999999	61.567000
983.066000	941.281456	55.999999	61.571000
983.065997	941.286453	55.999999	61.574000
983.066000	941.291458	56.000000	61.575000
983.065999	941.296448	56.000001	61.576000
983.065998	941.301459	56.000000	61.576000
983.066001	941.306454	56.000001	61.576000
983.066001	941.311455	56.000001	61.578000
983.066001	941.316642	55.999998	61.580000
983.066003	941.321839	56.000002	61.582000
983.065999	941.326845	56.000002	61.583000
983.066002	941.331854	56.000002	61.581000
983.065999	941.336850	56.000001	61.578000
983.066003	941.341851	55.999999	61.573000
983.066002	941.346853	56.000000	61.569000
983.065998	941.351658	55.999999	61.565000
983.065999	941.356652	56.000000	61.564000
983.065999	941.361659	56.000000	61.564000
983.065999	941.366654	56.000001	61.565000
983.066001	941.371660	56.000001	61.567000
983.066002	941.376647	56.000000	61.569000
983.065999	941.381650	55.999999	61.570000
983.065998	941.386458	56.000000	61.571000
983.066002	941.392055	55.999999	61.572000
983.066001	941.397051	55.999999	61.573000
983.065998	941.402053	55.999999	61.573000
983.066002	941.407054	56.000001	61.572000
983.066002	941.412057	55.999999	61.569000
983.066002	941.416851	56.000002	61.564000
983.066002	941.422054	55.999999	61.558000
983.066000	941.426852	56.000002	61.554000
983.066001	941.431857	56.000001	61.551000
983.066002	941.437249	55.999998	61.551000
983.065999	941.441855	56.000000	61.552000
983.065999	941.446850	56.000002	61.552000
983.066000	941.451859	56.000003	61.551000
983.065999	941.456851	56.000003	61.549000
983.066002	941.461858	56.000002	61.548000
983.065999	941.467264	56.000000	61.550000
983.066001	941.472274	56.000001	61.557000
983.065999	941.477057	55.999999	61.566000
983.066001	941.482261	56.000003	61.575000
983.066003	941.487254	56.000001	61.580000
983.066003	941.492272	56.000000	61.581000
983.066005	941.497058	56.000002	61.579000
983.066002	941.502061	56.000001	61.576000
983.066002	941.507257	55.999997	61.573000
983.066004	941.512067	55.999998	61.571000
983.066001	941.517059	55.999999	61.570000
983.066003	941.522059	56.000001	61.569000
983.066002	941.527056	56.000003	61.568000
983.066002	941.532069	56.000001	61.566000
983.066002	941.536859	56.000001	61.564000
983.066003	941.542455	55.999998	61.563000
983.066003	941.547257	55.999998	61.563000
983.066003	941.552266	56.000001	61.566000
983.066001	941.557055	56.000000	61.569000
983.066000	941.562256	56.000001	61.571000
983.066002	941.567242	56.000001	61.572000
983.065999	941.572259	55.999999	61.571000
983.066000	941.577044	55.999998	61.569000
983.066002	941.582051	55.999997	61.568000
983.066000	941.587044	56.000000	61.566000
983.066000	941.592058	56.000001	61.566000
983.065999	941.597045	55.999999	61.566000
983.066002	941.602042	56.000001	61.566000
983.066005	941.607048	56.000001	61.565000
983.066001	941.612057	55.999998	61.563000
983.066000	941.617041	56.000000	61.559000
983.066000	941.622450	56.000001	61.554000
983.066004	941.627456	56.000002	61.549000
983.066005	941.632261	56.000003	61.546000
983.066005	941.637257	55.999999	61.547000
983.066000	941.642449	56.000002	61.552000
983.066003	941.647050	55.999999	61.560000
983.066000	941.652258	56.000002	61.568000
983.066001	941.657048	55.999999	61.573000
983.066000	941.662043	56.000001	61.575000
983.065998	941.667045	56.000002	61.574000
983.066002	941.672055	55.999998	61.571000
983.065999	941.677041	55.999999	61.568000
983.065999	941.682046	56.000002	61.563000
983.066001	941.687043	56.000002	61.558000
983.066001	941.692056	55.999998	61.551000
983.066003	941.697244	56.000002	61.542000
983.066003	941.702451	55.999997	61.533000
983.065999	941.707444	56.000000	61.526000
983.066005	941.712449	56.000003	61.522000
983.066002	941.717454	56.000000	61.522000
983.065998	941.722450	55.999997	61.528000
983.066002	941.727448	55.999998	61.540000
983.066001	941.732254	55.999996	61.552000
983.066000	941.737245	55.999997	61.560000
983.066001	941.742254	56.000000	61.564000
983.066000	941.747255	56.000002	61.565000
983.066000	941.752465	55.999997	61.565000
983.066000	941.757057	56.000002	61.567000
983.066002	941.762264	55.999998	61.571000
983.065999	941.767255	55.999999	61.577000
983.066002	941.772466	56.000002	61.582000
983.066004	941.777453	55.999999	61.584000
983.066001	941.782467	55.999998	61.583000
983.065999	941.787451	55.999997	61.579000
983.066001	941.792463	56.000002	61.572000
983.066001	941.797252	56.000001	61.565000
983.066003	941.802257	56.000003	61.558000
983.066000	941.807453	55.999998	61.553000
983.065999	941.812263	55.999997	61.550000
983.065999	941.817258	55.999997	61.552000
983.066002	941.822461	56.000003	61.558000
983.066001	941.827457	55.999999	61.566000
983.066001	941.832469	55.999998	61.574000
983.065998	941.837461	55.999999	61.579000
983.066001	941.842464	56.000004	61.580000
983.066003	941.847459	56.000003	61.578000
983.066001	941.852871	56.000002	61.574000
983.065999	941.858068	55.999997	61.571000
983.065999	941.862865	55.999999	61.570000
983.066001	941.868059	56.000002	61.572000
983.065999	941.872870	56.000000	61.576000
983.066001	941.877867	56.000003	61.579000
983.066003	941.882860	56.000001	61.581000
983.066000	941.887665	56.000002	61.582000
983.066001	941.892667	55.999999	61.582000
983.066000	941.897657	55.999998	61.582000
983.066000	941.902652	56.000002	61.583000
983.065999	941.907853	55.999997	61.585000
983.066000	941.912659	55.999997	61.587000
983.066002	941.917656	55.999999	61.590000
983.066002	941.922856	56.000000	61.591000
983.065999	941.927859	56.000000	61.590000
983.066002	941.932867	56.000003	61.588000
983.066003	941.937852	55.999998	61.585000
983.065999	941.942860	55.999998	61.582000
983.066002	941.947655	55.999997	61.579000
983.065999	941.952664	56.000001	61.576000
983.066002	941.957663	56.000002	61.574000
983.066000	941.962658	55.999997	61.573000
983.066000	941.967656	56.000000	61.573000
983.066003	941.972870	55.999998	61.573000
983.065999	941.977659	55.999999	61.574000
983.066002	941.982657	55.999998	61.575000
983.066000	941.987856	55.999998	61.578000
983.066000	941.992868	56.000002	61.582000
983.066002	941.997653	56.000002	61.584000
983.066000	942.002858	55.999998	61.586000
983.066001	942.007847	56.000002	61.587000
983.065999	942.012864	56.000001	61.588000
983.066003	942.018058	56.000002	61.589000
983.066001	942.022851	55.999999	61.591000
983.066001	942.027850	56.000002	61.593000
983.065998	942.032661	56.000001	61.593000
983.066002	942.037653	55.999999	61.593000
983.065999	942.042652	56.000002	61.590000
983.066002	942.047640	55.999998	61.587000
983.066002	942.052865	56.000002	61.581000
983.066000	942.057645	56.000000	61.575000
983.066001	942.062648	56.000000	61.570000
983.066000	942.067647	55.999999	61.567000
983.066000	942.073065	55.999998	61.566000
983.066000	942.078051	56.000001	61.568000
983.066000	942.083054	55.999999	61.571000
983.066002	942.088052	56.000000	61.574000
983.066002	942.093077	55.999999	61.577000
983.065998	942.098064	56.000000	61.580000
983.066002	942.103064	55.999999	61.583000
983.066000	942.108058	56.000002	61.587000
983.065999	942.112878	56.000002	61.589000
983.066001	942.117871	55.999997	61.590000
983.066001	942.122867	56.000001	61.589000
983.066003	942.127864	56.000000	61.585000
983.066001	942.132882	56.000001	61.581000
983.066000	942.138074	56.000000	61.579000
983.066000	942.143070	56.000000	61.579000
983.066001	942.148071	56.000000	61.580000
983.066000	942.153081	56.000001	61.581000
983.065998	942.158464	56.000000	61.580000
983.065999	942.163467	56.000001	61.576000
983.065998	942.168460	56.000000	61.570000
983.066000	942.173476	56.000001	61.563000
983.066000	942.178460	55.999999	61.558000
983.066003	942.183267	55.999998	61.556000
983.066002	942.188261	56.000000	61.555000
983.065999	942.193265	56.000000	61.555000
983.065996	942.198475	56.000000	61.555000
983.065998	942.203463	56.000000	61.555000
983.066001	942.208260	55.999998	61.556000
983.066001	942.213277	56.000001	61.558000
983.065997	942.218274	56.000000	61.560000
983.065998	942.223069	56.000001	61.565000
983.065997	942.228664	55.999998	61.574000
983.066002	942.233682	56.000001	61.587000
983.066000	942.238683	55.999998	61.599000
983.065999	942.243681	55.999999	61.607000
983.065998	942.248673	56.000002	61.607000
983.065997	942.253685	55.999999	61.601000
983.065999	942.258681	55.999999	61.593000
983.065996	942.263470	56.000000	61.584000
983.066003	942.268464	55.999999	61.575000
983.065999	942.273479	56.000003	61.568000
983.065999	942.278483	55.999998	61.565000
983.065999	942.283474	55.999999	61.565000
983.065999	942.288657	56.000001	61.567000
983.066002	942.293470	55.999998	61.568000
983.065999	942.298472	55.999999	61.567000
983.066002	942.303471	56.000000	61.566000
983.066000	942.308862	55.999998	61.564000
983.066002	942.313875	56.000000	61.561000
983.066001	942.318876	56.000002	61.559000
983.065999	942.323869	55.999999	61.555000
983.066002	942.328859	56.000000	61.551000
983.066000	942.333676	55.999999	61.548000
983.065998	942.338667	56.000000	61.548000
983.066000	942.343670	55.999999	61.549000
983.065999	942.348667	56.000003	61.552000
983.066003	942.353870	56.000001	61.555000
983.065998	942.358673	56.000002	61.555000
983.065999	942.363667	55.999998	61.555000
983.066002	942.368661	56.000001	61.555000
983.066000	942.373679	55.999998	61.558000
983.066000	942.378667	56.000002	61.563000
983.065998	942.383864	56.000002	61.567000
983.066000	942.388859	55.999999	61.569000
983.065998	942.393876	55.999999	61.567000
983.066002	942.398863	56.000003	61.563000
983.066001	942.403862	55.999998	61.559000
983.066001	942.408856	56.000001	61.555000
983.066000	942.413865	56.000002	61.554000
983.065998	942.418869	55.999997	61.555000
983.065997	942.423661	55.999998	61.559000
983.066000	942.428659	56.000001	61.565000
983.065999	942.433676	55.999998	61.570000
983.066002	942.438867	55.999999	61.574000
983.066000	942.444068	56.000002	61.575000
983.066003	942.448858	56.000002	61.574000
983.065999	942.453678	56.000003	61.573000
983.066000	942.459268	55.999998	61.572000
983.065999	942.464456	55.999999	61.571000
983.066001	942.469252	55.999998	61.572000
983.065999	942.474270	56.000001	61.574000
983.066002	942.479266	55.999999	61.576000
983.066000	942.484256	56.000002	61.577000
983.066003	942.489651	55.999999	61.576000
983.065998	942.494266	56.000001	61.573000
983.066004	942.499060	55.999999	61.569000
983.066000	942.504057	56.000002	61.565000
983.066000	942.509053	55.999998	61.560000
983.066002	942.514065	56.000002	61.557000
983.066001	942.519067	56.000000	61.556000
983.066002	942.524066	55.999997	61.557000
983.065998	942.529062	56.000002	61.562000
983.065998	942.534075	55.999999	61.568000
983.066001	942.539466	56.000003	61.574000
983.066000	942.544458	55.999999	61.577000
983.066006	942.549456	55.999999	61.579000
983.066001	942.554473	56.000001	61.577000
983.066001	942.559466	56.000002	61.574000
983.066001	942.564455	56.000000	61.570000
983.066005	942.569451	55.999998	61.567000
983.066002	942.574266	56.000000	61.567000
983.066000	942.579268	55.999999	61.568000
983.066000	942.584256	56.000002	61.570000
983.066000	942.589456	56.000002	61.571000
983.066003	942.594282	56.000000	61.572000
983.066000	942.599274	56.000002	61.571000
983.066000	942.604263	55.999998	61.571000
983.066001	942.609660	56.000002	61.572000
983.065999	942.614680	55.999998	61.573000
983.066004	942.619674	56.000003	61.573000
983.066000	942.624677	56.000000	61.573000
983.066001	942.629668	55.999998	61.572000
983.066004	942.634681	56.000001	61.571000
983.066001	942.639678	56.000001	61.571000
983.066002	942.644472	56.000002	61.569000
983.066002	942.649464	55.999999	61.566000
983.065997	942.654483	56.000001	61.563000
983.065999	942.659476	55.999998	61.558000
983.065999	942.664470	56.000000	61.553000
983.065999	942.669666	56.000001	61.548000
983.066002	942.674478	56.000000	61.545000
983.066001	942.679475	55.999999	61.542000
983.065999	942.684873	56.000000	61.540000
983.066000	942.689667	56.000000	61.540000
983.066000	942.694878	56.000001	61.541000
983.066001	942.699672	55.999998	61.543000
983.065999	942.705068	56.000001	61.546000
983.066002	942.709658	55.999998	61.549000
983.065999	942.715070	56.000001	61.552000
983.066001	942.719863	55.999999	61.554000
983.065999	942.724661	56.000001	61.555000
983.066003	942.729658	55.999998	61.555000
983.066004	942.734677	56.000002	61.557000
983.066001	942.739670	55.999999	61.558000
983.066002	942.744663	55.999998	61.559000
983.066001	942.749656	56.000000	61.560000
983.066002	942.754676	55.999999	61.559000
983.066002	942.759669	55.999999	61.558000
983.066001	942.765058	56.000000	61.557000
983.065996	942.770052	55.999998	61.556000
983.065998	942.775061	56.000000	61.554000
983.066000	942.780061	56.000001	61.553000
983.066000	942.785058	55.999999	61.554000
983.065999	942.790256	55.999999	61.557000
983.066002	942.795060	55.999998	61.561000
983.066003	942.799861	56.000000	61.565000
983.066001	942.804858	56.000000	61.570000
983.066001	942.810061	56.000002	61.572000
983.066001	942.814871	56.000000	61.573000
983.066000	942.819869	55.999999	61.573000
983.066001	942.824853	56.000002	61.572000
983.066002	942.829662	56.000002	61.570000
983.066002	942.834856	56.000002	61.569000
983.065998	942.840261	55.999999	61.568000
983.065999	942.845259	56.000001	61.567000
983.066001	942.850255	56.000000	61.566000
983.065998	942.855263	56.000000	61.565000
983.065999	942.860253	56.000002	61.565000
983.065998	942.865244	56.000001	61.565000
983.065999	942.870045	56.000001	61.565000
983.065997	942.875450	56.000000	61.567000
983.065998	942.880052	55.999999	61.569000
983.065998	942.885045	56.000002	61.572000
983.066000	942.890255	56.000000	61.574000
983.065998	942.895062	55.999998	61.574000
983.065998	942.900066	56.000001	61.572000
983.065999	942.905063	56.000000	61.569000
983.065999	942.910058	55.999998	61.567000
983.065998	942.915654	55.999998	61.566000
983.065999	942.920456	56.000000	61.568000
983.066000	942.925456	55.999999	61.570000
983.065998	942.930462	56.000002	61.571000
983.065998	942.935655	56.000003	61.569000
983.065998	942.940662	55.999998	61.566000
983.065999	942.945457	56.000002	61.563000
983.065998	942.950261	56.000003	61.564000
983.065997	942.955266	55.999998	61.570000
983.065998	942.960665	56.000002	61.579000
983.065998	942.965260	56.000001	61.587000
983.065999	942.970264	56.000001	61.590000
983.065998	942.975257	55.999997	61.589000
983.066001	942.980261	56.000004	61.586000
983.065997	942.985257	55.999997	61.584000
983.066000	942.990254	56.000003	61.585000
983.066004	942.995645	55.999999	61.586000
983.065997	943.000653	55.999998	61.585000
983.065999	943.005650	56.000001	61.580000
983.066002	943.010646	55.999998	61.572000
983.065999	943.015643	56.000003	61.562000
983.066000	943.020847	56.000000	61.552000
983.066003	943.025847	55.999999	61.543000
983.065999	943.030452	56.000003	61.536000
983.065998	943.035457	56.000002	61.533000
983.065999	943.040451	55.999997	61.535000
983.066000	943.045458	56.000002	61.541000
983.065999	943.050460	55.999998	61.550000
983.065999	943.055459	56.000002	61.558000
983.065998	943.060468	55.999997	61.563000
983.065999	943.065861	56.000002	61.566000
983.066001	943.070860	56.000000	61.568000
983.066001	943.075858	56.000001	61.569000
983.065999	943.080864	56.000000	61.568000
983.066003	943.086056	56.000000	61.566000
983.066002	943.090863	55.999998	61.564000
983.066001	943.095658	55.999997	61.563000
983.066003	943.101058	55.999997	61.565000
983.066001	943.105859	56.000001	61.568000
983.066001	943.110656	55.999999	61.572000
983.066000	943.115650	56.000001	61.574000
983.065999	943.120662	55.999999	61.575000
983.066000	943.125663	56.000001	61.573000
983.065998	943.130656	55.999998	61.571000
983.066002	943.135662	56.000003	61.569000
983.066002	943.141059	56.000002	61.568000
983.066001	943.146063	55.999998	61.568000
983.066003	943.151056	56.000002	61.569000
983.066000	943.156053	55.999998	61.571000
983.066006	943.161053	56.000002	61.572000
983.066001	943.166052	55.999998	61.571000
983.066002	943.170860	55.999999	61.569000
983.066002	943.176256	56.000003	61.566000
983.066000	943.180855	55.999996	61.563000
983.065999	943.185844	56.000002	61.562000
983.066001	943.190850	55.999997	61.564000
983.065999	943.195848	56.000002	61.569000
983.066001	943.200846	56.000002	61.576000
983.065999	943.205853	55.999997	61.584000
983.065999	943.210845	56.000003	61.588000
983.066004	943.215846	55.999999	61.589000
983.066000	943.221245	55.999998	61.588000
983.066002	943.226248	56.000000	61.584000
983.066002	943.231249	56.000001	61.580000
983.066000	943.236045	56.000000	61.575000
983.066001	943.241040	56.000000	61.570000
983.066002	943.246240	55.999997	61.564000
983.066003	943.251242	55.999998	61.560000
983.066000	943.256042	55.999997	61.556000
983.066000	943.261045	56.000003	61.556000
983.065999	943.266244	55.999998	61.559000
983.065998	943.271048	55.999999	61.566000
983.066002	943.276048	56.000003	61.574000
983.066000	943.281252	55.999998	61.581000
983.066001	943.286058	55.999998	61.585000
983.066001	943.291056	56.000003	61.586000
983.066002	943.296259	55.999997	61.585000
983.066001	943.301460	56.000001	61.585000
983.066000	943.306260	56.000003	61.586000
983.066001	943.311470	56.000000	61.587000
983.066002	943.316262	55.999998	61.587000
983.066002	943.321461	56.000000	61.586000
983.066000	943.326256	55.999999	61.582000
983.066002	943.331464	56.000002	61.578000
983.065999	943.336254	56.000003	61.573000
983.065999	943.341260	55.999998	61.568000
983.066000	943.346459	56.000003	61.565000
983.066003	943.351267	56.000002	61.563000
983.066002	943.356255	55.999999	61.561000
983.066000	943.361265	55.999997	61.559000
983.066005	943.366458	56.000000	61.557000
983.065999	943.371672	56.000002	61.556000
983.066001	943.376460	56.000002	61.556000
983.066000	943.381660	56.000002	61.556000
983.065999	943.386664	56.000000	61.557000
983.065997	943.391666	55.999999	61.558000
983.065999	943.396660	56.000003	61.559000
983.065999	943.401664	56.000001	61.558000
983.066002	943.406664	55.999998	61.556000
983.065999	943.411479	55.999999	61.556000
983.066003	943.416460	55.999997	61.557000
983.065999	943.421469	56.000000	61.561000
983.066000	943.426468	56.000003	61.564000
983.066001	943.431674	55.999999	61.567000
983.066000	943.436461	55.999997	61.567000
983.065998	943.441472	55.999999	61.567000
983.065998	943.446866	55.999997	61.566000
983.065998	943.451875	55.999999	61.565000
983.066001	943.456664	55.999997	61.564000
983.066001	943.461664	56.000000	61.565000
983.066001	943.466669	56.000002	61.567000
983.066001	943.471868	55.999998	61.569000
983.066000	943.476659	56.000002	61.570000
983.066000	943.481663	55.999998	61.569000
983.065997	943.486660	55.999998	61.567000
983.065999	943.491665	56.000000	61.564000
983.066002	943.496653	56.000002	61.561000
983.066000	943.501657	56.000003	61.558000
983.066001	943.506650	55.999999	61.554000
983.066000	943.511658	55.999997	61.550000
983.066001	943.516446	55.999998	61.547000
983.065997	943.522057	55.999999	61.543000
983.065999	943.527047	56.000001	61.542000
983.066000	943.532056	56.000001	61.543000
983.065996	943.537044	56.000002	61.546000
983.065999	943.542051	55.999998	61.550000
983.065997	943.547042	56.000001	61.554000
983.066002	943.552258	55.999999	61.558000
983.066003	943.556847	56.000000	61.561000
983.065999	943.562054	56.000002	61.564000
983.066001	943.566853	56.000002	61.568000
983.065998	943.571855	56.000000	61.570000
983.065999	943.576841	55.999998	61.571000
983.065998	943.582053	55.999999	61.570000
983.065999	943.586849	55.999999	61.568000
983.066000	943.591859	56.000002	61.567000
983.066003	943.597252	56.000001	61.570000
983.065999	943.602251	56.000000	61.576000
983.065998	943.607250	55.999999	61.584000
983.066003	943.612256	56.000000	61.590000
983.066002	943.617244	56.000000	61.594000
983.066000	943.622249	56.000001	61.594000
983.066001	943.627245	56.000000	61.591000
983.066000	943.632268	56.000000	61.585000
983.065999	943.637048	56.000000	61.579000
983.065999	943.642056	56.000000	61.571000
983.065998	943.647054	55.999999	61.563000
983.065996	943.652266	55.999999	61.556000
983.065995	943.657056	56.000000	61.551000
983.065998	943.662052	55.999999	61.549000
983.066001	943.667250	56.000000	61.548000
983.066000	943.672461	56.000000	61.548000
983.066001	943.677462	56.000000	61.550000
983.066003	943.682451	55.999999	61.554000
983.066002	943.687456	56.000001	61.559000
983.066001	943.692258	55.999999	61.564000
983.065999	943.697452	56.000000	61.568000
983.066000	943.702660	56.000000	61.569000
983.066000	943.707452	55.999997	61.568000
983.065998	943.712261	56.000001	61.566000
983.066001	943.717460	56.000000	61.567000
983.066000	943.722254	56.000001	61.570000
983.065999	943.727260	56.000001	61.576000
983.065998	943.732259	55.999999	61.581000
983.065999	943.737261	55.999997	61.584000
983.065998	943.742264	55.999999	61.585000
983.066002	943.747662	55.999999	61.583000
983.066003	943.752675	55.999999	61.580000
983.066002	943.757865	55.999997	61.577000
983.066002	943.762659	55.999999	61.573000
983.066001	943.767653	55.999998	61.570000
983.065998	943.772665	55.999998	61.568000
983.066001	943.777658	56.000000	61.566000
983.066004	943.782655	56.000000	61.566000
983.065996	943.787462	56.000002	61.568000
983.066000	943.792461	56.000000	61.571000
983.066000	943.797458	56.000002	61.576000
983.065998	943.802458	56.000002	61.581000
983.065999	943.807459	56.000000	61.585000
983.066000	943.812476	56.000000	61.587000
983.065997	943.817460	55.999999	61.588000
983.066004	943.822866	55.999998	61.586000
983.066001	943.827862	55.999997	61.583000
983.066002	943.832875	55.999998	61.578000
983.066003	943.837865	55.999998	61.573000
983.065999	943.842858	55.999997	61.568000
983.065999	943.847663	56.000003	61.565000
983.066000	943.852871	56.000001	61.564000
983.066001	943.857660	56.000002	61.565000
983.066004	943.862866	56.000002	61.566000
983.066001	943.867663	56.000001	61.568000
983.066001	943.872674	56.000002	61.570000
983.066002	943.877664	56.000002	61.571000
983.066000	943.882658	56.000002	61.572000
983.066001	943.887665	56.000002	61.573000
983.066001	943.892671	56.000002	61.574000
983.065998	943.898074	55.999999	61.575000
983.065998	943.903065	56.000000	61.575000
983.066000	943.908066	55.999997	61.574000
983.066003	943.913078	55.999998	61.572000
983.066002	943.918067	55.999998	61.569000
983.065998	943.923070	56.000000	61.564000
983.066003	943.928264	56.000003	61.559000
983.066002	943.932871	56.000000	61.556000
983.066001	943.938069	55.999999	61.555000
983.066003	943.942874	55.999998	61.556000
983.066000	943.947861	55.999998	61.559000
983.066001	943.952874	55.999998	61.564000
983.066001	943.957862	55.999998	61.567000
983.066001	943.962865	55.999998	61.567000
983.066002	943.968261	56.000001	61.564000
983.066001	943.973073	56.000001	61.557000
983.065999	943.978264	56.000000	61.550000
983.066001	943.983266	56.000000	61.545000
983.066002	943.988256	56.000001	61.543000
983.065999	943.993079	56.000001	61.545000
983.066000	943.998268	56.000000	61.548000
983.066002	944.003262	55.999998	61.552000
983.066000	944.008262	55.999999	61.554000
983.066000	944.013075	56.000000	61.554000
983.066002	944.018265	56.000001	61.554000
983.065997	944.023065	56.000000	61.554000
983.066004	944.028060	56.000001	61.555000
983.066002	944.033279	55.999999	61.557000
983.066001	944.037870	56.000000	61.559000
983.066001	944.043082	56.000000	61.561000
983.066003	944.048268	56.000000	61.562000
983.066000	944.053277	56.000000	61.563000
983.066001	944.058274	56.000000	61.563000
983.066001	944.063268	56.000000	61.564000
983.066001	944.068260	55.999999	61.565000
983.066005	944.073069	55.999999	61.566000
983.066001	944.078260	55.999998	61.568000
983.065999	944.083067	56.000000	61.568000
983.066002	944.088257	56.000000	61.568000
983.066000	944.093069	56.000002	61.567000
983.066002	944.098065	55.999999	61.568000
983.066002	944.103057	56.000001	61.570000
983.066004	944.108055	56.000000	61.574000
983.066001	944.113066	56.000001	61.579000
983.066002	944.118468	55.999999	61.583000
983.065999	944.123464	56.000001	61.584000
983.066000	944.128453	55.999998	61.582000
983.066001	944.133471	56.000001	61.577000
983.066000	944.138463	56.000001	61.572000
983.066001	944.143462	55.999999	61.567000
983.066001	944.148459	56.000000	61.565000
983.066001	944.153471	56.000000	61.565000
983.066000	944.158459	55.999999	61.566000
983.066000	944.163255	55.999999	61.568000
983.065999	944.168255	55.999999	61.568000
983.066006	944.173264	56.000000	61.567000
983.066003	944.178260	55.999999	61.565000
983.066002	944.183461	56.000000	61.564000
983.066002	944.188454	56.000000	61.564000
983.066004	944.193261	56.000000	61.564000
983.066000	944.198656	56.000001	61.565000
983.065999	944.203655	56.000000	61.566000
983.065998	944.208847	56.000000	61.567000
983.066000	944.213663	56.000000	61.568000
983.065999	944.218660	56.000000	61.567000
983.065998	944.223459	56.000000	61.566000
983.066000	944.228661	56.000001	61.564000
983.066001	944.233469	56.000000	61.562000
983.065999	944.238462	56.000000	61.562000
983.065999	944.243462	56.000000	61.565000
983.066000	944.248666	55.999999	61.571000
983.066002	944.253672	56.000000	61.578000
983.066001	944.258472	55.999998	61.584000
983.066003	944.263462	55.999998	61.587000
983.066001	944.268864	56.000001	61.587000
983.065999	944.273873	56.000000	61.583000
983.065996	944.278868	55.999999	61.578000
983.065999	944.283869	55.999999	61.573000
983.065996	944.288864	56.000000	61.568000
983.065999	944.293869	55.999999	61.565000
983.065999	944.298868	55.999999	61.562000
983.065999	944.303852	55.999999	61.560000
983.066001	944.308858	56.000000	61.559000
983.065998	944.313863	56.000001	61.557000
983.066000	944.318660	56.000001	61.556000
983.066003	944.323655	56.000001	61.557000
983.066003	944.328651	56.000000	61.558000
983.066000	944.333660	56.000001	61.560000
983.066000	944.338653	56.000001	61.562000
983.066001	944.344058	56.000001	61.565000
983.066000	944.349046	55.999999	61.566000
983.066002	944.354056	56.000001	61.567000
983.065999	944.359065	55.999999	61.568000
983.065999	944.364055	56.000000	61.569000
983.065998	944.369054	56.000000	61.569000
983.065999	944.374060	55.999999	61.570000
983.066000	944.379062	55.999998	61.571000
983.066001	944.384055	55.999998	61.572000
983.065998	944.389055	55.999998	61.572000
983.065999	944.393865	56.000001	61.572000
983.065998	944.398860	56.000001	61.571000
983.066001	944.403856	56.000001	61.569000
983.066000	944.408853	56.000001	61.567000
983.066000	944.414055	55.999998	61.563000
983.066002	944.419252	56.000000	61.559000
983.066002	944.424255	56.000001	61.556000
983.066001	944.429244	56.000002	61.555000
983.066004	944.434649	55.999998	61.555000
983.065999	944.439250	56.000001	61.558000
983.065999	944.444252	56.000001	61.565000
983.066001	944.449247	56.000001	61.571000
983.066004	944.454265	56.000001	61.576000
983.065999	944.459261	56.000000	61.577000
983.065999	944.464265	56.000000	61.575000
983.066002	944.469058	55.999999	61.573000
983.066001	944.474065	55.999999	61.570000
983.065998	944.479066	55.999999	61.568000
983.066001	944.484056	55.999999	61.568000
983.066000	944.489060	55.999999	61.570000
983.065999	944.494066	56.000000	61.573000
983.066003	944.499461	56.000000	61.575000
983.066000	944.504457	56.000000	61.575000
983.066001	944.509457	56.000000	61.573000
983.065999	944.514662	56.000001	61.571000
983.066003	944.519462	56.000000	61.568000
983.066000	944.524461	56.000000	61.566000
983.066003	944.529652	56.000000	61.563000
983.066000	944.534658	56.000000	61.560000
983.066001	944.539464	56.000000	61.558000
983.065999	944.544264	56.000000	61.556000
983.066000	944.549261	56.000000	61.556000
983.065996	944.554264	56.000001	61.558000
983.066000	944.559260	56.000001	61.561000
983.066000	944.564255	56.000000	61.565000
983.066003	944.569653	56.000001	61.568000
983.065999	944.574666	56.000001	61.570000
983.066001	944.579665	56.000001	61.571000
983.065998	944.584662	55.999999	61.570000
983.065999	944.589656	56.000000	61.567000
983.066001	944.594861	56.000000	61.561000
983.066001	944.599469	55.999999	61.554000
983.066002	944.604864	55.999999	61.547000
983.066000	944.609461	56.000000	61.542000
983.065999	944.614466	56.000000	61.540000
983.066000	944.619465	55.999999	61.541000
983.066000	944.624465	55.999999	61.544000
983.066000	944.629460	55.999999	61.547000
983.066003	944.634468	56.000001	61.547000
983.066005	944.639462	56.000000	61.546000
983.066001	944.644860	56.000001	61.543000
983.066003	944.649849	56.000000	61.542000
983.065999	944.654865	56.000001	61.541000
983.066000	944.659856	56.000001	61.540000
983.066002	944.664862	56.000001	61.539000
983.066001	944.669657	55.999999	61.537000
983.066000	944.674866	56.000001	61.536000
983.066000	944.679658	55.999999	61.536000
983.066001	944.684859	56.000001	61.540000
983.066000	944.689653	56.000000	61.545000
983.066001	944.694675	55.999999	61.552000
983.066001	944.699660	56.000000	61.560000
983.066003	944.704668	56.000001	61.566000
983.065999	944.709662	55.999999	61.569000
983.066002	944.714657	56.000001	61.570000
983.066000	944.719664	55.999999	61.569000
983.065999	944.725054	56.000000	61.567000
983.066001	944.730055	55.999999	61.564000
983.066001	944.735063	56.000000	61.562000
983.066001	944.740057	56.000000	61.560000
983.066003	944.745060	55.999999	61.560000
983.065997	944.750048	56.000000	61.559000
983.066000	944.755054	55.999999	61.559000
983.066002	944.759854	56.000000	61.558000
983.066002	944.764858	56.000001	61.556000
983.065999	944.769849	56.000001	61.553000
983.066001	944.774848	56.000000	61.550000
983.065997	944.779854	56.000000	61.547000
983.066000	944.784854	56.000000	61.545000
983.066000	944.790047	55.999999	61.546000
983.066001	944.794846	56.000000	61.551000
983.065999	944.800247	55.999999	61.557000
983.066000	944.805242	56.000000	61.562000
983.066001	944.810641	56.000000	61.565000
983.065999	944.815243	55.999999	61.564000
983.066002	944.820243	56.000000	61.561000
983.066000	944.825441	56.000001	61.557000
983.066001	944.830241	55.999999	61.555000
983.065997	944.835246	56.000000	61.556000
983.066001	944.840049	56.000001	61.559000
983.065998	944.845244	56.000000	61.564000
983.066002	944.850044	56.000001	61.569000
983.066001	944.855052	55.999999	61.572000
983.066000	944.860049	56.000000	61.574000
983.066002	944.865053	55.999999	61.575000
983.066001	944.870049	55.999999	61.575000
983.066000	944.875446	56.000000	61.573000
983.066000	944.880461	56.000001	61.572000
983.066000	944.885453	55.999999	61.571000
983.066002	944.890458	56.000000	61.569000
983.065998	944.895448	55.999999	61.566000
983.065998	944.900466	56.000000	61.563000
983.066000	944.905264	56.000000	61.559000
983.065999	944.910456	55.999999	61.555000
983.066002	944.915260	55.999998	61.552000
983.066001	944.920265	55.999999	61.550000
983.066003	944.925464	56.000001	61.552000
983.066002	944.930271	56.000002	61.556000
983.066003	944.935267	56.000001	61.561000
983.065999	944.940472	55.999998	61.566000
983.066000	944.945263	56.000000	61.568000
983.065999	944.950661	56.000000	61.569000
983.066000	944.955659	55.999998	61.568000
983.065998	944.960468	56.000000	61.566000
983.065998	944.965665	55.999999	61.564000
983.065998	944.970668	56.000000	61.562000
983.066000	944.975662	56.000002	61.560000
983.066000	944.980473	56.000000	61.560000
983.066000	944.985663	56.000002	61.561000
983.065998	944.990861	55.999998	61.563000
983.066000	944.995468	56.000002	61.565000
983.066000	945.000468	56.000002	61.565000
983.065999	945.005658	55.999999	61.565000
983.065998	945.010461	55.999999	61.565000
983.066002	945.015466	55.999999	61.564000
983.066000	945.020481	55.999997	61.565000
983.066000	945.025870	55.999998	61.566000
983.066000	945.030861	55.999998	61.568000
983.065997	945.035853	55.999998	61.569000
983.066001	945.040869	55.999998	61.570000
983.065998	945.045857	56.000000	61.571000
983.066000	945.051061	56.000001	61.573000
983.065999	945.055857	56.000001	61.575000
983.065999	945.060857	56.000002	61.576000
983.065998	945.065848	56.000001	61.576000
983.065999	945.070657	55.999999	61.575000
983.065998	945.075648	56.000000	61.573000
983.065998	945.080652	56.000000	61.570000
983.065997	945.085652	55.999998	61.567000
983.065995	945.090651	55.999999	61.567000
983.065997	945.095649	55.999999	61.569000
983.066001	945.100656	56.000002	61.573000
983.065999	945.106052	56.000002	61.578000
983.066001	945.111256	55.999999	61.583000
983.066003	945.116049	55.999997	61.588000
983.066000	945.121049	55.999996	61.592000
983.065999	945.126064	55.999997	61.598000
983.065996	945.131063	55.999998	61.604000
983.065998	945.136053	56.000002	61.610000
983.065999	945.141055	56.000003	61.615000
983.066000	945.146051	56.000002	61.619000
983.065999	945.151259	56.000000	61.621000
983.065999	945.155851	56.000002	61.624000
983.065998	945.160846	55.999998	61.626000
983.065997	945.165847	55.999998	61.627000
983.066001	945.170846	56.000001	61.625000
983.065999	945.175846	56.000001	61.620000
983.065999	945.181253	56.000001	61.613000
983.066001	945.186447	55.999999	61.607000
983.066000	945.191252	55.999998	61.601000
983.066003	945.196246	56.000000	61.596000
983.066000	945.201245	56.000002	61.590000
983.066002	945.206449	56.000000	61.585000
983.066000	945.211249	55.999999	61.580000
983.065997	945.216248	56.000002	61.575000
983.066003	945.221254	56.000000	61.571000
983.065998	945.226051	56.000002	61.568000
983.065998	945.231050	55.999999	61.567000
983.065999	945.236044	56.000001	61.567000
983.065998	945.241252	56.000002	61.567000
983.065997	945.246053	56.000000	61.568000
983.065998	945.251055	56.000000	61.569000
983.066001	945.256241	56.000002	61.571000
983.066004	945.261640	56.000002	61.572000
983.066002	945.266240	56.000001	61.573000
983.066001	945.271649	56.000001	61.572000
983.066002	945.276247	56.000002	61.571000
983.065997	945.281444	55.999999	61.568000
983.066001	945.286249	55.999999	61.565000
983.066001	945.291654	56.000002	61.562000
983.066002	945.296249	55.999999	61.559000
983.066001	945.301254	56.000001	61.557000
983.066002	945.306250	56.000000	61.556000
983.066000	945.311264	55.999999	61.556000
983.065999	945.316255	56.000001	61.557000
983.066002	945.321254	55.999999	61.557000
983.066001	945.326248	56.000001	61.557000
983.066002	945.331258	56.000000	61.556000
983.065997	945.336656	56.000000	61.554000
983.066003	945.341664	55.999999	61.554000
983.066000	945.346655	56.000001	61.556000
983.066000	945.351655	55.999999	61.559000
983.066001	945.356452	56.000002	61.562000
983.066001	945.361855	56.000002	61.564000
983.066000	945.366645	56.000000	61.564000
983.065999	945.371657	56.000000	61.562000
983.066000	945.376457	56.000001	61.559000
983.066000	945.381450	55.999999	61.556000
983.066000	945.386446	56.000001	61.554000
983.066000	945.391451	55.999999	61.552000
983.065997	945.396446	56.000000	61.552000
983.066000	945.401448	55.999999	61.555000
983.066001	945.406446	55.999998	61.560000
983.065997	945.411854	56.000001	61.568000
983.066003	945.416853	55.999999	61.575000
983.066000	945.421851	56.000000	61.581000
983.066002	945.426845	56.000000	61.584000
983.066000	945.431851	55.999999	61.583000
983.066002	945.436851	56.000001	61.581000
983.066003	945.441854	56.000000	61.578000
983.066001	945.446645	56.000001	61.575000
983.066002	945.451869	55.999999	61.575000
983.065999	945.456650	56.000000	61.575000
983.066002	945.461650	55.999998	61.577000
983.066002	945.466647	56.000001	61.577000
983.066003	945.471664	56.000001	61.577000
983.066001	945.476655	55.999999	61.576000
983.066002	945.481654	55.999998	61.574000
983.065998	945.487251	55.999999	61.571000
983.066000	945.492068	55.999999	61.567000
983.066002	945.497055	55.999999	61.562000
983.065998	945.502266	56.000002	61.556000
983.066000	945.507259	55.999999	61.551000
983.066002	945.512065	56.000001	61.547000
983.066001	945.517052	56.000000	61.548000
983.066000	945.522059	55.999998	61.555000
983.066001	945.526846	56.000000	61.563000
983.065999	945.531868	55.999999	61.566000
983.065999	945.536860	56.000000	61.564000
983.065998	945.541863	56.000001	61.558000
983.066000	945.547047	55.999999	61.549000
983.066000	945.551863	56.000001	61.540000
983.066001	945.556856	55.999999	61.532000
983.065999	945.561860	55.999999	61.527000
983.065999	945.567450	55.999999	61.526000
983.065997	945.572265	55.999999	61.530000
983.066001	945.577261	55.999998	61.538000
983.065999	945.582252	56.000002	61.547000
983.065999	945.587251	55.999998	61.556000
983.066001	945.592271	56.000000	61.562000
983.066000	945.597062	56.000001	61.565000
983.065999	945.602254	56.000000	61.567000
983.065998	945.607054	56.000000	61.567000
983.065999	945.612063	56.000001	61.566000
983.066002	945.617054	56.000000	61.564000
983.066002	945.622049	56.000000	61.563000
983.066003	945.626846	56.000001	61.562000
983.066001	945.632058	56.000003	61.565000
983.066002	945.636844	56.000000	61.569000
983.066001	945.642450	56.000001	61.573000
983.065998	945.647447	56.000002	61.576000
983.065998	945.652456	55.999998	61.576000
983.066000	945.657450	56.000000	61.574000
983.066000	945.662444	56.000000	61.571000
983.065996	945.667445	56.000002	61.567000
983.066001	945.672455	55.999997	61.563000
983.065999	945.677251	56.000001	61.559000
983.066002	945.682244	56.000000	61.555000
983.066002	945.687241	55.999998	61.553000
983.066001	945.692245	56.000002	61.554000
983.066001	945.697251	55.999998	61.558000
983.066004	945.702246	55.999999	61.564000
983.066000	945.707242	55.999999	61.569000
983.065999	945.712657	56.000001	61.570000
983.066001	945.717652	56.000001	61.568000
983.065998	945.722655	56.000001	61.567000
983.066000	945.727662	56.000001	61.567000
983.065999	945.732677	56.000000	61.568000
983.066003	945.737468	56.000000	61.568000
983.066000	945.742663	55.999999	61.567000
983.065998	945.747650	56.000003	61.564000
983.066000	945.752666	55.999997	61.559000
983.065998	945.757472	56.000000	61.553000
983.065998	945.762460	55.999998	61.548000
983.065998	945.767458	56.000003	61.543000
983.065998	945.772463	55.999998	61.542000
983.066000	945.777462	56.000001	61.544000
983.066000	945.782464	56.000000	61.548000
983.066001	945.788059	55.999997	61.551000
983.066002	945.792867	55.999997	61.551000
983.066001	945.797867	56.000003	61.548000
983.066003	945.802857	55.999997	61.545000
983.065999	945.807854	56.000002	61.544000
983.065998	945.812872	55.999998	61.546000
983.065999	945.817860	56.000003	61.550000
983.065998	945.822860	55.999998	61.556000
983.065996	945.827653	56.000000	61.563000
983.066001	945.833071	56.000003	61.570000
983.065998	945.837660	55.999998	61.574000
983.065998	945.842652	56.000002	61.576000
983.065998	945.847856	56.000003	61.576000
983.066002	945.852673	56.000002	61.573000
983.066000	945.857662	56.000000	61.568000
983.065997	945.862862	55.999999	61.563000
983.066000	945.868264	56.000002	61.558000
983.065996	945.872885	55.999999	61.555000
983.065997	945.878079	55.999997	61.555000
983.065998	945.882866	55.999998	61.557000
983.066002	945.888063	55.999997	61.561000
983.065998	945.892887	55.999998	61.566000
983.066005	945.898080	55.999998	61.571000
983.065996	945.902865	56.000000	61.576000
983.066000	945.907863	56.000000	61.579000
983.066000	945.912879	56.000000	61.581000
983.065999	945.917870	56.000000	61.581000
983.065997	945.922855	56.000002	61.577000
983.066001	945.927850	55.999999	61.572000
983.065995	945.932874	56.000000	61.566000
983.065997	945.938065	55.999999	61.560000
983.066001	945.943255	55.999998	61.555000
983.066003	945.948261	56.000002	61.552000
983.065998	945.953270	55.999998	61.550000
983.066000	945.958260	56.000001	61.549000
983.065996	945.963257	55.999998	61.549000
983.066002	945.968253	56.000000	61.548000
983.065999	945.973265	56.000000	61.547000
983.066002	945.978257	55.999998	61.546000
983.066002	945.983054	55.999998	61.545000
983.066002	945.988050	56.000003	61.545000
983.066000	945.993071	55.999998	61.545000
983.066001	945.998056	56.000000	61.544000
983.066001	946.003056	56.000002	61.545000
983.066001	946.008052	55.999998	61.548000
983.066002	946.012862	56.000000	61.553000
983.066002	946.018671	56.000001	61.559000
983.065999	946.023459	56.000003	61.564000
983.066002	946.028458	55.999998	61.567000
983.066003	946.033476	56.000000	61.567000
983.066004	946.038460	56.000001	61.564000
983.066002	946.043669	56.000001	61.561000
983.066002	946.048457	56.000000	61.558000
983.065999	946.053271	55.999997	61.556000
983.065999	946.058665	56.000001	61.556000
983.066000	946.063263	55.999999	61.556000
983.065998	946.068257	55.999999	61.558000
983.066003	946.073271	56.000000	61.560000
983.066001	946.078259	56.000002	61.563000
983.065999	946.083461	56.000001	61.566000
983.066001	946.088248	56.000000	61.567000
983.066003	946.093667	56.000000	61.567000
983.066002	946.098662	55.999998	61.564000
983.065999	946.103664	56.000001	61.561000
983.066001	946.108659	56.000001	61.559000
983.065999	946.113669	56.000001	61.557000
983.065999	946.118659	56.000000	61.558000
983.066000	946.123659	55.999999	61.561000
983.066002	946.128664	55.999999	61.564000
983.066002	946.133477	55.999999	61.566000
983.066001	946.138672	55.999999	61.565000
983.066001	946.143468	56.000001	61.562000
983.065999	946.148464	55.999999	61.559000
983.066002	946.153468	56.000000	61.554000
983.066000	946.158468	56.000000	61.551000
983.066003	946.163466	56.000002	61.549000
983.065998	946.168870	55.999999	61.547000
983.066001	946.173881	56.000000	61.548000
983.066000	946.178864	56.000001	61.549000
983.066002	946.183864	55.999998	61.552000
983.066000	946.188860	56.000000	61.554000
983.066000	946.193877	56.000002	61.556000
983.065999	946.198871	55.999998	61.556000
983.066003	946.203867	55.999999	61.555000
983.066002	946.208862	56.000001	61.555000
983.066002	946.213668	55.999999	61.556000
983.066002	946.218660	55.999998	61.559000
983.065999	946.223657	56.000001	61.562000
983.066001	946.228653	56.000001	61.563000
983.066001	946.233469	55.999999	61.562000
983.066001	946.238458	56.000000	61.559000
983.065999	946.244064	56.000002	61.556000
983.066000	946.249054	55.999999	61.553000
983.065998	946.254071	56.000000	61.551000
983.066000	946.259062	55.999999	61.549000
983.066000	946.264248	56.000001	61.548000
983.066002	946.269052	56.000002	61.547000
983.065999	946.274060	55.999999	61.547000
983.065998	946.278867	56.000001	61.547000
983.066000	946.284060	56.000000	61.548000
983.065999	946.289048	56.000001	61.549000
983.066003	946.293865	56.000001	61.553000
983.066003	946.298868	55.999998	61.558000
983.066002	946.303855	55.999998	61.565000
983.066000	946.308853	56.000003	61.572000
983.066000	946.313868	55.999997	61.576000
983.065999	946.319463	55.999999	61.576000
983.066001	946.324258	55.999997	61.573000
983.066001	946.329253	56.000001	61.569000
983.065998	946.334258	56.000001	61.564000
983.066001	946.339265	55.999998	61.561000
983.065997	946.344259	56.000002	61.561000
983.065997	946.349259	55.999999	61.563000
983.066000	946.354273	56.000000	61.567000
983.066001	946.359270	56.000000	61.571000
983.065999	946.364058	55.999998	61.573000
983.066000	946.369067	55.999999	61.574000
983.066000	946.374079	56.000001	61.574000
983.066000	946.379074	55.999999	61.573000
983.066002	946.384060	55.999998	61.572000
983.065999	946.389062	56.000000	61.570000
983.065998	946.394469	56.000001	61.568000
983.065997	946.399467	56.000001	61.564000
983.065998	946.404446	55.999998	61.560000
983.065999	946.409663	55.999998	61.555000
983.065997	946.414466	55.999999	61.551000
983.065997	946.419463	56.000002	61.549000
983.066001	946.424458	56.000000	61.549000
983.065997	946.429461	56.000001	61.551000
983.065998	946.434462	55.999998	61.555000
983.065997	946.439271	56.000000	61.558000
983.066000	946.444259	55.999999	61.561000
983.066000	946.449264	56.000000	61.562000
983.066001	946.454272	56.000000	61.562000
983.066001	946.459275	56.000001	61.562000
983.066000	946.464263	56.000001	61.561000
983.066001	946.469667	55.999998	61.561000
983.065998	946.474677	56.000002	61.564000
983.065999	946.479472	56.000000	61.568000
983.066002	946.484670	56.000001	61.573000
983.065997	946.489461	55.999999	61.577000
983.065999	946.494658	56.000001	61.578000
983.066001	946.499462	55.999999	61.576000
983.065998	946.504660	56.000000	61.571000
983.066000	946.509466	55.999998	61.565000
983.066001	946.514467	56.000002	61.560000
983.066000	946.519462	55.999999	61.557000
983.065996	946.524456	56.000001	61.557000
983.065999	946.529465	55.999999	61.560000
983.065996	946.534468	55.999999	61.565000
983.065999	946.539473	56.000001	61.570000
983.065996	946.544862	56.000001	61.573000
983.066000	946.549854	55.999999	61.572000
983.065998	946.554865	56.000001	61.568000
983.065997	946.559859	55.999999	61.564000
983.066001	946.564859	55.999999	61.561000
983.065999	946.569856	56.000000	61.561000
983.065998	946.575065	56.000000	61.565000
983.065999	946.579655	56.000000	61.572000
983.066001	946.584855	55.999999	61.578000
983.066001	946.589851	55.999999	61.581000
983.066001	946.595063	56.000001	61.582000
983.065999	946.599666	56.000002	61.580000
983.066000	946.604649	56.000000	61.578000
983.066001	946.609650	55.999998	61.576000
983.065999	946.614860	56.000000	61.573000
983.066000	946.620059	56.000002	61.571000
983.066001	946.625057	55.999998	61.568000
983.066000	946.629847	55.999997	61.565000
983.066001	946.635251	55.999998	61.561000
983.065996	946.640054	55.999998	61.556000
983.065999	946.645057	56.000002	61.550000
983.066002	946.650062	55.999999	61.545000
983.065998	946.655254	55.999998	61.541000
983.065998	946.659861	55.999999	61.539000
983.066000	946.665248	55.999997	61.541000
983.066001	946.669855	55.999999	61.545000
983.065998	946.674860	56.000000	61.552000
983.066004	946.679866	56.000000	61.560000
983.065999	946.684852	55.999997	61.565000
983.065999	946.689851	56.000002	61.568000
983.066004	946.695258	56.000002	61.569000
983.065999	946.700252	55.999998	61.566000
983.065998	946.705252	56.000003	61.562000
983.066001	946.710252	56.000001	61.557000
983.065999	946.715254	55.999997	61.551000
983.066003	946.720255	56.000002	61.546000
983.065999	946.725256	56.000002	61.542000
983.066002	946.730261	55.999999	61.541000
983.066004	946.735259	55.999999	61.542000
983.066000	946.740264	56.000003	61.547000
983.065999	946.745055	56.000003	61.552000
983.066001	946.750056	56.000000	61.557000
983.066003	946.755064	55.999997	61.560000
983.065998	946.760070	55.999997	61.561000
983.066004	946.765057	56.000002	61.562000
983.066000	946.770059	56.000003	61.564000
983.065998	946.775258	55.999997	61.564000
983.066000	946.780262	56.000000	61.564000
983.066000	946.785253	56.000003	61.562000
983.066003	946.790253	55.999999	61.559000
983.066001	946.795459	56.000002	61.556000
983.066002	946.800259	56.000000	61.554000
983.066000	946.805257	56.000002	61.552000
983.066004	946.810249	55.999998	61.550000
983.066000	946.815265	55.999997	61.549000
983.065999	946.820071	55.999997	61.548000
983.066001	946.825062	55.999999	61.547000
983.066000	946.830057	56.000002	61.547000
983.066001	946.835064	56.000001	61.549000
983.065998	946.840070	55.999997	61.552000
983.066005	946.845065	55.999998	61.557000
983.066000	946.850454	55.999998	61.561000
983.066000	946.855458	56.000002	61.565000
983.066002	946.860653	55.999997	61.567000
983.066002	946.865449	55.999997	61.571000
983.066000	946.870450	56.000000	61.574000
983.066001	946.875448	56.000002	61.579000
983.066000	946.880455	56.000001	61.583000
983.066002	946.885447	55.999998	61.586000
983.066002	946.890449	56.000000	61.586000
983.066003	946.895459	56.000001	61.583000
983.066001	946.900251	56.000002	61.579000
983.066002	946.905442	56.000000	61.575000
983.066002	946.910251	56.000002	61.573000
983.066002	946.915259	55.999998	61.573000
983.066003	946.920246	56.000002	61.576000
983.066001	946.925649	56.000001	61.579000
983.066002	946.930645	55.999999	61.580000
983.066003	946.935652	56.000000	61.579000
983.066003	946.940654	55.999999	61.574000
983.066002	946.945849	56.000000	61.569000
983.066001	946.950851	56.000001	61.563000
983.066002	946.955652	56.000001	61.558000
983.066002	946.960656	55.999999	61.554000
983.066001	946.965647	56.000001	61.551000
983.066000	946.970652	55.999999	61.549000
983.065999	946.975443	56.000001	61.548000
983.065999	946.980436	55.999998	61.548000
983.066000	946.985645	55.999998	61.551000
983.066000	946.990445	56.000000	61.555000
983.066005	946.995258	56.000000	61.560000
983.066003	947.000850	56.000000	61.564000
983.065998	947.006043	55.999998	61.566000
983.066000	947.011049	55.999998	61.566000
983.066000	947.015848	55.999998	61.563000
983.065997	947.020853	56.000001	61.561000
983.066000	947.025847	56.000001	61.558000
983.065999	947.030858	55.999997	61.557000
983.066001	947.035645	55.999997	61.557000
983.066002	947.040647	55.999999	61.558000
983.066001	947.045650	56.000003	61.560000
983.066004	947.050654	56.000002	61.561000
983.066001	947.055647	55.999998	61.560000
983.066003	947.060646	55.999998	61.559000
983.066001	947.065643	55.999996	61.557000
983.066001	947.070652	55.999997	61.555000
983.065999	947.076048	55.999997	61.554000
983.065998	947.081047	55.999998	61.555000
983.065999	947.086043	55.999997	61.556000
983.065999	947.091050	56.000002	61.556000
983.065999	947.096057	56.000001	61.556000
983.065996	947.101057	55.999999	61.554000
983.066002	947.106051	55.999998	61.551000
983.065999	947.111049	55.999999	61.549000
983.066000	947.116047	55.999997	61.549000
983.065997	947.121049	55.999998	61.551000
983.066001	947.125847	55.999998	61.555000
983.065998	947.131059	56.000004	61.560000
983.065997	947.135860	56.000000	61.565000
983.066000	947.140855	56.000001	61.567000
983.065999	947.145851	56.000001	61.566000
983.065998	947.151458	56.000002	61.561000
983.065995	947.156253	55.999997	61.554000
983.066000	947.161250	55.999999	61.546000
983.066000	947.166051	55.999997	61.538000
983.065999	947.171454	56.000001	61.533000
983.066000	947.176260	56.000000	61.529000
983.065996	947.181255	56.000001	61.529000
983.065997	947.186057	55.999997	61.531000
983.065998	947.191066	55.999998	61.536000
983.066000	947.196061	55.999998	61.541000
983.066000	947.201060	55.999998	61.547000
983.065999	947.206055	55.999998	61.551000
983.065998	947.211070	55.999999	61.553000
983.066000	947.216057	56.000001	61.553000
983.066000	947.221056	56.000001	61.552000
983.066001	947.226658	56.000003	61.551000
983.066000	947.231662	56.000003	61.552000
983.065996	947.236261	55.999998	61.554000
983.065998	947.241450	56.000001	61.557000
983.065998	947.246454	56.000000	61.560000
983.066001	947.251861	55.999997	61.561000
983.065998	947.256257	56.000000	61.562000
983.065999	947.261451	55.999999	61.560000
983.065999	947.266255	56.000000	61.558000
983.065999	947.271453	55.999997	61.554000
983.065997	947.276261	56.000001	61.550000
983.066001	947.281257	56.000001	61.545000
983.065998	947.286256	56.000003	61.542000
983.065999	947.291263	56.000002	61.542000
983.066000	947.296254	56.000000	61.545000
983.066000	947.301655	56.000000	61.551000
983.066000	947.306656	56.000000	61.559000
983.066001	947.311659	55.999999	61.566000
983.065996	947.316452	56.000002	61.570000
983.065997	947.321652	55.999999	61.573000
983.066001	947.326656	56.000000	61.574000
983.065999	947.331661	56.000000	61.575000
983.066000	947.336454	56.000000	61.575000
983.065998	947.341647	56.000000	61.575000
983.065997	947.346449	56.000000	61.574000
983.066000	947.351460	55.999999	61.572000
983.065999	947.356451	56.000000	61.569000
983.065999	947.361651	56.000000	61.566000
983.065999	947.366455	56.000000	61.564000
983.065999	947.371461	56.000001	61.563000
983.066002	947.376857	56.000001	61.563000
983.066002	947.381852	55.999999	61.564000
983.066001	947.386852	55.999998	61.565000
983.066002	947.391862	56.000000	61.564000
983.065999	947.396859	56.000001	61.561000
983.066001	947.401860	55.999999	61.557000
983.065999	947.406851	55.999999	61.554000
983.065997	947.411862	56.000000	61.553000
983.066001	947.416655	55.999998	61.553000
983.065998	947.421662	55.999999	61.554000
983.066001	947.426652	56.000001	61.558000
983.066001	947.431657	56.000002	61.562000
983.065999	947.436647	56.000003	61.566000
983.066001	947.441853	56.000001	61.569000
983.066001	947.446650	56.000001	61.570000
983.066001	947.452060	55.999999	61.571000
983.065999	947.457051	55.999999	61.570000
983.066002	947.462045	55.999999	61.568000
983.066000	947.467041	55.999999	61.567000
983.066002	947.472061	56.000000	61.565000
983.066003	947.476854	55.999998	61.563000
983.066002	947.482053	56.000001	61.561000
983.066001	947.487048	56.000000	61.559000
983.066004	947.492056	56.000001	61.558000
983.066000	947.496846	55.999999	61.559000
983.065997	947.501851	56.000000	61.563000
983.065997	947.506845	56.000000	61.568000
983.065999	947.511865	56.000000	61.573000
983.065999	947.516856	56.000000	61.576000
983.065999	947.522054	55.999999	61.577000
983.066001	947.527245	55.999999	61.576000
983.066001	947.532262	56.000000	61.574000
983.066000	947.537254	56.000000	61.572000
983.066001	947.542451	56.000000	61.570000
983.066000	947.547245	56.000000	61.570000
983.065999	947.552267	55.999998	61.569000
983.066001	947.557246	56.000000	61.567000
983.065999	947.562252	56.000000	61.565000
983.066001	947.567244	55.999999	61.561000
983.065999	947.572264	56.000000	61.557000
983.065998	947.577059	55.999998	61.553000
983.066001	947.582054	55.999998	61.549000
983.065998	947.587049	56.000001	61.546000
983.066000	947.592050	56.000002	61.543000
983.065997	947.596848	55.999997	61.542000
983.066000	947.602469	55.999998	61.542000
983.066000	947.607460	55.999998	61.543000
983.066002	947.612471	55.999997	61.545000
983.066001	947.617465	55.999997	61.547000
983.066003	947.622671	56.000001	61.550000
983.065998	947.627459	55.999999	61.552000
983.065999	947.632463	55.999999	61.553000
983.066001	947.637460	55.999998	61.552000
983.066002	947.642464	55.999998	61.551000
983.066001	947.647251	56.000003	61.549000
983.065998	947.652259	56.000001	61.548000
983.066003	947.657449	55.999998	61.549000
983.066000	947.662238	55.999999	61.551000
983.066001	947.667240	55.999999	61.552000
983.066001	947.672247	56.000001	61.554000
983.065998	947.677447	55.999998	61.553000
983.065995	947.682849	55.999999	61.552000
983.065997	947.687849	56.000001	61.552000
983.065998	947.692865	56.000000	61.552000
983.065997	947.697859	55.999999	61.554000
983.065998	947.702858	56.000001	61.557000
983.065995	947.707865	55.999999	61.559000
983.065998	947.712874	56.000000	61.560000
983.066000	947.717860	55.999999	61.560000
983.065999	947.722650	56.000000	61.558000
983.066001	947.727659	55.999999	61.558000
983.066002	947.732660	56.000001	61.560000
983.065997	947.737666	56.000000	61.563000
983.066000	947.742659	56.000002	61.565000
983.066000	947.747455	56.000000	61.565000
983.065998	947.753063	56.000000	61.560000
983.065998	947.758060	56.000001	61.553000
983.065999	947.763064	55.999999	61.545000
983.065998	947.768260	55.999999	61.537000
983.066001	947.772873	55.999999	61.530000
983.066001	947.778070	55.999999	61.526000
983.065997	947.782866	56.000000	61.525000
983.065999	947.788066	55.999999	61.526000
983.065997	947.792868	55.999999	61.532000
983.065998	947.797879	55.999999	61.540000
983.066000	947.802872	56.000000	61.550000
983.065999	947.807874	56.000001	61.557000
983.065996	947.812876	56.000000	61.561000
983.065997	947.817879	56.000000	61.563000
983.065999	947.822866	56.000001	61.563000
983.065999	947.828265	56.000001	61.563000
983.065999	947.833477	56.000000	61.563000
983.066000	947.838477	56.000001	61.563000
983.065999	947.843466	55.999999	61.563000
983.066003	947.848466	55.999999	61.562000
983.066000	947.853474	56.000000	61.560000
983.066000	947.858276	55.999998	61.558000
983.066001	947.863467	56.000001	61.556000
983.065999	947.868467	56.000002	61.555000
983.066002	947.873467	56.000000	61.553000
983.065997	947.878270	56.000002	61.552000
983.066001	947.883256	56.000002	61.550000
983.066001	947.888660	56.000001	61.547000
983.066000	947.893271	56.000003	61.545000
983.066001	947.898267	56.000002	61.544000
983.066000	947.903660	56.000001	61.544000
983.066002	947.908853	56.000000	61.547000
983.066000	947.913669	56.000002	61.552000
983.066004	947.918672	56.000001	61.559000
983.065999	947.923665	55.999999	61.567000
983.065999	947.928660	55.999998	61.574000
983.066000	947.933671	55.999999	61.580000
983.065999	947.938469	55.999998	61.583000
983.065999	947.943461	55.999998	61.583000
983.066000	947.948662	56.000000	61.582000
983.065999	947.953474	56.000001	61.582000
983.066000	947.958470	55.999999	61.582000
983.066001	947.963468	56.000000	61.584000
983.066000	947.968458	56.000000	61.586000
983.065998	947.973478	56.000001	61.589000
983.066002	947.978867	56.000001	61.590000
983.066000	947.984270	56.000000	61.589000
983.066001	947.989260	56.000000	61.585000
983.066001	947.994275	56.000001	61.579000
983.066001	947.999267	55.999998	61.571000
983.066001	948.004055	55.999998	61.564000
983.066001	948.009254	56.000001	61.559000
983.066000	948.014262	55.999999	61.557000
983.066001	948.019264	56.000001	61.557000
983.066002	948.024051	56.000001	61.558000
983.065999	948.029052	55.999998	61.560000
983.066002	948.034266	56.000002	61.561000
983.065999	948.039266	56.000001	61.562000
983.066001	948.044258	55.999999	61.562000
983.065999	948.049246	55.999997	61.562000
983.065998	948.054265	55.999998	61.562000
983.066001	948.059462	56.000001	61.564000
983.065996	948.064645	56.000002	61.566000
983.065999	948.069451	55.999999	61.568000
983.065998	948.074658	55.999999	61.568000
983.066001	948.079646	55.999998	61.567000
983.065997	948.084645	55.999999	61.564000
983.065997	948.089646	56.000000	61.560000
983.066000	948.094459	56.000001	61.556000
983.066002	948.099464	55.999999	61.551000
983.066000	948.104457	56.000000	61.547000
983.066001	948.109458	56.000002	61.544000
983.066001	948.114466	55.999999	61.541000
983.066000	948.119462	56.000001	61.540000
983.066002	948.124460	56.000002	61.540000
983.066002	948.129457	56.000000	61.542000
983.066002	948.134468	55.999998	61.545000
983.066001	948.139664	56.000001	61.546000
983.065997	948.144847	56.000000	61.546000
983.065997	948.149846	56.000000	61.544000
983.065998	948.154859	56.000000	61.540000
983.065997	948.159654	56.000000	61.537000
983.066001	948.164849	55.999998	61.533000
983.065998	948.169843	56.000001	61.530000
983.066001	948.175051	55.999999	61.527000
983.066001	948.179655	55.999999	61.526000
983.065999	948.184644	55.999999	61.529000
983.065998	948.189642	56.000001	61.537000
983.065995	948.192222	55.999999	61.549000
