1050.708460	922.883960	56.000004	50.864000
1050.708458	922.952147	56.000000	50.871000
1050.708457	922.956929	56.000000	50.871000
1050.708460	922.961929	56.000000	50.871000
1050.708458	922.966926	56.000001	50.870000
1050.708455	922.971943	56.000001	50.869000
1050.708459	922.977129	56.000002	50.868000
1050.708455	922.981726	55.999999	50.867000
1050.708458	922.986928	55.999997	50.867000
1050.708456	922.991731	55.999999	50.866000
1050.708461	922.996924	55.999999	50.864000
1050.708460	923.002119	55.999999	50.862000
1050.708460	923.007131	56.000000	50.860000
1050.708460	923.012146	55.999999	50.860000
1050.708461	923.017129	56.000000	50.858000
1050.708461	923.022131	56.000000	50.857000
1050.708460	923.027128	56.000002	50.856000
1050.708460	923.032146	55.999998	50.855000
1050.708458	923.037134	56.000001	50.855000
1050.708456	923.041926	56.000002	50.857000
1050.708460	923.047533	55.999997	50.858000
1050.708459	923.051951	56.000000	50.858000
1050.708459	923.056930	56.000002	50.858000
1050.708461	923.062328	56.000003	50.858000
1050.708461	923.067332	55.999998	50.859000
1050.708461	923.072347	56.000002	50.860000
1050.708460	923.077336	55.999998	50.861000
1050.708459	923.082537	56.000003	50.860000
1050.708461	923.087735	55.999998	50.859000
1050.708462	923.092560	55.999997	50.857000
1050.708460	923.097543	55.999999	50.855000
1050.708459	923.102327	55.999996	50.854000
1050.708465	923.107537	56.000003	50.853000
1050.708464	923.112557	56.000002	50.853000
1050.708459	923.117339	56.000003	50.852000
1050.708462	923.122739	56.000002	50.851000
1050.708460	923.127539	56.000003	50.848000
1050.708461	923.132552	56.000003	50.844000
1050.708460	923.137956	56.000001	50.840000
1050.708460	923.142947	56.000003	50.837000
1050.708458	923.147945	55.999999	50.835000
1050.708455	923.153160	56.000000	50.833000
1050.708459	923.157964	55.999998	50.830000
1050.708460	923.162957	56.000001	50.826000
1050.708461	923.167943	56.000001	50.822000
1050.708460	923.172756	55.999999	50.818000
1050.708461	923.177755	56.000002	50.814000
1050.708456	923.183151	56.000002	50.811000
1050.708462	923.188148	55.999999	50.808000
1050.708454	923.193158	56.000000	50.806000
1050.708459	923.198165	56.000001	50.804000
1050.708462	923.203150	55.999999	50.802000
1050.708458	923.208139	56.000001	50.801000
1050.708459	923.213162	55.999999	50.802000
1050.708458	923.217962	55.999998	50.804000
1050.708457	923.223144	56.000000	50.808000
1050.708458	923.228140	56.000001	50.812000
1050.708460	923.233361	56.000000	50.816000
1050.708460	923.237952	55.999999	50.821000
1050.708455	923.242945	56.000001	50.825000
1050.708460	923.247941	55.999999	50.830000
1050.708457	923.253157	56.000000	50.833000
1050.708456	923.258162	56.000000	50.835000
1050.708459	923.263145	56.000000	50.837000
1050.708457	923.268140	56.000000	50.838000
1050.708457	923.273356	56.000000	50.841000
1050.708459	923.277956	56.000000	50.844000
1050.708457	923.283141	56.000000	50.846000
1050.708455	923.288141	56.000000	50.848000
1050.708459	923.293144	55.999999	50.851000
1050.708458	923.298154	56.000001	50.853000
1050.708455	923.303139	55.999999	50.855000
1050.708459	923.307938	56.000000	50.856000
1050.708457	923.313156	55.999999	50.857000
1050.708461	923.317947	55.999999	50.856000
1050.708454	923.322940	56.000001	50.856000
1050.708458	923.328329	55.999999	50.856000
1050.708460	923.333549	56.000001	50.857000
1050.708461	923.338350	56.000000	50.858000
1050.708460	923.343333	56.000001	50.861000
1050.708458	923.348327	55.999999	50.863000
1050.708458	923.353538	56.000000	50.865000
1050.708460	923.358337	55.999999	50.867000
1050.708460	923.363326	56.000000	50.868000
1050.708461	923.368525	56.000001	50.870000
1050.708461	923.373539	55.999999	50.872000
1050.708458	923.378139	56.000002	50.876000
1050.708459	923.383521	56.000001	50.881000
1050.708458	923.388116	56.000002	50.886000
1050.708459	923.393342	55.999998	50.890000
1050.708458	923.398136	56.000001	50.893000
1050.708457	923.403529	55.999999	50.895000
1050.708460	923.408521	55.999998	50.895000
1050.708459	923.413549	55.999999	50.895000
1050.708462	923.418946	55.999998	50.894000
1050.708460	923.423939	55.999998	50.892000
1050.708459	923.428736	56.000001	50.890000
1050.708459	923.433946	55.999998	50.888000
1050.708465	923.438954	56.000000	50.887000
1050.708458	923.443944	56.000001	50.887000
1050.708455	923.449138	55.999999	50.886000
1050.708464	923.453953	55.999998	50.884000
1050.708459	923.458961	55.999999	50.882000
1050.708460	923.463958	56.000000	50.879000
1050.708461	923.468946	56.000000	50.876000
1050.708455	923.474346	56.000000	50.874000
1050.708459	923.479353	56.000000	50.872000
1050.708460	923.484149	56.000000	50.869000
1050.708461	923.489142	56.000000	50.867000
1050.708460	923.494158	55.999999	50.864000
1050.708458	923.499353	56.000000	50.860000
1050.708461	923.504147	56.000001	50.856000
1050.708457	923.509133	56.000000	50.853000
1050.708461	923.514154	56.000001	50.849000
1050.708459	923.519548	56.000000	50.847000
1050.708463	923.524150	56.000000	50.845000
1050.708459	923.529129	56.000001	50.844000
1050.708462	923.534149	55.999999	50.842000
1050.708457	923.539147	56.000001	50.840000
1050.708465	923.544139	56.000001	50.839000
1050.708458	923.549329	56.000000	50.838000
1050.708463	923.554343	56.000002	50.838000
1050.708457	923.559541	55.999998	50.839000
1050.708457	923.564345	56.000000	50.839000
1050.708459	923.569328	55.999999	50.839000
1050.708459	923.574341	55.999999	50.839000
1050.708461	923.579353	56.000000	50.839000
1050.708460	923.584342	56.000000	50.841000
1050.708459	923.589321	56.000000	50.843000
1050.708459	923.594338	56.000001	50.844000
1050.708460	923.599533	55.999999	50.847000
1050.708460	923.604335	55.999999	50.850000
1050.708459	923.609327	56.000000	50.853000
1050.708458	923.614342	56.000001	50.857000
1050.708464	923.619143	56.000001	50.861000
1050.708459	923.624535	56.000000	50.864000
1050.708458	923.629520	56.000001	50.868000
1050.708460	923.634536	55.999999	50.873000
1050.708459	923.639545	55.999999	50.877000
1050.708460	923.644543	56.000002	50.881000
1050.708460	923.649530	56.000001	50.884000
1050.708461	923.654538	56.000000	50.887000
1050.708460	923.659543	56.000000	50.889000
1050.708455	923.664740	56.000001	50.891000
1050.708453	923.669527	56.000001	50.892000
1050.708457	923.674533	56.000000	50.892000
1050.708455	923.679545	55.999999	50.891000
1050.708455	923.684737	56.000000	50.889000
1050.708458	923.689331	55.999999	50.887000
1050.708460	923.694343	55.999999	50.885000
1050.708458	923.699744	56.000000	50.883000
1050.708460	923.704939	56.000000	50.881000
1050.708460	923.709727	56.000000	50.879000
1050.708463	923.714736	56.000000	50.877000
1050.708457	923.719744	56.000001	50.876000
1050.708462	923.724741	56.000001	50.875000
1050.708455	923.729733	56.000000	50.873000
1050.708457	923.734734	56.000000	50.870000
1050.708460	923.739746	56.000000	50.866000
1050.708458	923.744938	55.999999	50.862000
1050.708461	923.749740	56.000001	50.859000
1050.708456	923.754547	55.999999	50.856000
1050.708459	923.759753	56.000002	50.854000
1050.708455	923.764549	56.000000	50.853000
1050.708458	923.769535	56.000000	50.850000
1050.708461	923.774937	55.999999	50.846000
1050.708460	923.779941	55.999999	50.843000
1050.708463	923.784943	56.000000	50.839000
1050.708461	923.789933	56.000000	50.835000
1050.708461	923.794735	56.000000	50.833000
1050.708462	923.799939	56.000001	50.833000
1050.708456	923.804941	55.999999	50.834000
1050.708461	923.809925	56.000001	50.835000
1050.708457	923.814738	56.000000	50.836000
1050.708458	923.820136	56.000000	50.837000
1050.708462	923.824739	56.000000	50.838000
1050.708459	923.829933	56.000000	50.840000
1050.708464	923.834937	55.999999	50.843000
1050.708459	923.839744	55.999999	50.848000
1050.708460	923.844739	56.000000	50.852000
1050.708458	923.850133	56.000000	50.854000
1050.708461	923.855134	55.999999	50.854000
1050.708460	923.860139	56.000001	50.853000
1050.708459	923.865130	56.000000	50.853000
1050.708460	923.870131	56.000000	50.853000
1050.708460	923.875126	56.000001	50.854000
1050.708459	923.880144	55.999999	50.855000
1050.708465	923.885138	56.000001	50.855000
1050.708462	923.890137	56.000000	50.855000
1050.708463	923.895139	56.000001	50.854000
1050.708459	923.900145	55.999999	50.853000
1050.708458	923.904942	55.999999	50.853000
1050.708458	923.910141	55.999999	50.854000
1050.708457	923.914938	55.999999	50.855000
1050.708461	923.919954	56.000000	50.857000
1050.708460	923.925346	56.000000	50.858000
1050.708459	923.930341	55.999999	50.858000
1050.708461	923.935338	56.000000	50.858000
1050.708460	923.940338	56.000000	50.858000
1050.708462	923.945350	56.000000	50.858000
1050.708460	923.950342	55.999999	50.858000
1050.708457	923.955335	56.000000	50.858000
1050.708458	923.960341	56.000000	50.859000
1050.708463	923.965335	56.000000	50.861000
1050.708462	923.970736	56.000002	50.862000
1050.708460	923.975330	56.000000	50.863000
1050.708464	923.980333	56.000001	50.863000
1050.708460	923.985134	55.999999	50.864000
1050.708461	923.990122	55.999999	50.865000
1050.708460	923.995127	56.000000	50.867000
1050.708459	924.000524	55.999998	50.868000
1050.708461	924.005527	55.999998	50.869000
1050.708464	924.010536	55.999998	50.869000
1050.708460	924.015518	55.999998	50.869000
1050.708463	924.020528	55.999998	50.869000
1050.708459	924.025535	55.999998	50.870000
1050.708456	924.030526	55.999998	50.871000
1050.708460	924.035333	56.000000	50.871000
1050.708462	924.040526	56.000000	50.871000
1050.708459	924.045533	55.999999	50.871000
1050.708457	924.050534	55.999999	50.871000
1050.708462	924.055329	55.999999	50.872000
1050.708460	924.060535	56.000001	50.875000
1050.708462	924.065528	56.000000	50.877000
1050.708462	924.070532	56.000000	50.879000
1050.708458	924.075729	56.000002	50.880000
1050.708459	924.080725	56.000002	50.880000
1050.708459	924.085739	56.000001	50.880000
1050.708460	924.090737	56.000000	50.880000
1050.708461	924.095530	56.000000	50.881000
1050.708458	924.100736	56.000003	50.882000
1050.708463	924.105731	56.000002	50.882000
1050.708459	924.110729	56.000002	50.881000
1050.708460	924.115928	55.999999	50.880000
1050.708460	924.120723	56.000002	50.878000
1050.708459	924.125740	56.000002	50.876000
1050.708459	924.130731	56.000001	50.875000
1050.708465	924.135528	55.999998	50.874000
1050.708461	924.140529	55.999999	50.873000
1050.708461	924.145532	55.999997	50.872000
1050.708459	924.150931	56.000000	50.871000
1050.708458	924.155930	56.000000	50.870000
1050.708458	924.160918	56.000001	50.869000
1050.708461	924.165930	56.000000	50.868000
1050.708455	924.170931	55.999999	50.866000
1050.708461	924.175726	56.000001	50.865000
1050.708456	924.181120	56.000000	50.863000
1050.708460	924.185731	56.000001	50.861000
1050.708457	924.190924	55.999999	50.859000
1050.708458	924.195921	55.999999	50.857000
1050.708459	924.200923	55.999999	50.854000
1050.708460	924.205731	55.999999	50.852000
1050.708460	924.210726	55.999999	50.851000
1050.708460	924.215732	55.999999	50.850000
1050.708459	924.221120	56.000000	50.849000
1050.708456	924.226125	56.000000	50.849000
1050.708460	924.231342	55.999999	50.848000
1050.708461	924.236127	55.999999	50.848000
1050.708458	924.241317	56.000001	50.849000
1050.708456	924.246127	55.999999	50.850000
1050.708459	924.251130	55.999998	50.851000
1050.708457	924.255920	56.000000	50.851000
1050.708453	924.261118	56.000000	50.851000
1050.708460	924.266125	56.000001	50.850000
1050.708456	924.270935	56.000000	50.849000
1050.708460	924.275927	56.000000	50.848000
1050.708462	924.281316	56.000000	50.848000
1050.708459	924.285929	55.999999	50.848000
1050.708459	924.291135	56.000001	50.847000
1050.708459	924.295921	55.999999	50.846000
1050.708458	924.301321	55.999999	50.844000
1050.708457	924.306327	56.000001	50.843000
1050.708459	924.311539	55.999999	50.843000
1050.708456	924.316117	56.000002	50.842000
1050.708462	924.321320	55.999999	50.842000
1050.708458	924.326326	55.999999	50.842000
1050.708462	924.331335	56.000000	50.842000
1050.708461	924.336321	55.999998	50.842000
1050.708460	924.341322	55.999999	50.842000
1050.708460	924.346327	55.999999	50.840000
1050.708462	924.351335	56.000000	50.839000
1050.708460	924.356319	56.000000	50.838000
1050.708456	924.361118	56.000001	50.838000
1050.708460	924.366331	55.999999	50.838000
1050.708462	924.371134	56.000001	50.840000
1050.708462	924.376526	56.000000	50.841000
1050.708464	924.381930	55.999999	50.841000
1050.708459	924.386928	56.000000	50.841000
1050.708458	924.392152	56.000000	50.841000
1050.708462	924.397340	55.999999	50.841000
1050.708458	924.402134	55.999999	50.842000
1050.708459	924.407139	56.000001	50.845000
1050.708459	924.412157	55.999999	50.847000
1050.708463	924.417144	56.000000	50.848000
1050.708463	924.422141	56.000001	50.849000
1050.708458	924.427140	55.999999	50.849000
1050.708461	924.431955	55.999999	50.850000
1050.708460	924.436941	56.000000	50.851000
1050.708459	924.441934	55.999999	50.852000
1050.708458	924.447335	56.000001	50.853000
1050.708454	924.452361	55.999999	50.854000
1050.708458	924.457348	56.000000	50.855000
1050.708455	924.462335	56.000000	50.856000
1050.708456	924.467538	56.000001	50.856000
1050.708456	924.472354	56.000000	50.857000
1050.708459	924.477347	55.999999	50.857000
1050.708461	924.482335	56.000000	50.857000
1050.708463	924.487335	56.000000	50.857000
1050.708460	924.492349	55.999999	50.858000
1050.708457	924.497343	56.000000	50.858000
1050.708458	924.502331	56.000000	50.859000
1050.708458	924.507531	56.000000	50.860000
1050.708459	924.512356	56.000000	50.861000
1050.708457	924.517340	55.999999	50.861000
1050.708458	924.522334	56.000000	50.860000
1050.708458	924.527537	55.999999	50.859000
1050.708461	924.532758	55.999999	50.860000
1050.708462	924.537747	55.999999	50.861000
1050.708459	924.542734	56.000000	50.862000
1050.708457	924.547740	56.000002	50.862000
1050.708458	924.552961	55.999997	50.862000
1050.708460	924.557754	56.000002	50.862000
1050.708456	924.562745	56.000001	50.861000
1050.708460	924.567944	55.999996	50.860000
1050.708453	924.572970	55.999997	50.859000
1050.708457	924.577759	56.000002	50.858000
1050.708459	924.582746	56.000000	50.857000
1050.708459	924.587744	55.999998	50.856000
1050.708458	924.592970	56.000001	50.855000
1050.708460	924.597755	56.000000	50.854000
1050.708458	924.603143	56.000001	50.852000
1050.708458	924.608140	56.000001	50.849000
1050.708460	924.613163	56.000000	50.845000
1050.708461	924.617951	55.999999	50.842000
1050.708460	924.623141	55.999998	50.840000
1050.708457	924.627941	56.000000	50.839000
1050.708460	924.633361	56.000003	50.838000
1050.708460	924.637952	56.000001	50.837000
1050.708460	924.643138	55.999997	50.837000
1050.708462	924.647941	56.000001	50.838000
1050.708463	924.653157	55.999997	50.839000
1050.708463	924.657950	55.999999	50.842000
1050.708459	924.663130	55.999998	50.845000
1050.708456	924.667934	55.999999	50.848000
1050.708458	924.673153	56.000001	50.851000
1050.708459	924.678347	56.000001	50.853000
1050.708461	924.683333	56.000000	50.856000
1050.708459	924.688528	55.999997	50.860000
1050.708460	924.693546	55.999998	50.863000
1050.708455	924.698340	55.999999	50.865000
1050.708458	924.703528	55.999998	50.867000
1050.708464	924.708328	55.999998	50.869000
1050.708464	924.713347	55.999997	50.869000
1050.708462	924.718346	55.999997	50.870000
1050.708457	924.723326	55.999997	50.870000
1050.708463	924.728332	55.999999	50.871000
1050.708465	924.733356	56.000001	50.871000
1050.708461	924.738145	55.999998	50.870000
1050.708460	924.743334	56.000000	50.869000
1050.708461	924.748129	56.000003	50.867000
1050.708459	924.753552	56.000000	50.865000
1050.708463	924.758351	56.000000	50.863000
1050.708458	924.763332	56.000002	50.861000
1050.708459	924.768333	55.999999	50.860000
1050.708461	924.773348	55.999998	50.859000
1050.708459	924.778355	56.000000	50.857000
1050.708455	924.783337	56.000000	50.856000
1050.708457	924.788341	56.000000	50.855000
1050.708458	924.793354	55.999999	50.854000
1050.708460	924.798347	56.000000	50.853000
1050.708463	924.803335	56.000001	50.853000
1050.708459	924.808336	55.999997	50.852000
1050.708458	924.813152	55.999999	50.852000
1050.708463	924.818352	56.000001	50.851000
1050.708462	924.823135	56.000000	50.850000
1050.708462	924.828536	56.000000	50.849000
1050.708462	924.833749	56.000002	50.849000
1050.708464	924.838757	56.000001	50.849000
1050.708463	924.843745	55.999999	50.851000
1050.708458	924.848736	56.000000	50.852000
1050.708460	924.853755	56.000001	50.853000
1050.708462	924.858752	55.999999	50.854000
1050.708460	924.863743	56.000000	50.855000
1050.708461	924.868731	56.000001	50.855000
1050.708462	924.873761	55.999999	50.857000
1050.708458	924.878556	55.999999	50.858000
1050.708457	924.883743	55.999999	50.860000
1050.708458	924.888740	55.999999	50.862000
1050.708457	924.893561	55.999999	50.864000
1050.708459	924.898560	56.000000	50.866000
1050.708462	924.903948	55.999999	50.868000
1050.708459	924.908938	55.999999	50.871000
1050.708459	924.913951	56.000000	50.873000
1050.708460	924.919346	56.000000	50.875000
1050.708458	924.923944	55.999999	50.877000
1050.708457	924.928934	56.000001	50.880000
1050.708459	924.934142	56.000000	50.882000
1050.708459	924.939347	55.999999	50.883000
1050.708459	924.943940	56.000000	50.884000
1050.708457	924.948927	56.000001	50.885000
1050.708456	924.953949	55.999999	50.886000
1050.708458	924.958953	56.000001	50.888000
1050.708458	924.963939	56.000000	50.890000
1050.708461	924.968931	56.000001	50.891000
1050.708462	924.973755	56.000000	50.892000
1050.708460	924.979143	56.000000	50.893000
1050.708459	924.984141	56.000000	50.893000
1050.708459	924.989127	56.000000	50.894000
1050.708462	924.994136	56.000001	50.895000
1050.708458	924.999148	56.000000	50.896000
1050.708458	925.004337	55.999999	50.898000
1050.708458	925.009129	56.000000	50.901000
1050.708457	925.014145	56.000001	50.905000
1050.708458	925.019146	56.000000	50.908000
1050.708456	925.024137	56.000000	50.911000
1050.708459	925.029131	56.000001	50.912000
1050.708456	925.034141	56.000000	50.914000
1050.708464	925.039147	55.999999	50.916000
1050.708460	925.043933	56.000000	50.918000
1050.708458	925.048929	55.999999	50.921000
1050.708462	925.054139	56.000001	50.923000
1050.708461	925.059141	56.000000	50.924000
1050.708459	925.064730	56.000000	50.924000
1050.708458	925.069128	55.999999	50.925000
1050.708458	925.074145	55.999999	50.925000
1050.708459	925.079142	56.000000	50.925000
1050.708458	925.084536	56.000001	50.925000
1050.708455	925.089132	56.000000	50.924000
1050.708458	925.094145	56.000001	50.924000
1050.708458	925.099154	56.000000	50.923000
1050.708460	925.104343	56.000000	50.922000
1050.708459	925.108938	56.000001	50.921000
1050.708459	925.114150	56.000001	50.919000
1050.708459	925.119155	56.000000	50.917000
1050.708459	925.123945	56.000000	50.914000
1050.708456	925.128943	56.000000	50.912000
1050.708456	925.134152	56.000000	50.912000
1050.708458	925.139148	56.000000	50.911000
1050.708459	925.144144	55.999999	50.910000
1050.708456	925.149136	56.000001	50.908000
1050.708459	925.154355	56.000000	50.906000
1050.708459	925.159348	55.999999	50.904000
1050.708458	925.164340	56.000000	50.901000
1050.708459	925.169336	56.000000	50.899000
1050.708462	925.174346	56.000000	50.896000
1050.708460	925.179345	56.000001	50.894000
1050.708460	925.184541	56.000001	50.893000
1050.708459	925.189141	56.000000	50.892000
1050.708458	925.194152	56.000000	50.891000
1050.708458	925.199153	56.000000	50.888000
1050.708459	925.204547	56.000000	50.885000
1050.708459	925.209535	56.000000	50.882000
1050.708458	925.214751	56.000000	50.880000
1050.708462	925.219555	56.000000	50.879000
1050.708462	925.224546	56.000001	50.880000
1050.708462	925.229537	56.000000	50.881000
1050.708461	925.234545	55.999999	50.881000
1050.708460	925.239546	55.999999	50.881000
1050.708464	925.244548	56.000000	50.880000
1050.708459	925.249531	56.000000	50.878000
1050.708465	925.254539	56.000000	50.877000
1050.708464	925.259544	55.999999	50.875000
1050.708459	925.264741	56.000000	50.872000
1050.708459	925.269732	55.999999	50.868000
1050.708459	925.274344	56.000000	50.864000
1050.708460	925.279739	56.000000	50.860000
1050.708459	925.284730	56.000000	50.856000
1050.708457	925.289928	55.999999	50.853000
1050.708460	925.294739	56.000000	50.850000
1050.708461	925.299744	56.000000	50.847000
1050.708460	925.304544	56.000000	50.845000
1050.708461	925.309931	56.000001	50.842000
1050.708461	925.314535	56.000000	50.840000
1050.708457	925.319751	56.000000	50.838000
1050.708460	925.324540	56.000001	50.836000
1050.708460	925.329734	56.000000	50.835000
1050.708459	925.334541	56.000000	50.834000
1050.708462	925.339745	56.000001	50.833000
1050.708460	925.344541	55.999999	50.833000
1050.708461	925.349534	56.000000	50.833000
1050.708462	925.354930	56.000000	50.833000
1050.708459	925.359941	56.000001	50.833000
1050.708461	925.364938	56.000000	50.834000
1050.708460	925.369929	56.000000	50.836000
1050.708462	925.374936	56.000000	50.839000
1050.708461	925.379943	55.999999	50.843000
1050.708464	925.384936	56.000000	50.846000
1050.708458	925.389934	55.999999	50.850000
1050.708462	925.394747	56.000000	50.853000
1050.708457	925.399949	56.000001	50.855000
1050.708461	925.404945	55.999999	50.856000
1050.708461	925.410140	55.999999	50.858000
1050.708459	925.414750	55.999999	50.860000
1050.708463	925.419949	55.999999	50.863000
1050.708460	925.424943	55.999999	50.865000
1050.708461	925.429734	55.999999	50.866000
1050.708461	925.434935	56.000000	50.867000
1050.708465	925.439943	56.000002	50.867000
1050.708460	925.444932	56.000000	50.868000
1050.708460	925.449926	55.999998	50.868000
1050.708458	925.454729	56.000001	50.868000
1050.708464	925.459930	56.000002	50.867000
1050.708463	925.464932	55.999998	50.865000
1050.708464	925.469923	56.000003	50.862000
1050.708460	925.474929	55.999998	50.859000
1050.708460	925.479933	56.000002	50.856000
1050.708461	925.484931	55.999998	50.853000
1050.708462	925.489925	56.000003	50.851000
1050.708464	925.494934	56.000000	50.849000
1050.708461	925.499940	55.999998	50.847000
1050.708465	925.504938	56.000002	50.845000
1050.708460	925.510133	56.000003	50.842000
1050.708459	925.515333	56.000001	50.840000
1050.708462	925.520144	56.000003	50.838000
1050.708460	925.525139	55.999999	50.837000
1050.708458	925.530145	55.999999	50.837000
1050.708460	925.535137	56.000001	50.838000
1050.708460	925.540139	55.999998	50.838000
1050.708463	925.545138	56.000003	50.839000
1050.708462	925.550134	55.999999	50.840000
1050.708460	925.555134	55.999997	50.840000
1050.708463	925.560140	56.000003	50.840000
1050.708460	925.565135	55.999998	50.838000
1050.708458	925.570132	55.999999	50.836000
1050.708456	925.574927	55.999998	50.833000
1050.708459	925.579937	56.000004	50.830000
1050.708461	925.585334	56.000003	50.827000
1050.708455	925.590331	55.999998	50.826000
1050.708457	925.595327	56.000001	50.825000
1050.708460	925.600323	56.000001	50.825000
1050.708458	925.605330	55.999998	50.825000
1050.708458	925.610327	56.000001	52.789000
1050.708461	925.615327	55.999999	57.999000
1050.708458	925.620329	56.000001	61.757000
1050.708455	925.625335	55.999998	61.756000
1050.708459	925.630326	56.000000	61.753000
1050.708460	925.635331	55.999999	61.749000
1050.708460	925.640328	56.000002	61.746000
1050.708458	925.645338	55.999998	61.744000
1050.708458	925.650130	55.999997	61.742000
1050.708461	925.655138	56.000003	61.740000
1050.708458	925.660530	56.000002	61.738000
1050.708455	925.665737	56.000002	61.737000
1050.708458	925.670535	56.000001	61.736000
1050.708458	925.675532	55.999998	61.736000
1050.708461	925.680531	56.000003	61.737000
1050.708459	925.685539	55.999997	61.736000
1050.708462	925.690332	55.999997	61.735000
1050.708456	925.695335	56.000000	61.732000
1050.708460	925.700724	55.999998	61.729000
1050.708458	925.705530	55.999999	61.728000
1050.708458	925.710531	56.000004	61.729000
1050.708457	925.715324	56.000003	61.732000
1050.708458	925.720527	55.999999	61.737000
1050.708458	925.725527	56.000003	61.741000
1050.708458	925.730327	56.000002	61.743000
1050.708461	925.735527	56.000000	61.744000
1050.708459	925.740526	56.000002	61.744000
1050.708460	925.745527	55.999998	61.744000
1050.708456	925.750525	56.000000	61.745000
1050.708455	925.755324	56.000000	61.745000
1050.708455	925.760521	55.999998	61.743000
1050.708457	925.765525	56.000001	61.741000
1050.708457	925.770520	56.000002	61.737000
1050.708458	925.775515	55.999997	61.734000
1050.708463	925.780513	56.000002	61.731000
1050.708460	925.785522	55.999999	61.732000
1050.708457	925.790519	55.999999	61.735000
1050.708456	925.795323	56.000001	61.740000
1050.708458	925.800322	56.000000	61.743000
1050.708460	925.805324	55.999997	61.744000
1050.708457	925.810719	56.000001	61.742000
1050.708459	925.815914	55.999999	61.740000
1050.708456	925.820721	56.000002	61.738000
1050.708460	925.825718	55.999998	61.738000
1050.708457	925.830722	56.000003	61.740000
1050.708456	925.835716	55.999998	61.743000
1050.708459	925.840916	55.999999	61.746000
1050.708461	925.845727	55.999999	61.746000
1050.708457	925.850721	56.000000	61.744000
1050.708457	925.855716	56.000001	61.739000
1050.708463	925.860719	55.999999	61.734000
1050.708460	925.865726	56.000001	61.729000
1050.708460	925.870736	55.999998	61.726000
1050.708458	925.875726	56.000002	61.724000
1050.708459	925.880736	56.000000	61.725000
1050.708461	925.885735	56.000000	61.727000
1050.708459	925.890738	56.000001	61.729000
1050.708459	925.895732	56.000001	61.731000
1050.708456	925.900731	55.999999	61.732000
1050.708460	925.905738	56.000000	61.735000
1050.708460	925.910733	56.000001	61.738000
1050.708459	925.915734	55.999999	61.741000
1050.708458	925.920734	55.999999	61.744000
1050.708462	925.926135	56.000000	61.747000
1050.708458	925.930733	55.999999	61.749000
1050.708458	925.935735	56.000000	61.750000
1050.708462	925.940733	56.000001	61.749000
1050.708462	925.945535	55.999999	61.747000
1050.708460	925.950537	56.000001	61.743000
1050.708456	925.955531	56.000001	61.739000
1050.708462	925.960534	55.999998	61.735000
1050.708461	925.965930	56.000001	61.730000
1050.708459	925.970940	56.000001	61.725000
1050.708461	925.975930	55.999998	61.720000
1050.708460	925.980927	55.999999	61.716000
1050.708462	925.986132	55.999999	61.715000
1050.708461	925.990940	55.999999	61.720000
1050.708461	925.995925	55.999998	61.731000
1050.708464	926.000924	56.000002	61.745000
1050.708461	926.005932	55.999998	61.756000
1050.708462	926.010936	56.000002	61.762000
1050.708461	926.015920	55.999997	61.762000
1050.708463	926.020924	56.000003	61.759000
1050.708461	926.025930	55.999999	61.756000
1050.708463	926.031135	56.000003	61.752000
1050.708462	926.035729	55.999998	61.749000
1050.708462	926.041118	55.999998	61.747000
1050.708460	926.046334	55.999998	61.745000
1050.708460	926.051129	55.999998	61.745000
1050.708458	926.056123	55.999999	61.747000
1050.708458	926.061122	56.000003	61.751000
1050.708461	926.066126	55.999998	61.757000
1050.708458	926.071138	55.999997	61.761000
1050.708466	926.076127	56.000001	61.763000
1050.708465	926.081119	56.000002	61.762000
1050.708460	926.086130	55.999998	61.759000
1050.708460	926.091139	56.000002	61.753000
1050.708464	926.096122	55.999998	61.746000
1050.708460	926.101123	56.000002	61.738000
1050.708458	926.105930	56.000002	61.730000
1050.708456	926.111131	56.000001	61.725000
1050.708462	926.116126	55.999999	61.724000
1050.708459	926.121122	56.000002	61.730000
1050.708462	926.126128	55.999997	61.739000
1050.708458	926.131134	56.000001	61.748000
1050.708464	926.136125	55.999999	61.753000
1050.708460	926.141117	56.000002	61.755000
1050.708460	926.146130	55.999997	61.754000
1050.708461	926.151126	56.000003	61.749000
1050.708461	926.156121	55.999999	61.742000
1050.708460	926.161123	55.999999	61.734000
1050.708457	926.166124	56.000000	61.728000
1050.708459	926.171125	56.000001	61.725000
1050.708457	926.176113	55.999998	61.729000
1050.708464	926.181318	55.999999	61.737000
1050.708460	926.185924	56.000002	61.746000
1050.708461	926.191331	56.000000	61.754000
1050.708457	926.196522	56.000001	61.757000
1050.708459	926.201315	55.999999	61.758000
1050.708457	926.206325	56.000000	61.757000
1050.708461	926.211125	56.000000	61.752000
1050.708463	926.216317	56.000000	61.745000
1050.708456	926.221119	56.000000	61.739000
1050.708459	926.226322	56.000000	61.734000
1050.708461	926.231123	55.999999	61.734000
1050.708459	926.236320	55.999999	61.737000
1050.708460	926.241122	56.000000	61.738000
1050.708457	926.246528	56.000000	61.737000
1050.708463	926.251129	55.999999	61.732000
1050.708460	926.256121	56.000001	61.728000
1050.708458	926.261524	55.999999	61.728000
1050.708459	926.266529	55.999999	61.735000
1050.708461	926.271530	56.000000	61.747000
1050.708463	926.276522	56.000000	61.755000
1050.708457	926.281518	56.000002	61.757000
1050.708462	926.286529	55.999999	61.752000
1050.708458	926.291544	56.000002	61.745000
1050.708459	926.296529	55.999998	61.737000
1050.708459	926.301527	56.000001	61.729000
1050.708459	926.306535	55.999998	61.725000
1050.708461	926.311341	55.999998	61.723000
1050.708461	926.316533	56.000001	61.724000
1050.708463	926.321330	56.000001	61.726000
1050.708462	926.326531	56.000002	61.727000
1050.708458	926.331345	56.000002	61.727000
1050.708466	926.336335	55.999998	61.727000
1050.708461	926.341731	55.999998	61.726000
1050.708459	926.346741	56.000000	61.727000
1050.708460	926.351755	56.000003	61.728000
1050.708458	926.356737	55.999999	61.731000
1050.708459	926.361734	55.999997	61.735000
1050.708457	926.366736	55.999999	61.740000
1050.708457	926.371758	56.000003	61.744000
1050.708460	926.376742	55.999998	61.746000
1050.708462	926.381531	55.999998	61.746000
1050.708462	926.386741	56.000003	61.743000
1050.708456	926.391751	56.000002	61.737000
1050.708462	926.396734	55.999999	61.729000
1050.708460	926.401529	56.000002	61.722000
1050.708455	926.406731	56.000000	61.718000
1050.708462	926.411542	55.999997	61.721000
1050.708459	926.416736	56.000003	61.731000
1050.708460	926.421722	56.000002	61.743000
1050.708462	926.426735	55.999997	61.751000
1050.708458	926.431748	55.999997	61.754000
1050.708459	926.436736	55.999998	61.753000
1050.708458	926.441730	56.000000	61.755000
1050.708459	926.446536	55.999999	61.762000
1050.708457	926.451744	55.999999	61.773000
1050.708460	926.456729	55.999996	61.783000
1050.708461	926.461925	56.000002	61.788000
1050.708457	926.466724	55.999999	61.789000
1050.708456	926.471745	56.000000	61.785000
1050.708459	926.476723	56.000002	61.777000
1050.708462	926.481522	55.999997	61.768000
1050.708458	926.486529	55.999998	61.757000
1050.708457	926.491939	55.999997	61.746000
1050.708458	926.496931	55.999997	61.739000
1050.708462	926.501928	55.999998	61.736000
1050.708456	926.506931	56.000000	61.737000
1050.708456	926.511949	56.000002	61.739000
1050.708460	926.517139	56.000000	61.741000
1050.708456	926.521929	56.000003	61.743000
1050.708463	926.526941	56.000001	61.743000
1050.708459	926.531954	56.000000	61.745000
1050.708459	926.536941	55.999998	61.748000
1050.708457	926.541928	55.999997	61.753000
1050.708459	926.546935	55.999997	61.756000
1050.708459	926.551748	56.000003	61.757000
1050.708457	926.556727	56.000000	61.755000
1050.708456	926.561735	55.999998	61.751000
1050.708462	926.567137	56.000002	61.745000
1050.708461	926.572151	56.000000	61.741000
1050.708457	926.577139	55.999999	61.737000
1050.708455	926.582129	56.000000	61.734000
1050.708461	926.587131	56.000000	61.731000
1050.708461	926.592144	56.000000	61.730000
1050.708459	926.597130	55.999999	61.730000
1050.708462	926.602326	55.999997	61.733000
1050.708460	926.607132	55.999999	61.740000
1050.708462	926.612345	55.999998	61.750000
1050.708456	926.617135	55.999998	61.760000
1050.708462	926.622329	56.000002	61.766000
1050.708461	926.627134	55.999996	61.768000
1050.708463	926.632145	55.999997	61.767000
1050.708462	926.636932	56.000002	61.764000
1050.708458	926.642130	55.999998	61.760000
1050.708463	926.647334	56.000003	61.754000
1050.708459	926.652152	56.000002	61.749000
1050.708461	926.657140	56.000002	61.744000
1050.708462	926.662134	56.000000	61.741000
1050.708459	926.667138	55.999998	61.738000
1050.708459	926.672147	55.999997	61.737000
1050.708460	926.677141	55.999997	61.737000
1050.708462	926.682328	55.999999	61.737000
1050.708458	926.687141	55.999998	61.736000
1050.708459	926.692147	55.999998	61.736000
1050.708459	926.697130	55.999998	61.738000
1050.708456	926.701922	56.000003	61.741000
1050.708462	926.707124	55.999997	61.746000
1050.708456	926.711937	56.000004	61.750000
1050.708463	926.717329	55.999999	61.753000
1050.708461	926.722325	55.999999	61.754000
1050.708462	926.727326	56.000000	61.752000
1050.708460	926.732341	55.999999	61.749000
1050.708454	926.737331	56.000000	61.745000
1050.708460	926.742326	56.000001	61.741000
1050.708459	926.747326	56.000001	61.740000
1050.708462	926.752342	56.000002	61.742000
1050.708466	926.757329	56.000002	61.744000
1050.708460	926.762523	55.999999	61.746000
1050.708462	926.767319	55.999999	61.747000
1050.708460	926.772336	56.000002	61.747000
1050.708461	926.777327	56.000001	61.745000
1050.708459	926.782326	56.000002	61.743000
1050.708462	926.787325	55.999999	61.742000
1050.708466	926.792539	56.000000	61.742000
1050.708463	926.797534	56.000000	61.743000
1050.708462	926.802524	55.999999	61.745000
1050.708459	926.807526	55.999999	61.746000
1050.708464	926.812545	56.000000	61.747000
1050.708461	926.817536	56.000000	61.747000
1050.708456	926.822527	56.000000	61.747000
1050.708463	926.827731	56.000000	61.747000
1050.708458	926.832749	55.999999	61.748000
1050.708461	926.837536	55.999999	61.748000
1050.708464	926.842522	55.999998	61.748000
1050.708462	926.847537	55.999999	61.746000
1050.708464	926.852550	55.999998	61.742000
1050.708459	926.857543	56.000000	61.738000
1050.708459	926.862542	56.000002	61.733000
1050.708464	926.867333	55.999998	61.729000
1050.708462	926.872755	56.000001	61.725000
1050.708464	926.877741	56.000002	61.723000
1050.708457	926.882735	56.000002	61.721000
1050.708462	926.887731	56.000002	61.721000
1050.708460	926.892747	56.000000	61.720000
1050.708460	926.897745	56.000000	61.720000
1050.708458	926.902736	56.000001	61.722000
1050.708459	926.907741	56.000001	61.727000
1050.708459	926.912958	56.000000	61.739000
1050.708456	926.917754	55.999999	61.756000
1050.708462	926.922748	56.000000	61.769000
1050.708463	926.927747	56.000000	61.776000
1050.708458	926.932769	56.000000	61.774000
1050.708459	926.937754	56.000000	61.766000
1050.708458	926.942550	56.000000	61.755000
1050.708460	926.947949	56.000000	61.744000
1050.708460	926.952968	56.000001	61.740000
1050.708460	926.957956	55.999999	61.746000
1050.708462	926.962947	56.000001	61.761000
1050.708459	926.967947	56.000000	61.779000
1050.708462	926.972961	55.999999	61.789000
1050.708459	926.977953	56.000001	61.791000
1050.708461	926.982948	56.000000	61.787000
1050.708459	926.987944	56.000001	61.782000
1050.708459	926.992960	56.000002	61.777000
1050.708464	926.997954	55.999999	61.774000
1050.708457	927.002953	56.000000	61.772000
1050.708462	927.007747	55.999998	61.771000
1050.708458	927.012966	56.000002	61.770000
1050.708461	927.017758	55.999999	61.771000
1050.708456	927.023157	56.000003	61.773000
1050.708458	927.028148	56.000002	61.776000
1050.708457	927.033166	56.000001	61.779000
1050.708459	927.038159	55.999999	61.781000
1050.708460	927.043146	55.999999	61.780000
1050.708456	927.048342	55.999999	61.777000
1050.708456	927.053360	56.000002	61.773000
1050.708457	927.058163	55.999999	61.767000
1050.708459	927.063156	55.999998	61.761000
1050.708459	927.067946	56.000001	61.754000
1050.708461	927.073367	56.000001	61.748000
1050.708456	927.077962	56.000000	61.748000
1050.708457	927.083158	55.999999	61.757000
1050.708463	927.087954	56.000001	61.772000
1050.708459	927.093172	55.999998	61.784000
1050.708463	927.098363	56.000000	61.787000
1050.708457	927.103360	56.000000	61.783000
1050.708459	927.108352	56.000000	61.783000
1050.708459	927.113376	56.000001	61.789000
1050.708460	927.118368	55.999999	61.795000
1050.708457	927.123354	56.000001	61.795000
1050.708461	927.128543	56.000000	61.793000
1050.708458	927.133362	56.000000	61.787000
1050.708460	927.138552	56.000000	61.776000
1050.708458	927.143342	56.000000	61.766000
1050.708459	927.148335	56.000000	61.760000
1050.708457	927.153556	55.999999	61.756000
1050.708459	927.158149	56.000000	61.748000
1050.708456	927.163342	56.000001	61.743000
1050.708458	927.168329	55.999999	61.744000
1050.708457	927.173553	56.000000	61.744000
1050.708460	927.178549	56.000001	61.746000
1050.708454	927.183535	56.000000	61.749000
1050.708461	927.188535	56.000000	61.753000
1050.708459	927.193550	56.000001	61.756000
1050.708457	927.198553	56.000001	61.756000
1050.708457	927.203538	56.000001	61.755000
1050.708461	927.208534	56.000002	61.751000
1050.708461	927.213553	56.000003	61.748000
1050.708459	927.218348	55.999998	61.744000
1050.708464	927.223540	56.000002	61.741000
1050.708459	927.228533	56.000002	61.738000
1050.708461	927.233553	56.000003	61.733000
1050.708461	927.238347	55.999999	61.726000
1050.708458	927.243338	56.000001	61.719000
1050.708459	927.248335	56.000002	61.715000
1050.708458	927.253753	56.000000	61.716000
1050.708460	927.258753	56.000000	61.721000
1050.708457	927.263740	56.000000	61.728000
1050.708458	927.268739	56.000001	61.731000
1050.708461	927.273751	55.999999	61.730000
1050.708459	927.278752	56.000001	61.726000
1050.708459	927.283934	56.000000	61.720000
1050.708459	927.288737	56.000000	61.715000
1050.708460	927.293752	56.000000	61.710000
1050.708461	927.298950	56.000000	61.708000
1050.708460	927.303738	56.000000	61.709000
1050.708461	927.308740	56.000001	61.713000
1050.708465	927.313759	56.000002	61.720000
1050.708460	927.318559	56.000002	61.727000
1050.708460	927.323750	55.999999	61.732000
1050.708462	927.328745	56.000001	61.733000
1050.708463	927.334154	55.999997	61.728000
1050.708460	927.339162	55.999997	61.722000
1050.708460	927.344351	56.000001	61.719000
1050.708459	927.349150	55.999997	61.719000
1050.708465	927.354155	55.999999	61.722000
1050.708464	927.359159	55.999999	61.725000
1050.708462	927.364150	55.999999	61.727000
1050.708459	927.369146	56.000000	61.728000
1050.708461	927.374155	55.999999	61.727000
1050.708459	927.379162	56.000000	61.727000
1050.708458	927.384154	55.999999	61.728000
1050.708463	927.388945	56.000001	61.731000
1050.708463	927.393958	56.000003	61.735000
1050.708455	927.399362	56.000001	61.741000
1050.708458	927.404356	56.000001	61.750000
1050.708459	927.409345	55.999999	61.757000
1050.708458	927.414756	55.999999	61.763000
1050.708458	927.419756	55.999998	61.766000
1050.708461	927.424564	56.000003	61.765000
1050.708457	927.429554	56.000001	61.762000
1050.708461	927.434561	56.000002	61.757000
1050.708459	927.439564	56.000001	61.751000
1050.708459	927.444559	56.000002	61.746000
1050.708461	927.449554	56.000002	61.741000
1050.708461	927.454366	55.999999	61.738000
1050.708460	927.459366	55.999999	61.739000
1050.708458	927.464563	56.000001	61.743000
1050.708463	927.469549	55.999999	61.750000
1050.708459	927.474363	56.000002	61.754000
1050.708460	927.479753	56.000001	61.756000
1050.708457	927.484757	55.999998	61.755000
1050.708458	927.489746	56.000000	61.753000
1050.708461	927.494759	56.000001	61.751000
1050.708455	927.499758	55.999999	61.750000
1050.708459	927.504755	56.000000	61.752000
1050.708459	927.509737	56.000001	61.756000
1050.708457	927.514559	55.999999	61.761000
1050.708455	927.519746	56.000002	61.765000
1050.708461	927.524546	56.000002	61.767000
1050.708456	927.529736	56.000000	61.766000
1050.708462	927.534550	56.000000	61.763000
1050.708457	927.539554	56.000000	61.760000
1050.708464	927.544745	56.000000	61.758000
1050.708458	927.549538	55.999999	61.757000
1050.708457	927.554947	56.000001	61.755000
1050.708460	927.559940	55.999999	61.750000
1050.708461	927.565138	56.000000	61.741000
1050.708462	927.569929	55.999999	61.731000
1050.708455	927.574745	55.999999	61.722000
1050.708456	927.579935	55.999999	61.718000
1050.708460	927.584934	56.000001	61.723000
1050.708463	927.590132	56.000000	61.736000
1050.708461	927.594936	56.000000	61.753000
1050.708462	927.599942	56.000001	61.767000
1050.708458	927.604934	56.000001	61.776000
1050.708455	927.609929	56.000000	61.780000
1050.708453	927.614740	56.000000	61.779000
1050.708457	927.619934	56.000000	61.776000
1050.708456	927.624922	56.000001	61.770000
1050.708459	927.630126	56.000000	61.763000
1050.708462	927.635122	56.000000	61.755000
1050.708458	927.640132	56.000000	61.748000
1050.708459	927.645123	56.000000	61.744000
1050.708461	927.650121	55.999999	61.742000
1050.708455	927.655122	56.000000	61.744000
1050.708460	927.660123	56.000000	61.746000
1050.708461	927.665119	56.000001	61.746000
1050.708458	927.670118	55.999999	61.741000
1050.708459	927.675124	56.000000	61.734000
1050.708461	927.680123	56.000000	61.729000
1050.708462	927.685126	56.000000	61.728000
1050.708458	927.689924	56.000000	61.731000
1050.708461	927.694932	56.000001	61.737000
1050.708459	927.699930	56.000000	61.742000
1050.708462	927.705324	56.000000	61.744000
1050.708462	927.710322	56.000001	61.748000
1050.708462	927.715514	56.000000	61.757000
1050.708462	927.720322	56.000000	61.762000
1050.708456	927.725325	56.000000	61.757000
1050.708459	927.730513	55.999999	61.750000
1050.708458	927.735512	56.000000	61.748000
1050.708459	927.740315	56.000000	61.746000
1050.708463	927.745319	55.999999	61.738000
1050.708458	927.750319	56.000000	61.725000
1050.708462	927.755314	56.000001	61.719000
1050.708462	927.760312	56.000000	61.719000
1050.708461	927.765313	56.000000	61.716000
1050.708457	927.770315	56.000001	61.716000
1050.708459	927.775123	55.999999	61.714000
1050.708461	927.780515	56.000000	61.713000
1050.708463	927.785514	55.999999	61.714000
1050.708458	927.790509	56.000001	61.717000
1050.708459	927.795505	56.000000	61.720000
1050.708462	927.800514	55.999999	61.722000
1050.708460	927.805518	55.999999	61.723000
1050.708460	927.810513	56.000001	61.722000
1050.708457	927.815709	56.000002	61.723000
1050.708456	927.820511	56.000002	61.726000
1050.708460	927.825513	56.000001	61.730000
1050.708462	927.830518	55.999998	61.734000
1050.708460	927.835518	56.000001	61.736000
1050.708463	927.840321	56.000002	61.735000
1050.708461	927.845525	55.999999	61.733000
1050.708459	927.850518	56.000001	61.732000
1050.708462	927.855321	56.000002	61.732000
1050.708463	927.860526	55.999998	61.736000
1050.708461	927.865527	56.000002	61.740000
1050.708464	927.870529	55.999999	61.744000
1050.708461	927.875525	55.999998	61.745000
1050.708464	927.880534	55.999998	61.744000
1050.708464	927.885534	56.000002	61.742000
1050.708461	927.890538	56.000001	61.740000
1050.708457	927.895531	55.999998	61.738000
1050.708462	927.900735	56.000002	61.734000
1050.708464	927.905534	55.999998	61.728000
1050.708461	927.910536	56.000000	61.720000
1050.708462	927.915531	56.000002	61.711000
1050.708464	927.920536	56.000003	61.704000
1050.708465	927.925329	56.000001	61.699000
1050.708462	927.930735	55.999999	61.701000
1050.708460	927.935728	56.000001	61.708000
1050.708459	927.940726	56.000001	61.717000
1050.708459	927.945730	56.000002	61.723000
1050.708464	927.950734	55.999999	61.726000
1050.708461	927.955734	55.999997	61.727000
1050.708462	927.960738	55.999997	61.730000
1050.708460	927.965735	55.999998	61.735000
1050.708461	927.970735	56.000001	61.741000
1050.708462	927.975928	55.999999	61.746000
1050.708461	927.980928	55.999998	61.749000
1050.708462	927.985739	56.000000	61.749000
1050.708460	927.990533	56.000002	61.748000
1050.708462	927.995727	55.999998	61.748000
1050.708462	928.000733	56.000000	61.749000
1050.708456	928.006133	55.999997	61.748000
1050.708460	928.010936	55.999999	61.745000
1050.708460	928.015934	55.999997	61.742000
1050.708460	928.020935	55.999997	61.740000
1050.708458	928.025931	55.999998	61.740000
1050.708459	928.030936	56.000002	61.739000
1050.708459	928.035936	56.000003	61.736000
1050.708458	928.040929	56.000003	61.727000
1050.708464	928.045941	56.000002	61.720000
1050.708457	928.050936	56.000002	61.718000
1050.708459	928.055930	56.000001	61.709000
1050.708460	928.060928	55.999999	61.704000
1050.708458	928.065933	55.999997	61.704000
1050.708461	928.070936	55.999998	61.703000
1050.708462	928.075731	55.999999	61.703000
1050.708460	928.081122	55.999999	61.700000
1050.708463	928.086127	55.999999	61.698000
1050.708459	928.091130	56.000001	61.699000
1050.708460	928.096119	55.999999	61.708000
1050.708456	928.101118	56.000000	61.722000
1050.708453	928.106132	56.000000	61.736000
1050.708462	928.111131	55.999999	61.744000
1050.708456	928.116329	56.000000	61.746000
1050.708460	928.121121	55.999999	61.743000
1050.708460	928.126126	56.000000	61.738000
1050.708453	928.131131	56.000000	61.733000
1050.708459	928.136125	56.000002	61.727000
1050.708460	928.141118	55.999999	61.720000
1050.708456	928.146124	55.999998	61.713000
1050.708459	928.151133	56.000000	61.708000
1050.708459	928.156333	56.000003	61.706000
1050.708458	928.161523	55.999997	61.709000
1050.708461	928.166533	55.999998	61.718000
1050.708463	928.171540	56.000002	61.729000
1050.708460	928.176533	56.000004	61.738000
1050.708460	928.181727	55.999997	61.741000
1050.708457	928.186532	56.000003	61.739000
1050.708457	928.191544	56.000003	61.735000
1050.708456	928.196530	56.000002	61.729000
1050.708457	928.201724	55.999997	61.724000
1050.708462	928.206532	56.000000	61.718000
1050.708457	928.211540	56.000002	61.713000
1050.708459	928.216526	56.000000	61.708000
1050.708459	928.221521	55.999999	61.703000
1050.708463	928.226727	55.999997	61.700000
1050.708460	928.231337	56.000003	61.697000
1050.708457	928.236730	55.999998	61.697000
1050.708459	928.241527	55.999998	61.698000
1050.708460	928.246532	55.999997	61.701000
1050.708460	928.251738	56.000002	61.705000
1050.708460	928.256527	55.999997	61.711000
1050.708456	928.261525	56.000001	61.718000
1050.708465	928.266533	56.000001	61.728000
1050.708459	928.271743	56.000001	61.738000
1050.708461	928.276729	56.000002	61.747000
1050.708461	928.281726	55.999998	61.752000
1050.708460	928.286738	55.999999	61.754000
1050.708465	928.291739	56.000001	61.754000
1050.708459	928.296738	55.999998	61.750000
1050.708460	928.301531	55.999999	61.741000
1050.708461	928.306739	56.000001	61.731000
1050.708460	928.311953	56.000000	61.721000
1050.708460	928.316939	55.999998	61.713000
1050.708463	928.321932	56.000001	61.708000
1050.708461	928.326933	55.999999	61.708000
1050.708459	928.332161	55.999999	61.711000
1050.708460	928.336937	56.000000	61.715000
1050.708463	928.341941	56.000000	61.717000
1050.708462	928.346942	55.999999	61.717000
1050.708460	928.351947	56.000001	61.715000
1050.708461	928.356940	55.999998	61.711000
1050.708462	928.361932	56.000003	61.707000
1050.708461	928.366936	56.000001	61.704000
1050.708460	928.371948	55.999998	61.702000
1050.708460	928.376735	56.000002	61.703000
1050.708461	928.381736	55.999998	61.707000
1050.708461	928.387137	55.999998	61.714000
1050.708462	928.392154	56.000003	61.720000
1050.708459	928.397137	56.000003	61.726000
1050.708465	928.402135	55.999997	61.729000
1050.708462	928.407132	55.999997	61.732000
1050.708463	928.412160	55.999999	61.738000
1050.708461	928.417141	56.000001	61.744000
1050.708461	928.422132	56.000003	61.750000
1050.708462	928.427137	56.000001	61.753000
1050.708463	928.432151	55.999998	61.754000
1050.708460	928.437144	56.000000	61.752000
1050.708461	928.442135	56.000002	61.749000
1050.708463	928.447340	55.999997	61.751000
1050.708463	928.451950	56.000002	61.755000
1050.708462	928.457136	55.999997	61.751000
1050.708464	928.462336	56.000002	61.736000
1050.708457	928.467741	56.000000	61.726000
1050.708463	928.472358	56.000000	61.721000
1050.708464	928.477340	56.000002	61.716000
1050.708458	928.482338	55.999998	61.714000
1050.708461	928.487341	56.000000	61.715000
1050.708464	928.492362	56.000000	61.717000
1050.708457	928.497342	56.000000	61.718000
1050.708461	928.502342	55.999999	61.719000
1050.708459	928.507331	56.000001	61.719000
1050.708462	928.512353	55.999999	61.718000
1050.708460	928.517338	55.999998	61.716000
1050.708462	928.522329	56.000003	61.712000
1050.708462	928.527337	56.000002	61.704000
1050.708458	928.532751	56.000004	61.696000
1050.708457	928.537542	56.000002	61.691000
1050.708459	928.542536	56.000002	61.686000
1050.708457	928.547536	56.000001	61.685000
1050.708458	928.552553	56.000003	61.690000
1050.708458	928.557538	56.000004	61.701000
1050.708458	928.562531	56.000004	61.713000
1050.708460	928.567733	55.999997	61.720000
1050.708463	928.572552	56.000001	61.721000
1050.708458	928.577543	56.000000	61.719000
1050.708460	928.582538	55.999998	61.717000
1050.708458	928.587532	55.999998	61.715000
1050.708456	928.592751	56.000000	61.716000
1050.708462	928.597537	55.999998	61.719000
1050.708458	928.602528	56.000001	61.722000
1050.708458	928.607529	56.000000	61.723000
1050.708457	928.612543	56.000000	61.721000
1050.708459	928.617535	56.000000	61.717000
1050.708460	928.622526	55.999999	61.712000
1050.708461	928.627530	56.000001	61.711000
1050.708454	928.632747	56.000000	61.716000
1050.708456	928.637541	55.999999	61.728000
1050.708457	928.642533	56.000000	61.742000
1050.708459	928.647535	55.999998	61.750000
1050.708461	928.652555	56.000002	61.752000
1050.708458	928.657746	55.999997	61.754000
1050.708456	928.662533	55.999997	61.759000
1050.708459	928.667532	56.000000	61.766000
1050.708461	928.672753	55.999998	61.768000
1050.708457	928.677545	55.999997	61.762000
1050.708454	928.682534	55.999998	61.756000
1050.708459	928.687537	56.000003	61.748000
1050.708459	928.692749	55.999997	61.738000
1050.708458	928.697945	56.000003	61.731000
1050.708462	928.702941	56.000000	61.728000
1050.708460	928.707743	56.000003	61.727000
1050.708459	928.712759	56.000001	61.723000
1050.708452	928.717744	55.999999	61.717000
1050.708460	928.722537	56.000000	61.716000
1050.708458	928.727548	56.000000	61.716000
1050.708458	928.732760	56.000001	61.714000
1050.708458	928.737754	56.000000	61.715000
1050.708455	928.742944	56.000000	61.718000
1050.708462	928.747946	56.000001	61.724000
1050.708457	928.752756	56.000003	61.730000
1050.708460	928.757753	56.000002	61.733000
1050.708460	928.762746	56.000003	61.734000
1050.708460	928.767948	55.999999	61.732000
1050.708459	928.772960	55.999999	61.727000
1050.708460	928.777961	56.000000	61.720000
1050.708463	928.782952	55.999998	61.710000
1050.708460	928.787948	55.999997	61.699000
1050.708460	928.792961	55.999999	61.690000
1050.708457	928.797753	55.999999	61.683000
1050.708460	928.802950	55.999997	61.680000
1050.708462	928.807745	55.999999	61.682000
1050.708458	928.813155	55.999999	61.689000
1050.708457	928.817751	56.000000	61.698000
1050.708460	928.822949	56.000001	61.709000
1050.708460	928.827736	56.000001	61.720000
1050.708462	928.832756	56.000000	61.729000
1050.708458	928.837747	56.000000	61.735000
1050.708460	928.843350	56.000000	61.738000
1050.708460	928.848144	56.000000	61.737000
1050.708456	928.853162	55.999999	61.733000
1050.708460	928.858359	55.999999	61.727000
1050.708461	928.863150	56.000000	61.722000
1050.708462	928.868134	55.999999	61.719000
1050.708458	928.873151	56.000000	61.717000
1050.708462	928.878150	56.000001	61.717000
1050.708457	928.883133	56.000000	61.721000
1050.708456	928.888128	56.000000	61.730000
1050.708464	928.893147	56.000000	61.741000
1050.708462	928.898348	56.000000	61.751000
1050.708461	928.902937	55.999999	61.756000
1050.708460	928.908134	56.000001	61.757000
1050.708460	928.912948	56.000000	61.755000
1050.708458	928.918353	56.000000	61.749000
1050.708462	928.923745	56.000001	61.741000
1050.708459	928.928341	56.000000	61.733000
1050.708458	928.933356	56.000002	61.724000
1050.708459	928.938350	56.000001	61.716000
1050.708461	928.943341	55.999999	61.707000
1050.708462	928.948340	56.000000	61.700000
1050.708460	928.953365	55.999999	61.694000
1050.708460	928.958147	56.000000	61.689000
1050.708460	928.963341	56.000000	61.689000
1050.708461	928.968343	55.999999	61.695000
1050.708462	928.973369	56.000000	61.706000
1050.708460	928.978355	56.000000	61.719000
1050.708461	928.983549	56.000000	61.731000
1050.708463	928.988132	56.000000	61.739000
1050.708461	928.993557	55.999999	61.745000
1050.708456	928.998551	56.000002	61.748000
1050.708462	929.003544	55.999999	61.748000
1050.708461	929.008538	56.000001	61.745000
1050.708463	929.013552	55.999998	61.740000
1050.708461	929.018542	56.000002	61.731000
1050.708462	929.023530	55.999998	61.724000
1050.708461	929.028527	56.000002	61.720000
1050.708464	929.033548	55.999998	61.715000
1050.708461	929.038546	55.999999	61.711000
1050.708458	929.043736	55.999998	61.712000
1050.708459	929.048531	55.999999	61.714000
1050.708462	929.053547	56.000000	61.716000
1050.708460	929.058342	55.999999	61.717000
1050.708461	929.063533	56.000000	61.717000
1050.708456	929.068730	56.000003	61.719000
1050.708460	929.073749	56.000002	61.721000
1050.708463	929.078744	55.999998	61.722000
1050.708460	929.083744	55.999999	61.723000
1050.708464	929.088736	56.000002	61.721000
1050.708463	929.093751	56.000000	61.717000
1050.708464	929.098750	55.999999	61.715000
1050.708460	929.103744	56.000002	61.714000
1050.708455	929.108937	56.000000	61.718000
1050.708456	929.113742	55.999998	61.726000
1050.708460	929.118760	56.000002	61.735000
1050.708460	929.123748	56.000003	61.741000
1050.708460	929.128735	56.000002	61.743000
1050.708462	929.133750	55.999998	61.741000
1050.708460	929.138553	56.000003	61.739000
1050.708460	929.144144	55.999998	61.737000
1050.708461	929.148935	56.000004	61.736000
1050.708458	929.153957	56.000003	61.735000
1050.708458	929.158961	56.000003	61.734000
1050.708460	929.163954	56.000003	61.733000
1050.708460	929.168945	56.000003	61.733000
1050.708458	929.173959	56.000000	61.737000
1050.708460	929.178955	55.999999	61.743000
1050.708459	929.183949	56.000000	61.745000
1050.708457	929.188939	56.000001	61.742000
1050.708458	929.193952	55.999998	61.737000
1050.708459	929.198955	55.999998	61.730000
1050.708461	929.203954	56.000000	61.721000
1050.708458	929.209143	56.000000	61.714000
1050.708461	929.213956	56.000001	61.704000
1050.708461	929.219358	56.000000	61.701000
1050.708460	929.224154	55.999999	61.706000
1050.708461	929.229346	56.000000	61.708000
1050.708456	929.234163	55.999999	61.707000
1050.708460	929.239359	56.000001	61.705000
1050.708459	929.243945	56.000000	61.705000
1050.708455	929.249141	55.999998	61.711000
1050.708460	929.254157	55.999998	61.722000
1050.708458	929.259157	55.999998	61.734000
1050.708457	929.264146	55.999998	61.741000
1050.708457	929.269135	55.999999	61.741000
1050.708458	929.274353	56.000002	61.734000
1050.708459	929.279162	56.000001	61.725000
1050.708457	929.284153	56.000002	61.713000
1050.708455	929.288943	56.000001	61.702000
1050.708456	929.294353	56.000001	61.692000
1050.708459	929.299354	55.999999	61.686000
1050.708456	929.304344	56.000001	61.687000
1050.708462	929.309343	55.999998	61.696000
1050.708459	929.314349	56.000001	61.714000
1050.708461	929.319556	55.999998	61.732000
1050.708461	929.324546	56.000002	61.745000
1050.708463	929.329534	56.000000	61.752000
1050.708458	929.334545	55.999998	61.755000
1050.708458	929.339549	56.000001	61.757000
1050.708460	929.344338	56.000002	61.757000
1050.708459	929.349533	55.999999	61.755000
1050.708462	929.354346	55.999999	61.750000
1050.708464	929.359548	55.999998	61.740000
1050.708459	929.364337	55.999998	61.727000
1050.708465	929.369937	56.000002	61.722000
1050.708460	929.374739	56.000002	61.723000
1050.708462	929.379744	55.999998	61.719000
1050.708461	929.384737	55.999999	61.715000
1050.708459	929.389934	56.000000	61.715000
1050.708463	929.394539	55.999998	61.713000
1050.708461	929.399746	56.000002	61.712000
1050.708460	929.404741	55.999998	61.712000
1050.708462	929.409737	55.999998	61.712000
1050.708460	929.414541	55.999999	61.711000
1050.708461	929.419749	56.000001	61.708000
1050.708460	929.424733	56.000001	61.703000
1050.708461	929.429730	56.000002	61.696000
1050.708460	929.434537	55.999998	61.688000
1050.708459	929.439537	56.000002	61.684000
1050.708461	929.444930	56.000002	61.684000
1050.708462	929.449928	56.000001	61.691000
1050.708465	929.454930	55.999998	61.707000
1050.708460	929.459939	55.999998	61.725000
1050.708462	929.464934	55.999999	61.738000
1050.708465	929.469929	56.000001	61.744000
1050.708459	929.474734	56.000001	61.744000
1050.708459	929.479941	56.000001	61.742000
1050.708459	929.484735	56.000001	61.740000
1050.708462	929.489925	55.999999	61.739000
1050.708464	929.494933	56.000001	61.736000
1050.708465	929.499934	56.000000	61.732000
1050.708458	929.504739	56.000000	61.726000
1050.708462	929.509927	55.999998	61.720000
1050.708463	929.514744	56.000002	61.715000
1050.708457	929.519743	56.000002	61.713000
1050.708462	929.525140	56.000002	61.711000
1050.708458	929.530134	56.000000	61.710000
1050.708462	929.535140	55.999997	61.708000
1050.708464	929.540147	55.999998	61.708000
1050.708463	929.545141	55.999999	61.708000
1050.708456	929.550128	55.999999	61.709000
1050.708462	929.555139	56.000002	61.709000
1050.708461	929.560136	56.000001	61.708000
1050.708461	929.565141	55.999998	61.705000
1050.708458	929.570134	55.999998	61.699000
1050.708461	929.575139	56.000000	61.693000
1050.708458	929.580140	56.000001	61.689000
1050.708459	929.585134	55.999999	61.688000
1050.708460	929.590123	55.999998	61.693000
1050.708461	929.594937	55.999998	61.702000
1050.708463	929.600333	55.999998	61.713000
1050.708460	929.605533	56.000001	61.721000
1050.708457	929.610526	56.000000	61.725000
1050.708465	929.615332	56.000000	61.724000
1050.708459	929.620539	56.000001	61.720000
1050.708456	929.625533	55.999999	61.714000
1050.708461	929.630336	56.000002	61.707000
1050.708462	929.635335	56.000003	61.701000
1050.708462	929.640340	56.000003	61.694000
1050.708459	929.645336	56.000003	61.690000
1050.708464	929.650334	56.000003	61.688000
1050.708458	929.655335	56.000002	61.688000
1050.708460	929.660338	56.000001	61.691000
1050.708460	929.665344	56.000002	61.699000
1050.708459	929.670337	56.000003	61.715000
1050.708459	929.675732	56.000002	61.735000
1050.708456	929.680542	55.999998	61.746000
1050.708462	929.685531	55.999998	61.747000
1050.708460	929.690533	55.999999	61.741000
1050.708460	929.695530	55.999999	61.732000
1050.708458	929.700535	55.999999	61.724000
1050.708463	929.705532	55.999998	61.719000
1050.708459	929.710531	55.999998	61.718000
1050.708457	929.715531	55.999999	61.720000
1050.708457	929.720539	55.999999	61.724000
1050.708464	929.725538	56.000000	61.726000
1050.708459	929.730539	56.000001	61.727000
1050.708464	929.735345	56.000001	61.725000
1050.708457	929.740547	56.000001	61.723000
1050.708462	929.745338	56.000003	61.721000
1050.708459	929.750948	56.000003	61.722000
1050.708452	929.755932	56.000003	61.725000
1050.708457	929.760735	55.999996	61.728000
1050.708459	929.765733	55.999997	61.729000
1050.708457	929.770732	55.999997	61.728000
1050.708461	929.775531	56.000002	61.726000
1050.708459	929.780727	55.999998	61.722000
1050.708462	929.785725	55.999998	61.718000
1050.708458	929.790734	55.999997	61.715000
1050.708467	929.795729	55.999997	61.714000
1050.708461	929.800735	55.999997	61.715000
1050.708460	929.805737	55.999997	61.718000
1050.708462	929.810735	55.999997	61.723000
1050.708457	929.815732	55.999998	61.727000
1050.708460	929.820538	56.000000	61.730000
1050.708459	929.825935	56.000003	61.730000
1050.708457	929.830939	56.000004	61.728000
1050.708456	929.835931	56.000004	61.726000
1050.708460	929.840928	56.000003	61.724000
1050.708458	929.846129	55.999997	61.726000
1050.708459	929.850935	56.000003	61.733000
1050.708456	929.855926	56.000003	61.742000
1050.708457	929.860929	56.000001	61.748000
1050.708460	929.865924	55.999999	61.749000
1050.708458	929.871139	55.999999	61.745000
1050.708462	929.875923	55.999997	61.738000
1050.708456	929.880926	55.999999	61.729000
1050.708463	929.886129	55.999999	61.721000
1050.708461	929.890939	56.000003	61.714000
1050.708457	929.895922	56.000001	61.710000
1050.708459	929.900930	55.999998	61.708000
1050.708457	929.905926	55.999998	61.708000
1050.708458	929.910936	56.000001	61.710000
1050.708458	929.915923	56.000001	61.712000
1050.708461	929.920926	55.999998	61.716000
1050.708462	929.925924	55.999999	61.719000
1050.708468	929.931132	56.000000	61.722000
1050.708464	929.935923	56.000001	61.723000
1050.708460	929.940922	55.999998	61.722000
1050.708462	929.945923	56.000000	61.719000
1050.708461	929.950929	55.999999	61.714000
1050.708459	929.955922	56.000001	61.708000
1050.708461	929.960926	55.999999	61.702000
1050.708458	929.965924	56.000001	61.696000
1050.708458	929.971128	56.000000	61.692000
1050.708460	929.976318	55.999999	61.691000
1050.708461	929.981124	55.999998	61.691000
1050.708461	929.986126	56.000001	61.693000
1050.708461	929.991129	56.000000	61.696000
1050.708460	929.996118	55.999999	61.702000
1050.708462	930.000926	55.999999	61.710000
1050.708456	930.006131	56.000000	61.721000
1050.708461	930.011141	56.000000	61.731000
1050.708462	930.016325	56.000000	61.739000
1050.708460	930.021135	55.999999	61.743000
1050.708459	930.026130	55.999999	61.746000
1050.708460	930.031132	56.000001	61.746000
1050.708461	930.036123	56.000001	61.745000
1050.708464	930.040930	56.000001	61.743000
1050.708461	930.045937	56.000000	61.740000
1050.708461	930.051342	56.000000	61.737000
1050.708459	930.056532	55.999998	61.734000
1050.708464	930.061336	55.999999	61.732000
1050.708463	930.066335	55.999997	61.730000
1050.708462	930.071342	56.000001	61.728000
1050.708460	930.076333	56.000002	61.726000
1050.708460	930.081330	56.000001	61.724000
1050.708463	930.086536	55.999998	61.722000
1050.708462	930.091335	55.999998	61.721000
1050.708457	930.096327	55.999998	61.720000
1050.708457	930.101324	56.000001	61.718000
1050.708462	930.106331	56.000001	61.717000
1050.708462	930.111138	56.000003	61.717000
1050.708459	930.116333	55.999999	61.718000
1050.708461	930.121136	55.999998	61.722000
1050.708463	930.126538	55.999998	61.728000
1050.708461	930.131549	55.999997	61.733000
1050.708462	930.136538	55.999999	61.736000
1050.708459	930.141540	56.000001	61.737000
1050.708463	930.146544	55.999998	61.735000
1050.708464	930.151544	56.000001	61.730000
1050.708466	930.156542	55.999999	61.725000
1050.708460	930.161534	56.000000	61.717000
1050.708462	930.166740	55.999997	61.709000
1050.708461	930.171544	55.999999	61.700000
1050.708462	930.176738	56.000001	61.693000
1050.708466	930.181536	56.000000	61.690000
1050.708463	930.186539	55.999997	61.695000
1050.708459	930.191341	55.999998	61.709000
1050.708464	930.196537	55.999998	61.730000
1050.708464	930.201329	56.000000	61.750000
1050.708464	930.206733	55.999999	61.764000
1050.708462	930.211739	55.999999	61.770000
1050.708456	930.216734	56.000002	61.773000
1050.708460	930.221730	55.999999	61.773000
1050.708464	930.226735	56.000000	61.773000
1050.708462	930.231742	55.999998	61.770000
1050.708459	930.236733	56.000002	61.765000
1050.708461	930.241533	56.000003	61.760000
1050.708459	930.246737	56.000000	61.754000
1050.708460	930.251743	56.000002	61.749000
1050.708459	930.256736	55.999998	61.744000
1050.708458	930.261729	56.000000	61.738000
1050.708459	930.266736	56.000002	61.731000
1050.708462	930.271736	55.999999	61.722000
1050.708462	930.276728	55.999999	61.712000
1050.708463	930.282331	55.999999	61.701000
1050.708459	930.286930	56.000002	61.692000
1050.708458	930.291938	56.000001	61.685000
1050.708459	930.296927	55.999998	61.682000
1050.708458	930.302123	55.999999	61.681000
1050.708459	930.306924	56.000002	61.683000
1050.708462	930.311931	55.999998	61.684000
1050.708462	930.317128	56.000001	61.685000
1050.708456	930.322123	55.999998	61.685000
1050.708459	930.326924	55.999999	61.689000
1050.708463	930.331936	56.000002	61.697000
1050.708455	930.336928	55.999998	61.708000
1050.708458	930.341929	56.000000	61.718000
1050.708460	930.346928	56.000001	61.723000
1050.708459	930.351734	56.000002	61.725000
1050.708460	930.357130	55.999999	61.725000
1050.708457	930.362130	55.999999	61.727000
1050.708458	930.367141	56.000001	61.731000
1050.708455	930.372144	55.999999	61.738000
1050.708460	930.377134	56.000002	61.745000
1050.708456	930.382336	56.000002	61.750000
1050.708455	930.387134	56.000001	61.751000
1050.708458	930.392144	55.999998	61.750000
1050.708458	930.397139	56.000002	61.748000
1050.708462	930.402339	55.999998	61.746000
1050.708460	930.407134	55.999997	61.745000
1050.708456	930.412149	56.000001	61.744000
1050.708458	930.417142	56.000000	61.742000
1050.708464	930.422135	55.999998	61.739000
1050.708460	930.427135	55.999999	61.734000
1050.708461	930.432554	56.000001	61.727000
1050.708460	930.437341	56.000002	61.719000
1050.708456	930.442345	55.999999	61.712000
1050.708459	930.447344	56.000001	61.705000
1050.708457	930.452352	56.000000	61.701000
1050.708461	930.457343	55.999997	61.699000
1050.708460	930.462350	56.000001	61.700000
1050.708459	930.467348	55.999999	61.700000
1050.708459	930.472367	55.999997	61.699000
1050.708459	930.477348	56.000000	61.697000
1050.708458	930.482344	56.000001	61.694000
1050.708460	930.487544	56.000002	61.692000
1050.708461	930.492146	55.999998	61.692000
1050.708456	930.497138	56.000001	61.694000
1050.708458	930.502337	55.999998	61.698000
1050.708461	930.507733	56.000000	61.704000
1050.708459	930.512553	56.000000	61.711000
1050.708462	930.517542	56.000000	61.716000
1050.708461	930.522542	56.000002	61.719000
1050.708465	930.527735	55.999999	61.719000
1050.708459	930.532550	56.000001	61.717000
1050.708459	930.537539	55.999999	61.715000
1050.708459	930.542543	56.000001	61.716000
1050.708462	930.547530	55.999998	61.720000
1050.708462	930.552548	56.000002	61.730000
1050.708463	930.557537	55.999998	61.741000
1050.708462	930.562534	56.000001	61.750000
1050.708463	930.567533	55.999999	61.755000
1050.708462	930.572552	56.000000	61.755000
1050.708460	930.577539	56.000000	61.753000
1050.708460	930.582738	55.999998	61.750000
1050.708460	930.587736	56.000002	61.749000
1050.708463	930.592757	56.000000	61.748000
1050.708458	930.597741	55.999998	61.747000
1050.708462	930.602744	56.000001	61.745000
1050.708465	930.607739	56.000001	61.741000
1050.708459	930.612748	55.999998	61.737000
1050.708460	930.617743	56.000002	61.733000
1050.708458	930.622939	55.999998	61.731000
1050.708461	930.628140	55.999999	61.730000
1050.708459	930.632750	56.000002	61.730000
1050.708462	930.637739	56.000000	61.729000
1050.708460	930.642732	55.999997	61.727000
1050.708463	930.647527	55.999998	61.724000
1050.708459	930.652739	55.999999	61.720000
1050.708461	930.657735	55.999996	61.717000
1050.708463	930.662729	56.000002	61.713000
1050.708459	930.667727	56.000002	61.709000
1050.708458	930.672737	55.999998	61.705000
1050.708460	930.677732	56.000000	61.700000
1050.708462	930.682931	55.999997	61.696000
1050.708462	930.687728	55.999998	61.696000
1050.708462	930.692739	55.999997	61.700000
1050.708460	930.697734	56.000002	61.706000
1050.708463	930.702728	56.000001	61.712000
1050.708459	930.707534	56.000003	61.716000
1050.708462	930.712752	55.999998	61.718000
1050.708455	930.717738	56.000003	61.719000
1050.708460	930.722739	56.000001	61.720000
1050.708462	930.727542	56.000004	61.723000
1050.708467	930.732960	56.000003	61.729000
1050.708459	930.738151	55.999997	61.738000
1050.708459	930.743151	56.000001	61.747000
1050.708460	930.748147	56.000004	61.752000
1050.708461	930.753356	55.999997	61.753000
1050.708460	930.757952	56.000003	61.751000
1050.708460	930.763143	55.999998	61.747000
1050.708460	930.768149	56.000003	61.745000
1050.708460	930.773357	55.999998	61.743000
1050.708460	930.778159	55.999999	61.741000
1050.708461	930.783147	55.999996	61.739000
1050.708461	930.788148	56.000000	61.735000
1050.708462	930.793354	55.999999	61.732000
1050.708467	930.798152	56.000002	61.728000
1050.708463	930.803147	55.999998	61.726000
1050.708459	930.808347	56.000000	61.725000
1050.708460	930.813354	55.999998	61.727000
1050.708456	930.818554	56.000000	61.731000
1050.708459	930.823551	55.999996	61.733000
1050.708458	930.828553	55.999999	61.732000
1050.708463	930.833560	56.000002	61.728000
1050.708460	930.838764	56.000000	61.723000
1050.708454	930.843562	55.999999	61.718000
1050.708458	930.848555	56.000001	61.717000
1050.708458	930.853762	56.000001	61.719000
1050.708461	930.858564	56.000000	61.725000
1050.708462	930.863565	56.000002	61.733000
1050.708461	930.868554	55.999998	61.739000
1050.708460	930.873569	56.000001	61.742000
1050.708463	930.878362	56.000001	61.742000
1050.708462	930.883962	56.000001	61.740000
1050.708458	930.888752	56.000003	61.736000
1050.708461	930.893772	55.999998	61.731000
1050.708459	930.898762	56.000000	61.726000
1050.708460	930.903960	55.999999	61.721000
1050.708457	930.908749	55.999999	61.717000
1050.708460	930.913754	56.000001	61.712000
1050.708457	930.918757	56.000000	61.709000
1050.708458	930.923745	55.999999	61.708000
1050.708455	930.928736	56.000001	61.709000
1050.708460	930.933746	56.000001	61.712000
1050.708461	930.938753	56.000001	61.713000
1050.708457	930.943737	55.999999	61.713000
1050.708461	930.948733	56.000000	61.710000
1050.708462	930.953748	56.000000	61.706000
1050.708460	930.959144	55.999998	61.699000
1050.708462	930.963942	56.000000	61.693000
1050.708458	930.968932	55.999999	61.689000
1050.708459	930.973945	56.000002	61.688000
1050.708462	930.979346	56.000000	61.689000
1050.708458	930.984138	55.999998	61.693000
1050.708459	930.988933	55.999998	61.697000
1050.708458	930.993951	56.000002	61.699000
1050.708459	930.998945	55.999998	61.699000
1050.708463	931.003941	56.000001	61.698000
1050.708457	931.008926	55.999998	61.698000
1050.708464	931.013946	56.000002	61.699000
1050.708460	931.019144	56.000002	61.702000
1050.708461	931.023935	56.000001	61.707000
1050.708461	931.028725	55.999999	61.712000
1050.708464	931.034337	56.000003	61.714000
1050.708460	931.039538	55.999998	61.713000
1050.708457	931.044333	56.000000	61.709000
1050.708461	931.049524	55.999998	61.705000
1050.708459	931.054343	55.999998	61.701000
1050.708456	931.059347	56.000002	61.699000
1050.708462	931.064349	56.000002	61.699000
1050.708461	931.069329	56.000000	61.701000
1050.708463	931.074348	55.999998	61.704000
1050.708458	931.079347	56.000002	61.708000
1050.708460	931.084346	55.999998	61.715000
1050.708458	931.089339	55.999999	61.723000
1050.708463	931.094356	56.000002	61.732000
1050.708462	931.099355	55.999998	61.738000
1050.708456	931.104351	56.000002	61.741000
1050.708462	931.109540	55.999999	61.742000
1050.708459	931.114555	56.000002	61.742000
1050.708460	931.119755	55.999998	61.741000
1050.708458	931.124552	55.999998	61.741000
1050.708462	931.129544	56.000001	61.741000
1050.708458	931.134561	55.999999	61.742000
1050.708460	931.139762	55.999998	61.743000
1050.708459	931.144359	55.999999	61.745000
1050.708461	931.149551	55.999999	61.745000
1050.708463	931.154360	56.000000	61.743000
1050.708464	931.159556	55.999998	61.740000
1050.708461	931.164358	55.999999	61.736000
1050.708462	931.169546	55.999998	61.730000
1050.708467	931.174356	55.999999	61.724000
1050.708462	931.179561	55.999998	61.720000
1050.708462	931.184354	56.000000	61.717000
1050.708464	931.189742	56.000001	61.718000
1050.708457	931.194744	55.999998	61.720000
1050.708459	931.199947	56.000002	61.723000
1050.708457	931.205343	56.000002	61.725000
1050.708459	931.209744	55.999999	61.726000
1050.708460	931.214752	56.000000	61.725000
1050.708462	931.219760	56.000001	61.724000
1050.708460	931.224954	56.000002	61.722000
1050.708459	931.229745	56.000002	61.719000
1050.708463	931.234750	55.999998	61.714000
1050.708460	931.239758	56.000002	61.708000
1050.708460	931.244755	56.000001	61.702000
1050.708464	931.249744	56.000000	61.698000
1050.708457	931.255140	56.000002	61.696000
1050.708460	931.260148	55.999998	61.696000
1050.708461	931.265941	56.000000	61.700000
1050.708466	931.270736	56.000000	61.704000
1050.708460	931.275528	56.000000	61.707000
1050.708458	931.280532	56.000001	61.709000
1050.708463	931.285533	55.999999	61.710000
1050.708458	931.290522	56.000001	61.709000
1050.708461	931.295522	55.999998	61.709000
1050.708461	931.300525	56.000001	61.708000
1050.708460	931.305523	55.999999	61.706000
1050.708459	931.310523	56.000000	61.704000
1050.708461	931.315519	56.000001	61.701000
1050.708463	931.320523	55.999999	61.699000
1050.708461	931.325524	56.000001	61.698000
1050.708461	931.330319	56.000000	61.700000
1050.708459	931.335316	56.000000	61.704000
1050.708461	931.340720	56.000000	61.710000
1050.708460	931.345525	55.999999	61.715000
1050.708460	931.350915	56.000000	61.718000
1050.708456	931.355509	55.999998	61.719000
1050.708458	931.360522	56.000000	61.719000
1050.708459	931.365518	56.000000	61.716000
1050.708461	931.370720	56.000000	61.714000
1050.708465	931.375520	55.999999	61.713000
1050.708465	931.380526	56.000000	61.714000
1050.708460	931.385529	56.000000	61.717000
1050.708463	931.390732	56.000000	61.721000
1050.708459	931.395523	56.000000	61.724000
1050.708465	931.400537	56.000000	61.724000
1050.708461	931.405538	56.000000	61.723000
1050.708459	931.410337	56.000000	61.719000
1050.708463	931.415935	56.000000	61.715000
1050.708465	931.420738	55.999998	61.713000
1050.708461	931.425728	56.000002	61.710000
1050.708459	931.430736	55.999998	61.708000
1050.708461	931.435932	56.000000	61.707000
1050.708460	931.440743	55.999998	61.707000
1050.708457	931.445744	56.000002	61.711000
1050.708460	931.451137	56.000000	61.719000
1050.708458	931.455729	56.000000	61.727000
1050.708463	931.460934	56.000002	61.734000
1050.708460	931.465938	55.999999	61.737000
1050.708465	931.471139	56.000001	61.736000
1050.708462	931.475931	56.000001	61.735000
1050.708464	931.480730	56.000000	61.735000
1050.708459	931.486333	56.000000	61.735000
1050.708462	931.491137	56.000001	61.733000
1050.708463	931.496129	55.999998	61.729000
1050.708458	931.501126	56.000001	61.722000
1050.708457	931.506125	55.999998	61.715000
1050.708461	931.511130	56.000002	61.710000
1050.708460	931.516124	55.999998	61.706000
1050.708459	931.520924	56.000001	61.706000
1050.708464	931.526125	56.000000	61.709000
1050.708459	931.530932	56.000002	61.715000
1050.708460	931.536124	56.000001	61.721000
1050.708461	931.540920	56.000002	61.724000
1050.708464	931.546126	56.000001	61.724000
1050.708456	931.550932	56.000001	61.720000
1050.708466	931.556127	55.999999	61.714000
1050.708465	931.560926	55.999999	61.708000
1050.708457	931.566334	56.000000	61.702000
1050.708460	931.571337	56.000001	61.698000
1050.708459	931.576322	56.000001	61.698000
1050.708460	931.581321	56.000000	61.701000
1050.708461	931.586326	55.999998	61.707000
1050.708459	931.591330	56.000000	61.713000
1050.708459	931.596324	56.000000	61.717000
1050.708460	931.601313	56.000001	61.718000
1050.708460	931.606324	55.999999	61.717000
1050.708465	931.611326	56.000002	61.716000
1050.708459	931.616314	56.000000	61.716000
1050.708463	931.621313	56.000001	61.717000
1050.708464	931.626324	55.999999	61.717000
1050.708463	931.631326	56.000001	61.715000
1050.708461	931.636125	55.999998	61.711000
1050.708460	931.641521	56.000001	61.706000
1050.708462	931.646536	56.000000	61.702000
1050.708459	931.651539	55.999999	61.701000
1050.708457	931.656534	56.000000	61.703000
1050.708464	931.661526	56.000000	61.710000
1050.708457	931.666535	56.000000	61.719000
1050.708458	931.671544	55.999999	61.727000
1050.708457	931.676540	56.000003	61.733000
1050.708458	931.681531	55.999999	61.735000
1050.708459	931.686545	56.000001	61.733000
1050.708460	931.691548	55.999999	61.730000
1050.708457	931.696542	55.999999	61.725000
1050.708459	931.701541	56.000002	61.721000
1050.708460	931.706547	55.999999	61.716000
1050.708462	931.711350	55.999999	61.712000
1050.708457	931.716947	56.000002	61.707000
1050.708458	931.721742	56.000001	61.703000
1050.708460	931.726745	55.999998	61.702000
1050.708454	931.731758	56.000002	61.706000
1050.708455	931.736952	56.000001	61.713000
1050.708458	931.741737	56.000002	61.720000
1050.708460	931.746742	56.000000	61.725000
1050.708461	931.751753	56.000001	61.727000
1050.708455	931.756744	55.999999	61.725000
1050.708458	931.761539	55.999999	61.723000
1050.708458	931.766737	55.999997	61.720000
1050.708459	931.771741	56.000001	61.719000
1050.708458	931.776734	55.999998	61.720000
1050.708460	931.781926	56.000002	61.723000
1050.708460	931.786732	56.000001	61.728000
1050.708457	931.791741	55.999999	61.731000
1050.708459	931.796734	56.000001	61.732000
1050.708461	931.801928	56.000001	61.731000
1050.708462	931.806925	55.999999	61.730000
1050.708458	931.811736	56.000000	61.728000
1050.708460	931.816730	55.999998	61.726000
1050.708457	931.821720	56.000002	61.725000
1050.708455	931.826720	56.000001	61.723000
1050.708460	931.831732	55.999999	61.721000
1050.708459	931.836725	56.000002	61.720000
1050.708460	931.841716	56.000000	61.719000
1050.708457	931.846723	56.000000	61.719000
1050.708460	931.851744	56.000002	61.721000
1050.708459	931.856728	55.999998	61.723000
1050.708461	931.861727	56.000001	61.725000
1050.708460	931.866926	56.000000	61.727000
1050.708457	931.871944	56.000001	61.727000
1050.708460	931.876935	55.999999	61.726000
1050.708457	931.881931	56.000001	61.724000
1050.708460	931.886932	56.000001	61.722000
1050.708458	931.892149	56.000001	61.719000
1050.708459	931.896729	55.999998	61.717000
1050.708460	931.901930	56.000001	61.717000
1050.708462	931.906924	55.999999	61.720000
1050.708460	931.911948	56.000000	61.728000
1050.708460	931.916937	56.000000	61.736000
1050.708459	931.921924	55.999999	61.741000
1050.708459	931.926929	56.000000	61.743000
1050.708455	931.931942	55.999999	61.743000
1050.708458	931.936923	55.999999	61.741000
1050.708462	931.942120	56.000001	61.740000
1050.708457	931.947117	56.000001	61.738000
1050.708459	931.952140	56.000001	61.736000
1050.708461	931.957330	56.000000	61.734000
1050.708459	931.962124	55.999999	61.732000
1050.708461	931.967120	56.000002	61.729000
1050.708459	931.972136	56.000000	61.728000
1050.708460	931.977134	56.000000	61.727000
1050.708460	931.982129	56.000001	61.726000
1050.708458	931.987136	55.999998	61.725000
1050.708457	931.992154	56.000002	61.723000
1050.708460	931.997142	55.999998	61.720000
1050.708462	932.002133	56.000002	61.718000
1050.708460	932.007140	55.999999	61.715000
1050.708461	932.011956	56.000002	61.713000
1050.708461	932.017347	56.000001	61.713000
1050.708460	932.022133	55.999999	61.714000
1050.708462	932.027342	56.000001	61.715000
1050.708459	932.032160	56.000000	61.714000
1050.708462	932.037144	56.000000	61.712000
1050.708456	932.042140	55.999998	61.711000
1050.708458	932.047341	55.999999	61.713000
1050.708457	932.052357	56.000001	61.720000
1050.708463	932.057141	56.000002	61.729000
1050.708461	932.062133	56.000000	61.734000
1050.708459	932.067131	55.999999	61.733000
1050.708457	932.072153	56.000002	61.727000
1050.708460	932.077134	56.000000	61.719000
1050.708457	932.082133	56.000000	61.712000
1050.708459	932.087136	56.000001	61.710000
1050.708464	932.092352	56.000002	61.714000
1050.708461	932.097132	56.000001	61.722000
1050.708456	932.102135	56.000000	61.730000
1050.708462	932.107138	56.000001	61.735000
1050.708461	932.112343	55.999998	61.734000
1050.708460	932.117140	55.999997	61.730000
1050.708461	932.122133	55.999999	61.724000
1050.708458	932.127140	56.000002	61.718000
1050.708463	932.132152	55.999997	61.712000
1050.708463	932.137140	55.999997	61.706000
1050.708459	932.142125	55.999999	61.701000
1050.708459	932.147124	56.000002	61.698000
1050.708463	932.152142	56.000000	61.695000
1050.708458	932.157142	55.999997	61.693000
1050.708462	932.161920	56.000000	61.692000
1050.708461	932.167133	55.999999	61.691000
1050.708460	932.172543	55.999997	61.690000
1050.708457	932.177129	56.000000	61.690000
1050.708455	932.182117	56.000001	61.692000
1050.708463	932.187125	56.000002	61.698000
1050.708462	932.192142	56.000001	61.706000
1050.708464	932.197136	56.000000	61.714000
1050.708462	932.202121	55.999997	61.720000
1050.708458	932.207128	55.999998	61.724000
1050.708463	932.212135	56.000000	61.725000
1050.708460	932.217135	56.000002	61.726000
1050.708457	932.222126	55.999999	61.725000
1050.708462	932.227131	55.999999	61.725000
1050.708461	932.232140	56.000001	61.725000
1050.708461	932.237131	56.000000	61.726000
1050.708460	932.242132	56.000001	61.725000
1050.708465	932.247334	55.999999	61.723000
1050.708463	932.252350	56.000000	61.720000
1050.708461	932.257342	56.000003	61.716000
1050.708462	932.262330	56.000003	61.715000
1050.708462	932.267333	56.000002	61.717000
1050.708460	932.272347	55.999999	61.722000
1050.708459	932.277345	56.000000	61.732000
1050.708464	932.282332	55.999999	61.741000
1050.708462	932.287337	56.000000	61.747000
1050.708461	932.292551	55.999997	61.749000
1050.708462	932.297338	56.000001	61.747000
1050.708460	932.302329	55.999999	61.742000
1050.708460	932.307537	56.000001	61.736000
1050.708461	932.312137	56.000000	61.731000
1050.708460	932.317335	55.999999	61.729000
1050.708462	932.322530	55.999998	61.728000
1050.708461	932.327740	56.000002	61.729000
1050.708458	932.332545	55.999998	61.729000
1050.708459	932.337540	56.000000	61.728000
1050.708461	932.342533	55.999999	61.726000
1050.708461	932.347540	56.000000	61.723000
1050.708460	932.352553	56.000001	61.720000
1050.708461	932.357549	55.999999	61.720000
1050.708460	932.362539	56.000000	61.720000
1050.708463	932.367545	56.000000	61.720000
1050.708460	932.372559	56.000000	61.720000
1050.708460	932.377556	56.000000	61.718000
1050.708457	932.382547	55.999999	61.715000
1050.708462	932.387543	55.999999	61.712000
1050.708463	932.392557	55.999999	61.711000
1050.708463	932.397755	56.000000	61.711000
1050.708457	932.402739	56.000000	61.711000
1050.708462	932.407743	56.000000	61.712000
1050.708458	932.412765	56.000000	61.711000
1050.708458	932.417756	56.000000	61.709000
1050.708460	932.422747	56.000000	61.708000
1050.708463	932.427533	56.000000	61.708000
1050.708459	932.432753	56.000000	61.710000
1050.708466	932.437546	56.000000	61.714000
1050.708461	932.442741	56.000001	61.718000
1050.708460	932.447532	56.000000	61.721000
1050.708467	932.452753	56.000001	61.723000
1050.708464	932.457950	56.000001	61.723000
1050.708462	932.462938	56.000001	61.722000
1050.708461	932.467537	55.999999	61.722000
1050.708459	932.472958	56.000000	61.721000
1050.708461	932.477952	56.000001	61.721000
1050.708463	932.482946	56.000000	61.721000
1050.708460	932.487945	55.999999	61.723000
1050.708459	932.492959	55.999999	61.724000
1050.708462	932.497952	55.999999	61.726000
1050.708460	932.502944	55.999999	61.726000
1050.708457	932.507941	55.999998	61.725000
1050.708460	932.512957	56.000000	61.723000
1050.708460	932.517952	56.000001	61.722000
1050.708459	932.522946	56.000001	61.722000
1050.708460	932.527941	56.000002	61.725000
1050.708457	932.532963	56.000002	61.729000
1050.708458	932.537950	56.000000	61.733000
1050.708455	932.542948	56.000001	61.736000
1050.708461	932.548150	55.999998	61.737000
1050.708457	932.553154	55.999998	61.738000
1050.708458	932.558155	55.999998	61.737000
1050.708458	932.563148	55.999998	61.736000
1050.708458	932.568140	55.999999	61.734000
1050.708455	932.573158	55.999999	61.730000
1050.708459	932.578151	55.999999	61.724000
1050.708458	932.583343	56.000002	61.718000
1050.708457	932.588141	55.999998	61.711000
1050.708458	932.593164	55.999997	61.706000
1050.708457	932.598163	55.999999	61.702000
1050.708456	932.603150	55.999998	61.699000
1050.708462	932.608346	56.000001	61.696000
1050.708457	932.613158	55.999998	61.694000
1050.708459	932.617953	56.000002	61.692000
1050.708456	932.623349	55.999999	61.693000
1050.708458	932.628345	56.000001	61.702000
1050.708459	932.633358	56.000002	61.717000
1050.708456	932.638351	56.000001	61.732000
1050.708461	932.643348	56.000002	61.740000
1050.708456	932.648343	56.000002	61.742000
1050.708458	932.653355	56.000001	61.739000
1050.708459	932.658352	56.000002	61.735000
1050.708464	932.663338	56.000001	61.729000
1050.708460	932.668341	56.000002	61.724000
1050.708457	932.673350	56.000001	61.719000
1050.708459	932.678150	55.999999	61.715000
1050.708458	932.683344	56.000001	61.713000
1050.708460	932.688344	56.000000	61.712000
1050.708458	932.693354	56.000001	61.710000
1050.708463	932.698554	56.000001	61.706000
1050.708459	932.703545	56.000000	61.701000
1050.708463	932.708541	56.000001	61.698000
1050.708462	932.713554	56.000001	61.699000
1050.708463	932.718555	56.000000	61.705000
1050.708465	932.723742	55.999998	61.714000
1050.708462	932.728536	56.000001	61.723000
1050.708460	932.733557	56.000000	61.729000
1050.708462	932.738555	56.000000	61.732000
1050.708459	932.743543	56.000001	61.733000
1050.708457	932.748538	56.000001	61.732000
1050.708460	932.753552	56.000000	61.731000
1050.708459	932.758344	56.000002	61.729000
1050.708459	932.763342	56.000002	61.726000
1050.708458	932.768335	55.999999	61.723000
1050.708462	932.773949	56.000001	61.721000
1050.708462	932.778747	55.999999	61.720000
1050.708461	932.783734	55.999999	61.723000
1050.708459	932.788735	55.999999	61.726000
1050.708458	932.793746	56.000000	61.729000
1050.708459	932.798756	56.000000	61.731000
1050.708461	932.803735	56.000000	61.731000
1050.708462	932.808735	55.999999	61.730000
1050.708462	932.813748	56.000000	61.729000
1050.708461	932.818753	56.000000	61.726000
1050.708460	932.823740	55.999999	61.723000
1050.708465	932.829138	55.999998	61.720000
1050.708459	932.833752	55.999999	61.717000
1050.708459	932.838755	56.000000	61.715000
1050.708461	932.843736	55.999997	61.717000
1050.708459	932.849142	55.999999	61.723000
1050.708460	932.853958	56.000001	61.730000
1050.708459	932.858959	56.000001	61.734000
1050.708461	932.863952	56.000001	61.733000
1050.708461	932.868940	56.000002	61.729000
1050.708463	932.873951	56.000002	61.723000
1050.708460	932.878959	56.000001	61.718000
1050.708423	932.883662	56.000000	61.713000
1050.708478	932.884309	55.999999	61.711000
