922.846180	893.189820	55.999998	50.712000
922.845628	893.189569	56.000002	50.708000
922.845339	893.194222	55.999999	50.707000
922.845223	893.200068	55.999998	50.705000
922.845167	893.204830	56.000004	50.701000
922.845161	893.209578	56.000002	50.699000
922.845160	893.214786	55.999998	50.699000
922.845166	893.219830	56.000002	50.701000
922.845165	893.224756	56.000003	50.704000
922.845167	893.229805	55.999999	50.707000
922.845169	893.234792	55.999998	50.708000
922.845181	893.239798	56.000003	50.708000
922.845178	893.244802	56.000003	50.707000
922.845185	893.249591	56.000002	50.705000
922.845188	893.254612	55.999998	50.704000
922.845190	893.259610	55.999997	50.705000
922.845189	893.265011	55.999998	50.708000
922.845190	893.269986	55.999997	50.710000
922.845187	893.275017	55.999998	50.712000
922.845195	893.279811	55.999997	50.712000
922.845190	893.285015	56.000001	50.711000
922.845196	893.289997	56.000003	50.709000
922.845194	893.295018	56.000004	50.706000
922.845197	893.300027	56.000000	50.706000
922.845199	893.305017	55.999998	50.708000
922.845198	893.310017	55.999997	50.714000
922.845196	893.315010	55.999998	50.719000
922.845196	893.319833	55.999997	50.721000
922.845197	893.324812	55.999996	50.722000
922.845198	893.329812	56.000000	50.725000
922.845203	893.334826	56.000003	50.730000
922.845199	893.340025	55.999997	50.737000
922.845199	893.345027	55.999997	50.744000
922.845196	893.350003	55.999996	50.749000
922.845201	893.355027	55.999997	50.751000
922.845200	893.359824	55.999999	50.753000
922.845199	893.365019	56.000000	50.753000
922.845200	893.369812	55.999997	50.753000
922.845199	893.375029	56.000004	50.753000
922.845200	893.379832	56.000002	50.752000
922.845198	893.385009	55.999998	50.751000
922.845198	893.389808	56.000003	50.749000
922.845201	893.394815	56.000002	50.747000
922.845201	893.399819	56.000001	50.744000
922.845203	893.404811	55.999998	50.741000
922.845199	893.409803	55.999997	50.738000
922.845203	893.415210	55.999998	50.736000
922.845200	893.420804	55.999997	50.736000
922.845198	893.425216	55.999998	50.737000
922.845198	893.430200	56.000002	50.736000
922.845200	893.435222	56.000003	50.734000
922.845197	893.440012	55.999998	50.732000
922.845201	893.445207	56.000000	50.731000
922.845200	893.450195	55.999997	50.731000
922.845198	893.455211	55.999997	50.734000
922.845198	893.460213	55.999999	50.738000
922.845198	893.465206	56.000002	50.741000
922.845199	893.470197	56.000003	50.744000
922.845200	893.475210	56.000001	50.747000
922.845201	893.480020	56.000003	50.750000
922.845198	893.485214	55.999997	50.753000
922.845197	893.490395	56.000003	50.756000
922.845201	893.495409	56.000002	50.758000
922.845198	893.500413	56.000000	50.759000
922.845199	893.505407	55.999999	50.760000
922.845197	893.510393	55.999997	50.761000
922.845198	893.515410	55.999998	50.761000
922.845200	893.520807	55.999997	50.760000
922.845200	893.525417	56.000003	50.760000
922.845199	893.530401	56.000003	50.760000
922.845201	893.535423	56.000002	50.760000
922.845198	893.540609	55.999997	50.759000
922.845200	893.545211	56.000002	50.758000
922.845202	893.550401	55.999997	50.758000
922.845202	893.555410	55.999997	50.758000
922.845197	893.560411	56.000000	50.759000
922.845199	893.565407	56.000003	50.759000
922.845198	893.570800	56.000000	50.759000
922.845202	893.575807	56.000002	50.759000
922.845199	893.580807	56.000003	50.759000
922.845201	893.585809	56.000001	50.758000
922.845199	893.590807	56.000000	50.758000
922.845201	893.595816	55.999997	50.758000
922.845201	893.600810	55.999998	50.759000
922.845203	893.606013	56.000000	50.760000
922.845201	893.610600	55.999997	50.759000
922.845199	893.615812	56.000003	50.757000
922.845202	893.620809	56.000002	50.755000
922.845202	893.625807	55.999999	50.753000
922.845201	893.630601	56.000002	50.752000
922.845200	893.635610	56.000001	50.753000
922.845201	893.640607	55.999998	50.753000
922.845203	893.646026	56.000000	50.751000
922.845202	893.651000	55.999998	50.749000
922.845201	893.656005	56.000000	50.745000
922.845199	893.661001	56.000002	50.742000
922.845201	893.666010	56.000002	50.740000
922.845201	893.671001	56.000000	50.737000
922.845201	893.676013	55.999997	50.736000
922.845203	893.681200	56.000001	50.734000
922.845202	893.686007	56.000001	50.731000
922.845207	893.691003	55.999999	50.727000
922.845205	893.695806	55.999999	50.724000
922.845200	893.700809	55.999997	50.721000
922.845201	893.705805	56.000001	50.720000
922.845202	893.711001	55.999997	50.720000
922.845199	893.715811	55.999998	50.720000
922.845201	893.721004	55.999999	50.719000
922.845197	893.726012	56.000001	50.717000
922.845203	893.731203	56.000000	50.715000
922.845200	893.736205	55.999999	50.714000
922.845204	893.741002	56.000000	50.713000
922.845202	893.746004	55.999999	50.714000
922.845201	893.751001	56.000000	50.715000
922.845200	893.756002	56.000000	50.717000
922.845201	893.760999	56.000000	50.719000
922.845202	893.766011	56.000000	50.720000
922.845199	893.770999	56.000000	50.721000
922.845204	893.776000	56.000000	50.721000
922.845200	893.780799	56.000000	50.719000
922.845202	893.785803	56.000000	50.718000
922.845202	893.790794	56.000000	50.719000
922.845201	893.796197	56.000001	50.722000
922.845202	893.801398	55.999999	50.726000
922.845199	893.806402	56.000002	50.730000
922.845204	893.811398	55.999998	50.733000
922.845202	893.816401	56.000001	50.735000
922.845202	893.821383	55.999999	50.738000
922.845198	893.826778	55.999999	50.743000
922.845199	893.831416	56.000002	50.748000
922.845204	893.836439	56.000002	50.752000
922.845201	893.841201	56.000002	50.756000
922.845199	893.846586	56.000002	50.758000
922.845204	893.851182	55.999998	50.761000
922.845203	893.856206	55.999997	50.763000
922.845202	893.861229	55.999999	50.763000
922.845203	893.866208	56.000001	50.762000
922.845199	893.871389	55.999998	50.760000
922.845199	893.876603	56.000002	50.757000
922.845201	893.881593	56.000001	50.754000
922.845202	893.886596	56.000000	50.751000
922.845200	893.891600	56.000000	50.748000
922.845204	893.896619	55.999998	50.745000
922.845202	893.901620	56.000001	50.743000
922.845200	893.906617	56.000000	50.742000
922.845200	893.911795	56.000001	50.740000
922.845200	893.916598	56.000000	50.738000
922.845198	893.921606	56.000001	50.736000
922.845200	893.926423	56.000002	50.735000
922.845201	893.931408	55.999998	50.735000
922.845201	893.936609	56.000000	50.737000
922.845203	893.941399	56.000000	50.739000
922.845202	893.946800	56.000000	50.741000
922.845201	893.951805	55.999998	50.741000
922.845198	893.956805	56.000000	50.740000
922.845203	893.961992	55.999999	50.738000
922.845201	893.967001	56.000001	50.736000
922.845202	893.972004	56.000000	50.735000
922.845201	893.977004	55.999999	50.733000
922.845201	893.982192	55.999999	50.731000
922.845199	893.986992	56.000000	50.728000
922.845201	893.992005	55.999999	50.725000
922.845203	893.996802	56.000000	50.723000
922.845202	894.001994	56.000000	50.724000
922.845196	894.006995	55.999999	50.726000
922.845198	894.011994	56.000000	50.730000
922.845200	894.016991	55.999999	50.733000
922.845200	894.022387	55.999999	50.734000
922.845200	894.027399	56.000002	50.734000
922.845199	894.032407	55.999999	50.733000
922.845198	894.037405	56.000000	50.732000
922.845200	894.042396	56.000002	50.731000
922.845199	894.047607	55.999998	50.730000
922.845202	894.052411	56.000003	50.729000
922.845199	894.057401	56.000004	50.729000
922.845203	894.062391	56.000003	50.729000
922.845200	894.067410	56.000002	50.727000
922.845202	894.072415	56.000001	50.725000
922.845202	894.077400	55.999999	50.723000
922.845201	894.082590	56.000000	50.722000
922.845203	894.087213	56.000000	50.722000
922.845201	894.092214	56.000000	50.723000
922.845204	894.097206	55.999999	50.722000
922.845202	894.102789	55.999997	50.720000
922.845200	894.107614	56.000002	50.718000
922.845202	894.112624	56.000000	50.715000
922.845202	894.117605	55.999998	50.714000
922.845202	894.122586	55.999998	50.714000
922.845199	894.127612	56.000001	50.714000
922.845202	894.132623	56.000003	50.714000
922.845203	894.137607	56.000000	50.713000
922.845200	894.142590	55.999999	50.712000
922.845201	894.147803	55.999999	50.712000
922.845199	894.152415	56.000000	50.711000
922.845202	894.157604	56.000001	50.709000
922.845200	894.162385	56.000001	50.708000
922.845200	894.167401	55.999999	50.706000
922.845200	894.172401	56.000001	50.703000
922.845202	894.177601	56.000001	50.701000
922.845199	894.182982	56.000001	50.700000
922.845201	894.187794	56.000000	50.699000
922.845201	894.192807	55.999999	50.698000
922.845202	894.197796	56.000000	50.697000
922.845200	894.203178	55.999999	50.697000
922.845202	894.207791	56.000000	50.697000
922.845201	894.212800	56.000000	50.699000
922.845200	894.217587	56.000001	50.702000
922.845200	894.222974	56.000000	50.705000
922.845200	894.227780	56.000000	50.708000
922.845200	894.233003	56.000000	50.711000
922.845200	894.237584	55.999999	50.715000
922.845200	894.242573	55.999999	50.720000
922.845202	894.247585	55.999999	50.725000
922.845199	894.253001	55.999999	50.732000
922.845199	894.257991	56.000001	50.736000
922.845200	894.263194	56.000000	50.739000
922.845199	894.267987	55.999999	50.741000
922.845200	894.273195	55.999999	50.743000
922.845199	894.277988	56.000000	50.743000
922.845199	894.283185	56.000000	50.743000
922.845202	894.287993	56.000001	50.742000
922.845199	894.293007	56.000001	50.740000
922.845204	894.297998	56.000000	50.739000
922.845202	894.302783	56.000000	50.737000
922.845203	894.307992	56.000001	50.735000
922.845198	894.313206	56.000000	50.733000
922.845200	894.317795	55.999999	50.730000
922.845201	894.322782	56.000001	50.726000
922.845200	894.328399	56.000000	50.723000
922.845200	894.333214	55.999999	50.721000
922.845201	894.338209	56.000001	50.721000
922.845202	894.343191	55.999998	50.720000
922.845201	894.348596	55.999999	50.720000
922.845200	894.353420	55.999998	50.720000
922.845198	894.358416	55.999999	50.721000
922.845199	894.363403	56.000001	50.722000
922.845201	894.368801	55.999999	50.723000
922.845201	894.373427	56.000001	50.727000
922.845201	894.378418	55.999999	50.732000
922.845200	894.383802	55.999999	50.738000
922.845199	894.388408	56.000001	50.741000
922.845200	894.393227	56.000002	50.744000
922.845202	894.398212	56.000001	50.746000
922.845203	894.403803	56.000000	50.747000
922.845199	894.408806	55.999998	50.749000
922.845200	894.413621	55.999999	50.750000
922.845200	894.418610	55.999998	50.750000
922.845200	894.423599	55.999998	50.748000
922.845200	894.428597	55.999999	50.744000
922.845200	894.433623	56.000001	50.740000
922.845197	894.438616	56.000002	50.736000
922.845199	894.443600	56.000003	50.732000
922.845195	894.448606	56.000003	50.730000
922.845199	894.453426	55.999999	50.728000
922.845200	894.458618	56.000002	50.726000
922.845197	894.463401	56.000001	50.725000
922.845200	894.468611	55.999999	50.723000
922.845201	894.473433	56.000001	50.720000
922.845200	894.478421	56.000000	50.717000
922.845200	894.483615	55.999998	50.714000
922.845198	894.488621	55.999999	50.713000
922.845200	894.493633	55.999999	50.713000
922.845199	894.498620	55.999998	50.715000
922.845199	894.503609	55.999999	50.717000
922.845200	894.508616	56.000000	50.718000
922.845201	894.513836	56.000003	50.719000
922.845199	894.518624	55.999998	50.719000
922.845200	894.523606	55.999998	50.720000
922.845197	894.528603	55.999997	50.722000
922.845199	894.533428	56.000001	50.726000
922.845201	894.538619	55.999997	50.731000
922.845200	894.543399	56.000000	50.736000
922.845200	894.548406	55.999999	50.741000
922.845200	894.553424	56.000000	50.745000
922.845200	894.558819	56.000002	50.750000
922.845202	894.563798	56.000002	50.754000
922.845200	894.568802	56.000004	50.758000
922.845201	894.573825	56.000003	50.760000
922.845202	894.578825	56.000003	50.760000
922.845200	894.583603	55.999998	50.758000
922.845200	894.588813	56.000002	50.755000
922.845203	894.594026	56.000001	50.752000
922.845201	894.598821	56.000001	50.748000
922.845201	894.603602	55.999997	50.744000
922.845201	894.608799	56.000002	50.740000
922.845198	894.613617	55.999997	50.736000
922.845202	894.619015	56.000000	50.731000
922.845199	894.623590	55.999996	50.727000
922.845197	894.628603	55.999997	50.721000
922.845201	894.634016	56.000002	50.715000
922.845201	894.639018	56.000003	50.710000
922.845199	894.644001	56.000003	50.706000
922.845202	894.649010	56.000003	50.703000
922.845201	894.654025	56.000002	50.701000
922.845201	894.659023	56.000002	50.698000
922.845201	894.664007	56.000000	50.694000
922.845201	894.669011	55.999998	50.690000
922.845200	894.674022	55.999997	50.687000
922.845201	894.679021	55.999997	50.686000
922.845201	894.683803	56.000003	50.686000
922.845199	894.688808	56.000003	50.686000
922.845200	894.693819	56.000003	50.685000
922.845202	894.698820	56.000003	50.684000
922.845203	894.703999	56.000002	50.685000
922.845201	894.709201	55.999997	50.687000
922.845201	894.714213	55.999998	50.691000
922.845203	894.719219	55.999998	50.696000
922.845201	894.724202	56.000000	50.702000
922.845202	894.729203	56.000001	50.708000
922.845204	894.734227	56.000001	50.714000
922.845198	894.739426	55.999997	50.721000
922.845200	894.744203	56.000003	50.727000
922.845203	894.749205	56.000002	50.734000
922.845200	894.754219	56.000001	50.739000
922.845202	894.759223	56.000000	50.741000
922.845203	894.763998	55.999998	50.743000
922.845201	894.769000	55.999998	50.743000
922.845200	894.774217	55.999997	50.742000
922.845200	894.779013	56.000001	50.740000
922.845200	894.784405	56.000000	50.737000
922.845198	894.789405	56.000000	50.734000
922.845201	894.794425	55.999998	50.731000
922.845200	894.799422	55.999997	50.728000
922.845198	894.804415	55.999997	50.725000
922.845201	894.809414	56.000000	50.722000
922.845202	894.814430	56.000001	50.719000
922.845202	894.819431	56.000003	50.716000
922.845198	894.824416	56.000003	50.715000
922.845201	894.829407	56.000002	50.713000
922.845199	894.834426	55.999999	50.713000
922.845200	894.839220	55.999999	50.712000
922.845201	894.844207	56.000001	50.712000
922.845199	894.849203	56.000003	50.711000
922.845198	894.854220	56.000002	50.711000
922.845201	894.859820	56.000001	50.711000
922.845202	894.864610	55.999997	50.711000
922.845200	894.869604	55.999998	50.712000
922.845201	894.874616	55.999997	50.712000
922.845201	894.879819	55.999998	50.711000
922.845203	894.884614	56.000001	50.710000
922.845202	894.889605	56.000002	50.708000
922.845201	894.894627	56.000002	50.708000
922.845199	894.899627	56.000002	50.708000
922.845201	894.904614	55.999998	50.710000
922.845200	894.909613	55.999997	50.711000
922.845201	894.914629	55.999998	50.711000
922.845202	894.919630	56.000000	50.710000
922.845201	894.924619	56.000000	50.710000
922.845200	894.929413	56.000001	50.711000
922.845198	894.934436	56.000001	50.714000
922.845200	894.939829	55.999999	50.719000
922.845199	894.944820	55.999998	50.723000
922.845202	894.949613	55.999999	50.726000
922.845199	894.954631	56.000000	50.728000
922.845197	894.959617	56.000001	50.729000
922.845199	894.964615	55.999999	50.729000
922.845202	894.969603	55.999999	50.729000
922.845199	894.974626	55.999998	50.729000
922.845201	894.979624	55.999998	50.728000
922.845199	894.984613	55.999998	50.728000
922.845199	894.989404	56.000001	50.727000
922.845199	894.994625	55.999998	50.726000
922.845202	894.999416	55.999999	50.725000
922.845201	895.004614	56.000000	50.724000
922.845202	895.009404	55.999999	50.723000
922.845199	895.014830	56.000002	50.722000
922.845199	895.019824	56.000002	50.722000
922.845196	895.025016	55.999998	50.721000
922.845197	895.030010	56.000000	50.719000
922.845202	895.035019	56.000000	50.718000
922.845198	895.040020	55.999998	50.718000
922.845199	895.045015	55.999999	50.719000
922.845200	895.049809	56.000000	50.721000
922.845200	895.054826	55.999999	50.724000
922.845202	895.059819	56.000001	50.726000
922.845200	895.065010	55.999999	50.729000
922.845200	895.069807	56.000000	50.732000
922.845202	895.074830	56.000000	50.734000
922.845195	895.079820	56.000000	50.735000
922.845199	895.085219	56.000000	50.736000
922.845202	895.090214	56.000000	50.735000
922.845200	895.095429	56.000000	50.735000
922.845198	895.100219	56.000000	50.735000
922.845198	895.105422	56.000000	50.737000
922.845202	895.110211	56.000000	50.738000
922.845200	895.115223	56.000000	50.737000
922.845201	895.120220	56.000001	50.735000
922.845198	895.125217	56.000000	50.733000
922.845196	895.130209	56.000000	50.731000
922.845198	895.135215	56.000000	50.729000
922.845199	895.140220	56.000000	50.728000
922.845201	895.145211	56.000000	50.727000
922.845200	895.150004	56.000000	50.725000
922.845199	895.155018	55.999999	50.723000
922.845198	895.160013	56.000000	50.721000
922.845199	895.165416	56.000000	50.720000
922.845201	895.170407	55.999999	50.720000
922.845201	895.175412	56.000001	50.719000
922.845198	895.180409	55.999999	50.718000
922.845202	895.185411	55.999999	50.716000
922.845201	895.190401	56.000001	50.715000
922.845199	895.195407	56.000001	50.713000
922.845202	895.200411	56.000001	50.711000
922.845200	895.205407	56.000003	50.708000
922.845197	895.210196	56.000000	50.705000
922.845202	895.215410	56.000002	50.702000
922.845201	895.220206	56.000000	50.700000
922.845198	895.225205	55.999998	50.700000
922.845198	895.230191	56.000000	50.701000
922.845200	895.235198	56.000002	50.702000
922.845202	895.240799	56.000002	50.703000
922.845201	895.245802	56.000000	50.706000
922.845201	895.250796	55.999998	50.709000
922.845200	895.255794	55.999997	50.713000
922.845202	895.260800	55.999997	50.718000
922.845200	895.265797	55.999999	50.723000
922.845199	895.270800	55.999999	50.728000
922.845205	895.275804	56.000001	50.732000
922.845201	895.280806	56.000001	50.736000
922.845201	895.285802	55.999997	50.739000
922.845201	895.290602	56.000003	50.741000
922.845201	895.295811	56.000002	50.741000
922.845202	895.300612	55.999997	50.740000
922.845199	895.305608	55.999997	50.739000
922.845201	895.310802	55.999997	50.738000
922.845202	895.316006	55.999997	50.737000
922.845204	895.321004	55.999998	50.737000
922.845201	895.326002	56.000003	50.736000
922.845202	895.331000	56.000002	50.734000
922.845203	895.336000	55.999999	50.732000
922.845202	895.341004	55.999997	50.729000
922.845203	895.346009	55.999997	50.725000
922.845200	895.351002	55.999999	50.723000
922.845200	895.356004	56.000002	50.721000
922.845203	895.360995	56.000003	50.720000
922.845202	895.366006	56.000001	50.719000
922.845202	895.370800	55.999999	50.717000
922.845203	895.376207	56.000002	50.714000
922.845203	895.380809	55.999999	50.713000
922.845199	895.385809	56.000001	50.711000
922.845199	895.391205	56.000001	50.711000
922.845202	895.396409	56.000004	50.712000
922.845201	895.401212	55.999998	50.712000
922.845197	895.406215	55.999998	50.711000
922.845203	895.411217	55.999997	50.710000
922.845205	895.416415	56.000001	50.710000
922.845204	895.421216	55.999998	50.710000
922.845199	895.426216	55.999998	50.712000
922.845202	895.431215	55.999998	50.714000
922.845202	895.436216	55.999997	50.716000
922.845204	895.441011	56.000002	50.717000
922.845200	895.446220	55.999998	50.719000
922.845201	895.451216	55.999998	50.720000
922.845200	895.456216	55.999998	50.722000
922.845203	895.461206	55.999998	50.726000
922.845201	895.466418	56.000002	50.732000
922.845198	895.471410	56.000002	50.736000
922.845201	895.476412	56.000001	50.739000
922.845200	895.481411	56.000000	50.742000
922.845200	895.486420	55.999999	50.744000
922.845202	895.491417	56.000000	50.747000
922.845203	895.496414	56.000000	50.752000
922.845200	895.501409	56.000001	50.755000
922.845199	895.506221	56.000001	50.757000
922.845200	895.511422	56.000000	50.758000
922.845201	895.516218	56.000000	50.758000
922.845201	895.521412	55.999999	50.758000
922.845200	895.526227	55.999999	50.758000
922.845200	895.531219	56.000000	50.757000
922.845202	895.536228	56.000000	50.755000
922.845200	895.541612	56.000000	50.753000
922.845199	895.546628	56.000000	50.750000
922.845195	895.551622	56.000000	50.748000
922.845199	895.556622	55.999999	50.747000
922.845199	895.561614	56.000001	50.746000
922.845199	895.566622	55.999999	50.745000
922.845201	895.571620	56.000000	50.742000
922.845202	895.576421	56.000001	50.739000
922.845201	895.581805	56.000000	50.736000
922.845201	895.586421	56.000002	50.733000
922.845199	895.591625	55.999998	50.731000
922.845202	895.596414	56.000001	50.728000
922.845198	895.601605	56.000000	50.726000
922.845201	895.606416	56.000001	50.723000
922.845197	895.611407	55.999999	50.719000
922.845198	895.616802	56.000001	50.715000
922.845200	895.621991	55.999999	50.710000
922.845198	895.626807	55.999998	50.705000
922.845199	895.631798	56.000000	50.701000
922.845201	895.636800	56.000002	50.698000
922.845200	895.641986	56.000001	50.697000
922.845198	895.646804	56.000000	50.695000
922.845200	895.652005	56.000000	50.691000
922.845200	895.656798	56.000001	50.687000
922.845198	895.661793	55.999999	50.684000
922.845198	895.666609	55.999998	50.683000
922.845201	895.671806	56.000000	50.684000
922.845202	895.676600	56.000000	50.686000
922.845200	895.681597	56.000000	50.689000
922.845200	895.686605	55.999999	50.691000
922.845199	895.692010	56.000002	50.692000
922.845200	895.697001	56.000002	50.692000
922.845199	895.701990	56.000002	50.694000
922.845200	895.707006	56.000003	50.696000
922.845199	895.712010	56.000003	50.697000
922.845198	895.717000	56.000002	50.696000
922.845201	895.721992	56.000001	50.694000
922.845201	895.727202	55.999999	50.692000
922.845201	895.732009	55.999998	50.692000
922.845200	895.737003	55.999999	50.691000
922.845201	895.741991	56.000002	50.691000
922.845201	895.747005	56.000002	50.689000
922.845200	895.751806	55.999997	50.687000
922.845200	895.756801	55.999998	50.685000
922.845201	895.761793	55.999998	50.683000
922.845199	895.767201	55.999997	50.681000
922.845200	895.772203	55.999998	50.680000
922.845203	895.777197	55.999998	50.678000
922.845203	895.782189	55.999997	50.676000
922.845199	895.787388	56.000001	50.674000
922.845199	895.792198	55.999997	50.673000
922.845202	895.797188	55.999998	50.671000
922.845199	895.802381	56.000000	50.670000
922.845200	895.807392	55.999999	50.669000
922.845200	895.812202	55.999999	50.668000
922.845201	895.817188	55.999999	50.666000
922.845200	895.822179	56.000000	50.665000
922.845197	895.826994	56.000002	50.665000
922.845202	895.832001	56.000002	50.665000
922.845200	895.836995	56.000002	50.666000
922.845201	895.842191	56.000000	50.666000
922.845199	895.847402	55.999997	50.666000
922.845203	895.852412	55.999997	50.666000
922.845202	895.857403	55.999996	50.667000
922.845200	895.862389	55.999997	50.669000
922.845199	895.867401	55.999997	50.672000
922.845202	895.872615	56.000002	50.675000
922.845200	895.877403	56.000000	50.678000
922.845201	895.882391	56.000002	50.680000
922.845200	895.887400	56.000002	50.682000
922.845201	895.892413	55.999999	50.684000
922.845199	895.897406	56.000000	50.688000
922.845201	895.902394	55.999999	50.691000
922.845200	895.907205	55.999998	50.694000
922.845202	895.912211	55.999999	50.697000
922.845201	895.917612	56.000002	50.700000
922.845202	895.922594	56.000002	50.703000
922.845200	895.927599	56.000003	50.706000
922.845203	895.932610	56.000003	50.710000
922.845203	895.937603	56.000001	50.714000
922.845200	895.942588	56.000002	50.716000
922.845202	895.947596	56.000002	50.717000
922.845201	895.952605	56.000001	50.720000
922.845204	895.957597	55.999999	50.723000
922.845202	895.962584	56.000000	50.727000
922.845199	895.967601	56.000002	50.732000
922.845202	895.972603	56.000003	50.735000
922.845201	895.977394	55.999998	50.738000
922.845199	895.982386	55.999999	50.740000
922.845199	895.987389	56.000000	50.742000
922.845203	895.992810	55.999998	50.745000
922.845203	895.997803	55.999998	50.748000
922.845200	896.002786	55.999997	50.750000
922.845202	896.007800	55.999997	50.752000
922.845197	896.013017	56.000002	50.752000
922.845202	896.017811	55.999997	50.752000
922.845198	896.022793	55.999996	50.753000
922.845200	896.027807	55.999997	50.753000
922.845199	896.033017	56.000000	50.754000
922.845202	896.037812	55.999997	50.754000
922.845201	896.042599	56.000002	50.754000
922.845198	896.047809	55.999997	50.754000
922.845201	896.052822	55.999997	50.753000
922.845201	896.057608	56.000003	50.753000
922.845199	896.062599	56.000003	50.753000
922.845202	896.067607	56.000003	50.752000
922.845201	896.073025	55.999999	50.751000
922.845199	896.078018	56.000000	50.749000
922.845200	896.083400	55.999997	50.748000
922.845200	896.088019	56.000002	50.746000
922.845201	896.093033	56.000003	50.745000
922.845201	896.098027	56.000003	50.744000
922.845198	896.103007	56.000003	50.743000
922.845197	896.108013	56.000000	50.743000
922.845201	896.113030	55.999998	50.744000
922.845201	896.118022	56.000001	50.744000
922.845200	896.123011	56.000003	50.743000
922.845201	896.127822	55.999997	50.742000
922.845201	896.132829	55.999997	50.741000
922.845199	896.137825	55.999997	50.741000
922.845203	896.142806	55.999999	50.742000
922.845200	896.148213	55.999998	50.744000
922.845201	896.153222	55.999998	50.746000
922.845199	896.158216	55.999998	50.748000
922.845199	896.163005	55.999999	50.750000
922.845199	896.168214	56.000000	50.752000
922.845200	896.173019	56.000004	50.754000
922.845202	896.178221	55.999998	50.756000
922.845203	896.183011	56.000003	54.742000
922.845195	896.188212	55.999997	59.829000
922.845199	896.193027	56.000003	61.610000
922.845202	896.198018	56.000001	61.613000
922.845201	896.203005	56.000000	61.615000
922.845201	896.208018	55.999998	61.618000
922.845197	896.213220	56.000002	61.618000
922.845199	896.218229	55.999999	61.618000
922.845198	896.223421	56.000002	61.616000
922.845197	896.228420	55.999998	61.613000
922.845202	896.233631	56.000002	61.609000
922.845199	896.238419	56.000000	61.604000
922.845198	896.243410	56.000002	61.598000
922.845199	896.248416	56.000002	61.591000
922.845199	896.253432	56.000002	61.583000
922.845201	896.258823	56.000002	61.576000
922.845199	896.263393	55.999999	61.568000
922.845198	896.268405	56.000000	61.561000
922.845199	896.273219	56.000001	61.554000
922.845200	896.278413	56.000000	61.549000
922.845197	896.283596	55.999998	61.545000
922.845200	896.288201	55.999999	61.544000
922.845198	896.293223	55.999999	61.546000
922.845204	896.299022	55.999997	61.553000
922.845200	896.303801	56.000001	61.563000
922.845201	896.308605	56.000003	61.573000
922.845201	896.313622	56.000002	61.582000
922.845200	896.318622	55.999999	61.588000
922.845200	896.323810	56.000002	61.590000
922.845201	896.328604	56.000001	61.590000
922.845202	896.333622	56.000002	61.588000
922.845199	896.338622	55.999998	61.586000
922.845200	896.343602	55.999998	61.584000
922.845199	896.348414	55.999998	61.581000
922.845198	896.353424	56.000002	61.577000
922.845201	896.358417	56.000000	61.573000
922.845197	896.363409	55.999998	61.568000
922.845198	896.368415	56.000002	61.565000
922.845204	896.373834	55.999999	61.564000
922.845200	896.378827	56.000000	61.565000
922.845201	896.383814	56.000001	61.567000
922.845200	896.388814	55.999999	61.571000
922.845197	896.393834	55.999999	61.575000
922.845201	896.398828	56.000001	61.578000
922.845198	896.403812	56.000000	61.581000
922.845202	896.408809	56.000000	61.585000
922.845201	896.413830	55.999999	61.589000
922.845198	896.418822	56.000001	61.595000
922.845198	896.423606	56.000002	61.599000
922.845200	896.428604	55.999999	61.601000
922.845198	896.433619	55.999998	61.600000
922.845200	896.438617	56.000001	61.594000
922.845200	896.443602	55.999999	61.586000
922.845200	896.448800	56.000000	61.576000
922.845201	896.453823	56.000000	61.567000
922.845201	896.458815	56.000000	61.559000
922.845202	896.463805	55.999999	61.553000
922.845201	896.468997	56.000002	61.549000
922.845201	896.473820	56.000000	61.547000
922.845200	896.478812	56.000000	61.546000
922.845200	896.483796	56.000000	61.547000
922.845201	896.488803	56.000002	61.548000
922.845199	896.493825	55.999998	61.549000
922.845199	896.498614	55.999998	61.549000
922.845199	896.503599	56.000000	61.549000
922.845200	896.508598	55.999999	61.548000
922.845202	896.513615	56.000001	61.547000
922.845200	896.518607	55.999998	61.548000
922.845200	896.523997	55.999998	61.550000
922.845201	896.528994	56.000000	61.552000
922.845203	896.534213	55.999998	61.554000
922.845199	896.539020	55.999997	61.553000
922.845199	896.544003	56.000001	61.551000
922.845202	896.548998	56.000001	61.547000
922.845199	896.554008	56.000000	61.544000
922.845204	896.559012	56.000001	61.543000
922.845201	896.563999	56.000000	61.544000
922.845198	896.568993	56.000001	61.548000
922.845200	896.574017	55.999998	61.551000
922.845200	896.578815	55.999998	61.553000
922.845201	896.583795	56.000003	61.552000
922.845201	896.588796	55.999999	61.549000
922.845199	896.593825	56.000001	61.544000
922.845201	896.599225	56.000001	61.538000
922.845200	896.604207	55.999998	61.533000
922.845200	896.609202	56.000002	61.528000
922.845201	896.614226	55.999998	61.523000
922.845199	896.619228	56.000002	61.520000
922.845201	896.624216	55.999997	61.519000
922.845202	896.629212	56.000002	61.519000
922.845200	896.634231	55.999998	61.521000
922.845202	896.639232	56.000000	61.523000
922.845199	896.644207	55.999999	61.526000
922.845200	896.649205	56.000002	61.529000
922.845200	896.654232	55.999998	61.537000
922.845200	896.659024	55.999999	61.547000
922.845200	896.664005	56.000000	61.558000
922.845201	896.669214	56.000002	61.564000
922.845200	896.674431	56.000001	61.564000
922.845203	896.679432	56.000000	61.561000
922.845200	896.684416	55.999999	61.555000
922.845199	896.689815	56.000001	61.552000
922.845201	896.694434	56.000001	61.552000
922.845202	896.699431	56.000001	61.552000
922.845199	896.704612	55.999998	61.553000
922.845202	896.709409	55.999999	61.551000
922.845198	896.714429	56.000001	61.548000
922.845200	896.719433	55.999998	61.544000
922.845200	896.724415	56.000002	61.539000
922.845201	896.729209	56.000003	61.534000
922.845202	896.734431	55.999999	61.529000
922.845198	896.739226	55.999999	61.525000
922.845201	896.744214	56.000003	61.523000
922.845201	896.749612	56.000003	61.524000
922.845202	896.754629	56.000000	61.526000
922.845199	896.759622	55.999998	61.530000
922.845201	896.764615	56.000002	61.532000
922.845197	896.769800	55.999998	61.531000
922.845200	896.775011	56.000001	61.527000
922.845200	896.779615	56.000000	61.523000
922.845198	896.784606	56.000001	61.519000
922.845200	896.789596	55.999998	61.517000
922.845196	896.794614	56.000002	61.517000
922.845198	896.799611	56.000002	61.519000
922.845200	896.804601	55.999998	61.523000
922.845200	896.809398	55.999998	61.525000
922.845202	896.814614	56.000002	61.525000
922.845199	896.819413	55.999999	61.524000
922.845197	896.824804	55.999997	61.523000
922.845201	896.829604	55.999997	61.524000
922.845200	896.834814	56.000002	61.528000
922.845200	896.839820	55.999996	61.533000
922.845199	896.844801	56.000001	61.537000
922.845198	896.849602	56.000001	61.537000
922.845199	896.855012	56.000002	61.535000
922.845198	896.859816	56.000002	61.530000
922.845198	896.864807	55.999999	61.526000
922.845202	896.869605	55.999998	61.524000
922.845199	896.874815	55.999998	61.523000
922.845199	896.879620	55.999998	61.523000
922.845199	896.884807	56.000001	61.522000
922.845197	896.889798	56.000001	61.520000
922.845197	896.894812	55.999998	61.519000
922.845200	896.900014	56.000000	61.520000
922.845199	896.905408	55.999999	61.524000
922.845201	896.910399	56.000002	61.530000
922.845201	896.915610	55.999999	61.535000
922.845203	896.920607	56.000002	61.538000
922.845200	896.925411	55.999999	61.538000
922.845201	896.930401	56.000001	61.536000
922.845204	896.935813	55.999998	61.535000
922.845201	896.940408	56.000001	61.535000
922.845198	896.945207	56.000001	61.537000
922.845197	896.950198	55.999998	61.540000
922.845202	896.955406	55.999999	61.542000
922.845200	896.960210	55.999998	61.542000
922.845196	896.965205	56.000003	61.540000
922.845201	896.970194	55.999999	61.537000
922.845201	896.975999	56.000000	61.534000
922.845201	896.980605	56.000000	61.531000
922.845199	896.985604	55.999999	61.529000
922.845200	896.990594	56.000002	61.527000
922.845204	896.995609	55.999999	61.525000
922.845202	897.000599	56.000000	61.524000
922.845201	897.005608	56.000001	61.522000
922.845198	897.010602	55.999999	61.520000
922.845204	897.015609	55.999999	61.517000
922.845199	897.020606	56.000000	61.514000
922.845202	897.025609	56.000000	61.511000
922.845202	897.030394	55.999999	61.512000
922.845200	897.035611	55.999999	61.518000
922.845200	897.040413	55.999998	61.529000
922.845203	897.045406	56.000001	61.538000
922.845201	897.050798	55.999999	61.545000
922.845205	897.055810	56.000002	61.548000
922.845203	897.060810	55.999999	61.549000
922.845200	897.065809	56.000000	61.550000
922.845201	897.071004	56.000000	61.551000
922.845203	897.075813	55.999999	61.552000
922.845204	897.080809	56.000001	61.552000
922.845201	897.085814	55.999999	61.552000
922.845201	897.090805	56.000001	61.551000
922.845204	897.095813	55.999998	61.550000
922.845203	897.100806	56.000001	61.549000
922.845201	897.105808	55.999999	61.547000
922.845200	897.110600	56.000001	61.541000
922.845201	897.115617	55.999998	61.534000
922.845202	897.120811	56.000000	61.526000
922.845200	897.126018	56.000000	61.514000
922.845199	897.131009	55.999998	61.506000
922.845203	897.135814	56.000000	61.499000
922.845198	897.141201	56.000001	61.487000
922.845199	897.146019	55.999999	61.478000
922.845203	897.151012	56.000002	61.478000
922.845202	897.156015	55.999999	61.479000
922.845198	897.161405	56.000000	61.485000
922.845201	897.166021	55.999998	61.493000
922.845201	897.171008	56.000002	61.500000
922.845202	897.176017	55.999999	61.504000
922.845202	897.181008	56.000001	61.508000
922.845200	897.186021	55.999998	61.511000
922.845199	897.190815	55.999997	61.515000
922.845203	897.195819	56.000002	61.519000
922.845202	897.201211	56.000002	61.520000
922.845200	897.206221	55.999997	61.518000
922.845199	897.211218	56.000000	61.515000
922.845201	897.216416	55.999999	61.512000
922.845198	897.221207	56.000000	61.512000
922.845201	897.226417	55.999998	61.515000
922.845201	897.231211	55.999998	61.523000
922.845200	897.236408	56.000002	61.528000
922.845200	897.241398	55.999998	61.526000
922.845198	897.246408	56.000002	61.518000
922.845201	897.251213	56.000002	61.508000
922.845201	897.256006	56.000001	61.499000
922.845199	897.261207	55.999999	61.492000
922.845203	897.266018	55.999999	61.488000
922.845203	897.271009	56.000002	61.486000
922.845198	897.276408	56.000001	61.486000
922.845198	897.281601	56.000001	61.487000
922.845198	897.286416	56.000001	61.489000
922.845199	897.291611	55.999999	61.490000
922.845199	897.296402	55.999998	61.492000
922.845200	897.301403	56.000003	61.494000
922.845199	897.306608	56.000000	61.498000
922.845202	897.311410	56.000000	61.504000
922.845202	897.316407	56.000001	61.513000
922.845202	897.321401	55.999998	61.520000
922.845198	897.326409	56.000001	61.523000
922.845200	897.331210	56.000000	61.521000
922.845201	897.336400	55.999998	61.517000
922.845200	897.341397	55.999999	61.512000
922.845197	897.346208	55.999998	61.507000
922.845197	897.351613	55.999998	61.503000
922.845201	897.356597	56.000002	61.500000
922.845201	897.361603	55.999998	61.500000
922.845202	897.366607	55.999999	61.501000
922.845201	897.371611	56.000003	61.503000
922.845199	897.376608	56.000001	61.505000
922.845200	897.381604	55.999998	61.507000
922.845199	897.386419	55.999999	61.511000
922.845200	897.391412	55.999998	61.516000
922.845204	897.396610	56.000000	61.521000
922.845200	897.401407	56.000002	61.524000
922.845198	897.406612	56.000002	61.524000
922.845201	897.411615	56.000002	61.521000
922.845202	897.416606	55.999998	61.516000
922.845200	897.421405	55.999999	61.510000
922.845202	897.426804	55.999999	61.502000
922.845199	897.431813	55.999997	61.495000
922.845200	897.437011	56.000003	61.490000
922.845199	897.441809	56.000003	61.487000
922.845201	897.446809	55.999999	61.486000
922.845199	897.451808	55.999999	61.485000
922.845205	897.456820	56.000002	61.483000
922.845200	897.461806	56.000000	61.482000
922.845200	897.466814	55.999997	61.484000
922.845198	897.471802	56.000001	61.488000
922.845199	897.476598	56.000000	61.494000
922.845202	897.481797	55.999999	61.501000
922.845198	897.486603	56.000000	61.506000
922.845199	897.491605	55.999997	61.510000
922.845200	897.496607	56.000000	61.513000
922.845200	897.501593	56.000002	61.516000
922.845200	897.506993	56.000003	61.520000
922.845200	897.512000	56.000000	61.523000
922.845201	897.516993	55.999998	61.527000
922.845199	897.521988	56.000001	61.532000
922.845198	897.526996	56.000003	61.537000
922.845202	897.532005	55.999999	61.541000
922.845202	897.537200	56.000003	61.543000
922.845200	897.541985	56.000003	61.540000
922.845201	897.546998	56.000001	61.534000
922.845202	897.552004	55.999997	61.526000
922.845202	897.557002	56.000000	61.519000
922.845201	897.561989	56.000003	61.514000
922.845198	897.566803	56.000003	61.512000
922.845199	897.571797	56.000001	61.511000
922.845201	897.576796	55.999997	61.511000
922.845200	897.581787	56.000000	61.511000
922.845201	897.587195	56.000002	61.510000
922.845201	897.592196	56.000003	61.509000
922.845203	897.597187	55.999999	61.509000
922.845199	897.602182	55.999997	61.509000
922.845203	897.607193	56.000003	61.511000
922.845200	897.612201	55.999999	61.516000
922.845199	897.617190	55.999997	61.524000
922.845202	897.622183	56.000002	61.534000
922.845201	897.627195	56.000001	61.543000
922.845199	897.632011	56.000003	61.546000
922.845203	897.636997	55.999998	61.544000
922.845199	897.641996	56.000000	61.538000
922.845203	897.647012	55.999999	61.532000
922.845201	897.652015	55.999997	61.526000
922.845201	897.657400	55.999998	61.523000
922.845201	897.662399	56.000002	61.526000
922.845202	897.667425	55.999998	61.530000
922.845201	897.672422	56.000000	61.533000
922.845205	897.677407	56.000000	61.534000
922.845201	897.682395	55.999997	61.532000
922.845202	897.687414	56.000001	61.529000
922.845200	897.692438	55.999998	61.525000
922.845202	897.697421	56.000002	61.523000
922.845201	897.702404	56.000001	61.523000
922.845202	897.707418	55.999998	61.524000
922.845201	897.712431	56.000002	61.524000
922.845204	897.717415	55.999998	61.522000
922.845201	897.722208	56.000001	61.517000
922.845200	897.727217	55.999998	61.511000
922.845199	897.732221	56.000001	61.504000
922.845201	897.737817	55.999997	61.497000
922.845199	897.743005	56.000001	61.491000
922.845201	897.747618	56.000000	61.485000
922.845204	897.752628	56.000000	61.480000
922.845204	897.757618	55.999999	61.477000
922.845201	897.762609	56.000003	61.479000
922.845201	897.767623	55.999998	61.486000
922.845200	897.772627	55.999999	61.497000
922.845202	897.777622	56.000001	61.507000
922.845199	897.782607	55.999998	61.512000
922.845202	897.787821	55.999999	61.513000
922.845202	897.792428	56.000002	61.511000
922.845201	897.797417	55.999998	61.510000
922.845201	897.802596	56.000001	61.512000
922.845200	897.807604	55.999998	61.518000
922.845201	897.812825	55.999999	61.523000
922.845201	897.817814	56.000000	61.527000
922.845200	897.823003	56.000001	61.527000
922.845201	897.827796	56.000001	61.526000
922.845203	897.832814	55.999999	61.525000
922.845202	897.837804	56.000000	61.524000
922.845201	897.842800	56.000002	61.523000
922.845198	897.848010	56.000000	61.522000
922.845201	897.852825	56.000001	61.522000
922.845201	897.857808	55.999999	61.522000
922.845199	897.862792	56.000000	61.523000
922.845198	897.868003	56.000000	61.524000
922.845203	897.872826	55.999999	61.524000
922.845201	897.877607	56.000001	61.524000
922.845208	897.882576	56.000000	61.525000
922.845195	897.888000	56.000001	61.526000
922.845189	897.893057	55.999999	61.529000
922.845198	897.898006	55.999999	61.531000
922.845198	897.902988	56.000000	61.533000
922.845196	897.907982	56.000000	61.533000
922.845203	897.912997	56.000000	61.531000
922.845196	897.918043	56.000000	61.529000
922.845196	897.923014	55.999999	61.526000
922.845200	897.927997	56.000000	61.523000
922.845199	897.933025	56.000000	61.522000
922.845203	897.938011	55.999999	61.521000
922.845200	897.942790	56.000000	61.522000
922.845196	897.948030	55.999999	61.523000
922.845198	897.953031	56.000000	61.525000
922.845201	897.957801	56.000000	61.527000
922.845202	897.963201	56.000000	61.528000
922.845199	897.968215	56.000000	61.530000
922.845200	897.973220	56.000001	61.531000
922.845201	897.978208	56.000000	61.534000
922.845199	897.983202	56.000000	61.536000
922.845196	897.988217	56.000000	61.538000
922.845200	897.993226	56.000000	61.538000
922.845200	897.998206	56.000000	61.537000
922.845199	898.003587	56.000000	61.534000
922.845199	898.008593	56.000000	61.532000
922.845204	898.013618	55.999999	61.530000
922.845205	898.018618	56.000000	61.528000
922.845198	898.023399	55.999999	61.526000
922.845199	898.028393	56.000000	61.524000
922.845201	898.033614	56.000000	61.522000
922.845202	898.039015	56.000000	61.521000
922.845202	898.043995	55.999999	61.522000
922.845199	898.048795	55.999999	61.524000
922.845199	898.054018	55.999999	61.527000
922.845199	898.058805	56.000000	61.529000
922.845202	898.063780	56.000000	61.530000
922.845199	898.068787	56.000001	61.530000
922.845201	898.073826	56.000000	61.530000
922.845201	898.078815	56.000000	61.530000
922.845201	898.083778	56.000001	61.531000
922.845201	898.088779	56.000002	61.532000
922.845202	898.093802	56.000001	61.533000
922.845202	898.098809	55.999998	61.533000
922.845202	898.103593	56.000002	61.532000
922.845199	898.108595	56.000000	61.534000
922.845202	898.113609	55.999998	61.537000
922.845200	898.119015	56.000000	61.541000
922.845200	898.124198	56.000001	61.544000
922.845203	898.128998	55.999998	61.546000
922.845200	898.134008	55.999998	61.545000
922.845200	898.139008	55.999999	61.543000
922.845201	898.143999	56.000002	61.543000
922.845200	898.148804	56.000000	61.542000
922.845200	898.153819	56.000002	61.542000
922.845203	898.159015	56.000001	61.541000
922.845201	898.163992	56.000000	61.538000
922.845202	898.168999	56.000000	61.533000
922.845201	898.173818	56.000002	61.528000
922.845202	898.178812	56.000000	61.523000
922.845202	898.183795	56.000001	61.518000
922.845203	898.188996	55.999999	61.514000
922.845200	898.194218	56.000001	61.513000
922.845200	898.199215	56.000000	61.515000
922.845199	898.204200	55.999999	61.519000
922.845198	898.209412	56.000003	61.527000
922.845204	898.214240	55.999998	61.535000
922.845201	898.219225	55.999998	61.542000
922.845200	898.224205	55.999997	61.546000
922.845203	898.229206	55.999998	61.546000
922.845200	898.234223	55.999999	61.544000
922.845200	898.239427	55.999999	61.539000
922.845200	898.244212	55.999999	61.532000
922.845199	898.249214	56.000001	61.526000
922.845201	898.254239	55.999997	61.520000
922.845198	898.259032	56.000000	61.514000
922.845201	898.264010	55.999998	61.509000
922.845201	898.269404	56.000002	61.505000
922.845200	898.274429	56.000000	61.502000
922.845199	898.279835	56.000002	61.499000
922.845199	898.284410	55.999999	61.497000
922.845200	898.289412	56.000000	61.496000
922.845199	898.294429	56.000001	61.496000
922.845201	898.299629	55.999999	61.497000
922.845198	898.304413	55.999999	61.499000
922.845199	898.309410	56.000002	61.502000
922.845202	898.314426	56.000002	61.505000
922.845201	898.319433	56.000002	61.509000
922.845201	898.324216	56.000000	61.513000
922.845200	898.329406	55.999999	61.518000
922.845200	898.334230	55.999999	61.521000
922.845198	898.339432	56.000001	61.524000
922.845196	898.344611	55.999999	61.526000
922.845200	898.349811	56.000000	61.527000
922.845199	898.354823	55.999998	61.526000
922.845196	898.359825	55.999999	61.524000
922.845199	898.364810	56.000002	61.522000
922.845199	898.369803	56.000000	61.520000
922.845200	898.374826	55.999999	61.518000
922.845198	898.379625	55.999999	61.517000
922.845200	898.384798	55.999999	61.517000
922.845199	898.389598	55.999999	61.518000
922.845201	898.394820	56.000002	61.521000
922.845199	898.399621	56.000001	61.524000
922.845197	898.404608	56.000000	61.528000
922.845197	898.409601	56.000000	61.533000
922.845198	898.414620	56.000001	61.537000
922.845200	898.420021	56.000000	61.539000
922.845198	898.425009	56.000000	61.538000
922.845201	898.430204	56.000001	61.535000
922.845202	898.435029	55.999999	61.531000
922.845202	898.440026	56.000000	61.526000
922.845198	898.445016	55.999998	61.522000
922.845201	898.450008	56.000000	61.518000
922.845202	898.455021	56.000000	61.515000
922.845202	898.460028	55.999999	61.514000
922.845201	898.465216	55.999999	61.515000
922.845203	898.470002	55.999999	61.518000
922.845199	898.475216	56.000002	61.522000
922.845199	898.479823	56.000003	61.526000
922.845200	898.485417	56.000002	61.529000
922.845197	898.489804	56.000003	61.531000
922.845201	898.495219	55.999999	61.531000
922.845198	898.500219	56.000001	61.529000
922.845201	898.505416	56.000000	61.527000
922.845202	898.510199	56.000000	61.525000
922.845202	898.515209	55.999999	61.522000
922.845201	898.520216	56.000001	61.520000
922.845199	898.525214	56.000001	61.517000
922.845202	898.530199	55.999999	61.514000
922.845204	898.535217	56.000002	61.512000
922.845200	898.540215	56.000002	61.509000
922.845201	898.545212	55.999999	61.508000
922.845200	898.550001	56.000000	61.507000
922.845201	898.555218	55.999998	61.509000
922.845200	898.560019	55.999998	61.515000
922.845198	898.565018	55.999999	61.524000
922.845197	898.570011	56.000002	61.533000
922.845200	898.575420	56.000002	61.539000
922.845200	898.580226	56.000002	61.541000
922.845201	898.585230	55.999999	61.540000
922.845201	898.590214	55.999999	61.537000
922.845203	898.595226	56.000002	61.535000
922.845201	898.600029	56.000001	61.536000
922.845201	898.605229	55.999998	61.539000
922.845201	898.610211	56.000003	61.542000
922.845202	898.615226	56.000002	61.545000
922.845202	898.620223	55.999997	61.545000
922.845201	898.625012	56.000001	61.543000
922.845199	898.630007	55.999997	61.540000
922.845200	898.635214	56.000003	61.536000
922.845200	898.640019	56.000002	61.533000
922.845199	898.645411	56.000000	61.530000
922.845199	898.650396	55.999999	61.527000
922.845200	898.655405	55.999999	61.524000
922.845201	898.660405	55.999999	61.521000
922.845200	898.665400	55.999998	61.519000
922.845201	898.670596	56.000001	61.519000
922.845200	898.675405	56.000004	61.521000
922.845198	898.680406	56.000000	61.523000
922.845198	898.685402	55.999998	61.526000
922.845203	898.690603	55.999998	61.528000
922.845199	898.695416	55.999999	61.530000
922.845199	898.700416	56.000001	61.531000
922.845200	898.705606	56.000000	61.533000
922.845204	898.710405	56.000001	61.535000
922.845201	898.715217	55.999999	61.535000
922.845200	898.720617	56.000000	61.535000
922.845200	898.725622	55.999999	61.533000
922.845201	898.730815	55.999999	61.530000
922.845201	898.735628	55.999999	61.527000
922.845202	898.740626	56.000001	61.523000
922.845201	898.745618	56.000000	61.520000
922.845200	898.751211	55.999999	61.518000
922.845198	898.756215	56.000001	61.518000
922.845201	898.761412	56.000000	61.520000
922.845198	898.766222	56.000001	61.523000
922.845200	898.771410	56.000000	61.526000
922.845201	898.776211	56.000000	61.528000
922.845202	898.781409	56.000001	61.529000
922.845198	898.786418	55.999998	61.529000
922.845200	898.791218	55.999997	61.527000
922.845201	898.796606	55.999997	61.526000
922.845201	898.801606	55.999997	61.525000
922.845201	898.806615	55.999998	61.525000
922.845202	898.812020	55.999996	61.526000
922.845201	898.816809	56.000002	61.529000
922.845201	898.821804	56.000000	61.532000
922.845201	898.826817	55.999998	61.534000
922.845202	898.831819	55.999997	61.534000
922.845200	898.836607	55.999999	61.533000
922.845198	898.841809	56.000001	61.530000
922.845199	898.846822	56.000001	61.528000
922.845202	898.851826	55.999999	61.526000
922.845197	898.856617	56.000000	61.525000
922.845200	898.861613	56.000000	61.525000
922.845200	898.866622	56.000000	61.525000
922.845199	898.872018	56.000002	61.525000
922.845201	898.877212	55.999997	61.524000
922.845200	898.881999	56.000002	61.523000
922.845199	898.887013	56.000002	61.522000
922.845202	898.892013	56.000001	61.520000
922.845202	898.897412	56.000002	61.519000
922.845201	898.902001	56.000002	61.519000
922.845200	898.907008	56.000002	61.520000
922.845200	898.912014	56.000001	61.521000
922.845202	898.917002	55.999999	61.522000
922.845202	898.921994	56.000000	61.523000
922.845201	898.927005	56.000002	61.522000
922.845201	898.932009	55.999999	61.521000
922.845204	898.937200	55.999999	61.520000
922.845200	898.941994	55.999997	61.521000
922.845202	898.947205	56.000000	61.523000
922.845200	898.952206	56.000001	61.525000
922.845200	898.957599	56.000003	61.527000
922.845201	898.962190	56.000000	61.528000
922.845201	898.967205	56.000001	61.528000
922.845202	898.972206	55.999999	61.528000
922.845203	898.977198	55.999997	61.527000
922.845198	898.982186	55.999997	61.526000
922.845201	898.987206	55.999997	61.526000
922.845202	898.992213	55.999998	61.526000
922.845202	898.997205	55.999997	61.525000
922.845202	899.002195	56.000000	61.523000
922.845201	899.007005	55.999997	61.521000
922.845201	899.012003	55.999997	61.519000
922.845203	899.016989	55.999997	61.517000
922.845202	899.022392	55.999999	61.517000
922.845197	899.027402	55.999997	61.517000
922.845199	899.032398	55.999997	61.517000
922.845201	899.037401	55.999997	61.517000
922.845200	899.042385	55.999999	61.516000
922.845199	899.047396	55.999998	61.514000
922.845202	899.052410	55.999998	61.511000
922.845201	899.057396	55.999999	61.507000
922.845200	899.062387	55.999999	61.504000
922.845200	899.067396	56.000001	61.502000
922.845199	899.072404	56.000003	61.502000
922.845200	899.077401	56.000003	61.504000
922.845200	899.082391	56.000003	61.509000
922.845201	899.087400	56.000002	61.515000
922.845199	899.092205	56.000002	61.521000
922.845198	899.097602	55.999997	61.526000
922.845197	899.102596	55.999999	61.529000
922.845198	899.107605	56.000002	61.531000
922.845200	899.113015	55.999999	61.533000
922.845200	899.117602	56.000001	61.535000
922.845202	899.122586	55.999998	61.537000
922.845197	899.127602	55.999998	61.538000
922.845198	899.132608	56.000002	61.538000
922.845202	899.137597	56.000002	61.537000
922.845202	899.142581	55.999998	61.535000
922.845198	899.147593	55.999997	61.533000
922.845200	899.152607	55.999998	61.533000
922.845203	899.157397	55.999998	61.533000
922.845201	899.162394	56.000003	61.534000
922.845200	899.167404	56.000000	61.534000
922.845198	899.172610	56.000002	61.533000
922.845199	899.177809	55.999999	61.531000
922.845198	899.182593	55.999998	61.530000
922.845195	899.187598	56.000003	61.529000
922.845203	899.192610	55.999999	61.528000
922.845201	899.197602	56.000000	61.527000
922.845200	899.202784	55.999998	61.525000
922.845200	899.207603	55.999998	61.523000
922.845201	899.212610	56.000001	61.522000
922.845200	899.217598	56.000001	61.521000
922.845199	899.222785	56.000002	61.521000
922.845200	899.227600	56.000002	61.520000
922.845202	899.232611	55.999998	61.520000
922.845200	899.237600	56.000000	61.518000
922.845198	899.242391	56.000000	61.516000
922.845197	899.247800	56.000001	61.514000
922.845200	899.252618	55.999999	61.513000
922.845203	899.257605	56.000000	61.515000
922.845198	899.262597	56.000000	61.517000
922.845199	899.267608	56.000001	61.517000
922.845199	899.272619	56.000000	61.516000
922.845201	899.277610	56.000000	61.514000
922.845198	899.282596	56.000002	61.510000
922.845200	899.287607	55.999999	61.507000
922.845199	899.292622	56.000001	61.505000
922.845200	899.297610	55.999999	61.507000
922.845199	899.302600	55.999999	61.512000
922.845199	899.307612	55.999999	61.518000
922.845201	899.313023	56.000000	61.525000
922.845199	899.317610	56.000000	61.532000
922.845200	899.322999	56.000002	61.537000
922.845198	899.328013	55.999998	61.540000
922.845199	899.333027	55.999997	61.540000
922.845199	899.338020	55.999997	61.539000
922.845198	899.343006	55.999998	61.538000
922.845201	899.348015	56.000000	61.536000
922.845200	899.353024	56.000002	61.538000
922.845198	899.358012	56.000003	61.542000
922.845199	899.363010	56.000003	61.546000
922.845198	899.368013	56.000002	61.549000
922.845200	899.373035	56.000001	61.549000
922.845202	899.378023	55.999999	61.547000
922.845198	899.383012	55.999999	61.543000
922.845198	899.388014	55.999998	61.540000
922.845199	899.393027	55.999998	61.536000
922.845200	899.398228	56.000003	61.533000
922.845200	899.403205	56.000002	61.531000
922.845203	899.408211	56.000000	61.530000
922.845201	899.413224	55.999998	61.527000
922.845202	899.418415	56.000002	61.525000
922.845201	899.423201	55.999997	61.523000
922.845196	899.428205	55.999999	61.522000
922.845199	899.433217	55.999999	61.522000
922.845197	899.438210	55.999999	61.523000
922.845201	899.443593	55.999997	61.523000
922.845199	899.448395	56.000001	61.522000
922.845199	899.453206	56.000002	61.519000
922.845200	899.457999	55.999999	61.515000
922.845199	899.462988	56.000001	61.511000
922.845197	899.467990	56.000003	61.509000
922.845200	899.473206	55.999998	61.511000
922.845199	899.478196	55.999998	61.514000
922.845198	899.484194	56.000003	61.518000
922.845201	899.489387	55.999997	61.520000
922.845199	899.494202	56.000001	61.521000
922.845200	899.499203	55.999999	61.522000
922.845199	899.504188	55.999999	61.525000
922.845198	899.509187	55.999998	61.528000
922.845200	899.514213	55.999998	61.532000
922.845198	899.519209	55.999996	61.534000
922.845197	899.524186	55.999997	61.535000
922.845196	899.529181	55.999997	61.534000
922.845200	899.534212	55.999997	61.532000
922.845198	899.539226	55.999997	61.528000
922.845200	899.543995	56.000000	61.524000
922.845199	899.549396	56.000001	61.519000
922.845202	899.554415	55.999998	61.515000
922.845198	899.559409	56.000000	61.512000
922.845195	899.564406	56.000001	61.511000
922.845198	899.569413	56.000002	61.513000
922.845201	899.574635	56.000000	61.516000
922.845197	899.579413	56.000001	61.520000
922.845199	899.584402	55.999999	61.523000
922.845197	899.589401	56.000000	61.525000
922.845198	899.594432	56.000000	61.526000
922.845200	899.599431	56.000000	61.526000
922.845198	899.604401	56.000000	61.526000
922.845199	899.609200	55.999999	61.526000
922.845202	899.614422	56.000001	61.526000
922.845200	899.619231	56.000000	61.527000
922.845200	899.624608	55.999998	61.527000
922.845201	899.629606	56.000000	61.526000
922.845203	899.634813	55.999999	61.526000
922.845202	899.639623	56.000001	61.526000
922.845199	899.644609	55.999999	61.526000
922.845197	899.649599	56.000001	61.526000
922.845200	899.655018	56.000000	61.526000
922.845195	899.659426	56.000000	61.526000
922.845200	899.664614	55.999999	61.526000
922.845198	899.669598	55.999999	61.526000
922.845200	899.674609	56.000002	61.527000
922.845199	899.679421	56.000001	61.528000
922.845200	899.684614	56.000000	61.529000
922.845198	899.689411	56.000001	61.528000
922.845200	899.694426	56.000000	61.526000
922.845200	899.699820	55.999998	61.523000
922.845199	899.704813	56.000001	61.522000
922.845200	899.709795	56.000000	61.525000
922.845199	899.714813	56.000000	61.533000
922.845198	899.719842	56.000000	61.543000
922.845200	899.724845	55.999999	61.552000
922.845201	899.729822	56.000001	61.557000
922.845200	899.734812	55.999999	61.557000
922.845200	899.739622	55.999999	61.555000
922.845201	899.744831	56.000000	61.550000
922.845199	899.749830	56.000000	61.545000
922.845201	899.755026	56.000000	61.539000
922.845202	899.759629	55.999999	61.534000
922.845197	899.764614	56.000000	61.531000
922.845199	899.769606	56.000000	61.531000
922.845202	899.775025	56.000000	61.532000
922.845205	899.780237	55.999999	61.532000
922.845201	899.785020	55.999999	61.530000
922.845200	899.790002	56.000001	61.525000
922.845204	899.795016	56.000001	61.519000
922.845199	899.800232	56.000001	61.512000
922.845201	899.805015	56.000000	61.507000
922.845202	899.810005	55.999999	61.503000
922.845201	899.815015	56.000001	61.502000
922.845204	899.820027	56.000000	61.503000
922.845200	899.825012	55.999999	61.508000
922.845201	899.829990	56.000001	61.517000
922.845199	899.835010	56.000001	61.528000
922.845200	899.839821	55.999998	61.538000
922.845199	899.845016	56.000001	61.543000
922.845201	899.850204	56.000000	61.543000
922.845201	899.855409	56.000000	61.539000
922.845202	899.860413	56.000000	61.534000
922.845201	899.865607	56.000000	61.530000
922.845199	899.870404	55.999999	61.527000
922.845203	899.875414	56.000000	61.526000
922.845202	899.880418	56.000001	61.526000
922.845202	899.885419	55.999999	61.526000
922.845201	899.890412	56.000002	61.525000
922.845203	899.895415	55.999999	61.524000
922.845202	899.900425	55.999999	61.522000
922.845201	899.905424	55.999999	61.520000
922.845203	899.910211	55.999999	61.519000
922.845203	899.915228	55.999998	61.519000
922.845202	899.920224	55.999999	61.520000
922.845200	899.925623	56.000000	61.521000
922.845200	899.930606	56.000002	61.522000
922.845203	899.935625	56.000001	61.523000
922.845196	899.940619	56.000000	61.524000
922.845199	899.945617	55.999999	61.525000
922.845201	899.950604	56.000002	61.528000
922.845203	899.955615	56.000002	61.531000
922.845201	899.960616	56.000001	61.535000
922.845200	899.965614	56.000002	61.539000
922.845199	899.970597	56.000000	61.542000
922.845199	899.975615	55.999998	61.544000
922.845199	899.980618	56.000000	61.545000
922.845201	899.985409	55.999998	61.544000
922.845200	899.990600	56.000001	61.543000
922.845200	899.995415	55.999998	61.540000
922.845196	900.000819	55.999999	61.536000
922.845197	900.005819	56.000000	61.532000
922.845200	900.010808	55.999999	61.528000
922.845199	900.015820	55.999999	61.525000
922.845200	900.021217	56.000001	61.523000
922.845197	900.026026	56.000002	61.525000
922.845199	900.030804	56.000001	61.529000
922.845201	900.035822	55.999998	61.534000
922.845201	900.040817	55.999998	61.538000
922.845197	900.045822	55.999998	61.540000
922.845199	900.050808	55.999998	61.539000
922.845199	900.055814	55.999998	61.537000
922.845196	900.060816	55.999999	61.535000
922.845198	900.065623	55.999999	61.534000
922.845199	900.070611	56.000000	61.534000
922.845198	900.076016	55.999998	61.535000
922.845199	900.081013	55.999998	61.535000
922.845199	900.086209	56.000002	61.533000
922.845200	900.091002	56.000000	61.530000
922.845200	900.096015	56.000000	61.527000
922.845197	900.101006	56.000000	61.523000
922.845202	900.106207	56.000001	61.521000
922.845200	900.110995	56.000001	61.520000
922.845201	900.116003	56.000001	61.519000
922.845198	900.121001	56.000000	61.518000
922.845197	900.126206	56.000000	61.515000
922.845198	900.130793	55.999999	61.511000
922.845199	900.135801	56.000000	61.506000
922.845202	900.141004	55.999999	61.501000
922.845197	900.145806	55.999999	61.497000
922.845199	900.150796	55.999999	61.494000
922.845201	900.156011	55.999999	61.493000
922.845197	900.161007	56.000000	61.494000
922.845199	900.166212	55.999999	61.497000
922.845201	900.171200	56.000000	61.503000
922.845200	900.176004	56.000000	61.508000
922.845199	900.181010	56.000000	61.511000
922.845199	900.186011	56.000001	61.513000
922.845198	900.191003	56.000001	61.515000
922.845198	900.196010	55.999999	61.517000
922.845200	900.201017	56.000000	61.520000
922.845200	900.206221	56.000001	61.524000
922.845199	900.211011	56.000000	61.526000
922.845199	900.216015	56.000000	61.527000
922.845200	900.220826	55.999999	61.527000
922.845198	900.226217	56.000000	61.527000
922.845204	900.231212	56.000000	61.529000
922.845201	900.236209	56.000000	61.532000
922.845198	900.241206	56.000000	61.536000
922.845198	900.246215	56.000000	61.538000
922.845201	900.251204	55.999999	61.539000
922.845201	900.256210	56.000000	61.538000
922.845199	900.261206	56.000001	61.536000
922.845202	900.266209	55.999999	61.533000
922.845202	900.271205	55.999999	61.531000
922.845199	900.276203	55.999998	61.529000
922.845201	900.281202	56.000000	61.527000
922.845197	900.286015	56.000000	61.526000
922.845199	900.291201	56.000001	61.525000
922.845201	900.296005	56.000001	61.524000
922.845200	900.301204	56.000001	61.522000
922.845199	900.306607	56.000001	61.520000
922.845202	900.311402	55.999999	61.519000
922.845203	900.316397	55.999999	61.517000
922.845201	900.321600	56.000001	61.517000
922.845201	900.326208	56.000002	61.517000
922.845201	900.331597	56.000000	61.517000
922.845201	900.336201	56.000002	61.518000
922.845201	900.341401	55.999998	61.519000
922.845200	900.346206	56.000001	61.522000
922.845201	900.351405	55.999998	61.528000
922.845202	900.356209	56.000002	61.535000
922.845202	900.361407	55.999999	61.541000
922.845199	900.366412	55.999998	61.546000
922.845197	900.371205	56.000001	61.547000
922.845201	900.376601	56.000000	61.546000
922.845198	900.381602	55.999998	61.545000
922.845202	900.386610	55.999999	61.543000
922.845202	900.391604	56.000000	61.543000
922.845199	900.396608	56.000001	61.543000
922.845205	900.401598	56.000000	61.541000
922.845201	900.406408	55.999999	61.539000
922.845197	900.411599	56.000001	61.536000
922.845202	900.416405	56.000001	61.532000
922.845201	900.421603	55.999999	61.528000
922.845200	900.426606	56.000001	61.526000
922.845202	900.432007	56.000001	61.526000
922.845202	900.436601	55.999999	61.527000
922.845200	900.441596	56.000000	61.530000
922.845200	900.446407	56.000000	61.532000
922.845199	900.452006	56.000001	61.534000
922.845204	900.456804	56.000000	61.534000
922.845201	900.461796	55.999998	61.535000
922.845201	900.466603	56.000002	61.535000
922.845200	900.471797	55.999998	61.536000
922.845200	900.476802	55.999998	61.537000
922.845199	900.481792	55.999998	61.537000
922.845201	900.486810	55.999999	61.536000
922.845199	900.491809	55.999998	61.533000
922.845202	900.496808	56.000000	61.531000
922.845201	900.501803	56.000001	61.528000
922.845198	900.506814	56.000001	61.526000
922.845200	900.511810	56.000002	61.524000
922.845202	900.516810	56.000003	61.523000
922.845199	900.521609	55.999998	61.524000
922.845199	900.526812	56.000000	61.525000
922.845199	900.532214	55.999999	61.526000
922.845202	900.537204	56.000002	61.527000
922.845199	900.542200	56.000003	61.528000
922.845201	900.547210	55.999998	61.528000
922.845198	900.552216	55.999997	61.527000
922.845202	900.557205	55.999999	61.527000
922.845200	900.562197	56.000003	61.527000
922.845200	900.567214	56.000003	61.530000
922.845198	900.572214	56.000002	61.536000
922.845201	900.577208	56.000002	61.541000
922.845200	900.582199	56.000002	61.545000
922.845197	900.587212	56.000000	61.546000
922.845198	900.592212	56.000000	61.543000
922.845201	900.597004	55.999998	61.539000
922.845200	900.602000	55.999999	61.535000
922.845197	900.607405	56.000001	61.532000
922.845200	900.612400	56.000002	61.532000
922.845198	900.617400	56.000001	61.533000
922.845198	900.622388	55.999999	61.534000
922.845200	900.627406	55.999999	61.535000
922.845201	900.632409	56.000000	61.534000
922.845202	900.637602	55.999999	61.532000
922.845199	900.642392	56.000000	61.530000
922.845199	900.647412	56.000000	61.528000
922.845199	900.652610	56.000003	61.527000
922.845201	900.657605	56.000002	61.526000
922.845200	900.662190	55.999998	61.525000
922.845200	900.667206	55.999999	61.524000
922.845198	900.672216	55.999998	61.523000
922.845200	900.677406	56.000002	61.524000
922.845199	900.682595	56.000000	61.526000
922.845198	900.687608	56.000001	61.529000
922.845199	900.692613	55.999999	61.531000
922.845199	900.697817	56.000002	61.533000
922.845203	900.702599	56.000000	61.533000
922.845198	900.707614	56.000000	61.531000
922.845202	900.712627	56.000002	61.528000
922.845201	900.717615	56.000000	61.525000
922.845200	900.722605	55.999998	61.522000
922.845199	900.727619	56.000001	61.518000
922.845199	900.732624	56.000000	61.515000
922.845202	900.737819	56.000000	61.513000
922.845203	900.742607	56.000000	61.513000
922.845200	900.747614	56.000000	61.516000
922.845197	900.752421	56.000000	61.521000
922.845199	900.757405	56.000000	61.527000
922.845197	900.762800	56.000000	61.533000
922.845199	900.767816	56.000000	61.537000
922.845201	900.772818	55.999999	61.539000
922.845202	900.777811	56.000000	61.540000
922.845201	900.782795	56.000000	61.540000
922.845200	900.787805	56.000000	61.541000
922.845198	900.792815	56.000000	61.542000
922.845201	900.797812	56.000000	61.542000
922.845201	900.802998	55.999999	61.540000
922.845197	900.807811	55.999999	61.537000
922.845201	900.812818	56.000001	61.534000
922.845201	900.817617	56.000001	61.532000
922.845202	900.822603	55.999999	61.531000
922.845200	900.827608	56.000001	61.533000
922.845200	900.832822	56.000000	61.536000
922.845201	900.837809	56.000000	61.538000
922.845200	900.843606	55.999999	61.539000
922.845198	900.847810	55.999999	61.538000
922.845200	900.852818	56.000000	61.535000
922.845200	900.857810	55.999999	61.533000
922.845200	900.863204	55.999999	61.530000
922.845199	900.867814	55.999999	61.527000
922.845204	900.872824	55.999998	61.525000
922.845199	900.877813	56.000001	61.525000
922.845203	900.883415	55.999999	61.527000
922.845202	900.887814	55.999999	61.531000
922.845201	900.892832	56.000001	61.537000
922.845200	900.897818	55.999997	61.541000
922.845199	900.902805	55.999997	61.544000
922.845198	900.907615	56.000000	61.544000
922.845201	900.913029	56.000000	61.543000
922.845201	900.918016	55.999997	61.540000
922.845199	900.923198	56.000002	61.536000
922.845199	900.928008	56.000001	61.532000
922.845201	900.933019	56.000003	61.527000
922.845203	900.938011	56.000002	61.523000
922.845200	900.942798	56.000001	61.519000
922.845197	900.948207	55.999997	61.517000
922.845203	900.953018	55.999999	61.517000
922.845202	900.958006	55.999998	61.518000
922.845199	900.962793	55.999998	61.520000
922.845198	900.968002	56.000001	61.524000
922.845202	900.972814	56.000002	61.527000
922.845198	900.977803	56.000003	61.530000
922.845200	900.982787	56.000003	61.534000
922.845201	900.988196	56.000000	61.536000
922.845202	900.993215	56.000001	61.538000
922.845200	900.998207	56.000002	61.539000
922.845201	901.002992	56.000000	61.538000
922.845200	901.008195	55.999999	61.536000
922.845203	901.013218	55.999997	61.535000
922.845201	901.018198	55.999997	61.534000
922.845202	901.022981	55.999998	61.535000
922.845199	901.028195	56.000001	61.536000
922.845199	901.033011	56.000003	61.537000
922.845201	901.038201	55.999998	61.538000
922.845201	901.042984	55.999999	61.538000
922.845204	901.048199	56.000001	61.538000
922.845201	901.053009	55.999997	61.541000
922.845201	901.058401	55.999997	61.546000
922.845201	901.063384	55.999997	61.552000
922.845200	901.068397	55.999998	61.554000
922.845200	901.073414	55.999999	61.551000
922.845203	901.078402	56.000002	61.544000
922.845200	901.083584	55.999999	61.535000
922.845200	901.088393	56.000003	61.529000
922.845199	901.093414	56.000000	61.527000
922.845202	901.098604	56.000001	61.529000
922.845203	901.103181	55.999999	61.534000
922.845202	901.108392	56.000002	61.539000
922.845200	901.113413	55.999997	61.542000
922.845199	901.118401	55.999999	61.544000
922.845199	901.123588	56.000001	61.543000
922.845201	901.128196	56.000000	61.542000
922.845201	901.133612	56.000002	61.539000
922.845202	901.138606	56.000003	61.537000
922.845200	901.143593	55.999999	61.535000
922.845203	901.148600	55.999998	61.534000
922.845201	901.153619	56.000002	61.534000
922.845200	901.158612	56.000001	61.536000
922.845200	901.163603	55.999998	61.538000
922.845197	901.168811	55.999998	61.541000
922.845200	901.173623	55.999998	61.544000
922.845202	901.178620	55.999999	61.546000
922.845203	901.183404	55.999999	61.546000
922.845200	901.188411	56.000002	61.544000
922.845200	901.193431	55.999998	61.542000
922.845201	901.198623	55.999999	61.539000
922.845199	901.203407	56.000000	61.537000
922.845200	901.208818	55.999999	61.537000
922.845200	901.213835	55.999999	61.537000
922.845200	901.218826	56.000002	61.537000
922.845197	901.223808	55.999999	61.536000
922.845201	901.228820	56.000000	61.535000
922.845200	901.233838	56.000001	61.533000
922.845200	901.238830	55.999999	61.530000
922.845200	901.243817	56.000000	61.527000
922.845197	901.248815	56.000000	61.526000
922.845200	901.253839	56.000001	61.528000
922.845199	901.258826	55.999999	61.530000
922.845199	901.263814	56.000001	61.531000
922.845198	901.268813	55.999998	61.530000
922.845199	901.274034	55.999999	61.526000
922.845200	901.278631	55.999999	61.522000
922.845197	901.284016	56.000000	61.518000
922.845200	901.289018	55.999999	61.515000
922.845200	901.294443	56.000000	61.513000
922.845199	901.299235	56.000002	61.512000
922.845199	901.304017	56.000001	61.511000
922.845199	901.309016	55.999999	61.510000
922.845201	901.314242	56.000001	61.510000
922.845199	901.319031	56.000002	61.512000
922.845198	901.324018	55.999998	61.516000
922.845197	901.329018	55.999999	61.523000
922.845200	901.334036	56.000002	61.531000
922.845199	901.339026	55.999998	61.539000
922.845201	901.343809	55.999998	61.545000
922.845201	901.349007	55.999998	61.548000
922.845202	901.353827	55.999999	61.548000
922.845201	901.359618	56.000001	61.545000
922.845198	901.364205	55.999997	61.541000
922.845201	901.369204	56.000001	61.538000
922.845203	901.374227	55.999999	61.536000
922.845199	901.379220	56.000002	61.535000
922.845201	901.384209	55.999998	61.534000
922.845201	901.389204	56.000002	61.533000
922.845198	901.394226	55.999998	61.532000
922.845200	901.399218	56.000002	61.531000
922.845198	901.404205	55.999998	61.530000
922.845200	901.409199	56.000002	61.531000
922.845200	901.414222	55.999998	61.533000
922.845199	901.419013	55.999997	61.536000
922.845198	901.424004	56.000001	61.541000
922.845202	901.429196	56.000000	61.547000
922.845200	901.434426	56.000000	61.553000
922.845202	901.439412	56.000000	61.558000
922.845200	901.444402	56.000001	61.559000
922.845201	901.449394	56.000000	61.557000
922.845201	901.454416	56.000002	61.553000
922.845203	901.459415	55.999998	61.549000
922.845200	901.464402	56.000000	61.548000
922.845200	901.469596	56.000000	61.549000
922.845201	901.474420	56.000002	61.551000
922.845200	901.479414	56.000000	61.552000
922.845202	901.484612	56.000001	61.551000
922.845198	901.489396	55.999999	61.548000
922.845202	901.494426	56.000002	61.543000
922.845201	901.499605	56.000000	61.537000
922.845198	901.504405	56.000000	61.531000
922.845199	901.509598	55.999999	61.524000
922.845204	901.514621	56.000000	61.519000
922.845203	901.519613	56.000001	61.514000
922.845203	901.524605	55.999998	61.510000
922.845201	901.529402	55.999999	61.509000
922.845202	901.534621	56.000001	61.509000
922.845201	901.539412	56.000000	61.511000
922.845202	901.544608	56.000000	61.515000
922.845202	901.549599	56.000001	61.520000
922.845203	901.554621	56.000002	61.525000
922.845199	901.559412	56.000001	61.528000
922.845200	901.564603	55.999999	61.530000
922.845202	901.569400	56.000001	61.529000
922.845199	901.574424	55.999998	61.527000
922.845198	901.579415	56.000000	61.525000
922.845203	901.584806	55.999999	61.524000
922.845203	901.589796	55.999999	61.523000
922.845200	901.594823	56.000000	61.525000
922.845201	901.599817	56.000001	61.528000
922.845201	901.604812	56.000001	61.534000
922.845199	901.609804	56.000001	61.541000
922.845201	901.615020	56.000002	61.547000
922.845200	901.619619	56.000002	61.551000
922.845202	901.624814	56.000002	61.551000
922.845201	901.629806	55.999999	61.549000
922.845203	901.634822	55.999999	61.545000
922.845202	901.639624	56.000001	61.539000
922.845201	901.645014	55.999999	61.537000
922.845203	901.649605	55.999998	61.535000
922.845199	901.654620	56.000002	61.533000
922.845199	901.660025	56.000001	61.531000
922.845202	901.665412	55.999999	61.528000
922.845201	901.669998	55.999999	61.524000
922.845201	901.675014	55.999999	61.520000
922.845199	901.680013	56.000001	61.517000
922.845198	901.685009	56.000000	61.516000
922.845199	901.690001	55.999999	61.517000
922.845201	901.695021	56.000001	61.520000
922.845198	901.700219	56.000000	61.524000
922.845203	901.705009	56.000001	61.528000
922.845199	901.710006	55.999999	61.529000
922.845203	901.715020	56.000001	61.529000
922.845203	901.719828	55.999999	61.527000
922.845199	901.724815	56.000001	61.525000
922.845201	901.729808	56.000000	61.522000
922.845203	901.735223	56.000000	61.519000
922.845199	901.740222	56.000000	61.517000
922.845199	901.745207	55.999999	61.517000
922.845199	901.750202	56.000000	61.518000
922.845201	901.755219	56.000000	61.520000
922.845198	901.760217	56.000001	61.524000
922.845199	901.765215	56.000000	61.529000
922.845201	901.770408	56.000000	61.535000
922.845201	901.775216	55.999999	61.540000
922.845199	901.780222	55.999998	61.542000
922.845201	901.785202	55.999998	61.541000
922.845200	901.790198	56.000000	61.537000
922.845199	901.795018	55.999999	61.533000
922.845200	901.800219	56.000002	61.529000
922.845201	901.805019	56.000000	61.527000
922.845196	901.810409	56.000000	61.529000
922.845198	901.815412	55.999998	61.533000
922.845200	901.820420	55.999998	61.538000
922.845197	901.825415	56.000002	61.542000
922.845203	901.830813	55.999999	61.544000
922.845199	901.835413	55.999997	61.543000
922.845199	901.840418	56.000002	61.541000
922.845198	901.845410	55.999999	61.538000
922.845198	901.850403	55.999998	61.533000
922.845199	901.855419	56.000003	61.528000
922.845200	901.860417	55.999999	61.523000
922.845198	901.865414	56.000000	61.518000
922.845199	901.870405	55.999999	61.514000
922.845201	901.875420	56.000000	61.512000
922.845201	901.880220	56.000002	61.511000
922.845201	901.885211	55.999998	61.514000
922.845199	901.890608	56.000000	61.520000
922.845200	901.895817	56.000000	61.528000
922.845198	901.900615	56.000002	61.535000
922.845201	901.905606	55.999998	61.542000
922.845199	901.910608	56.000000	61.546000
922.845201	901.915617	56.000001	61.547000
922.845201	901.920610	55.999998	61.546000
922.845199	901.925610	56.000001	61.544000
922.845199	901.930602	55.999997	61.541000
922.845199	901.935613	56.000002	61.538000
922.845198	901.940616	55.999998	61.536000
922.845199	901.945416	55.999999	61.533000
922.845200	901.950406	55.999998	61.531000
922.845198	901.955616	55.999999	61.529000
922.845199	901.960414	56.000001	61.526000
922.845198	901.965808	56.000001	61.524000
922.845199	901.970800	56.000001	61.523000
922.845197	901.975818	56.000000	61.524000
922.845199	901.980811	56.000001	61.528000
922.845199	901.985816	56.000001	61.532000
922.845199	901.990803	56.000000	61.535000
922.845202	901.995814	55.999998	61.535000
922.845201	902.000820	56.000000	61.534000
922.845200	902.005820	56.000001	61.532000
922.845200	902.010807	56.000001	61.530000
922.845201	902.015815	56.000000	61.529000
922.845200	902.020814	56.000001	61.528000
922.845199	902.025813	56.000002	61.526000
922.845201	902.030809	55.999999	61.524000
922.845201	902.035816	56.000000	61.522000
922.845199	902.040810	56.000000	61.520000
922.845201	902.046417	55.999999	61.520000
922.845200	902.050805	56.000001	61.521000
922.845201	902.056017	56.000001	61.523000
922.845199	902.060810	55.999999	61.526000
922.845199	902.065812	55.999999	61.527000
922.845198	902.070799	55.999999	61.527000
922.845199	902.076012	56.000001	61.527000
922.845200	902.080807	56.000000	61.527000
922.845198	902.085811	56.000000	61.527000
922.845201	902.090797	56.000002	61.527000
922.845200	902.096009	56.000002	61.529000
922.845200	902.100806	56.000000	61.532000
922.845198	902.105810	55.999999	61.535000
922.845197	902.110598	56.000000	61.539000
922.845202	902.116002	55.999999	61.545000
922.845203	902.120998	56.000000	61.551000
922.845203	902.126196	55.999999	61.556000
922.845202	902.130990	55.999999	61.561000
922.845201	902.136000	56.000000	61.563000
922.845204	902.140993	56.000000	61.562000
922.845199	902.146191	56.000000	61.560000
922.845199	902.150982	55.999999	61.558000
922.845202	902.156188	56.000000	61.558000
922.845200	902.161186	56.000000	61.560000
922.845198	902.165792	55.999999	61.564000
922.845202	902.170985	55.999999	61.566000
922.845200	902.175995	56.000001	61.567000
922.845202	902.180789	56.000000	61.565000
922.845200	902.185785	56.000000	61.561000
922.845198	902.191178	56.000000	61.555000
922.845205	902.196190	56.000000	61.549000
922.845200	902.201177	56.000002	61.544000
922.845201	902.206183	55.999999	61.539000
922.845200	902.211172	55.999999	61.536000
922.845200	902.215990	56.000001	61.535000
922.845199	902.221183	56.000000	61.533000
922.845202	902.226388	56.000000	61.531000
922.845200	902.231186	56.000001	61.528000
922.845202	902.236197	56.000001	61.523000
922.845200	902.241588	56.000000	61.518000
922.845202	902.246393	56.000001	61.512000
922.845201	902.251593	56.000000	61.507000
922.845203	902.256396	55.999999	61.503000
922.845202	902.261589	56.000001	61.502000
922.845200	902.266801	56.000001	61.504000
922.845198	902.271796	56.000000	61.507000
922.845198	902.276801	56.000000	61.511000
922.845200	902.281987	56.000000	61.515000
922.845197	902.286806	56.000002	61.519000
922.845197	902.291807	56.000000	61.523000
922.845203	902.296804	55.999999	61.527000
922.845198	902.301998	56.000000	61.529000
922.845200	902.306807	56.000000	61.529000
922.845197	902.311808	56.000001	61.526000
922.845198	902.316807	56.000002	61.523000
922.845199	902.321998	56.000000	61.522000
922.845199	902.326618	56.000000	61.522000
922.845200	902.331610	56.000001	61.526000
922.845199	902.336614	55.999999	61.529000
922.845198	902.342190	56.000000	61.532000
922.845200	902.347009	55.999999	61.533000
922.845198	902.352009	56.000001	61.534000
922.845198	902.357007	56.000000	61.535000
922.845198	902.361995	55.999999	61.538000
922.845199	902.367008	55.999999	61.541000
922.845197	902.372022	56.000000	61.543000
922.845199	902.377017	56.000001	61.545000
922.845201	902.382003	56.000000	61.546000
922.845199	902.387006	55.999999	61.548000
922.845199	902.392227	56.000002	61.550000
922.845200	902.397016	55.999999	61.551000
922.845198	902.402006	56.000001	61.550000
922.845199	902.407011	56.000001	61.547000
922.845202	902.412025	56.000001	61.542000
922.845201	902.416810	55.999999	61.536000
922.845200	902.422212	56.000001	61.528000
922.845202	902.427616	55.999998	61.521000
922.845201	902.432634	56.000000	61.514000
922.845201	902.437625	56.000000	61.507000
922.845203	902.442606	56.000002	61.502000
922.845197	902.447619	56.000002	61.499000
922.845203	902.452635	55.999999	61.499000
922.845203	902.457625	56.000000	61.501000
922.845202	902.462605	56.000001	61.505000
922.845199	902.467614	55.999999	61.511000
922.845202	902.472629	55.999998	61.518000
922.845203	902.477616	56.000002	61.523000
922.845199	902.482410	56.000000	61.525000
922.845200	902.487808	56.000000	61.524000
922.845201	902.492626	56.000001	61.521000
922.845201	902.497815	56.000002	61.517000
922.845202	902.502787	55.999999	61.514000
922.845200	902.508004	56.000000	61.514000
922.845202	902.512816	56.000000	61.516000
922.845202	902.517811	56.000001	61.520000
922.845202	902.522792	56.000001	61.525000
922.845201	902.528203	55.999999	61.527000
922.845203	902.532813	55.999999	61.529000
922.845202	902.537803	55.999999	61.531000
922.845201	902.543189	56.000000	61.534000
922.845200	902.548596	55.999999	61.537000
922.845200	902.553019	56.000001	61.540000
922.845199	902.558205	56.000000	61.543000
922.845201	902.562991	56.000000	61.545000
922.845200	902.567995	56.000000	61.545000
922.845198	902.573422	55.999999	61.545000
922.845201	902.578401	56.000000	61.544000
922.845198	902.583388	56.000001	61.542000
922.845199	902.588392	56.000000	61.539000
922.845200	902.593418	56.000000	61.536000
922.845201	902.598412	56.000000	61.534000
922.845198	902.603397	56.000001	61.532000
922.845198	902.608403	55.999999	61.532000
922.845200	902.613426	56.000001	61.531000
922.845203	902.618415	56.000000	61.531000
922.845197	902.623399	56.000000	61.532000
922.845202	902.628400	55.999999	61.537000
922.845200	902.633220	55.999999	61.547000
922.845201	902.638408	56.000000	61.558000
922.845200	902.643194	55.999999	61.564000
922.845199	902.648205	55.999999	61.562000
922.845197	902.653626	56.000000	61.556000
922.845201	902.658619	56.000001	61.548000
922.845200	902.663600	56.000000	61.539000
922.845198	902.668601	56.000000	61.532000
922.845198	902.673626	55.999999	61.526000
922.845201	902.678621	56.000000	61.522000
922.845202	902.683610	56.000000	61.519000
922.845198	902.688610	56.000001	61.518000
922.845194	902.693604	56.000000	61.518000
922.845196	902.698612	56.000000	61.519000
922.845197	902.703615	55.999999	61.521000
922.845201	902.708625	56.000000	61.523000
922.845198	902.713640	55.999999	61.525000
922.845198	902.718419	56.000001	61.526000
922.845195	902.723395	56.000002	61.524000
922.845198	902.728817	55.999999	61.519000
922.845201	902.734039	56.000000	61.513000
922.845203	902.738836	55.999999	61.509000
922.845199	902.743806	56.000001	61.507000
922.845199	902.748808	55.999999	61.510000
922.845202	902.754236	56.000000	61.516000
922.845200	902.758838	56.000000	61.521000
922.845200	902.763813	55.999999	61.525000
922.845200	902.768818	56.000001	61.527000
922.845200	902.773832	56.000000	61.528000
922.845200	902.778834	55.999999	61.531000
922.845200	902.783816	56.000000	61.537000
922.845198	902.788806	56.000000	61.541000
922.845199	902.793632	55.999998	61.543000
922.845199	902.798620	56.000001	61.543000
922.845201	902.803803	56.000002	61.539000
922.845201	902.808812	56.000001	61.535000
922.845200	902.813828	55.999999	61.531000
922.845200	902.819029	55.999998	61.529000
922.845198	902.823801	55.999998	61.528000
922.845197	902.828812	55.999999	61.530000
922.845195	902.833832	56.000002	61.534000
922.845201	902.838823	55.999998	61.539000
922.845199	902.843807	55.999998	61.542000
922.845198	902.848819	56.000001	61.542000
922.845200	902.853835	55.999998	61.540000
922.845200	902.858829	55.999998	61.537000
922.845200	902.863603	55.999997	61.534000
922.845201	902.868811	56.000002	61.534000
922.845199	902.873637	56.000002	61.535000
922.845200	902.878823	55.999998	61.536000
922.845197	902.883813	55.999997	61.537000
922.845197	902.888809	55.999997	61.539000
922.845200	902.893836	55.999997	61.543000
922.845198	902.898816	55.999998	61.550000
922.845196	902.903790	55.999999	61.557000
922.845199	902.908806	56.000002	61.562000
922.845200	902.913832	55.999998	61.563000
922.845199	902.918849	55.999997	61.560000
922.845199	902.923607	56.000003	61.555000
922.845199	902.928606	56.000003	61.549000
922.845197	902.933829	56.000001	61.542000
922.845201	902.938826	56.000000	61.534000
922.845200	902.943605	56.000002	61.527000
922.845199	902.948600	56.000003	61.522000
922.845199	902.954020	55.999999	61.520000
922.845201	902.959020	56.000001	61.521000
922.845198	902.964014	56.000001	61.524000
922.845199	902.969009	56.000002	61.528000
922.845199	902.974027	56.000002	61.536000
922.845200	902.979218	56.000000	61.546000
922.845199	902.984009	56.000001	61.556000
922.845199	902.989005	55.999999	61.562000
922.845200	902.994029	56.000000	61.564000
922.845201	902.999425	56.000000	61.562000
922.845199	903.004205	56.000001	61.558000
922.845200	903.009201	56.000000	61.555000
922.845200	903.014229	55.999999	61.554000
922.845202	903.019628	56.000000	61.555000
922.845202	903.024009	56.000001	61.557000
922.845201	903.029406	56.000001	61.559000
922.845203	903.034433	55.999999	61.558000
922.845201	903.039431	56.000000	61.556000
922.845199	903.044419	55.999999	61.555000
922.845200	903.049412	56.000000	61.555000
922.845202	903.054429	56.000000	61.557000
922.845199	903.059631	56.000001	61.561000
922.845198	903.064819	56.000000	61.563000
922.845198	903.069801	55.999999	61.560000
922.845201	903.074819	55.999998	61.554000
922.845199	903.079826	55.999998	61.550000
922.845200	903.085014	56.000001	61.552000
922.845199	903.089605	55.999998	61.559000
922.845201	903.094621	56.000001	61.565000
922.845201	903.099628	56.000002	61.566000
922.845201	903.105214	56.000003	61.557000
922.845199	903.110007	55.999998	61.546000
922.845199	903.115031	55.999997	61.537000
922.845198	903.120219	55.999998	61.530000
922.845199	903.125216	55.999998	61.526000
922.845200	903.130007	56.000000	61.524000
922.845199	903.134831	56.000000	61.520000
922.845198	903.140020	56.000002	61.517000
922.845197	903.145213	55.999998	61.515000
922.845199	903.149804	56.000000	61.515000
922.845200	903.155016	56.000001	61.516000
922.845200	903.159818	56.000002	61.518000
922.845196	903.165003	56.000000	61.523000
922.845198	903.169797	56.000001	61.530000
922.845199	903.174810	56.000001	61.542000
922.845199	903.180005	55.999999	61.556000
922.845199	903.184993	55.999999	61.569000
922.845239	903.189498	56.000000	61.578000
