910.128921	870.617866	56.000000	50.720000
910.128922	870.701412	56.000002	50.707000
910.128928	870.706218	55.999999	50.705000
910.128925	870.711218	55.999998	50.704000
910.128919	870.716025	55.999999	50.703000
910.128922	870.721220	56.000001	50.701000
910.128920	870.726239	56.000001	50.699000
910.128919	870.731630	56.000000	50.696000
910.128921	870.736835	56.000002	50.693000
910.128914	870.741631	55.999997	50.692000
910.128920	870.746647	55.999997	50.691000
910.128915	870.751844	56.000002	50.690000
910.128917	870.756841	56.000002	50.688000
910.128917	870.761636	55.999998	50.687000
910.128923	870.766449	56.000002	50.688000
910.128914	870.771649	55.999998	50.692000
910.128919	870.776441	56.000002	50.696000
910.128920	870.781449	56.000000	50.699000
910.128923	870.786456	55.999999	50.700000
910.128917	870.791455	55.999997	50.701000
910.128921	870.796450	55.999998	50.702000
910.128917	870.801449	56.000001	50.702000
910.128916	870.806859	56.000002	50.702000
910.128920	870.811855	56.000002	50.700000
910.128918	870.816652	55.999998	50.697000
910.128917	870.821654	55.999997	50.693000
910.128918	870.826860	56.000000	50.689000
910.128917	870.831857	56.000000	50.687000
910.128915	870.837048	56.000000	50.687000
910.128920	870.841647	56.000000	50.687000
910.128917	870.846855	56.000000	50.687000
910.128918	870.851654	56.000001	50.685000
910.128919	870.856654	56.000000	50.682000
910.128918	870.861652	55.999998	50.678000
910.128917	870.866665	55.999999	50.674000
910.128918	870.871660	55.999999	50.671000
910.128917	870.876661	56.000001	50.669000
910.128919	870.882046	56.000000	50.668000
910.128917	870.887059	56.000001	50.667000
910.128917	870.892056	55.999999	50.666000
910.128916	870.897053	55.999998	50.665000
910.128920	870.902046	55.999998	50.662000
910.128920	870.907058	55.999997	50.658000
910.128914	870.912057	55.999998	50.654000
910.128918	870.917054	55.999998	50.650000
910.128919	870.922049	55.999998	50.648000
910.128918	870.926854	56.000003	50.648000
910.128920	870.931853	56.000001	50.648000
910.128917	870.936851	56.000001	50.647000
910.128917	870.941849	56.000002	50.645000
910.128921	870.946861	56.000003	50.644000
910.128917	870.952055	56.000001	50.645000
910.128922	870.957255	55.999998	50.648000
910.128916	870.962243	55.999998	50.651000
910.128921	870.967646	55.999999	50.654000
910.128921	870.972249	55.999999	50.656000
910.128916	870.977255	56.000001	50.659000
910.128918	870.982240	56.000001	50.662000
910.128919	870.987444	55.999999	50.666000
910.128918	870.992050	56.000000	50.670000
910.128917	870.997244	56.000000	50.673000
910.128919	871.002035	56.000000	50.674000
910.128919	871.007047	56.000000	50.675000
910.128918	871.012045	56.000000	50.677000
910.128918	871.017048	55.999999	50.679000
910.128922	871.022037	55.999999	50.681000
910.128920	871.027058	56.000000	50.683000
910.128920	871.032654	56.000000	50.684000
910.128921	871.037454	56.000001	50.685000
910.128920	871.042435	55.999999	50.686000
910.128922	871.047452	55.999999	50.686000
910.128922	871.052657	56.000000	50.686000
910.128919	871.057663	56.000000	50.687000
910.128922	871.062445	56.000001	50.688000
910.128918	871.067264	56.000001	50.688000
910.128916	871.072256	56.000000	50.689000
910.128917	871.077259	56.000000	50.689000
910.128919	871.082242	56.000001	50.690000
910.128919	871.087258	56.000001	50.691000
910.128917	871.092256	56.000001	50.691000
910.128920	871.097258	55.999999	50.691000
910.128921	871.102438	56.000002	50.691000
910.128921	871.107648	55.999998	50.692000
910.128920	871.112455	56.000001	50.694000
910.128917	871.117850	55.999999	50.697000
910.128918	871.122440	56.000002	50.699000
910.128919	871.127648	56.000000	50.701000
910.128920	871.132449	56.000001	50.703000
910.128919	871.137650	56.000003	50.704000
910.128922	871.142826	55.999999	50.706000
910.128922	871.147646	56.000001	50.707000
910.128917	871.152455	56.000001	50.706000
910.128919	871.157455	55.999999	50.705000
910.128920	871.162445	55.999997	50.704000
910.128922	871.167648	56.000000	50.703000
910.128918	871.172458	55.999998	50.702000
910.128916	871.177424	55.999999	50.701000
910.128920	871.182846	55.999999	50.700000
910.128922	871.187860	55.999997	50.699000
910.128923	871.192843	55.999997	50.698000
910.128919	871.197836	56.000000	50.697000
910.128921	871.202823	56.000000	50.696000
910.128921	871.207849	56.000000	50.694000
910.128921	871.212847	56.000002	50.694000
910.128919	871.217846	56.000002	50.694000
910.128918	871.222633	55.999998	50.695000
910.128917	871.227641	55.999998	50.695000
910.128921	871.234245	56.000002	50.696000
910.128921	871.239463	56.000002	50.696000
910.128917	871.245458	56.000001	50.696000
910.128920	871.251052	56.000000	50.695000
910.128921	871.256451	55.999998	50.694000
910.128918	871.262437	56.000002	50.692000
910.128923	871.268242	56.000003	50.690000
910.128919	871.273258	56.000002	50.688000
910.128918	871.280253	56.000000	50.685000
910.128916	871.285458	55.999998	50.683000
910.128917	871.290439	55.999999	50.680000
910.128919	871.297649	56.000002	50.677000
910.128918	871.307449	56.000001	50.673000
910.128924	871.313051	56.000003	50.671000
910.128922	871.317635	56.000003	50.670000
910.128921	871.322424	55.999997	50.669000
910.128914	871.327239	56.000002	50.668000
910.128921	871.332652	56.000000	50.667000
910.128923	871.338043	55.999999	50.667000
910.128922	871.342626	56.000001	50.667000
910.128921	871.348040	56.000001	50.668000
910.128920	871.352851	55.999998	50.669000
910.128923	871.357848	55.999999	50.669000
910.128922	871.362830	55.999999	50.669000
910.128922	871.368032	55.999999	50.668000
910.128923	871.372850	55.999999	50.666000
910.128923	871.377839	56.000000	50.664000
910.128918	871.382835	56.000000	50.663000
910.128922	871.387844	56.000000	50.662000
910.128920	871.392853	56.000000	50.661000
910.128919	871.397846	56.000001	50.661000
910.128922	871.402829	56.000000	50.660000
910.128918	871.408231	55.999999	50.660000
910.128919	871.413272	56.000000	50.659000
910.128921	871.418452	55.999999	50.660000
910.128918	871.423223	55.999999	50.662000
910.128920	871.428237	56.000000	50.664000
910.128917	871.433261	55.999999	50.666000
910.128918	871.438057	55.999999	50.668000
910.128921	871.443033	56.000002	50.670000
910.128923	871.448233	55.999999	50.673000
910.128919	871.453049	55.999999	50.677000
910.128923	871.458042	56.000001	50.680000
910.128923	871.463032	56.000000	50.683000
910.128924	871.468035	56.000001	50.686000
910.128919	871.473055	56.000000	50.690000
910.128925	871.478041	56.000000	50.694000
910.128920	871.483625	56.000000	50.699000
910.128921	871.488431	56.000000	50.703000
910.128922	871.493456	56.000000	50.706000
910.128921	871.498454	56.000000	50.708000
910.128921	871.503430	55.999997	50.709000
910.128920	871.508434	55.999998	50.709000
910.128923	871.513455	55.999998	50.708000
910.128916	871.518468	56.000001	50.708000
910.128924	871.523443	56.000000	50.708000
910.128924	871.528239	56.000002	50.707000
910.128922	871.533265	56.000002	50.705000
910.128920	871.538246	56.000002	50.703000
910.128919	871.543223	56.000001	50.701000
910.128918	871.548237	55.999999	50.698000
910.128920	871.553288	55.999998	50.695000
910.128922	871.558670	55.999998	50.692000
910.128923	871.563835	55.999999	50.689000
910.128921	871.568610	56.000003	50.686000
910.128914	871.573675	56.000003	50.683000
910.128922	871.578691	56.000002	50.680000
910.128918	871.583645	56.000003	50.677000
910.128921	871.588632	56.000001	50.676000
910.128919	871.593643	56.000001	50.675000
910.128919	871.598679	55.999999	50.674000
910.128916	871.603657	55.999998	50.673000
910.128918	871.608466	56.000000	50.672000
910.128918	871.613464	55.999999	50.670000
910.128922	871.618446	55.999998	50.669000
910.128920	871.623448	55.999998	50.669000
910.128918	871.628455	55.999998	50.669000
910.128921	871.633867	56.000002	50.670000
910.128917	871.638852	56.000003	50.670000
910.128919	871.643832	56.000002	50.671000
910.128915	871.648852	56.000003	50.672000
910.128918	871.653871	56.000003	50.675000
910.128916	871.658847	56.000003	50.678000
910.128919	871.663833	56.000003	50.682000
910.128920	871.669051	55.999998	50.685000
910.128919	871.673871	56.000003	50.689000
910.128922	871.678855	56.000003	50.694000
910.128919	871.683622	56.000000	50.698000
910.128917	871.688832	56.000002	50.701000
910.128919	871.693659	56.000000	50.704000
910.128917	871.698672	55.999999	50.705000
910.128917	871.703660	55.999999	50.705000
910.128921	871.709037	55.999997	50.705000
910.128922	871.714045	55.999997	50.705000
910.128919	871.719057	55.999997	50.705000
910.128919	871.724034	55.999997	50.704000
910.128916	871.729231	56.000002	50.702000
910.128916	871.734046	55.999997	50.701000
910.128921	871.739644	55.999998	50.700000
910.128915	871.744028	55.999999	50.699000
910.128915	871.749027	56.000000	50.699000
910.128919	871.754032	56.000003	50.699000
910.128918	871.758841	55.999997	50.699000
910.128915	871.763828	55.999997	50.698000
910.128918	871.768825	55.999997	50.699000
910.128921	871.773843	55.999999	50.700000
910.128917	871.778845	56.000001	50.700000
910.128919	871.784230	55.999997	50.701000
910.128920	871.789228	55.999997	50.700000
910.128915	871.794247	55.999998	50.700000
910.128921	871.799641	55.999998	50.700000
910.128923	871.804430	56.000003	50.701000
910.128923	871.809034	55.999999	50.702000
910.128920	871.814253	55.999998	50.702000
910.128923	871.819844	56.000001	50.703000
910.128917	871.824025	55.999997	50.704000
910.128921	871.829024	55.999997	50.706000
910.128915	871.834058	55.999997	50.707000
910.128918	871.839243	56.000002	50.708000
910.128914	871.844029	55.999997	50.707000
910.128917	871.849034	55.999997	50.707000
910.128917	871.854065	55.999998	50.707000
910.128918	871.859452	55.999998	50.709000
910.128921	871.864838	55.999998	50.711000
910.128922	871.869633	56.000000	50.712000
910.128918	871.874256	55.999998	50.711000
910.128921	871.879457	56.000003	50.710000
910.128921	871.884441	56.000003	50.709000
910.128920	871.889416	56.000003	50.708000
910.128918	871.894251	56.000001	50.708000
910.128918	871.899251	56.000002	50.708000
910.128921	871.904245	56.000002	50.709000
910.128924	871.909224	56.000001	50.710000
910.128916	871.914243	55.999998	50.710000
910.128921	871.919248	55.999997	50.710000
910.128919	871.924247	55.999998	50.709000
910.128919	871.929239	56.000001	50.709000
910.128920	871.934657	55.999998	50.709000
910.128919	871.939651	56.000000	50.709000
910.128921	871.944645	56.000002	50.708000
910.128918	871.949636	56.000001	50.706000
910.128920	871.954657	56.000000	50.704000
910.128918	871.959448	56.000002	50.702000
910.128920	871.964642	55.999998	50.701000
910.128920	871.969437	56.000000	50.700000
910.128918	871.974452	55.999998	50.699000
910.128918	871.979445	56.000000	50.696000
910.128920	871.984433	56.000001	50.694000
910.128920	871.989431	55.999998	50.692000
910.128921	871.994453	56.000000	50.690000
910.128919	871.999442	56.000001	50.687000
910.128918	872.004428	55.999999	50.686000
910.128921	872.009837	55.999999	50.683000
910.128922	872.014851	56.000003	50.682000
910.128917	872.020251	56.000001	50.681000
910.128922	872.025250	56.000001	50.681000
910.128920	872.030242	55.999998	50.680000
910.128920	872.035252	55.999999	50.680000
910.128924	872.040055	56.000001	50.679000
910.128921	872.045041	55.999998	50.678000
910.128923	872.050249	55.999999	50.677000
910.128919	872.055057	55.999999	50.677000
910.128925	872.060051	56.000001	50.677000
910.128917	872.065047	55.999998	50.677000
910.128921	872.070040	56.000001	50.678000
910.128919	872.075051	56.000001	50.679000
910.128920	872.080248	56.000001	50.680000
910.128921	872.085652	56.000002	50.681000
910.128916	872.090437	56.000000	50.683000
910.128917	872.095452	55.999999	50.687000
910.128918	872.100645	55.999998	50.691000
910.128919	872.105849	55.999999	50.694000
910.128919	872.110443	56.000001	50.696000
910.128919	872.115447	56.000001	50.698000
910.128924	872.120244	56.000000	50.700000
910.128921	872.125245	55.999998	50.701000
910.128918	872.130241	56.000001	50.703000
910.128917	872.135241	56.000000	50.705000
910.128916	872.140245	55.999998	50.706000
910.128923	872.145241	56.000001	50.708000
910.128919	872.150238	56.000000	50.710000
910.128920	872.155251	55.999999	50.712000
910.128922	872.160647	56.000001	50.712000
910.128922	872.166251	56.000000	50.711000
910.128918	872.170850	55.999998	50.710000
910.128917	872.175848	56.000001	50.709000
910.128919	872.180648	56.000000	50.708000
910.128916	872.185850	56.000000	50.707000
910.128919	872.190646	56.000000	50.706000
910.128917	872.195854	56.000000	50.705000
910.128922	872.200652	56.000000	50.703000
910.128918	872.205855	56.000001	50.703000
910.128918	872.210447	55.999999	50.703000
910.128919	872.215457	56.000000	50.702000
910.128919	872.220459	56.000000	50.700000
910.128921	872.225466	56.000001	50.697000
910.128918	872.230658	56.000001	50.695000
910.128918	872.235463	56.000000	50.694000
910.128919	872.240860	55.999999	50.693000
910.128921	872.245861	55.999999	50.692000
910.128916	872.251064	56.000000	50.691000
910.128913	872.255866	55.999999	50.690000
910.128919	872.260858	56.000001	50.690000
910.128917	872.265867	55.999999	50.690000
910.128919	872.270863	56.000001	50.689000
910.128918	872.275864	56.000000	50.688000
910.128921	872.280664	56.000001	50.687000
910.128917	872.285865	56.000003	50.685000
910.128919	872.290663	56.000002	50.684000
910.128918	872.295671	56.000000	50.682000
910.128919	872.300664	55.999997	50.680000
910.128919	872.305669	55.999999	50.679000
910.128916	872.311061	55.999999	50.677000
910.128920	872.316267	56.000002	50.675000
910.128919	872.321258	56.000000	50.673000
910.128921	872.326065	56.000003	50.670000
910.128920	872.331057	56.000002	50.668000
910.128920	872.336057	56.000001	50.666000
910.128918	872.341061	55.999997	50.665000
910.128920	872.345862	55.999998	50.665000
910.128920	872.351057	56.000003	50.666000
910.128915	872.356056	56.000004	50.666000
910.128918	872.360851	56.000001	50.666000
910.128918	872.365856	56.000003	50.666000
910.128921	872.370855	56.000002	50.665000
910.128919	872.375864	56.000003	50.664000
910.128921	872.380856	56.000003	50.662000
910.128922	872.386259	55.999999	50.661000
910.128924	872.391254	56.000002	50.661000
910.128917	872.396257	56.000003	50.662000
910.128922	872.401444	55.999997	50.662000
910.128919	872.406255	56.000002	50.662000
910.128920	872.411252	55.999999	50.663000
910.128916	872.416245	55.999997	50.664000
910.128920	872.421244	55.999997	50.667000
910.128921	872.426050	56.000000	50.670000
910.128923	872.431048	55.999998	50.673000
910.128915	872.436044	55.999997	50.675000
910.128919	872.441038	55.999997	50.679000
910.128919	872.446052	55.999997	50.683000
910.128920	872.451246	56.000003	50.687000
910.128918	872.456047	55.999999	50.691000
910.128921	872.461433	56.000000	50.694000
910.128923	872.466453	56.000003	50.696000
910.128922	872.471450	56.000001	50.699000
910.128921	872.476442	55.999999	50.701000
910.128920	872.481432	55.999999	50.702000
910.128923	872.486441	56.000002	50.702000
910.128917	872.491444	55.999999	50.703000
910.128922	872.496448	56.000000	50.704000
910.128918	872.501242	56.000001	50.706000
910.128921	872.506256	55.999999	50.706000
910.128921	872.511251	56.000000	50.706000
910.128921	872.516256	56.000000	50.706000
910.128920	872.521245	55.999999	50.704000
910.128921	872.526258	56.000001	50.703000
910.128921	872.531248	55.999999	50.701000
910.128921	872.536652	56.000000	50.698000
910.128921	872.541643	56.000003	50.693000
910.128921	872.546656	56.000003	50.689000
910.128925	872.551649	56.000000	50.685000
910.128923	872.556657	55.999998	50.681000
910.128923	872.561637	55.999997	50.679000
910.128919	872.566447	56.000001	50.678000
910.128922	872.571446	56.000001	50.678000
910.128922	872.576448	56.000001	50.677000
910.128921	872.581438	56.000001	50.677000
910.128924	872.586442	56.000002	50.676000
910.128922	872.591443	56.000002	50.675000
910.128918	872.596438	56.000001	50.672000
910.128918	872.601637	55.999997	50.670000
910.128925	872.606452	56.000001	50.667000
910.128921	872.611449	55.999998	50.665000
910.128918	872.616838	56.000001	50.665000
910.128923	872.621837	56.000000	50.665000
910.128923	872.626845	55.999998	50.665000
910.128920	872.631849	55.999998	50.665000
910.128926	872.636845	55.999998	50.665000
910.128920	872.641831	56.000000	50.664000
910.128920	872.646851	56.000001	50.664000
910.128920	872.651848	55.999999	50.663000
910.128920	872.656649	55.999999	50.663000
910.128921	872.661640	56.000002	50.662000
910.128918	872.666652	55.999999	50.662000
910.128922	872.671650	56.000000	50.662000
910.128921	872.676650	56.000000	50.664000
910.128920	872.681836	56.000001	50.668000
910.128921	872.686651	56.000000	50.673000
910.128923	872.692056	55.999999	50.679000
910.128920	872.697052	55.999999	50.684000
910.128916	872.702042	55.999999	50.687000
910.128924	872.707050	56.000003	50.691000
910.128922	872.712054	56.000002	50.694000
910.128916	872.717253	55.999998	50.698000
910.128922	872.722041	55.999999	50.702000
910.128923	872.726847	56.000002	50.705000
910.128920	872.732062	56.000003	50.709000
910.128923	872.736852	55.999998	50.712000
910.128918	872.741843	55.999996	50.716000
910.128919	872.746858	55.999997	50.718000
910.128920	872.752060	56.000002	50.720000
910.128922	872.756853	55.999998	50.721000
910.128920	872.761843	55.999998	50.723000
910.128917	872.767452	55.999997	50.724000
910.128922	872.772255	56.000002	50.725000
910.128917	872.777252	56.000004	50.725000
910.128919	872.782245	56.000002	50.724000
910.128920	872.787255	56.000001	50.724000
910.128918	872.792256	55.999998	50.723000
910.128921	872.797252	55.999997	50.723000
910.128918	872.802236	55.999997	50.722000
910.128922	872.807240	55.999997	50.722000
910.128918	872.812053	56.000003	50.722000
910.128922	872.817243	55.999997	50.721000
910.128923	872.822036	56.000002	50.720000
910.128923	872.827046	56.000000	50.717000
910.128922	872.832050	55.999999	50.715000
910.128922	872.836849	56.000002	50.714000
910.128921	872.842239	56.000001	50.714000
910.128918	872.847444	56.000001	50.714000
910.128916	872.852459	55.999998	50.713000
910.128920	872.857454	56.000001	50.711000
910.128919	872.863030	55.999999	50.710000
910.128920	872.867441	56.000000	50.709000
910.128915	872.872452	56.000000	50.708000
910.128917	872.877249	55.999999	50.707000
910.128922	872.882236	56.000001	50.706000
910.128918	872.887246	56.000000	50.706000
910.128920	872.892254	55.999999	50.705000
910.128918	872.897447	56.000000	50.704000
910.128917	872.902239	55.999998	50.703000
910.128919	872.907459	56.000002	50.702000
910.128921	872.912268	56.000002	50.701000
910.128917	872.917856	55.999999	50.699000
910.128919	872.922444	55.999999	50.697000
910.128922	872.927652	56.000001	50.695000
910.128915	872.932664	55.999999	50.692000
910.128915	872.937656	55.999999	50.690000
910.128916	872.942649	56.000002	50.688000
910.128920	872.947457	56.000002	50.687000
910.128922	872.952469	55.999999	50.685000
910.128920	872.957654	56.000000	50.684000
910.128915	872.962451	55.999999	50.682000
910.128919	872.967457	55.999998	50.680000
910.128916	872.972470	55.999999	50.678000
910.128917	872.977455	56.000002	50.674000
910.128917	872.982655	55.999998	50.671000
910.128918	872.987455	56.000000	50.668000
910.128919	872.992863	56.000000	50.665000
910.128920	872.997855	55.999999	50.663000
910.128919	873.002839	55.999999	50.661000
910.128917	873.007846	55.999998	50.659000
910.128919	873.012858	55.999997	50.656000
910.128920	873.017858	55.999997	50.653000
910.128920	873.022840	55.999998	50.652000
910.128918	873.027650	55.999999	50.650000
910.128920	873.032649	55.999998	50.650000
910.128921	873.037846	56.000002	50.650000
910.128917	873.042627	55.999998	50.651000
910.128918	873.048040	55.999998	50.653000
910.128915	873.052646	56.000001	50.657000
910.128915	873.057639	56.000003	50.661000
910.128918	873.062421	55.999999	50.662000
910.128919	873.067630	56.000001	50.663000
910.128920	873.073038	56.000002	50.664000
910.128917	873.078043	56.000003	50.664000
910.128917	873.083023	56.000002	50.665000
910.128920	873.087836	56.000000	50.665000
910.128920	873.093253	55.999998	50.665000
910.128920	873.098050	56.000002	50.664000
910.128922	873.103031	56.000001	50.663000
910.128916	873.108038	56.000001	50.662000
910.128919	873.112852	56.000002	50.661000
910.128919	873.117849	56.000002	50.659000
910.128920	873.122829	56.000003	50.659000
910.128918	873.127834	56.000003	50.659000
910.128915	873.133046	55.999998	50.660000
910.128916	873.137852	56.000002	50.661000
910.128918	873.142833	56.000001	50.661000
910.128923	873.148233	56.000002	50.662000
910.128920	873.153455	55.999999	50.663000
910.128922	873.158248	56.000003	50.663000
910.128922	873.163233	56.000003	50.663000
910.128923	873.168241	56.000003	50.663000
910.128921	873.173259	56.000003	50.662000
910.128920	873.178457	55.999999	50.661000
910.128921	873.183041	55.999998	50.663000
910.128922	873.188046	55.999999	50.666000
910.128918	873.193057	56.000000	50.671000
910.128919	873.198055	56.000000	50.676000
910.128922	873.203045	55.999999	50.680000
910.128918	873.208049	55.999998	50.682000
910.128924	873.213065	55.999998	50.684000
910.128920	873.218060	55.999998	50.686000
910.128921	873.223646	56.000001	50.688000
910.128924	873.228451	55.999997	50.690000
910.128922	873.233463	55.999998	50.692000
910.128920	873.238454	55.999997	50.694000
910.128924	873.243438	55.999998	50.694000
910.128921	873.248448	55.999998	50.695000
910.128922	873.253458	55.999999	50.695000
910.128927	873.258456	56.000000	50.696000
910.128924	873.263237	56.000002	50.696000
910.128922	873.268242	56.000002	50.696000
910.128922	873.273252	56.000003	50.695000
910.128920	873.278259	56.000002	50.694000
910.128921	873.283240	56.000001	50.691000
910.128922	873.288249	56.000003	50.689000
910.128920	873.293262	56.000003	50.687000
910.128919	873.298659	55.999998	50.686000
910.128923	873.303641	55.999997	50.686000
910.128921	873.308651	55.999997	50.685000
910.128921	873.313663	55.999997	50.683000
910.128921	873.318649	55.999997	50.680000
910.128924	873.323635	55.999997	50.675000
910.128922	873.328842	56.000002	50.671000
910.128919	873.333462	56.000001	50.667000
910.128922	873.338653	55.999998	50.663000
910.128922	873.343432	56.000000	50.661000
910.128923	873.348442	56.000001	50.658000
910.128923	873.353456	56.000001	50.657000
910.128918	873.358456	56.000000	50.655000
910.128921	873.363432	56.000000	50.655000
910.128922	873.368439	56.000000	50.655000
910.128924	873.373864	56.000002	50.657000
910.128922	873.379048	55.999998	50.659000
910.128921	873.383830	56.000002	50.662000
910.128924	873.388833	56.000002	50.665000
910.128920	873.393856	56.000001	50.668000
910.128924	873.398851	56.000000	50.671000
910.128923	873.403828	56.000001	50.674000
910.128921	873.408633	56.000002	50.677000
910.128919	873.413849	56.000000	50.681000
910.128919	873.418647	56.000003	50.684000
910.128921	873.423629	56.000002	50.687000
910.128922	873.428625	56.000001	50.691000
910.128921	873.433645	55.999998	50.694000
910.128919	873.438860	56.000003	50.695000
910.128923	873.443449	55.999998	50.696000
910.128920	873.449033	55.999998	50.696000
910.128919	873.454047	56.000002	50.696000
910.128917	873.459259	55.999998	50.697000
910.128923	873.464246	56.000001	50.698000
910.128920	873.469040	55.999998	50.699000
910.128920	873.474065	56.000001	50.699000
910.128917	873.479058	56.000000	50.701000
910.128920	873.484046	56.000000	50.702000
910.128922	873.488841	55.999999	50.704000
910.128923	873.493864	56.000001	50.704000
910.128921	873.498853	55.999999	50.705000
910.128923	873.503841	55.999999	50.704000
910.128922	873.508841	56.000000	50.703000
910.128922	873.513858	55.999999	50.703000
910.128921	873.518857	56.000001	50.703000
910.128918	873.524243	56.000000	50.702000
910.128919	873.529237	55.999999	50.702000
910.128921	873.534257	56.000001	50.702000
910.128918	873.539053	56.000000	50.701000
910.128916	873.544444	55.999999	50.700000
910.128923	873.549036	56.000002	50.699000
910.128917	873.554256	56.000001	50.698000
910.128920	873.559059	56.000001	50.697000
910.128920	873.564244	56.000000	50.696000
910.128919	873.569034	55.999998	50.694000
910.128918	873.574058	56.000001	50.691000
910.128924	873.579051	56.000001	50.689000
910.128921	873.584037	56.000002	50.687000
910.128924	873.589043	56.000002	50.687000
910.128922	873.594055	56.000003	50.687000
910.128918	873.599263	55.999997	50.688000
910.128920	873.604443	56.000002	50.690000
910.128919	873.609439	56.000002	50.691000
910.128917	873.614461	56.000002	50.691000
910.128919	873.619456	56.000000	50.691000
910.128915	873.624447	56.000000	50.691000
910.128917	873.629446	55.999998	50.690000
910.128916	873.634457	55.999999	50.690000
910.128921	873.639266	55.999997	50.691000
910.128917	873.644446	55.999998	50.692000
910.128920	873.649248	56.000001	50.692000
910.128919	873.654258	56.000002	50.691000
910.128922	873.659250	56.000003	50.691000
910.128921	873.664237	56.000003	50.691000
910.128917	873.669436	55.999998	50.691000
910.128922	873.674654	56.000001	50.692000
910.128917	873.679850	55.999998	50.693000
910.128919	873.684842	55.999998	50.693000
910.128919	873.689837	55.999998	50.694000
910.128916	873.694847	56.000000	50.694000
910.128914	873.699646	55.999999	50.695000
910.128920	873.705039	56.000001	50.695000
910.128917	873.709837	56.000000	50.695000
910.128919	873.714849	56.000001	50.696000
910.128920	873.719640	56.000000	50.696000
910.128919	873.724641	56.000000	50.697000
910.128917	873.729636	56.000000	50.696000
910.128917	873.734649	56.000000	50.696000
910.128917	873.739645	56.000000	50.695000
910.128924	873.744646	56.000000	50.694000
910.128919	873.750045	56.000001	50.693000
910.128921	873.755060	55.999998	50.693000
910.128922	873.760246	56.000001	50.694000
910.128921	873.765045	56.000002	50.695000
910.128919	873.770039	56.000000	50.695000
910.128916	873.775045	55.999997	50.695000
910.128923	873.780046	56.000000	50.695000
910.128920	873.785038	56.000000	50.696000
910.128919	873.790043	56.000002	50.698000
910.128920	873.795053	56.000003	50.701000
910.128918	873.799855	55.999998	50.704000
910.128918	873.804846	55.999999	50.707000
910.128921	873.809845	55.999999	50.709000
910.128919	873.814851	55.999999	50.710000
910.128916	873.819852	55.999999	50.712000
910.128922	873.825256	55.999997	50.714000
910.128923	873.830450	56.000002	50.716000
910.128921	873.835260	56.000002	50.718000
910.128925	873.840060	56.000002	50.720000
910.128920	873.845254	55.999998	50.722000
910.128921	873.850248	55.999998	50.722000
910.128923	873.855261	55.999999	50.722000
910.128922	873.860264	56.000002	50.723000
910.128924	873.865263	56.000001	50.724000
910.128918	873.870452	56.000001	50.725000
910.128918	873.875062	56.000000	50.727000
910.128918	873.880060	55.999997	50.728000
910.128921	873.885056	55.999998	50.729000
910.128917	873.890051	56.000001	50.731000
910.128918	873.895065	56.000002	50.733000
910.128923	873.900443	56.000001	50.735000
910.128922	873.905446	56.000000	50.738000
910.128920	873.910450	55.999999	50.740000
910.128922	873.915460	56.000000	50.742000
910.128922	873.920459	56.000000	50.744000
910.128922	873.925447	56.000000	50.745000
910.128922	873.930437	55.999999	50.746000
910.128922	873.935658	56.000000	50.747000
910.128919	873.940452	56.000000	50.749000
910.128921	873.945458	56.000001	50.750000
910.128923	873.950451	55.999998	50.752000
910.128921	873.955254	55.999998	50.754000
910.128918	873.960252	56.000001	50.756000
910.128923	873.965248	55.999999	50.759000
910.128927	873.970243	56.000000	50.762000
910.128919	873.975855	55.999998	50.766000
910.128919	873.980649	55.999997	50.768000
910.128916	873.985649	55.999998	50.770000
910.128922	873.990635	56.000001	50.772000
910.128921	873.995652	56.000004	50.775000
910.128923	874.000846	55.999997	50.779000
910.128923	874.005647	56.000001	50.782000
910.128917	874.010637	55.999999	50.784000
910.128920	874.015651	55.999997	50.785000
910.128922	874.020843	56.000001	50.784000
910.128922	874.025439	56.000002	50.783000
910.128917	874.030431	56.000000	50.782000
910.128921	874.035450	55.999998	50.781000
910.128923	874.040647	56.000002	50.779000
910.128921	874.045439	55.999997	50.775000
910.128917	874.050422	55.999996	50.771000
910.128922	874.055433	56.000001	50.767000
910.128918	874.060841	55.999997	50.765000
910.128923	874.065862	55.999999	50.764000
910.128918	874.070646	55.999996	50.765000
910.128920	874.075654	55.999997	50.766000
910.128918	874.080642	56.000001	50.765000
910.128919	874.085859	55.999998	50.763000
910.128922	874.090649	56.000002	50.760000
910.128922	874.095656	56.000000	50.757000
910.128921	874.100454	56.000003	52.111000
910.128923	874.105455	55.999999	57.368000
910.128918	874.110447	55.999997	61.606000
910.128923	874.115450	56.000001	61.602000
910.128924	874.120456	55.999999	61.598000
910.128924	874.125453	56.000002	61.592000
910.128920	874.130445	55.999998	61.586000
910.128922	874.135853	55.999998	61.581000
910.128917	874.140847	56.000001	61.577000
910.128924	874.145653	56.000000	61.573000
910.128917	874.150845	56.000000	61.569000
910.128920	874.155652	55.999999	61.566000
910.128923	874.160841	56.000000	61.562000
910.128920	874.165853	56.000000	61.558000
910.128921	874.170848	56.000000	61.555000
910.128921	874.175854	55.999999	61.552000
910.128921	874.180837	56.000000	61.550000
910.128916	874.185839	56.000000	61.548000
910.128923	874.190630	56.000001	61.548000
910.128920	874.195834	56.000001	61.547000
910.128920	874.200633	56.000000	61.545000
910.128922	874.205638	56.000000	61.543000
910.128919	874.211032	56.000000	61.540000
910.128920	874.216045	55.999999	61.537000
910.128919	874.221039	56.000000	61.534000
910.128921	874.226051	56.000000	61.532000
910.128918	874.231045	56.000001	61.532000
910.128920	874.236051	55.999999	61.535000
910.128922	874.241040	56.000000	61.541000
910.128920	874.246054	56.000000	61.551000
910.128919	874.251046	56.000000	61.560000
910.128915	874.255852	55.999999	61.564000
910.128922	874.260837	56.000001	61.564000
910.128918	874.265848	55.999998	61.562000
910.128918	874.270855	56.000001	61.560000
910.128922	874.275849	56.000000	61.562000
910.128916	874.280847	55.999999	61.570000
910.128916	874.286256	56.000001	61.581000
910.128917	874.291253	55.999998	61.589000
910.128918	874.296261	55.999998	61.593000
910.128918	874.301248	56.000002	61.593000
910.128915	874.306461	55.999999	61.589000
910.128919	874.311253	55.999999	61.582000
910.128917	874.316255	56.000002	61.575000
910.128916	874.321440	55.999998	61.570000
910.128919	874.326056	56.000000	61.567000
910.128918	874.331247	56.000002	61.567000
910.128917	874.336056	56.000002	61.568000
910.128915	874.341258	55.999999	61.568000
910.128917	874.346058	55.999998	61.568000
910.128920	874.351046	56.000000	61.568000
910.128915	874.356052	56.000002	61.568000
910.128919	874.361457	56.000002	61.568000
910.128923	874.367250	56.000002	61.569000
910.128919	874.372461	55.999998	61.570000
910.128919	874.377450	55.999999	61.574000
910.128915	874.382441	56.000000	61.579000
910.128920	874.387448	56.000003	61.582000
910.128921	874.392457	56.000003	61.580000
910.128919	874.397458	56.000003	61.574000
910.128917	874.402244	56.000002	61.566000
910.128922	874.407247	56.000002	61.556000
910.128923	874.412457	55.999999	61.546000
910.128920	874.417256	56.000001	61.538000
910.128924	874.422445	55.999997	61.531000
910.128921	874.427260	55.999997	61.530000
910.128919	874.432256	55.999997	61.533000
910.128921	874.437257	55.999997	61.539000
910.128921	874.442448	56.000002	61.547000
910.128923	874.447457	56.000004	61.553000
910.128917	874.452456	56.000004	61.556000
910.128920	874.457449	56.000003	61.557000
910.128917	874.462638	55.999998	61.555000
910.128922	874.467434	56.000003	61.552000
910.128920	874.472249	55.999997	61.546000
910.128918	874.477444	56.000003	61.540000
910.128920	874.482426	56.000002	61.534000
910.128921	874.487249	55.999997	61.531000
910.128918	874.492444	56.000003	61.532000
910.128921	874.497445	56.000003	61.536000
910.128921	874.502427	56.000002	61.541000
910.128924	874.507253	55.999997	61.544000
910.128922	874.512247	55.999996	61.542000
910.128921	874.517645	56.000002	61.536000
910.128922	874.522620	56.000002	61.530000
910.128920	874.527644	56.000002	61.524000
910.128916	874.532647	56.000002	61.520000
910.128924	874.537649	56.000002	61.520000
910.128919	874.542432	56.000000	61.524000
910.128921	874.547637	56.000002	61.528000
910.128925	874.552651	56.000002	61.533000
910.128923	874.557648	56.000002	61.536000
910.128920	874.562429	55.999998	61.540000
910.128919	874.567639	56.000002	61.543000
910.128922	874.572446	56.000002	61.548000
910.128919	874.577444	56.000002	61.552000
910.128922	874.582424	56.000003	61.554000
910.128924	874.587645	55.999999	61.552000
910.128918	874.592853	55.999998	61.547000
910.128917	874.597850	55.999998	61.541000
910.128918	874.602834	55.999998	61.536000
910.128919	874.608044	56.000000	61.533000
910.128915	874.612854	56.000002	61.531000
910.128920	874.617851	56.000000	61.532000
910.128918	874.622835	55.999998	61.534000
910.128922	874.627836	55.999999	61.536000
910.128920	874.632649	55.999999	61.536000
910.128921	874.637847	56.000000	61.535000
910.128920	874.642631	56.000000	61.532000
910.128920	874.647649	55.999999	61.529000
910.128923	874.652649	56.000000	61.528000
910.128919	874.657643	56.000001	61.532000
910.128918	874.662826	56.000000	61.541000
910.128916	874.668443	56.000001	61.551000
910.128919	874.673453	56.000000	61.557000
910.128920	874.678448	56.000000	61.559000
910.128917	874.683432	56.000000	61.557000
910.128918	874.688440	56.000001	61.555000
910.128919	874.693651	56.000001	61.552000
910.128920	874.698450	56.000001	61.550000
910.128919	874.703437	56.000000	61.549000
910.128920	874.708446	56.000000	61.547000
910.128918	874.713464	56.000000	61.546000
910.128920	874.718856	55.999999	61.546000
910.128919	874.723239	56.000001	61.546000
910.128920	874.728249	55.999999	61.548000
910.128915	874.733263	56.000000	61.549000
910.128918	874.738263	56.000000	61.549000
910.128916	874.743645	56.000000	61.547000
910.128919	874.748644	56.000000	61.543000
910.128918	874.753661	56.000000	61.538000
910.128923	874.758650	56.000000	61.532000
910.128923	874.763641	56.000000	61.527000
910.128917	874.768648	56.000000	61.523000
910.128920	874.774058	56.000001	61.523000
910.128924	874.778655	56.000000	61.525000
910.128919	874.783641	56.000000	61.527000
910.128923	874.788641	55.999999	61.529000
910.128919	874.793658	56.000000	61.530000
910.128917	874.798447	56.000000	61.529000
910.128924	874.803431	56.000001	61.530000
910.128920	874.808442	56.000001	61.533000
910.128916	874.813460	55.999999	61.539000
910.128923	874.818854	55.999999	61.546000
910.128919	874.823847	55.999998	61.551000
910.128923	874.829035	56.000001	61.551000
910.128919	874.833865	55.999998	61.546000
910.128920	874.839053	56.000000	61.538000
910.128921	874.844253	56.000001	61.531000
910.128923	874.848847	55.999999	61.527000
910.128921	874.853862	56.000002	61.528000
910.128924	874.859059	56.000000	61.534000
910.128920	874.863641	55.999998	61.543000
910.128921	874.868650	56.000000	61.550000
910.128922	874.873668	56.000001	61.553000
910.128919	874.878659	55.999999	61.553000
910.128922	874.883844	56.000002	61.550000
910.128922	874.888644	55.999999	61.545000
910.128920	874.894061	55.999999	61.541000
910.128922	874.899054	55.999998	61.542000
910.128921	874.904248	55.999999	61.549000
910.128920	874.909041	56.000000	61.559000
910.128922	874.914055	56.000002	61.565000
910.128922	874.919052	56.000001	61.563000
910.128919	874.924044	55.999998	61.560000
910.128923	874.928843	56.000002	61.570000
910.128922	874.934060	56.000001	61.592000
910.128925	874.939055	56.000003	61.611000
910.128920	874.944040	55.999998	61.614000
910.128923	874.948848	56.000002	61.607000
910.128918	874.953862	56.000002	61.593000
910.128922	874.959060	56.000002	61.577000
910.128922	874.963854	55.999998	61.566000
910.128923	874.968852	56.000002	61.558000
910.128919	874.974068	56.000000	61.550000
910.128924	874.979063	56.000003	61.537000
910.128920	874.984053	56.000001	61.526000
910.128920	874.989053	55.999998	61.521000
910.128921	874.994267	56.000000	61.520000
910.128920	874.999064	55.999999	61.519000
910.128923	875.004043	56.000002	61.519000
910.128922	875.009046	56.000000	61.519000
910.128920	875.013878	56.000000	61.522000
910.128920	875.019067	55.999999	61.529000
910.128924	875.023840	56.000001	61.539000
910.128921	875.028848	56.000002	61.547000
910.128919	875.033862	56.000001	61.551000
910.128921	875.039054	55.999999	61.550000
910.128920	875.043841	56.000000	61.545000
910.128922	875.049442	56.000000	61.538000
910.128919	875.054263	56.000000	61.530000
910.128922	875.059655	56.000000	61.518000
910.128924	875.064241	56.000000	61.508000
910.128917	875.069240	56.000001	61.496000
910.128921	875.074259	56.000001	61.485000
910.128920	875.079042	56.000000	61.477000
910.128921	875.084230	55.999999	61.471000
910.128917	875.089236	56.000000	61.467000
910.128921	875.094258	56.000001	61.463000
910.128920	875.099050	56.000000	61.463000
910.128920	875.104028	56.000000	61.467000
910.128920	875.109028	56.000001	61.475000
910.128921	875.114043	56.000000	61.485000
910.128917	875.119454	55.999998	61.494000
910.128917	875.124442	55.999999	61.501000
910.128923	875.129431	55.999999	61.510000
910.128920	875.134440	56.000000	61.520000
910.128920	875.139437	56.000000	61.528000
910.128920	875.144431	55.999999	61.533000
910.128918	875.149428	55.999998	61.532000
910.128921	875.154453	55.999998	61.528000
910.128917	875.159438	56.000000	61.526000
910.128915	875.164222	56.000000	61.528000
910.128918	875.169223	55.999999	61.532000
910.128913	875.174434	56.000002	61.537000
910.128919	875.179235	55.999999	61.541000
910.128923	875.184434	56.000002	61.542000
910.128918	875.189433	56.000002	61.542000
910.128923	875.194243	55.999999	61.544000
910.128924	875.199633	55.999998	61.550000
910.128921	875.204836	56.000000	61.556000
910.128921	875.209430	56.000003	61.561000
910.128921	875.214650	55.999999	61.565000
910.128920	875.219643	55.999998	61.569000
910.128918	875.224628	55.999998	61.573000
910.128920	875.229618	55.999997	61.578000
910.128916	875.234629	55.999998	61.580000
910.128922	875.239432	56.000002	61.579000
910.128920	875.244627	55.999999	61.573000
910.128918	875.249416	56.000001	61.566000
910.128919	875.254442	55.999999	61.557000
910.128917	875.259437	56.000000	61.549000
910.128923	875.264431	56.000000	61.540000
910.128918	875.269424	56.000001	61.533000
910.128921	875.275042	56.000000	61.526000
910.128921	875.279843	56.000000	61.522000
910.128918	875.284836	56.000001	61.520000
910.128918	875.289831	56.000000	61.520000
910.128921	875.294842	56.000001	61.519000
910.128917	875.299842	56.000000	61.518000
910.128918	875.304834	56.000001	61.516000
910.128917	875.309833	56.000001	61.514000
910.128917	875.315040	55.999999	61.514000
910.128920	875.319647	56.000000	61.515000
910.128918	875.324842	55.999999	61.516000
910.128919	875.329641	55.999999	61.517000
910.128917	875.334858	56.000002	61.518000
910.128921	875.339656	56.000000	61.522000
910.128920	875.344656	56.000000	61.527000
910.128922	875.349439	55.999999	61.534000
910.128916	875.355259	56.000000	61.537000
910.128920	875.360066	56.000000	61.535000
910.128916	875.365060	55.999999	61.529000
910.128922	875.370045	56.000001	61.527000
910.128918	875.375070	56.000000	61.533000
910.128919	875.380065	56.000000	61.543000
910.128919	875.385062	56.000000	61.551000
910.128920	875.390052	56.000000	61.551000
910.128919	875.395062	56.000000	61.548000
910.128913	875.400057	55.999999	61.546000
910.128918	875.404858	56.000000	61.549000
910.128920	875.410049	56.000000	61.558000
910.128919	875.414862	56.000000	61.567000
910.128916	875.419863	56.000000	61.569000
910.128916	875.424658	56.000000	61.566000
910.128921	875.430454	56.000000	61.558000
910.128918	875.435261	56.000000	61.549000
910.128923	875.440257	56.000000	61.540000
910.128921	875.445259	56.000000	61.533000
910.128917	875.450255	56.000000	61.529000
910.128921	875.455266	56.000000	61.529000
910.128918	875.460459	56.000000	61.530000
910.128921	875.465259	56.000001	61.532000
910.128917	875.470047	56.000000	61.533000
910.128917	875.475262	56.000000	61.531000
910.128916	875.480060	56.000000	61.531000
910.128916	875.485067	55.999999	61.532000
910.128919	875.490046	56.000000	61.534000
910.128917	875.495066	56.000000	61.536000
910.128921	875.500448	56.000000	61.538000
910.128920	875.505258	56.000000	61.543000
910.128919	875.510251	56.000000	61.548000
910.128919	875.515268	56.000000	61.553000
910.128918	875.520463	56.000000	61.554000
910.128922	875.525255	56.000000	61.551000
910.128922	875.530241	56.000000	61.544000
910.128922	875.535265	56.000000	61.537000
910.128919	875.540261	56.000000	61.535000
910.128921	875.545261	55.999999	61.532000
910.128916	875.550447	56.000000	61.524000
910.128915	875.555047	56.000000	61.517000
910.128919	875.560051	56.000000	61.511000
910.128916	875.565062	55.999999	61.504000
910.128917	875.570045	56.000000	61.500000
910.128921	875.575055	55.999999	61.501000
910.128918	875.580245	56.000000	61.504000
910.128918	875.585253	56.000000	61.507000
910.128922	875.590243	56.000000	61.507000
910.128918	875.595245	55.999999	61.504000
910.128916	875.600041	56.000000	61.497000
910.128919	875.605441	56.000000	61.490000
910.128919	875.610238	55.999999	61.482000
910.128917	875.615248	56.000000	61.474000
910.128920	875.620038	56.000000	61.467000
910.128914	875.625042	55.999999	61.464000
910.128917	875.630034	56.000000	61.464000
910.128915	875.635253	56.000000	61.470000
910.128916	875.640048	56.000000	61.481000
910.128916	875.645039	55.999999	61.491000
910.128917	875.650028	56.000000	61.499000
910.128918	875.655438	56.000000	61.501000
910.128918	875.660440	56.000000	61.499000
910.128916	875.665449	56.000000	61.498000
910.128917	875.670434	56.000000	61.497000
910.128916	875.675447	56.000000	61.500000
910.128919	875.680251	55.999999	61.504000
910.128920	875.685450	56.000000	61.508000
910.128920	875.690439	55.999999	61.511000
910.128918	875.695453	56.000001	61.513000
910.128918	875.700251	56.000000	61.512000
910.128912	875.705451	56.000000	61.509000
910.128917	875.710244	56.000000	61.506000
910.128916	875.715257	56.000000	61.504000
910.128920	875.720252	56.000001	61.504000
910.128916	875.725252	55.999999	61.508000
910.128921	875.730640	56.000000	61.514000
910.128918	875.735645	55.999999	61.520000
910.128919	875.740648	56.000001	61.524000
910.128918	875.745635	56.000000	61.528000
910.128920	875.750624	56.000000	61.531000
910.128919	875.755848	56.000000	61.533000
910.128920	875.760646	56.000000	61.532000
910.128918	875.765650	55.999999	61.530000
910.128921	875.770637	56.000002	61.528000
910.128917	875.775447	56.000002	61.524000
910.128921	875.780449	56.000000	61.521000
910.128918	875.785450	56.000000	61.520000
910.128921	875.790636	56.000000	61.520000
910.128918	875.795452	56.000000	61.521000
910.128917	875.800444	56.000000	61.521000
910.128923	875.805848	55.999999	61.522000
910.128923	875.810838	56.000001	61.525000
910.128920	875.815850	55.999999	61.529000
910.128921	875.820846	56.000001	61.535000
910.128922	875.825844	56.000000	61.542000
910.128916	875.830840	55.999999	61.547000
910.128918	875.835651	55.999999	61.549000
910.128917	875.840849	56.000000	61.548000
910.128919	875.845657	56.000000	61.545000
910.128919	875.850646	55.999999	61.542000
910.128918	875.855658	56.000000	61.539000
910.128922	875.860855	55.999999	61.537000
910.128922	875.865668	56.000000	61.537000
910.128922	875.870655	56.000000	61.538000
910.128918	875.875668	55.999999	61.538000
910.128918	875.881455	56.000000	61.537000
910.128921	875.886070	56.000000	61.535000
910.128924	875.891271	56.000000	61.532000
910.128922	875.896260	55.999999	61.528000
910.128920	875.901054	56.000000	61.524000
910.128918	875.906059	56.000000	61.520000
910.128922	875.911258	55.999999	61.518000
910.128920	875.916060	56.000000	61.518000
910.128920	875.920850	56.000000	61.520000
910.128918	875.925859	56.000000	61.523000
910.128921	875.930838	56.000000	61.527000
910.128917	875.935856	56.000000	61.528000
910.128923	875.940845	56.000000	61.528000
910.128919	875.945856	56.000000	61.527000
910.128921	875.951049	56.000000	61.525000
910.128918	875.956247	56.000000	61.523000
910.128926	875.961243	56.000000	61.521000
910.128922	875.966255	55.999999	61.519000
910.128917	875.971451	56.000000	61.517000
910.128917	875.976248	56.000000	61.516000
910.128922	875.981248	56.000000	61.516000
910.128921	875.986255	55.999999	61.517000
910.128918	875.991242	56.000000	61.519000
910.128923	875.996052	56.000000	61.522000
910.128923	876.001244	56.000000	61.526000
910.128918	876.006261	55.999999	61.530000
910.128919	876.011247	56.000000	61.533000
910.128917	876.016056	55.999999	61.536000
910.128919	876.021046	56.000000	61.538000
910.128919	876.026267	55.999999	61.539000
910.128920	876.031052	56.000001	61.539000
910.128919	876.036466	56.000000	61.537000
910.128916	876.041453	56.000001	61.535000
910.128919	876.046660	56.000000	61.532000
910.128919	876.051459	56.000000	61.531000
910.128918	876.056655	55.999999	61.531000
910.128920	876.061448	56.000001	61.533000
910.128918	876.066463	55.999999	61.535000
910.128915	876.071457	56.000002	61.537000
910.128916	876.076452	56.000000	61.538000
910.128919	876.081437	56.000001	61.540000
910.128922	876.086461	55.999999	61.543000
910.128920	876.091251	55.999999	61.545000
910.128920	876.096451	56.000001	61.543000
910.128923	876.101239	55.999999	61.535000
910.128924	876.106052	56.000000	61.525000
910.128921	876.111654	55.999998	61.521000
910.128918	876.116654	55.999999	61.528000
910.128921	876.121640	56.000002	61.539000
910.128923	876.126659	55.999999	61.546000
910.128917	876.131652	56.000001	61.546000
910.128923	876.136653	56.000002	61.541000
910.128916	876.141635	55.999999	61.534000
910.128919	876.146664	55.999999	61.524000
910.128920	876.151669	56.000000	61.515000
910.128917	876.156453	56.000000	61.505000
910.128919	876.161448	55.999998	61.497000
910.128919	876.166459	56.000002	61.493000
910.128918	876.171453	55.999999	61.496000
910.128916	876.176655	56.000001	61.502000
910.128918	876.181452	56.000000	61.508000
910.128917	876.186856	55.999998	61.510000
910.128917	876.191854	56.000000	61.510000
910.128917	876.197048	55.999998	61.512000
910.128920	876.201845	55.999998	61.516000
910.128921	876.206857	56.000001	61.521000
910.128918	876.211849	56.000000	61.524000
910.128918	876.216845	55.999999	61.526000
910.128915	876.221839	56.000002	61.527000
910.128919	876.226853	55.999998	61.527000
910.128916	876.231852	56.000000	61.527000
910.128920	876.236851	56.000001	61.527000
910.128914	876.241634	56.000001	61.526000
910.128922	876.246656	56.000000	61.526000
910.128917	876.251651	56.000001	61.525000
910.128920	876.256653	55.999997	61.524000
910.128923	876.262239	56.000002	61.525000
910.128920	876.267048	56.000002	61.527000
910.128919	876.272047	56.000000	61.530000
910.128915	876.277056	55.999997	61.532000
910.128920	876.282038	56.000001	61.534000
910.128921	876.287048	56.000002	61.535000
910.128922	876.292047	55.999999	61.536000
910.128922	876.297041	55.999999	61.536000
910.128915	876.302035	56.000001	61.536000
910.128916	876.307051	55.999998	61.536000
910.128919	876.311856	55.999997	61.535000
910.128916	876.316854	55.999999	61.533000
910.128916	876.322042	55.999999	61.532000
910.128919	876.326859	55.999997	61.530000
910.128916	876.331863	56.000000	61.529000
910.128923	876.337253	56.000001	61.529000
910.128918	876.342246	55.999999	61.531000
910.128916	876.347258	56.000001	61.534000
910.128920	876.352470	56.000001	61.539000
910.128918	876.357463	56.000000	61.543000
910.128920	876.362443	56.000002	61.545000
910.128923	876.367452	55.999999	61.544000
910.128920	876.372275	55.999999	61.540000
910.128919	876.377263	56.000001	61.533000
910.128920	876.382244	56.000001	61.526000
910.128924	876.387454	56.000001	61.520000
910.128920	876.392259	55.999999	61.514000
910.128921	876.397251	56.000003	61.512000
910.128916	876.402240	55.999999	61.513000
910.128917	876.407249	55.999997	61.517000
910.128920	876.412852	56.000002	61.522000
910.128917	876.417648	56.000002	61.526000
910.128920	876.422634	56.000003	61.531000
910.128921	876.427651	55.999998	61.536000
910.128921	876.432653	56.000002	61.542000
910.128923	876.437654	56.000001	61.547000
910.128920	876.442622	55.999998	61.550000
910.128919	876.447652	56.000002	61.549000
910.128917	876.452458	56.000001	61.545000
910.128920	876.457845	55.999999	61.540000
910.128922	876.463033	56.000002	61.535000
910.128922	876.467841	56.000002	61.531000
910.128923	876.472650	56.000001	61.528000
910.128921	876.477650	55.999998	61.529000
910.128922	876.482635	56.000003	61.535000
910.128917	876.487847	56.000002	61.539000
910.128920	876.492856	55.999999	61.547000
910.128922	876.498454	56.000001	61.553000
910.128920	876.503235	56.000000	61.556000
910.128923	876.508248	56.000001	61.559000
910.128920	876.513259	56.000001	61.560000
910.128920	876.518257	56.000000	61.560000
910.128918	876.523228	56.000001	61.560000
910.128921	876.528246	56.000002	61.558000
910.128917	876.533258	55.999997	61.556000
910.128917	876.538254	56.000002	61.553000
910.128919	876.543233	55.999997	61.550000
910.128921	876.548044	55.999999	61.545000
910.128920	876.553060	55.999997	61.540000
910.128919	876.558049	56.000002	61.535000
910.128918	876.563032	56.000000	61.531000
910.128920	876.568244	56.000001	61.529000
910.128917	876.573457	55.999998	61.529000
910.128919	876.578458	56.000002	61.531000
910.128919	876.583434	55.999999	61.532000
910.128917	876.588446	55.999999	61.533000
910.128919	876.593458	55.999999	61.531000
910.128914	876.598446	55.999999	61.528000
910.128921	876.603433	56.000000	61.524000
910.128919	876.608440	56.000002	61.520000
910.128916	876.613452	55.999998	61.517000
910.128916	876.618453	56.000000	61.515000
910.128920	876.623237	55.999999	61.516000
910.128918	876.628447	55.999999	61.518000
910.128919	876.633260	56.000000	61.522000
910.128917	876.638259	55.999999	61.524000
910.128917	876.643235	55.999998	61.525000
910.128918	876.648444	56.000000	61.525000
910.128919	876.653467	55.999998	61.523000
910.128920	876.658464	56.000002	61.523000
910.128916	876.663438	56.000001	61.524000
910.128919	876.668454	55.999999	61.527000
910.128916	876.673461	56.000000	61.531000
910.128916	876.678657	55.999999	61.534000
910.128916	876.683434	55.999999	61.538000
910.128918	876.688446	56.000002	61.540000
910.128919	876.693465	56.000001	61.541000
910.128920	876.698257	56.000001	61.541000
910.128915	876.703235	55.999999	61.539000
910.128920	876.708246	56.000001	61.535000
910.128918	876.713259	56.000000	61.530000
910.128921	876.718255	56.000002	61.525000
910.128915	876.723636	56.000000	61.519000
910.128918	876.728641	55.999999	61.516000
910.128918	876.733654	56.000002	61.515000
910.128919	876.738650	55.999999	61.517000
910.128920	876.743626	56.000000	61.521000
910.128918	876.748631	56.000000	61.525000
910.128922	876.753644	56.000000	61.527000
910.128917	876.758648	56.000001	61.527000
910.128915	876.763430	56.000001	61.525000
910.128920	876.768628	56.000001	61.521000
910.128920	876.773451	56.000000	61.517000
910.128920	876.778445	56.000000	61.514000
910.128919	876.783631	56.000001	61.513000
910.128919	876.788437	55.999999	61.512000
910.128919	876.793458	56.000000	61.512000
910.128920	876.798853	56.000000	61.513000
910.128922	876.803833	55.999999	61.513000
910.128920	876.808846	56.000001	61.515000
910.128918	876.814060	56.000001	61.517000
910.128923	876.818855	56.000001	61.520000
910.128919	876.823839	55.999999	61.525000
910.128923	876.829041	56.000000	61.531000
910.128917	876.834068	56.000000	61.535000
910.128919	876.838662	56.000000	61.536000
910.128919	876.843841	56.000000	61.534000
910.128920	876.849046	56.000000	61.530000
910.128920	876.853677	56.000000	61.526000
910.128917	876.858663	56.000000	61.524000
910.128920	876.863645	55.999999	61.523000
910.128919	876.868651	55.999999	61.523000
910.128923	876.874069	56.000000	61.524000
910.128919	876.879055	55.999999	61.523000
910.128919	876.884045	56.000001	61.521000
910.128922	876.888841	55.999999	61.520000
910.128921	876.894060	55.999999	61.520000
910.128921	876.898866	56.000001	61.521000
910.128919	876.904036	56.000001	61.523000
910.128917	876.909046	55.999999	61.523000
910.128915	876.913852	56.000000	61.521000
910.128917	876.918851	56.000000	61.519000
910.128921	876.924035	55.999999	61.518000
910.128920	876.929031	55.999999	61.520000
910.128923	876.934051	56.000000	61.524000
910.128923	876.938846	56.000000	61.528000
910.128920	876.943835	55.999999	61.528000
910.128926	876.949438	55.999999	61.525000
910.128917	876.954252	56.000000	61.520000
910.128921	876.959245	56.000000	61.516000
910.128919	876.964234	55.999999	61.513000
910.128921	876.969226	56.000001	61.513000
910.128919	876.974244	56.000001	61.516000
910.128922	876.979236	55.999999	61.524000
910.128925	876.984222	55.999999	61.527000
910.128924	876.989222	56.000000	61.531000
910.128920	876.994037	55.999999	61.532000
910.128923	876.999638	55.999998	61.533000
910.128918	877.004022	56.000001	61.535000
910.128924	877.009026	55.999999	61.538000
910.128923	877.014042	56.000000	61.540000
910.128918	877.019038	55.999999	61.539000
910.128929	877.024426	56.000000	61.537000
910.128925	877.029417	56.000001	61.533000
910.128922	877.034445	56.000001	61.531000
910.128916	877.039638	55.999998	61.530000
910.128922	877.044432	55.999999	61.531000
910.128924	877.049424	56.000001	61.533000
910.128921	877.054443	55.999997	61.536000
910.128924	877.059241	55.999997	61.537000
910.128924	877.064438	56.000001	61.537000
910.128921	877.069234	56.000002	61.536000
910.128919	877.074456	55.999999	61.535000
910.128920	877.079259	56.000000	61.533000
910.128921	877.084237	56.000000	61.531000
910.128923	877.089238	56.000001	61.529000
910.128923	877.094253	56.000000	61.527000
910.128922	877.099445	56.000001	61.526000
910.128922	877.104642	56.000002	61.526000
910.128926	877.109432	56.000002	61.527000
910.128924	877.114656	56.000002	61.530000
910.128923	877.119852	56.000001	61.532000
910.128919	877.124643	56.000003	61.534000
910.128921	877.129632	56.000001	61.535000
910.128921	877.134650	56.000000	61.534000
910.128922	877.139654	56.000000	61.531000
910.128921	877.144642	56.000000	61.529000
910.128924	877.149431	56.000003	61.529000
910.128922	877.154449	55.999998	61.531000
910.128919	877.159454	56.000000	61.536000
910.128922	877.164435	56.000001	61.541000
910.128921	877.169431	56.000000	61.545000
910.128921	877.174451	55.999998	61.546000
910.128921	877.179849	55.999997	61.544000
910.128919	877.184842	56.000001	61.540000
910.128922	877.189836	56.000003	61.536000
910.128918	877.194848	55.999998	61.533000
910.128918	877.199850	56.000000	61.530000
910.128923	877.204838	56.000000	61.527000
910.128918	877.209840	55.999998	61.523000
910.128924	877.215052	56.000001	61.520000
910.128918	877.219649	56.000000	61.518000
910.128920	877.224844	55.999997	61.516000
910.128918	877.229634	55.999997	61.518000
910.128920	877.234653	56.000002	61.521000
910.128919	877.239657	55.999999	61.526000
910.128922	877.244644	56.000000	61.531000
910.128922	877.249636	56.000002	61.536000
910.128916	877.255059	55.999999	61.539000
910.128917	877.260060	55.999998	61.541000
910.128916	877.265049	56.000003	61.543000
910.128920	877.270046	56.000001	61.546000
910.128916	877.275054	55.999998	61.549000
910.128914	877.280251	55.999999	61.551000
910.128917	877.285042	55.999999	61.551000
910.128916	877.290043	55.999997	61.548000
910.128920	877.295254	56.000002	61.544000
910.128916	877.299855	55.999998	61.540000
910.128916	877.305046	55.999998	61.535000
910.128920	877.309844	55.999998	61.531000
910.128919	877.314859	55.999998	61.527000
910.128920	877.319849	56.000003	61.524000
910.128920	877.324848	55.999999	61.521000
910.128920	877.330051	56.000000	61.518000
910.128915	877.335062	55.999998	61.515000
910.128918	877.340060	56.000003	61.513000
910.128920	877.345255	56.000001	61.512000
910.128917	877.350051	56.000002	61.512000
910.128918	877.355062	56.000001	61.514000
910.128915	877.359866	56.000004	61.517000
910.128919	877.365063	55.999998	61.520000
910.128916	877.370050	56.000003	61.521000
910.128919	877.375070	55.999999	61.522000
910.128917	877.379867	55.999998	61.520000
910.128921	877.384857	55.999999	61.518000
910.128920	877.389855	56.000002	61.516000
910.128921	877.394870	55.999997	61.514000
910.128922	877.399869	55.999998	61.514000
910.128914	877.405262	56.000000	61.515000
910.128917	877.410254	56.000003	61.517000
910.128919	877.415266	55.999997	61.519000
910.128920	877.420261	55.999999	61.521000
910.128923	877.425469	55.999997	61.522000
910.128917	877.430459	56.000001	61.522000
910.128920	877.435267	56.000000	61.522000
910.128917	877.440264	56.000003	61.521000
910.128920	877.445263	55.999999	61.520000
910.128922	877.450056	56.000000	61.518000
910.128916	877.455069	55.999997	61.515000
910.128914	877.460067	55.999999	61.514000
910.128921	877.465061	56.000003	61.515000
910.128917	877.470047	56.000003	61.520000
910.128920	877.475063	56.000004	61.527000
910.128921	877.480060	55.999999	61.534000
910.128918	877.485461	56.000003	61.538000
910.128920	877.490449	55.999998	61.538000
910.128922	877.495850	56.000001	61.536000
910.128920	877.500449	55.999999	61.532000
910.128919	877.505656	55.999999	61.528000
910.128919	877.510647	55.999996	61.524000
910.128921	877.515449	55.999999	61.521000
910.128918	877.520449	55.999997	61.519000
910.128918	877.525447	56.000001	61.517000
910.128918	877.530438	56.000003	61.514000
910.128916	877.535263	56.000003	61.510000
910.128916	877.540254	56.000004	61.507000
910.128921	877.545250	56.000001	61.505000
910.128919	877.550234	55.999999	61.505000
910.128915	877.555239	55.999998	61.508000
910.128917	877.560248	55.999997	61.513000
910.128917	877.565645	55.999997	61.519000
910.128918	877.570631	55.999997	61.526000
910.128921	877.575839	56.000003	61.532000
910.128919	877.580640	56.000000	61.537000
910.128923	877.585444	55.999996	61.541000
910.128919	877.590640	56.000003	61.541000
910.128916	877.595446	55.999998	61.538000
910.128918	877.600644	56.000003	61.533000
910.128920	877.605648	56.000003	61.527000
910.128920	877.610437	56.000001	61.521000
910.128918	877.615455	56.000001	61.516000
910.128921	877.620449	56.000003	61.513000
910.128920	877.625442	56.000002	61.511000
910.128922	877.630432	56.000003	61.511000
910.128920	877.635448	56.000002	61.513000
910.128921	877.640843	56.000002	61.516000
910.128920	877.645839	56.000003	61.521000
910.128920	877.650828	56.000003	61.525000
910.128922	877.655834	56.000002	61.529000
910.128922	877.660841	56.000003	61.531000
910.128923	877.665841	56.000003	61.531000
910.128922	877.670830	56.000003	61.531000
910.128923	877.676041	55.999999	61.530000
910.128920	877.680835	56.000003	61.532000
910.128920	877.685637	55.999997	61.535000
910.128921	877.691027	56.000000	61.540000
910.128919	877.696037	56.000000	61.544000
910.128919	877.700845	56.000002	61.548000
910.128920	877.705855	56.000003	61.549000
910.128917	877.710836	56.000003	61.548000
910.128920	877.716042	55.999998	61.545000
910.128919	877.721234	56.000002	61.541000
910.128924	877.726257	56.000002	61.537000
910.128921	877.731260	56.000003	61.533000
910.128918	877.736253	56.000003	61.531000
910.128922	877.741241	56.000003	61.529000
910.128925	877.746256	56.000003	61.527000
910.128925	877.751258	56.000002	61.524000
910.128922	877.756459	56.000002	61.522000
910.128921	877.761243	55.999997	61.519000
910.128926	877.766052	56.000002	61.519000
910.128920	877.771050	56.000000	61.521000
910.128920	877.776060	55.999998	61.525000
910.128920	877.781055	56.000000	61.527000
910.128921	877.786049	56.000000	61.525000
910.128920	877.791437	56.000001	61.520000
910.128923	877.796249	56.000000	61.514000
910.128923	877.801243	55.999998	61.509000
910.128922	877.806260	55.999999	61.508000
910.128926	877.811240	55.999997	61.511000
910.128922	877.816241	55.999997	61.518000
910.128925	877.821242	55.999997	61.526000
910.128921	877.826254	55.999998	61.532000
910.128923	877.831240	55.999998	61.535000
910.128922	877.836047	55.999998	61.534000
910.128921	877.841047	55.999999	61.533000
910.128929	877.846054	55.999999	61.531000
910.128919	877.851046	56.000000	61.529000
910.128922	877.856053	56.000000	61.528000
910.128918	877.861045	56.000001	61.527000
910.128922	877.866058	56.000001	61.525000
910.128922	877.871451	56.000000	61.524000
910.128924	877.876447	55.999998	61.522000
910.128924	877.881441	55.999998	61.521000
910.128923	877.886449	56.000000	61.520000
910.128920	877.891442	56.000001	61.521000
910.128921	877.896443	56.000001	61.522000
910.128917	877.901634	55.999999	61.522000
910.128921	877.906455	55.999998	61.521000
910.128923	877.911444	55.999999	61.518000
910.128916	877.916452	56.000001	61.514000
910.128922	877.921448	56.000000	61.510000
910.128925	877.926254	56.000002	61.508000
910.128920	877.931252	56.000002	61.507000
910.128919	877.936268	56.000001	61.510000
910.128922	877.941463	55.999998	61.516000
910.128920	877.946671	56.000002	61.523000
910.128917	877.952267	56.000000	61.530000
910.128921	877.957064	56.000000	61.534000
910.128921	877.962644	55.999998	61.536000
910.128918	877.967068	55.999999	61.537000
910.128921	877.972262	56.000001	61.537000
910.128918	877.977071	56.000002	61.538000
910.128919	877.982245	55.999997	61.537000
910.128915	877.986869	56.000000	61.536000
910.128917	877.991856	56.000001	61.533000
910.128920	877.996867	56.000002	61.531000
910.128920	878.001851	56.000001	61.531000
910.128920	878.006872	56.000000	61.534000
910.128916	878.011869	56.000001	61.540000
910.128917	878.016866	56.000002	61.543000
910.128917	878.022255	56.000001	61.542000
910.128922	878.027660	55.999998	61.536000
910.128920	878.032466	56.000003	61.530000
910.128917	878.037453	56.000002	61.523000
910.128921	878.042428	56.000002	61.519000
910.128921	878.047458	56.000002	61.519000
910.128921	878.052262	55.999998	61.522000
910.128918	878.057657	55.999999	61.526000
910.128918	878.062431	55.999999	61.527000
910.128920	878.067442	56.000000	61.526000
910.128920	878.072249	56.000000	61.522000
910.128919	878.077236	56.000001	61.517000
910.128917	878.082233	55.999999	61.514000
910.128917	878.087248	56.000000	61.512000
910.128920	878.092241	56.000001	61.512000
910.128920	878.097240	56.000001	61.513000
910.128918	878.102615	55.999999	61.516000
910.128920	878.107634	55.999998	61.520000
910.128924	878.112634	55.999998	61.525000
910.128916	878.117444	56.000000	61.530000
910.128919	878.122629	55.999998	61.535000
910.128921	878.127643	55.999999	61.539000
910.128919	878.132644	56.000001	61.542000
910.128921	878.137645	56.000000	61.542000
910.128925	878.142428	56.000001	61.540000
910.128921	878.147651	56.000000	61.537000
910.128919	878.152454	55.999998	61.534000
910.128919	878.157460	56.000001	61.531000
910.128915	878.162447	56.000002	61.529000
910.128922	878.167641	55.999997	61.528000
910.128920	878.172453	56.000001	61.528000
910.128915	878.178055	55.999998	61.527000
910.128918	878.182845	55.999999	61.526000
910.128921	878.187850	55.999998	61.524000
910.128919	878.192843	56.000001	61.522000
910.128927	878.197849	56.000002	61.521000
910.128917	878.202838	55.999999	61.522000
910.128923	878.208057	56.000002	61.525000
910.128918	878.212855	56.000002	61.528000
910.128921	878.217846	55.999998	61.529000
910.128920	878.222837	56.000000	61.528000
910.128918	878.227652	55.999998	61.526000
910.128918	878.232653	56.000001	61.523000
910.128919	878.237661	56.000002	61.521000
910.128916	878.242642	55.999999	61.519000
910.128925	878.247651	56.000001	61.518000
910.128918	878.253043	55.999999	61.517000
910.128922	878.258054	56.000000	61.516000
910.128920	878.263027	55.999999	61.515000
910.128920	878.268241	55.999999	61.515000
910.128915	878.273049	56.000000	61.517000
910.128922	878.278039	55.999999	61.523000
910.128917	878.283025	56.000000	61.534000
910.128923	878.288033	56.000000	61.544000
910.128920	878.293043	56.000000	61.552000
910.128919	878.298037	56.000000	61.554000
910.128921	878.303021	56.000000	61.553000
910.128922	878.307836	56.000000	61.549000
910.128919	878.313040	56.000000	61.544000
910.128922	878.317840	55.999999	61.539000
910.128922	878.322815	56.000000	61.534000
910.128925	878.328225	56.000001	61.531000
910.128921	878.333044	56.000000	61.530000
910.128921	878.338033	56.000001	61.531000
910.128919	878.343018	56.000001	61.533000
910.128918	878.348027	55.999999	61.534000
910.128919	878.353039	56.000001	61.534000
910.128918	878.358032	55.999999	61.533000
910.128918	878.363022	56.000000	61.532000
910.128922	878.368022	56.000000	61.534000
910.128922	878.372838	56.000002	61.538000
910.128924	878.377840	56.000002	61.542000
910.128919	878.382823	55.999997	61.543000
910.128918	878.387833	56.000002	61.540000
910.128924	878.392850	55.999999	61.534000
910.128922	878.397833	55.999999	61.528000
910.128922	878.403224	56.000002	61.523000
910.128923	878.408248	55.999999	61.520000
910.128922	878.413258	55.999999	61.518000
910.128921	878.418235	56.000002	61.518000
910.128922	878.423021	55.999998	61.518000
910.128925	878.428274	56.000001	61.517000
910.128921	878.433260	55.999998	61.514000
910.128917	878.438255	56.000000	61.511000
910.128918	878.443235	55.999999	61.509000
910.128920	878.448252	56.000000	61.510000
910.128920	878.453281	56.000001	61.513000
910.128918	878.458064	56.000003	61.518000
910.128924	878.463034	56.000001	61.523000
910.128922	878.468057	56.000000	61.526000
910.128923	878.473058	55.999999	61.528000
910.128914	878.478667	55.999997	61.532000
910.128919	878.483442	55.999999	61.536000
910.128915	878.488443	55.999998	61.541000
910.128920	878.493473	55.999999	61.544000
910.128921	878.498664	56.000001	61.546000
910.128920	878.503439	56.000001	61.545000
910.128918	878.508449	56.000003	61.542000
910.128916	878.513451	56.000002	61.538000
910.128919	878.518462	56.000002	61.535000
910.128922	878.523449	56.000001	61.532000
910.128921	878.528452	56.000000	61.530000
910.128921	878.533249	55.999997	61.528000
910.128921	878.538254	55.999997	61.526000
910.128920	878.543439	55.999997	61.525000
910.128919	878.548456	55.999996	61.526000
910.128919	878.553259	56.000002	61.528000
910.128917	878.558667	56.000002	61.533000
910.128918	878.563847	56.000001	61.536000
910.128918	878.568661	56.000002	61.538000
910.128917	878.573664	56.000001	61.537000
910.128921	878.578857	56.000001	61.533000
910.128920	878.583643	56.000000	61.528000
910.128919	878.588658	56.000000	61.523000
910.128919	878.593661	56.000000	61.519000
910.128920	878.598659	56.000000	61.518000
910.128921	878.603644	55.999999	61.520000
910.128918	878.608455	56.000001	61.524000
910.128920	878.613662	55.999999	61.529000
910.128916	878.618446	55.999998	61.533000
910.128917	878.623425	55.999998	61.539000
910.128919	878.628648	56.000002	61.543000
910.128919	878.634064	56.000004	61.546000
910.128917	878.638863	55.999999	61.546000
910.128921	878.643834	56.000002	61.543000
910.128917	878.648648	56.000000	61.540000
910.128920	878.653861	55.999999	61.539000
910.128920	878.658662	56.000003	61.539000
910.128915	878.663836	55.999997	61.539000
910.128922	878.668641	56.000001	61.539000
910.128917	878.673660	55.999997	61.538000
910.128915	878.678660	55.999997	61.536000
910.128918	878.683649	55.999998	61.534000
910.128915	878.688653	56.000002	61.531000
910.128920	878.693866	55.999999	61.529000
910.128920	878.698663	56.000000	61.527000
910.128920	878.703646	55.999997	61.525000
910.128917	878.708857	56.000003	61.525000
910.128919	878.713868	55.999999	61.524000
910.128922	878.719457	55.999999	61.523000
910.128922	878.724464	56.000003	61.523000
910.128918	878.729457	56.000000	61.522000
910.128920	878.734456	56.000000	61.522000
910.128917	878.739255	56.000000	61.520000
910.128924	878.744466	56.000001	61.519000
910.128919	878.749256	55.999999	61.517000
910.128921	878.754479	56.000002	61.515000
910.128921	878.759255	56.000002	61.514000
910.128918	878.764250	55.999998	61.514000
910.128920	878.769253	56.000000	61.515000
910.128918	878.774257	56.000002	61.516000
910.128922	878.779060	56.000002	61.516000
910.128922	878.784653	55.999998	61.515000
910.128920	878.789647	56.000000	61.515000
910.128921	878.794662	56.000003	61.516000
910.128921	878.799665	55.999998	61.519000
910.128917	878.804665	55.999997	61.522000
910.128921	878.809651	56.000002	61.526000
910.128918	878.814659	55.999999	61.530000
910.128920	878.819660	55.999997	61.532000
910.128920	878.824455	55.999999	61.534000
910.128920	878.829446	55.999997	61.536000
910.128921	878.834466	55.999998	61.537000
910.128919	878.839462	56.000002	61.537000
910.128922	878.844451	56.000003	61.535000
910.128919	878.849640	55.999999	61.532000
910.128917	878.854473	55.999997	61.528000
910.128922	878.859862	55.999997	61.526000
910.128920	878.865055	56.000003	61.527000
910.128920	878.869847	56.000002	61.531000
910.128919	878.874865	56.000002	61.536000
910.128920	878.879861	56.000001	61.541000
910.128924	878.884852	55.999999	61.543000
910.128922	878.890045	56.000002	61.543000
910.128921	878.894867	56.000001	61.542000
910.128921	878.899865	55.999998	61.540000
910.128917	878.904856	56.000002	61.540000
910.128921	878.909648	56.000003	61.540000
910.128919	878.914670	56.000000	61.540000
910.128925	878.919661	55.999999	61.539000
910.128918	878.924657	56.000002	61.538000
910.128919	878.930043	56.000002	61.539000
910.128923	878.935068	56.000002	61.541000
910.128920	878.940054	55.999998	61.543000
910.128918	878.945051	56.000001	61.545000
910.128921	878.950248	56.000001	61.546000
910.128918	878.955066	56.000001	61.547000
910.128918	878.960055	55.999999	61.546000
910.128923	878.965055	56.000001	61.543000
910.128917	878.970045	55.999998	61.539000
910.128921	878.974866	55.999998	61.534000
910.128918	878.979858	56.000001	61.530000
910.128920	878.985057	55.999998	61.527000
910.128924	878.989844	55.999998	61.525000
910.128919	878.994871	55.999998	61.525000
910.128918	878.999866	55.999999	61.525000
910.128918	879.004865	56.000002	61.524000
910.128918	879.010056	55.999997	61.522000
910.128918	879.015278	56.000002	61.518000
910.128917	879.019868	55.999998	61.513000
910.128923	879.025068	56.000002	61.509000
910.128919	879.030063	55.999998	61.505000
910.128922	879.035076	55.999997	61.504000
910.128919	879.040071	55.999997	61.504000
910.128919	879.045068	55.999998	61.507000
910.128919	879.050060	56.000000	61.512000
910.128920	879.055071	56.000002	61.517000
910.128918	879.059866	55.999999	61.521000
910.128920	879.064863	56.000002	61.523000
910.128922	879.069855	56.000001	61.523000
910.128921	879.074875	56.000000	61.523000
910.128920	879.079869	55.999999	61.524000
910.128920	879.085467	55.999998	61.527000
910.128919	879.090254	55.999998	61.531000
910.128917	879.095271	56.000001	61.536000
910.128918	879.100272	56.000002	61.539000
910.128918	879.105256	56.000000	61.541000
910.128919	879.110253	55.999999	61.543000
910.128919	879.115265	56.000002	61.544000
910.128918	879.120270	56.000000	61.545000
910.128921	879.125062	55.999999	61.545000
910.128923	879.130057	56.000000	61.543000
910.128919	879.135075	56.000000	61.541000
910.128920	879.140061	55.999998	61.537000
910.128919	879.145065	56.000000	61.533000
910.128921	879.150256	56.000000	61.528000
910.128918	879.155261	55.999999	61.524000
910.128920	879.160469	56.000003	61.520000
910.128915	879.165267	55.999999	61.516000
910.128919	879.170656	55.999997	61.515000
910.128915	879.175461	56.000000	61.516000
910.128913	879.180465	55.999999	61.520000
910.128916	879.185466	55.999998	61.526000
910.128917	879.190457	56.000000	61.532000
910.128920	879.195470	56.000002	61.534000
910.128915	879.200468	56.000000	61.534000
910.128917	879.205262	56.000000	61.531000
910.128917	879.210460	56.000000	61.527000
910.128918	879.215270	55.999999	61.523000
910.128916	879.220266	56.000001	61.520000
910.128918	879.225256	56.000003	61.519000
910.128915	879.230454	55.999999	61.520000
910.128920	879.235861	56.000003	61.522000
910.128914	879.240652	55.999998	61.525000
910.128920	879.245655	55.999998	61.526000
910.128916	879.250852	56.000003	61.526000
910.128917	879.255853	56.000003	61.525000
910.128918	879.260650	55.999998	61.526000
910.128918	879.265455	55.999997	61.527000
910.128917	879.270647	56.000000	61.529000
910.128918	879.275459	55.999997	61.530000
910.128919	879.280650	55.999998	61.530000
910.128916	879.285453	55.999999	61.529000
910.128919	879.290647	55.999999	61.528000
910.128922	879.295451	55.999998	61.528000
910.128919	879.300651	56.000000	61.529000
910.128917	879.305456	55.999998	61.530000
910.128917	879.310647	56.000002	61.532000
910.128921	879.316053	55.999998	61.533000
910.128920	879.321051	55.999998	61.533000
910.128920	879.326052	55.999998	61.532000
910.128918	879.331045	56.000000	61.531000
910.128921	879.336052	56.000000	61.531000
910.128916	879.341047	56.000000	61.531000
910.128921	879.346050	56.000000	61.530000
910.128919	879.351048	56.000002	61.529000
910.128920	879.355848	56.000001	61.527000
910.128922	879.360853	56.000001	61.526000
910.128918	879.365856	56.000001	61.528000
910.128924	879.370851	56.000000	61.532000
910.128921	879.375859	56.000002	61.539000
910.128919	879.380857	56.000001	61.545000
910.128925	879.386058	56.000001	61.549000
910.128922	879.391259	55.999998	61.551000
910.128925	879.396253	56.000000	61.550000
910.128924	879.401256	56.000002	61.548000
910.128920	879.406456	56.000000	61.545000
910.128924	879.411256	56.000002	61.541000
910.128920	879.416257	56.000002	61.536000
910.128923	879.421245	56.000001	61.531000
910.128920	879.426054	56.000001	61.527000
910.128924	879.431250	56.000000	61.522000
910.128921	879.436453	55.999998	61.520000
910.128921	879.441047	56.000001	61.520000
910.128920	879.446056	55.999998	61.523000
910.128925	879.451256	56.000002	61.529000
910.128920	879.456061	56.000000	61.534000
910.128924	879.461447	55.999999	61.538000
910.128922	879.466466	56.000002	61.540000
910.128924	879.471459	56.000000	61.539000
910.128925	879.476460	55.999999	61.537000
910.128923	879.481455	55.999999	61.533000
910.128925	879.486674	55.999998	61.530000
910.128920	879.491464	55.999999	61.526000
910.128925	879.496462	56.000000	61.522000
910.128923	879.501450	56.000000	61.519000
910.128923	879.506269	55.999999	61.516000
910.128918	879.511262	56.000000	61.514000
910.128923	879.516266	56.000001	61.513000
910.128924	879.521254	55.999999	61.512000
910.128925	879.526463	56.000002	61.510000
910.128922	879.531462	56.000003	61.509000
910.128920	879.536668	55.999999	61.508000
910.128922	879.541654	55.999999	61.509000
910.128922	879.546660	55.999999	61.511000
910.128923	879.551669	56.000000	61.514000
910.128921	879.556663	56.000001	61.518000
910.128923	879.561656	55.999999	61.522000
910.128923	879.566671	56.000000	61.526000
910.128921	879.571662	55.999999	61.529000
910.128919	879.576656	55.999999	61.532000
910.128919	879.581657	56.000002	61.535000
910.128920	879.586659	56.000001	61.538000
910.128919	879.591461	55.999999	61.540000
910.128925	879.596455	56.000002	61.541000
910.128922	879.601644	56.000002	61.540000
910.128924	879.606659	56.000001	61.536000
910.128921	879.611862	55.999999	61.531000
910.128914	879.616859	55.999997	61.526000
910.128917	879.622045	56.000001	61.520000
910.128920	879.627050	56.000002	61.515000
910.128921	879.631860	55.999998	61.512000
910.128919	879.636856	55.999998	61.512000
910.128920	879.641852	55.999998	61.515000
910.128918	879.646859	55.999998	61.522000
910.128919	879.651862	55.999998	61.530000
910.128916	879.656860	55.999997	61.537000
910.128922	879.661850	55.999998	61.543000
910.128920	879.666860	55.999997	61.546000
910.128924	879.671658	56.000001	61.548000
910.128922	879.676651	56.000001	61.549000
910.128919	879.681830	55.999998	61.549000
910.128916	879.687040	56.000002	61.548000
910.128919	879.692047	56.000003	61.547000
910.128919	879.697046	56.000001	61.545000
910.128917	879.702029	56.000002	61.542000
910.128921	879.707036	56.000001	61.538000
910.128919	879.712238	55.999999	61.535000
910.128918	879.717029	56.000002	61.533000
910.128920	879.722027	56.000002	61.531000
910.128922	879.727035	56.000002	61.530000
910.128919	879.731840	55.999999	61.530000
910.128919	879.736842	55.999999	61.530000
910.128918	879.741828	55.999998	61.531000
910.128919	879.746843	55.999998	61.532000
910.128917	879.751849	55.999999	61.531000
910.128917	879.756844	55.999998	61.528000
910.128920	879.762230	55.999998	61.525000
910.128916	879.767436	56.000001	61.521000
910.128922	879.772247	55.999998	61.520000
910.128919	879.777246	55.999999	61.520000
910.128920	879.782029	55.999999	61.520000
910.128918	879.787240	55.999999	61.520000
910.128920	879.792254	55.999999	61.518000
910.128918	879.797249	56.000000	61.514000
910.128918	879.802037	56.000000	61.511000
910.128919	879.807249	56.000000	61.508000
910.128918	879.812255	56.000000	61.507000
910.128914	879.817048	56.000000	61.506000
910.128918	879.822040	56.000000	61.506000
910.128918	879.827251	55.999999	61.506000
910.128920	879.832063	55.999998	61.506000
910.128919	879.837052	56.000001	61.508000
910.128919	879.842435	56.000002	61.509000
910.128918	879.847646	55.999999	61.510000
910.128923	879.852459	56.000000	61.511000
910.128918	879.857445	56.000001	61.511000
910.128922	879.862436	56.000000	61.512000
910.128925	879.867447	56.000001	61.516000
910.128922	879.872458	56.000001	61.523000
910.128916	879.877447	55.999999	61.531000
910.128924	879.882832	55.999999	61.537000
910.128918	879.887252	56.000000	61.540000
910.128922	879.892262	56.000000	61.539000
910.128919	879.897261	56.000001	61.536000
910.128918	879.902442	56.000001	61.533000
910.128919	879.907255	55.999999	61.530000
910.128920	879.912273	55.999998	61.528000
910.128917	879.917657	56.000003	61.525000
910.128923	879.922637	56.000002	61.522000
910.128922	879.927651	56.000002	61.519000
910.128921	879.932667	56.000003	61.517000
910.128921	879.937648	56.000002	61.517000
910.128922	879.942642	56.000002	61.520000
910.128923	879.947655	56.000001	61.525000
910.128921	879.952657	56.000001	61.530000
910.128921	879.957654	56.000001	61.534000
910.128924	879.962437	56.000001	61.536000
910.128920	879.967447	56.000000	61.537000
910.128922	879.972459	56.000002	61.539000
910.128921	879.977452	56.000001	61.541000
910.128922	879.982433	56.000001	61.542000
910.128920	879.987465	56.000000	61.541000
910.128920	879.992855	56.000000	61.541000
910.128918	879.998063	56.000000	61.540000
910.128922	880.003041	56.000000	61.540000
910.128920	880.007846	56.000000	61.540000
910.128921	880.012864	56.000000	61.537000
910.128917	880.017851	56.000000	61.533000
910.128920	880.022833	56.000001	61.527000
910.128921	880.027843	56.000000	61.521000
910.128922	880.032862	56.000000	61.517000
910.128921	880.037858	56.000000	61.518000
910.128921	880.042635	56.000000	61.524000
910.128921	880.047652	55.999999	61.529000
910.128921	880.052656	55.999999	61.532000
910.128915	880.057650	55.999999	61.532000
910.128923	880.062631	56.000001	61.530000
910.128927	880.067641	56.000002	61.526000
910.128921	880.073042	56.000001	61.523000
910.128919	880.078041	56.000001	61.521000
910.128919	880.083027	56.000000	61.522000
910.128920	880.088039	56.000000	61.524000
910.128919	880.093055	56.000001	61.524000
910.128924	880.098246	56.000001	61.523000
910.128921	880.103024	56.000002	61.521000
910.128920	880.108040	56.000001	61.520000
910.128918	880.112851	56.000001	61.519000
910.128922	880.117845	56.000001	61.518000
910.128917	880.122826	56.000001	61.517000
910.128921	880.127844	56.000000	61.517000
910.128920	880.133047	56.000001	61.516000
910.128921	880.137850	56.000000	61.516000
910.128921	880.143033	56.000001	61.516000
910.128920	880.148247	56.000000	61.517000
910.128919	880.153252	55.999999	61.520000
910.128918	880.158258	55.999999	61.526000
910.128920	880.163233	56.000001	61.537000
910.128917	880.168242	55.999999	61.550000
910.128923	880.173258	56.000000	61.558000
910.128917	880.178254	56.000001	61.561000
910.128920	880.183438	55.999997	61.558000
910.128919	880.188244	56.000002	61.552000
910.128921	880.193059	55.999999	61.546000
910.128922	880.198268	56.000001	61.542000
910.128920	880.203048	56.000001	61.539000
910.128919	880.208052	56.000001	61.539000
910.128922	880.213068	56.000001	61.539000
910.128920	880.218261	56.000000	61.539000
910.128917	880.223643	56.000001	61.536000
910.128918	880.228454	56.000000	61.532000
910.128919	880.233469	56.000000	61.528000
910.128921	880.238470	56.000001	61.523000
910.128919	880.243449	56.000000	61.519000
910.128919	880.248458	56.000000	61.517000
910.128915	880.253474	56.000000	61.516000
910.128918	880.258468	56.000001	61.517000
910.128920	880.263449	56.000000	61.519000
910.128921	880.268249	56.000000	61.522000
910.128918	880.273468	55.999999	61.527000
910.128919	880.278264	56.000000	61.536000
910.128919	880.283246	55.999999	61.549000
910.128921	880.288258	56.000000	61.562000
910.128920	880.293266	56.000000	61.570000
910.128919	880.298459	56.000001	61.573000
910.128918	880.303448	55.999999	61.570000
910.128919	880.308452	56.000002	61.565000
910.128919	880.313463	56.000001	61.558000
910.128919	880.318463	56.000000	61.550000
910.128918	880.323445	56.000001	61.542000
910.128917	880.328653	56.000001	61.535000
910.128915	880.333465	56.000001	61.528000
910.128917	880.338653	55.999999	61.523000
910.128916	880.343436	55.999999	61.520000
910.128918	880.348846	55.999998	61.518000
910.128919	880.353258	55.999998	61.519000
910.128916	880.358259	56.000000	61.521000
910.128921	880.363236	55.999999	61.523000
910.128919	880.368438	56.000001	61.526000
910.128919	880.373857	56.000000	61.528000
910.128920	880.378653	55.999999	61.528000
910.128917	880.383633	56.000003	61.525000
910.128922	880.388839	55.999998	61.521000
910.128915	880.393657	56.000000	61.519000
910.128921	880.398652	55.999998	61.519000
910.128923	880.403642	56.000002	61.522000
910.128919	880.408646	56.000001	61.527000
910.128918	880.413658	56.000000	61.530000
910.128921	880.418455	56.000002	61.532000
910.128918	880.423645	55.999998	61.533000
910.128915	880.428842	55.999999	61.533000
910.128920	880.433659	56.000001	61.535000
910.128918	880.438451	56.000001	61.536000
910.128921	880.443438	56.000002	61.538000
910.128920	880.448841	56.000002	61.539000
910.128920	880.453851	55.999999	61.539000
910.128916	880.458854	55.999997	61.541000
910.128918	880.463845	55.999999	61.543000
910.128918	880.468649	55.999998	61.543000
910.128920	880.473854	56.000001	61.539000
910.128919	880.479257	55.999999	61.533000
910.128916	880.484249	55.999998	61.527000
910.128922	880.489240	56.000000	61.520000
910.128920	880.494266	56.000002	61.514000
910.128919	880.499056	56.000003	61.509000
910.128919	880.504048	56.000001	61.506000
910.128919	880.509039	55.999998	61.508000
910.128921	880.514059	55.999998	61.513000
910.128920	880.519055	56.000001	61.521000
910.128922	880.524445	55.999999	61.527000
910.128922	880.529442	56.000003	61.528000
910.128919	880.534460	56.000000	61.526000
910.128920	880.539454	55.999999	61.526000
910.128927	880.544439	56.000002	61.528000
910.128922	880.549235	56.000002	61.531000
910.128921	880.554454	55.999998	61.533000
910.128919	880.559463	56.000002	61.534000
910.128924	880.564444	55.999999	61.534000
910.128924	880.569238	56.000001	61.533000
910.128922	880.574247	55.999998	61.531000
910.128919	880.579250	56.000002	61.528000
910.128922	880.584250	55.999999	61.524000
910.128923	880.589238	55.999999	61.520000
910.128920	880.594455	55.999998	61.518000
910.128924	880.599650	56.000001	61.518000
910.128920	880.604642	55.999998	61.522000
910.128926	880.609636	56.000002	61.527000
910.128918	880.614653	55.999998	61.531000
910.128946	880.618333	55.999999	61.531000
