963.385873	937.771131	56.000000	50.756000
963.385888	937.841645	56.000000	50.759000
963.385881	937.846444	56.000001	50.758000
963.385882	937.851461	55.999998	50.758000
963.385881	937.856447	56.000001	50.757000
963.385880	937.861471	55.999999	50.756000
963.385878	937.866271	56.000000	50.756000
963.385874	937.871279	56.000001	50.756000
963.385875	937.876475	56.000002	50.755000
963.385874	937.881485	55.999999	50.753000
963.385872	937.886877	56.000001	50.751000
963.385871	937.891891	55.999999	50.750000
963.385874	937.896883	56.000001	50.750000
963.385873	937.901887	55.999999	50.750000
963.385870	937.906686	55.999998	50.749000
963.385867	937.911689	56.000000	50.749000
963.385870	937.916682	55.999999	50.749000
963.385868	937.921689	56.000001	50.749000
963.385870	937.926884	56.000000	50.750000
963.385872	937.931896	56.000000	50.750000
963.385869	937.936882	56.000000	50.750000
963.385870	937.941894	55.999999	50.749000
963.385869	937.946891	56.000001	50.749000
963.385871	937.951905	55.999999	50.749000
963.385870	937.956889	56.000002	50.751000
963.385873	937.962093	56.000001	50.753000
963.385870	937.967093	55.999998	50.755000
963.385868	937.972105	56.000001	50.757000
963.385872	937.977305	56.000001	50.758000
963.385876	937.982147	56.000001	50.759000
963.385872	937.987291	56.000001	50.760000
963.385871	937.992122	56.000000	50.760000
963.385866	937.997090	56.000000	50.761000
963.385870	938.002106	56.000000	50.763000
963.385869	938.007096	55.999999	50.765000
963.385872	938.012102	56.000001	50.766000
963.385870	938.017099	55.999998	50.768000
963.385872	938.022097	56.000002	50.770000
963.385873	938.027298	56.000001	50.771000
963.385867	938.032112	56.000000	50.772000
963.385871	938.037504	56.000001	50.772000
963.385869	938.042499	56.000000	50.772000
963.385869	938.047701	56.000001	50.772000
963.385867	938.052315	56.000000	50.774000
963.385870	938.057299	56.000002	50.774000
963.385869	938.062301	56.000000	50.773000
963.385871	938.067303	55.999998	50.771000
963.385870	938.072319	56.000001	50.769000
963.385869	938.077496	55.999998	50.767000
963.385868	938.082108	55.999998	50.765000
963.385869	938.087306	56.000002	50.764000
963.385867	938.092108	56.000001	50.763000
963.385869	938.097302	55.999999	50.762000
963.385868	938.102102	55.999998	50.761000
963.385870	938.107302	56.000002	50.760000
963.385868	938.112710	56.000000	50.759000
963.385869	938.117700	56.000001	50.757000
963.385869	938.122497	56.000001	50.755000
963.385866	938.127493	56.000003	50.754000
963.385872	938.132502	56.000002	50.752000
963.385869	938.137498	56.000001	50.750000
963.385870	938.142483	55.999999	50.749000
963.385871	938.147693	56.000001	50.748000
963.385869	938.152497	55.999997	50.746000
963.385867	938.157479	55.999999	50.744000
963.385869	938.162690	56.000002	50.742000
963.385869	938.167688	55.999999	50.740000
963.385871	938.172697	55.999997	50.739000
963.385868	938.177693	55.999997	50.738000
963.385871	938.182497	56.000002	50.737000
963.385865	938.187898	56.000003	50.736000
963.385870	938.192704	55.999998	50.735000
963.385869	938.197694	55.999998	50.735000
963.385867	938.202699	56.000001	50.734000
963.385870	938.207697	56.000002	50.735000
963.385867	938.212713	56.000001	50.735000
963.385866	938.217710	55.999998	50.736000
963.385870	938.222708	55.999997	50.736000
963.385868	938.227710	55.999999	50.737000
963.385869	938.232510	56.000002	50.738000
963.385867	938.237710	55.999998	50.739000
963.385867	938.242710	55.999999	50.740000
963.385868	938.247704	56.000001	50.741000
963.385869	938.252502	55.999999	50.742000
963.385866	938.258111	56.000001	50.744000
963.385868	938.263104	55.999999	50.747000
963.385867	938.268095	55.999998	50.751000
963.385869	938.272914	56.000001	50.754000
963.385867	938.278111	55.999999	50.758000
963.385866	938.282907	55.999999	50.761000
963.385869	938.287900	56.000001	50.764000
963.385866	938.293118	55.999999	50.768000
963.385866	938.297905	55.999999	50.772000
963.385864	938.302895	56.000001	50.775000
963.385870	938.307898	56.000000	50.778000
963.385868	938.312907	56.000000	50.781000
963.385868	938.317905	56.000000	50.783000
963.385868	938.322899	56.000001	50.785000
963.385868	938.327898	55.999999	50.786000
963.385869	938.333306	56.000000	50.787000
963.385869	938.338104	55.999998	50.788000
963.385868	938.343300	56.000000	50.788000
963.385868	938.348300	55.999998	50.789000
963.385868	938.353107	56.000000	50.789000
963.385869	938.358311	55.999999	50.789000
963.385866	938.363095	55.999998	50.788000
963.385870	938.368096	55.999999	50.786000
963.385867	938.373107	56.000003	50.784000
963.385869	938.378509	55.999998	50.783000
963.385868	938.382899	55.999997	50.781000
963.385867	938.388096	56.000003	50.780000
963.385868	938.393108	56.000002	50.779000
963.385866	938.398303	55.999997	50.777000
963.385868	938.403098	56.000003	50.775000
963.385869	938.408101	56.000002	50.773000
963.385868	938.413516	56.000001	50.770000
963.385871	938.418712	56.000003	50.768000
963.385866	938.423503	55.999998	50.765000
963.385871	938.428300	55.999999	50.762000
963.385869	938.433317	55.999998	50.760000
963.385868	938.438309	55.999998	50.758000
963.385867	938.443310	55.999998	50.756000
963.385870	938.448109	56.000002	50.755000
963.385869	938.453322	55.999998	50.754000
963.385868	938.458313	55.999999	50.754000
963.385870	938.463513	55.999996	50.754000
963.385870	938.468305	56.000000	50.754000
963.385870	938.473325	55.999998	50.754000
963.385870	938.478323	55.999998	50.754000
963.385870	938.483516	55.999999	50.754000
963.385871	938.488511	56.000000	50.755000
963.385869	938.493526	56.000000	50.756000
963.385868	938.498319	55.999998	50.757000
963.385870	938.503519	55.999999	50.759000
963.385869	938.508310	55.999998	50.761000
963.385869	938.513526	56.000000	50.763000
963.385867	938.518320	55.999997	50.765000
963.385872	938.523320	55.999997	50.767000
963.385871	938.528305	55.999997	50.768000
963.385870	938.533520	56.000001	50.769000
963.385868	938.538313	55.999997	50.770000
963.385867	938.543315	55.999998	50.771000
963.385866	938.548308	55.999997	50.772000
963.385870	938.553329	55.999997	50.773000
963.385866	938.558319	55.999999	50.773000
963.385870	938.563715	55.999997	50.773000
963.385871	938.568710	55.999997	50.773000
963.385869	938.573724	55.999997	50.773000
963.385868	938.578515	56.000003	50.773000
963.385870	938.583714	55.999999	50.772000
963.385869	938.588505	56.000003	50.771000
963.385870	938.593520	56.000003	50.769000
963.385868	938.598504	56.000003	50.768000
963.385869	938.603906	55.999999	50.768000
963.385869	938.608491	56.000003	50.768000
963.385869	938.613511	56.000003	50.768000
963.385867	938.618506	56.000002	50.768000
963.385872	938.623509	56.000002	50.766000
963.385868	938.628494	56.000002	50.764000
963.385868	938.633300	55.999997	50.763000
963.385872	938.638702	55.999999	50.762000
963.385871	938.643893	55.999997	50.763000
963.385873	938.648698	56.000001	50.765000
963.385873	938.653916	55.999998	50.765000
963.385868	938.658912	55.999997	50.765000
963.385872	938.663715	55.999999	50.764000
963.385871	938.668715	55.999999	50.763000
963.385868	938.673735	55.999999	50.761000
963.385872	938.678741	55.999998	50.759000
963.385865	938.683728	55.999997	50.756000
963.385872	938.688726	55.999997	50.754000
963.385870	938.693736	56.000000	50.752000
963.385870	938.698734	56.000002	50.752000
963.385870	938.703726	56.000000	50.752000
963.385868	938.708721	55.999997	50.751000
963.385869	938.714122	56.000002	50.750000
963.385869	938.719119	55.999998	50.749000
963.385869	938.724116	55.999999	50.749000
963.385871	938.728913	55.999998	50.750000
963.385872	938.734121	56.000002	50.750000
963.385869	938.738930	56.000001	50.749000
963.385870	938.743913	56.000002	50.746000
963.385873	938.748908	56.000002	50.743000
963.385872	938.753917	55.999999	50.740000
963.385872	938.758921	55.999999	50.737000
963.385871	938.763915	56.000000	50.734000
963.385871	938.768904	56.000002	50.732000
963.385867	938.773928	56.000002	50.730000
963.385870	938.778729	55.999998	50.728000
963.385873	938.783919	55.999999	50.727000
963.385871	938.789115	56.000002	50.726000
963.385869	938.794329	55.999998	50.725000
963.385868	938.799324	56.000001	50.725000
963.385871	938.804320	55.999999	50.725000
963.385868	938.809106	55.999999	50.725000
963.385872	938.814135	56.000002	50.727000
963.385872	938.819132	55.999999	50.728000
963.385872	938.824119	56.000001	50.730000
963.385871	938.829310	55.999999	50.731000
963.385871	938.834131	55.999999	50.732000
963.385871	938.839126	56.000002	50.733000
963.385870	938.844120	56.000000	50.734000
963.385870	938.849117	55.999998	50.736000
963.385870	938.854323	56.000003	50.737000
963.385869	938.858921	55.999998	50.737000
963.385870	938.864514	56.000001	50.738000
963.385869	938.869511	56.000002	50.739000
963.385868	938.874523	56.000004	50.741000
963.385870	938.879519	56.000001	50.742000
963.385868	938.884314	56.000003	50.744000
963.385870	938.889307	56.000002	50.747000
963.385870	938.894317	56.000000	50.750000
963.385872	938.899318	55.999997	50.753000
963.385874	938.904306	55.999997	50.755000
963.385870	938.909303	55.999997	50.756000
963.385871	938.914317	56.000002	50.756000
963.385872	938.919317	56.000000	50.757000
963.385871	938.924307	55.999998	50.758000
963.385870	938.929107	55.999997	50.759000
963.385870	938.934531	55.999998	50.760000
963.385871	938.939727	56.000001	50.761000
963.385868	938.944719	55.999998	50.762000
963.385871	938.949509	55.999999	50.762000
963.385871	938.954916	55.999998	50.762000
963.385868	938.959727	56.000000	50.763000
963.385869	938.964521	56.000000	50.764000
963.385869	938.969515	56.000000	50.765000
963.385870	938.974523	56.000000	50.768000
963.385868	938.979531	56.000000	50.769000
963.385868	938.984717	56.000000	50.771000
963.385870	938.989506	56.000002	50.772000
963.385869	938.994511	56.000002	50.775000
963.385868	938.999518	55.999998	50.778000
963.385867	939.004507	56.000001	50.780000
963.385870	939.009500	56.000003	50.781000
963.385868	939.014912	56.000003	50.781000
963.385867	939.019912	56.000003	50.781000
963.385866	939.024905	56.000001	50.782000
963.385868	939.029698	56.000002	50.783000
963.385869	939.034708	56.000002	50.785000
963.385868	939.039713	55.999999	50.786000
963.385865	939.044908	56.000001	50.786000
963.385867	939.049704	56.000000	50.786000
963.385869	939.054711	56.000000	50.786000
963.385867	939.059712	56.000000	50.786000
963.385867	939.064710	56.000000	50.786000
963.385868	939.069709	56.000001	50.784000
963.385867	939.074710	56.000001	50.784000
963.385868	939.079716	55.999997	50.784000
963.385870	939.084707	55.999998	50.785000
963.385864	939.089702	56.000000	50.787000
963.385865	939.095107	55.999998	50.788000
963.385869	939.100113	55.999999	50.788000
963.385868	939.105102	56.000002	50.788000
963.385869	939.110102	56.000003	50.788000
963.385869	939.114911	55.999998	50.788000
963.385870	939.119919	56.000001	50.789000
963.385867	939.124910	56.000002	50.790000
963.385867	939.129897	55.999999	50.791000
963.385868	939.135105	55.999999	50.791000
963.385867	939.139921	55.999999	50.791000
963.385867	939.144912	55.999999	50.792000
963.385863	939.149901	56.000000	50.793000
963.385870	939.154917	56.000000	50.794000
963.385871	939.160114	56.000000	50.793000
963.385867	939.164914	55.999999	50.792000
963.385866	939.170308	55.999997	50.791000
963.385871	939.175312	55.999998	50.790000
963.385869	939.180117	55.999998	50.789000
963.385871	939.185306	56.000002	50.789000
963.385869	939.190103	55.999999	50.788000
963.385865	939.195120	56.000000	50.787000
963.385867	939.200122	56.000001	50.786000
963.385869	939.205111	55.999998	50.785000
963.385869	939.210105	56.000003	50.783000
963.385867	939.215123	55.999999	50.782000
963.385867	939.220131	55.999997	50.781000
963.385866	939.225125	55.999998	50.780000
963.385867	939.230118	55.999999	50.779000
963.385867	939.235123	56.000001	50.780000
963.385867	939.240124	56.000003	50.780000
963.385871	939.245519	56.000002	50.780000
963.385872	939.250505	56.000002	50.779000
963.385865	939.255315	56.000002	50.777000
963.385871	939.260717	56.000001	50.774000
963.385869	939.265310	56.000002	50.772000
963.385869	939.270305	55.999999	50.771000
963.385868	939.275309	55.999998	50.771000
963.385866	939.280310	55.999996	50.771000
963.385868	939.285308	55.999997	50.772000
963.385868	939.290297	55.999998	50.773000
963.385867	939.295304	56.000000	50.774000
963.385871	939.300302	56.000001	50.775000
963.385869	939.305294	56.000003	50.775000
963.385869	939.310299	56.000003	50.774000
963.385867	939.315306	56.000002	50.773000
963.385869	939.320694	56.000002	50.773000
963.385867	939.325505	56.000002	50.774000
963.385867	939.330497	55.999999	50.775000
963.385871	939.335505	55.999999	50.775000
963.385871	939.340704	55.999999	50.776000
963.385871	939.345899	56.000000	50.777000
963.385867	939.350497	56.000000	50.779000
963.385870	939.355496	56.000000	50.781000
963.385872	939.360508	56.000000	50.783000
963.385870	939.365494	56.000000	50.785000
963.385871	939.370497	56.000000	50.787000
963.385869	939.375498	56.000000	50.789000
963.385873	939.380506	56.000000	50.791000
963.385871	939.385489	56.000000	50.792000
963.385869	939.390298	56.000000	50.794000
963.385869	939.395702	56.000000	50.795000
963.385871	939.400902	55.999999	50.796000
963.385869	939.405898	56.000000	50.798000
963.385869	939.410899	56.000000	50.799000
963.385872	939.415694	56.000001	50.800000
963.385872	939.420704	56.000000	50.801000
963.385869	939.425701	56.000001	50.801000
963.385870	939.430699	56.000000	50.801000
963.385870	939.435506	56.000000	50.801000
963.385868	939.440707	56.000000	50.800000
963.385870	939.445695	55.999998	50.800000
963.385871	939.450708	55.999998	50.801000
963.385868	939.455708	55.999997	50.802000
963.385871	939.460718	55.999997	50.804000
963.385873	939.465710	55.999996	50.806000
963.385868	939.471111	56.000002	50.810000
963.385867	939.476304	55.999997	50.814000
963.385873	939.480899	55.999997	50.821000
963.385868	939.485903	56.000000	50.829000
963.385869	939.490903	56.000001	50.840000
963.385872	939.495904	56.000001	50.854000
963.385869	939.500906	56.000002	50.869000
963.385874	939.505901	56.000000	50.884000
963.385873	939.510902	56.000000	50.897000
963.385871	939.515894	56.000001	50.910000
963.385869	939.520907	55.999998	50.923000
963.385871	939.525899	56.000000	50.936000
963.385870	939.531111	56.000001	50.946000
963.385872	939.535910	56.000002	50.952000
963.385868	939.540911	56.000001	50.955000
963.385869	939.546302	55.999999	50.957000
963.385869	939.551305	56.000000	50.957000
963.385869	939.556306	56.000000	50.957000
963.385871	939.561519	55.999999	50.955000
963.385869	939.566108	56.000002	50.953000
963.385871	939.571111	56.000003	50.950000
963.385872	939.576107	56.000001	50.946000
963.385868	939.581111	55.999998	50.942000
963.385867	939.586298	56.000002	50.937000
963.385868	939.591100	55.999999	50.932000
963.385870	939.596095	56.000000	50.927000
963.385868	939.601099	55.999998	50.922000
963.385870	939.606096	55.999998	50.917000
963.385869	939.611107	55.999999	50.912000
963.385871	939.616102	56.000001	50.907000
963.385871	939.621099	55.999999	50.902000
963.385870	939.626499	56.000000	50.895000
963.385868	939.631504	56.000000	50.888000
963.385866	939.636704	56.000000	50.881000
963.385869	939.641300	55.999999	50.873000
963.385865	939.646511	55.999999	50.866000
963.385869	939.651309	55.999999	50.860000
963.385867	939.656507	55.999999	50.854000
963.385868	939.661315	56.000000	50.848000
963.385870	939.666306	55.999999	50.842000
963.385869	939.671307	56.000000	50.835000
963.385867	939.676508	56.000001	50.828000
963.385870	939.681304	56.000001	50.820000
963.385870	939.686304	55.999999	50.811000
963.385869	939.691302	56.000000	50.803000
963.385869	939.696497	55.999999	50.794000
963.385869	939.701701	56.000000	50.786000
963.385871	939.706694	56.000000	50.779000
963.385866	939.711703	56.000000	50.772000
963.385868	939.716696	56.000000	50.765000
963.385869	939.721500	56.000001	50.758000
963.385868	939.726501	56.000000	50.752000
963.385868	939.731501	56.000000	50.746000
963.385866	939.736706	56.000000	50.740000
963.385866	939.741509	56.000001	50.735000
963.385869	939.746509	55.999997	50.729000
963.385866	939.751513	55.999998	50.723000
963.385866	939.756507	56.000001	50.717000
963.385870	939.761502	56.000000	50.712000
963.385868	939.766504	56.000001	50.706000
963.385868	939.771496	56.000002	50.701000
963.385868	939.776504	56.000003	50.697000
963.385867	939.781898	55.999997	50.692000
963.385868	939.786898	55.999997	50.687000
963.385868	939.791902	55.999997	50.682000
963.385868	939.796691	55.999999	50.677000
963.385867	939.801693	55.999998	50.672000
963.385872	939.806890	56.000000	50.667000
963.385869	939.811706	55.999997	50.662000
963.385867	939.816693	55.999998	50.657000
963.385866	939.821700	55.999999	50.652000
963.385868	939.826699	56.000003	50.647000
963.385867	939.831905	55.999999	50.640000
963.385870	939.836705	55.999998	50.634000
963.385866	939.841706	56.000001	50.627000
963.385865	939.846705	56.000000	50.619000
963.385863	939.851700	56.000001	51.040000
963.385870	939.857103	56.000001	56.693000
963.385865	939.861910	56.000000	61.579000
963.385868	939.866896	55.999999	61.578000
963.385868	939.871904	55.999998	61.577000
963.385868	939.876900	56.000002	61.576000
963.385868	939.881899	55.999999	61.572000
963.385868	939.886901	56.000001	61.566000
963.385870	939.891907	56.000003	61.559000
963.385869	939.896898	56.000001	61.551000
963.385868	939.901904	55.999997	61.545000
963.385869	939.906907	55.999998	61.541000
963.385867	939.911911	56.000001	61.539000
963.385870	939.916899	56.000003	61.538000
963.385867	939.922105	55.999997	61.538000
963.385867	939.926896	55.999997	61.540000
963.385871	939.932112	56.000003	61.543000
963.385870	939.937300	55.999997	61.547000
963.385866	939.942110	55.999998	61.552000
963.385868	939.947102	55.999996	61.556000
963.385869	939.952111	56.000000	61.559000
963.385869	939.957091	56.000002	61.559000
963.385869	939.962106	55.999998	61.559000
963.385870	939.967095	55.999997	61.557000
963.385866	939.972108	56.000001	61.555000
963.385865	939.977098	56.000003	61.553000
963.385869	939.982098	56.000004	61.552000
963.385871	939.987102	56.000000	61.551000
963.385867	939.992108	55.999998	61.550000
963.385869	939.997095	56.000000	61.550000
963.385869	940.002100	56.000003	61.549000
963.385872	940.007497	56.000002	61.548000
963.385870	940.012307	56.000001	61.545000
963.385870	940.017511	56.000001	61.541000
963.385872	940.022314	56.000001	61.537000
963.385871	940.027507	56.000000	61.532000
963.385870	940.032312	55.999999	61.528000
963.385872	940.037307	56.000001	61.527000
963.385869	940.042305	56.000000	61.528000
963.385872	940.047295	56.000000	61.531000
963.385870	940.052303	55.999999	61.533000
963.385869	940.057302	56.000001	61.532000
963.385871	940.062105	55.999999	61.528000
963.385872	940.067301	56.000000	61.523000
963.385869	940.072105	55.999999	61.520000
963.385868	940.077510	55.999998	61.520000
963.385868	940.082300	55.999997	61.522000
963.385868	940.087299	56.000002	61.526000
963.385872	940.092710	56.000003	61.530000
963.385869	940.097910	55.999997	61.531000
963.385870	940.102503	56.000003	61.531000
963.385870	940.107494	55.999999	61.529000
963.385873	940.112509	55.999996	61.528000
963.385872	940.117499	55.999997	61.528000
963.385872	940.122503	56.000000	61.528000
963.385873	940.127502	56.000002	61.529000
963.385872	940.132514	56.000003	61.529000
963.385874	940.137505	56.000002	61.529000
963.385873	940.142507	55.999998	61.529000
963.385870	940.147908	55.999997	61.528000
963.385870	940.152316	55.999997	61.528000
963.385870	940.157506	56.000001	61.528000
963.385870	940.162511	55.999998	61.529000
963.385867	940.167903	55.999999	61.534000
963.385870	940.172717	56.000001	61.540000
963.385871	940.177911	56.000000	61.546000
963.385870	940.182708	56.000001	61.552000
963.385873	940.187699	55.999999	61.556000
963.385872	940.192717	56.000001	61.557000
963.385870	940.197701	56.000000	61.556000
963.385870	940.202700	56.000002	61.554000
963.385867	940.207705	55.999997	61.550000
963.385869	940.212913	56.000002	61.544000
963.385873	940.217701	56.000000	61.539000
963.385872	940.222700	55.999998	61.534000
963.385867	940.227906	55.999999	61.532000
963.385871	940.232507	56.000002	61.532000
963.385869	940.237708	55.999998	61.534000
963.385868	940.243110	56.000000	61.536000
963.385865	940.248105	56.000003	61.536000
963.385868	940.252920	56.000001	61.535000
963.385867	940.258117	55.999997	61.533000
963.385871	940.262909	55.999998	61.530000
963.385869	940.267910	56.000001	61.527000
963.385869	940.272923	56.000000	61.524000
963.385868	940.277915	55.999998	61.523000
963.385869	940.283114	56.000001	61.522000
963.385868	940.287909	56.000002	61.521000
963.385869	940.292911	55.999997	61.521000
963.385868	940.297911	55.999998	61.522000
963.385867	940.302900	56.000003	61.525000
963.385870	940.307907	56.000002	61.528000
963.385871	940.313118	55.999999	61.532000
963.385867	940.318324	56.000000	61.535000
963.385869	940.323320	55.999997	61.536000
963.385868	940.328112	56.000001	61.535000
963.385870	940.333123	55.999997	61.534000
963.385868	940.338115	55.999998	61.535000
963.385870	940.343109	56.000002	61.538000
963.385871	940.348119	56.000002	61.542000
963.385869	940.353124	55.999998	61.545000
963.385868	940.358116	56.000002	61.549000
963.385870	940.363118	55.999999	61.551000
963.385868	940.368110	55.999999	61.552000
963.385867	940.373117	56.000001	61.553000
963.385868	940.378119	56.000001	61.552000
963.385873	940.383113	55.999998	61.549000
963.385869	940.388113	56.000002	61.545000
963.385870	940.393519	56.000000	61.539000
963.385864	940.398522	55.999998	61.534000
963.385870	940.403312	55.999997	61.529000
963.385869	940.408506	56.000002	61.527000
963.385868	940.413721	55.999998	61.527000
963.385870	940.418311	56.000001	61.528000
963.385868	940.423311	55.999998	61.529000
963.385869	940.428301	56.000001	61.530000
963.385869	940.433327	56.000001	61.528000
963.385869	940.438317	55.999999	61.527000
963.385868	940.443317	56.000001	61.525000
963.385870	940.448310	55.999999	61.524000
963.385870	940.453325	55.999998	61.524000
963.385869	940.458316	56.000001	61.524000
963.385871	940.463315	55.999999	61.524000
963.385865	940.468711	56.000000	61.523000
963.385872	940.473727	55.999999	61.523000
963.385869	940.478720	56.000001	61.522000
963.385869	940.483718	55.999999	61.522000
963.385868	940.488513	56.000000	61.522000
963.385866	940.493521	56.000000	61.519000
963.385867	940.498525	56.000000	61.516000
963.385870	940.503520	56.000001	61.514000
963.385868	940.508519	55.999999	61.513000
963.385868	940.513527	56.000000	61.515000
963.385869	940.518522	56.000000	61.519000
963.385867	940.523521	56.000000	61.524000
963.385868	940.528714	56.000000	61.528000
963.385869	940.533532	56.000000	61.531000
963.385866	940.538528	55.999999	61.533000
963.385867	940.543519	56.000000	61.534000
963.385869	940.548722	56.000000	61.534000
963.385870	940.553926	55.999999	61.533000
963.385868	940.558725	56.000000	61.530000
963.385868	940.563919	55.999999	61.524000
963.385865	940.568715	56.000000	61.518000
963.385868	940.573727	56.000001	61.512000
963.385869	940.578723	56.000000	61.506000
963.385868	940.583720	56.000000	61.503000
963.385869	940.588713	56.000000	61.502000
963.385869	940.593925	56.000000	61.505000
963.385868	940.598716	56.000000	61.510000
963.385874	940.603720	56.000001	61.516000
963.385870	940.608709	56.000001	61.523000
963.385870	940.613728	56.000001	61.531000
963.385868	940.618917	56.000000	61.542000
963.385867	940.623710	56.000000	61.554000
963.385867	940.628909	56.000000	61.565000
963.385871	940.634126	55.999999	61.570000
963.385872	940.639319	56.000000	61.570000
963.385869	940.643923	56.000000	61.566000
963.385868	940.648918	56.000000	61.561000
963.385870	940.653926	56.000001	61.557000
963.385868	940.658920	55.999999	61.555000
963.385868	940.663922	56.000000	61.555000
963.385866	940.668709	55.999999	61.555000
963.385871	940.673924	56.000000	61.553000
963.385866	940.678923	55.999999	61.549000
963.385870	940.684107	55.999999	61.544000
963.385867	940.688702	55.999999	61.538000
963.385871	940.693923	56.000000	61.533000
963.385869	940.698714	56.000000	61.529000
963.385871	940.704304	56.000000	61.528000
963.385873	940.709108	55.999999	61.531000
963.385873	940.714315	56.000000	61.535000
963.385869	940.719110	56.000000	61.539000
963.385868	940.724109	56.000001	61.541000
963.385871	940.729104	55.999999	61.539000
963.385869	940.734116	56.000001	61.537000
963.385869	940.739110	55.999999	61.533000
963.385874	940.744309	55.999999	61.531000
963.385873	940.749104	56.000000	61.529000
963.385869	940.754115	56.000000	61.528000
963.385870	940.759116	55.999999	61.526000
963.385871	940.764105	55.999999	61.525000
963.385868	940.768899	56.000000	61.524000
963.385874	940.774314	55.999999	61.524000
963.385870	940.779516	55.999999	61.526000
963.385871	940.784504	56.000000	61.528000
963.385870	940.789300	56.000000	61.530000
963.385873	940.794709	55.999999	61.530000
963.385872	940.799314	55.999999	61.529000
963.385871	940.804511	56.000000	61.528000
963.385872	940.809306	56.000000	61.527000
963.385869	940.814323	55.999999	61.528000
963.385873	940.819327	56.000001	61.531000
963.385874	940.824318	55.999999	61.535000
963.385870	940.829314	56.000001	61.539000
963.385873	940.834320	56.000000	61.543000
963.385872	940.839323	56.000000	61.545000
963.385872	940.844318	56.000000	61.545000
963.385870	940.849315	55.999998	61.544000
963.385868	940.854720	55.999998	61.542000
963.385873	940.859718	56.000001	61.540000
963.385869	940.864712	55.999999	61.539000
963.385869	940.869712	56.000001	61.537000
963.385871	940.874521	56.000001	61.535000
963.385870	940.879718	55.999998	61.532000
963.385871	940.884516	56.000002	61.528000
963.385870	940.889513	55.999998	61.524000
963.385873	940.894517	55.999997	61.520000
963.385871	940.899319	55.999998	61.518000
963.385875	940.904518	56.000001	61.517000
963.385870	940.909511	56.000002	61.519000
963.385875	940.914519	56.000001	61.521000
963.385870	940.919514	55.999999	61.522000
963.385875	940.924515	55.999998	61.523000
963.385869	940.929911	56.000001	61.524000
963.385872	940.934914	55.999999	61.526000
963.385871	940.939919	55.999997	61.527000
963.385870	940.944912	55.999997	61.527000
963.385870	940.949706	56.000001	61.526000
963.385874	940.954707	56.000002	61.523000
963.385870	940.959717	56.000001	61.520000
963.385870	940.964910	55.999997	61.517000
963.385872	940.969706	56.000002	61.516000
963.385871	940.974719	56.000003	61.518000
963.385870	940.979927	55.999997	61.521000
963.385872	940.984723	56.000003	61.527000
963.385869	940.989709	56.000002	61.533000
963.385871	940.994720	56.000004	61.537000
963.385872	940.999926	56.000000	61.539000
963.385870	941.005117	56.000000	61.539000
963.385868	941.010113	56.000000	61.536000
963.385867	941.015116	56.000001	61.531000
963.385869	941.020312	56.000003	61.527000
963.385872	941.024906	55.999999	61.525000
963.385870	941.030111	55.999998	61.525000
963.385871	941.034920	56.000000	61.530000
963.385872	941.039921	56.000000	61.538000
963.385869	941.044910	56.000001	61.548000
963.385871	941.049910	56.000000	61.557000
963.385870	941.054920	56.000001	61.564000
963.385870	941.059924	56.000000	61.569000
963.385870	941.064919	55.999999	61.569000
963.385869	941.069907	55.999998	61.567000
963.385872	941.074924	55.999998	61.562000
963.385863	941.080319	55.999999	61.555000
963.385867	941.085315	56.000000	61.548000
963.385868	941.090309	55.999999	61.541000
963.385867	941.095508	55.999999	61.535000
963.385872	941.100119	56.000001	61.532000
963.385869	941.105111	56.000000	61.530000
963.385872	941.110105	56.000001	61.530000
963.385870	941.115115	55.999999	61.532000
963.385870	941.120115	56.000000	61.534000
963.385868	941.125116	56.000000	61.536000
963.385865	941.130305	56.000000	61.537000
963.385868	941.135309	56.000002	61.539000
963.385871	941.140117	56.000001	61.541000
963.385871	941.145120	56.000001	61.542000
963.385865	941.150108	56.000000	61.541000
963.385870	941.155312	56.000001	61.538000
963.385869	941.160718	56.000002	61.533000
963.385864	941.165312	56.000001	61.528000
963.385866	941.170511	55.999999	61.522000
963.385865	941.175512	55.999999	61.518000
963.385869	941.180518	56.000001	61.517000
963.385864	941.185324	55.999999	61.518000
963.385869	941.190318	56.000002	61.522000
963.385868	941.195317	56.000002	61.528000
963.385866	941.200315	56.000002	61.532000
963.385870	941.205321	56.000002	61.534000
963.385867	941.210312	56.000001	61.534000
963.385867	941.215312	56.000003	61.533000
963.385868	941.220511	55.999998	61.534000
963.385870	941.225312	56.000003	61.536000
963.385865	941.230701	55.999998	61.540000
963.385869	941.235509	56.000000	61.544000
963.385868	941.240707	56.000000	61.545000
963.385870	941.245513	55.999998	61.545000
963.385866	941.250506	55.999998	61.542000
963.385866	941.255506	56.000000	61.538000
963.385872	941.260713	55.999999	61.534000
963.385867	941.265511	55.999999	61.533000
963.385869	941.270506	55.999999	61.536000
963.385867	941.275315	55.999999	61.539000
963.385867	941.280709	56.000000	61.542000
963.385868	941.285312	56.000000	61.543000
963.385870	941.290507	56.000001	61.541000
963.385868	941.295312	56.000000	61.537000
963.385871	941.300512	55.999999	61.533000
963.385871	941.305900	56.000000	61.529000
963.385870	941.310900	55.999999	61.527000
963.385867	941.315701	56.000000	61.527000
963.385871	941.320905	56.000000	61.529000
963.385870	941.325700	56.000002	61.533000
963.385869	941.330704	56.000002	61.537000
963.385870	941.335706	56.000002	61.539000
963.385865	941.340714	56.000002	61.539000
963.385866	941.345708	56.000000	61.538000
963.385871	941.350704	55.999998	61.537000
963.385871	941.355709	55.999997	61.538000
963.385866	941.360710	55.999998	61.540000
963.385869	941.365712	55.999999	61.542000
963.385869	941.370708	55.999998	61.543000
963.385870	941.375705	55.999997	61.541000
963.385872	941.381105	55.999999	61.539000
963.385871	941.386096	56.000001	61.538000
963.385873	941.391101	56.000002	61.539000
963.385868	941.396090	56.000000	61.543000
963.385869	941.401108	55.999999	61.545000
963.385872	941.405908	56.000002	61.545000
963.385872	941.410902	56.000002	61.542000
963.385871	941.415899	56.000001	61.536000
963.385872	941.420904	56.000000	61.527000
963.385870	941.425899	56.000000	61.518000
963.385869	941.430900	55.999999	61.510000
963.385872	941.435895	56.000001	61.505000
963.385870	941.440908	55.999999	61.506000
963.385868	941.445902	56.000000	61.514000
963.385870	941.450900	56.000000	61.525000
963.385873	941.455896	56.000000	61.535000
963.385868	941.461502	56.000000	61.543000
963.385873	941.466306	56.000001	61.546000
963.385871	941.471316	56.000002	61.545000
963.385871	941.476305	56.000002	61.542000
963.385872	941.481118	55.999998	61.537000
963.385870	941.486109	56.000000	61.531000
963.385873	941.491109	56.000002	61.525000
963.385871	941.496113	56.000002	61.520000
963.385871	941.501117	56.000003	61.516000
963.385875	941.506305	56.000000	61.513000
963.385870	941.511317	55.999998	61.513000
963.385870	941.516104	56.000002	61.517000
963.385874	941.521110	56.000001	61.523000
963.385871	941.525906	56.000000	61.530000
963.385871	941.531113	56.000001	61.534000
963.385871	941.536496	56.000001	61.535000
963.385869	941.541707	55.999999	61.533000
963.385873	941.546301	56.000002	61.530000
963.385872	941.551306	55.999998	61.527000
963.385871	941.556298	56.000001	61.526000
963.385873	941.561304	56.000001	61.527000
963.385873	941.566298	56.000001	61.530000
963.385873	941.571507	55.999999	61.532000
963.385872	941.576291	56.000000	61.532000
963.385873	941.581304	56.000000	61.531000
963.385871	941.586296	56.000000	61.529000
963.385872	941.591500	55.999999	61.526000
963.385872	941.596292	56.000000	61.525000
963.385875	941.601298	56.000001	61.527000
963.385871	941.606302	56.000001	61.530000
963.385873	941.611699	56.000000	61.536000
963.385871	941.616695	55.999998	61.541000
963.385870	941.621702	55.999998	61.543000
963.385870	941.626704	55.999999	61.542000
963.385871	941.631703	56.000001	61.537000
963.385872	941.636492	56.000000	61.531000
963.385870	941.641505	55.999999	61.524000
963.385871	941.646499	56.000002	61.518000
963.385871	941.651704	55.999998	61.514000
963.385872	941.656294	56.000002	61.511000
963.385869	941.661496	55.999999	61.510000
963.385872	941.666499	56.000002	61.510000
963.385871	941.671490	56.000002	61.508000
963.385872	941.676489	56.000001	61.506000
963.385871	941.681499	55.999999	61.504000
963.385870	941.686902	55.999998	61.505000
963.385867	941.691900	56.000000	61.508000
963.385869	941.696887	56.000002	61.515000
963.385870	941.701693	56.000002	61.521000
963.385867	941.706900	55.999997	61.525000
963.385869	941.711696	56.000000	61.525000
963.385869	941.716693	55.999998	61.522000
963.385871	941.721700	56.000001	61.517000
963.385867	941.726696	56.000001	61.511000
963.385869	941.731703	55.999998	61.507000
963.385868	941.736698	56.000000	61.505000
963.385870	941.741902	56.000001	61.506000
963.385868	941.746703	55.999998	61.509000
963.385868	941.751710	56.000002	61.513000
963.385868	941.756697	56.000000	61.516000
963.385869	941.762108	55.999999	61.518000
963.385867	941.767104	56.000001	61.521000
963.385868	941.771908	55.999999	61.526000
963.385869	941.777107	55.999999	61.534000
963.385869	941.781907	55.999999	61.542000
963.385866	941.787113	56.000000	61.546000
963.385870	941.791906	55.999998	61.546000
963.385868	941.796898	56.000001	61.543000
963.385871	941.801903	56.000002	61.539000
963.385867	941.806906	55.999998	61.536000
963.385868	941.811905	56.000000	61.535000
963.385866	941.816906	56.000001	61.536000
963.385868	941.821904	55.999998	61.540000
963.385869	941.826912	55.999998	61.543000
963.385867	941.831909	56.000002	61.545000
963.385868	941.836908	56.000003	61.545000
963.385871	941.842316	56.000002	61.544000
963.385867	941.847315	55.999999	61.543000
963.385867	941.852321	56.000001	61.542000
963.385867	941.857111	56.000001	61.541000
963.385869	941.862113	56.000002	61.542000
963.385864	941.867114	55.999998	61.545000
963.385867	941.872118	55.999998	61.551000
963.385870	941.877310	56.000001	61.560000
963.385868	941.882499	56.000000	61.567000
963.385865	941.887306	55.999998	61.571000
963.385866	941.892517	55.999999	61.571000
963.385867	941.897310	55.999998	61.569000
963.385866	941.902302	55.999998	61.569000
963.385868	941.907499	55.999999	61.571000
963.385867	941.912313	55.999999	61.575000
963.385868	941.917709	55.999998	61.578000
963.385870	941.922711	56.000002	61.579000
963.385872	941.927701	55.999999	61.578000
963.385870	941.932725	56.000002	61.576000
963.385870	941.937709	55.999999	61.576000
963.385867	941.942501	55.999999	61.580000
963.385868	941.947498	55.999999	61.586000
963.385871	941.952513	56.000003	61.590000
963.385871	941.957703	55.999998	61.593000
963.385872	941.962507	55.999998	61.593000
963.385869	941.967507	56.000002	61.592000
963.385868	941.972522	55.999999	61.591000
963.385868	941.977503	56.000001	61.589000
963.385868	941.982504	55.999999	61.586000
963.385870	941.987496	56.000002	61.583000
963.385872	941.993117	56.000000	61.580000
963.385873	941.997897	56.000001	61.578000
963.385872	942.002904	55.999999	61.575000
963.385870	942.007899	56.000000	61.573000
963.385869	942.012707	56.000000	61.570000
963.385872	942.017907	56.000001	61.567000
963.385870	942.022707	55.999999	61.564000
963.385871	942.027698	56.000000	61.561000
963.385869	942.032715	56.000001	61.558000
963.385870	942.037700	55.999999	61.554000
963.385869	942.042702	56.000000	61.550000
963.385870	942.047697	56.000000	61.545000
963.385871	942.052700	56.000001	61.539000
963.385870	942.057698	55.999999	61.535000
963.385871	942.062697	56.000000	61.533000
963.385873	942.068098	55.999999	61.531000
963.385870	942.073114	56.000002	61.531000
963.385871	942.078311	56.000001	61.530000
963.385874	942.083112	56.000002	61.528000
963.385873	942.088105	55.999998	61.526000
963.385867	942.092918	55.999999	61.524000
963.385871	942.097908	56.000002	61.521000
963.385875	942.103103	56.000001	61.519000
963.385872	942.107916	55.999999	61.517000
963.385870	942.112924	56.000001	61.518000
963.385874	942.117916	56.000001	61.523000
963.385869	942.122913	55.999998	61.529000
963.385871	942.128317	56.000002	61.532000
963.385871	942.132923	55.999999	61.531000
963.385873	942.137922	55.999999	61.528000
963.385869	942.143315	56.000000	61.523000
963.385867	942.148519	55.999999	61.519000
963.385870	942.153326	56.000000	61.517000
963.385873	942.158318	55.999999	61.518000
963.385871	942.163118	55.999999	61.521000
963.385868	942.168111	55.999999	61.522000
963.385870	942.173119	56.000002	61.521000
963.385871	942.178113	55.999997	61.517000
963.385869	942.183109	56.000002	61.513000
963.385870	942.188113	56.000000	61.510000
963.385869	942.193120	56.000001	61.512000
963.385872	942.198118	55.999999	61.517000
963.385873	942.203116	56.000000	61.522000
963.385869	942.208110	56.000000	61.524000
963.385868	942.212918	55.999999	61.523000
963.385870	942.218517	56.000001	61.519000
963.385867	942.223522	55.999999	61.519000
963.385869	942.228517	56.000000	61.525000
963.385868	942.233533	55.999999	61.534000
963.385872	942.238329	55.999999	61.542000
963.385871	942.243523	55.999997	61.544000
963.385870	942.248321	55.999998	61.543000
963.385872	942.253332	56.000001	61.539000
963.385874	942.258324	56.000001	61.536000
963.385873	942.263324	55.999997	61.534000
963.385869	942.268519	55.999999	61.535000
963.385870	942.273530	56.000000	61.538000
963.385870	942.278319	55.999999	61.540000
963.385870	942.283314	56.000001	61.540000
963.385871	942.288512	56.000002	61.539000
963.385871	942.293328	56.000002	61.536000
963.385871	942.298524	56.000002	61.534000
963.385867	942.303511	55.999998	61.532000
963.385873	942.308521	56.000001	61.531000
963.385870	942.313529	55.999998	61.532000
963.385872	942.318526	55.999999	61.535000
963.385871	942.323314	55.999999	61.538000
963.385869	942.328513	56.000000	61.541000
963.385873	942.333523	55.999999	61.544000
963.385871	942.338520	56.000002	61.545000
963.385871	942.343313	55.999999	61.546000
963.385870	942.348308	56.000001	61.547000
963.385874	942.353337	56.000002	61.546000
963.385870	942.358316	55.999998	61.543000
963.385870	942.363312	55.999999	61.538000
963.385869	942.368311	56.000000	61.533000
963.385868	942.373722	56.000001	61.528000
963.385869	942.378720	55.999999	61.527000
963.385866	942.383711	56.000000	61.528000
963.385869	942.388512	55.999998	61.532000
963.385869	942.393728	56.000000	61.537000
963.385867	942.398513	56.000001	61.542000
963.385871	942.403506	55.999998	61.546000
963.385866	942.408706	55.999999	61.550000
963.385869	942.413510	56.000000	61.554000
963.385870	942.418513	56.000000	61.558000
963.385867	942.423711	56.000000	61.562000
963.385869	942.428512	56.000001	61.564000
963.385869	942.433528	56.000001	61.561000
963.385871	942.438522	56.000001	61.556000
963.385869	942.443510	56.000000	61.549000
963.385868	942.448721	55.999999	61.541000
963.385867	942.454119	56.000001	61.534000
963.385866	942.458715	56.000001	61.528000
963.385869	942.463919	56.000001	61.525000
963.385865	942.468702	56.000000	61.524000
963.385869	942.473925	56.000000	61.524000
963.385869	942.478716	55.999999	61.525000
963.385868	942.483711	56.000000	61.525000
963.385868	942.488708	56.000000	61.524000
963.385868	942.493728	56.000001	61.522000
963.385869	942.498716	55.999999	61.521000
963.385868	942.503709	56.000001	61.521000
963.385869	942.508711	56.000001	61.524000
963.385869	942.513923	55.999998	61.529000
963.385866	942.518714	55.999997	61.535000
963.385865	942.524116	56.000000	61.539000
963.385868	942.529117	56.000000	61.542000
963.385867	942.534314	56.000000	61.543000
963.385867	942.538922	56.000001	61.546000
963.385868	942.544114	56.000002	61.548000
963.385870	942.548913	55.999998	61.549000
963.385870	942.553927	56.000001	61.548000
963.385869	942.559119	55.999999	61.546000
963.385867	942.563907	56.000001	61.543000
963.385870	942.568905	55.999998	61.542000
963.385866	942.574123	56.000003	61.543000
963.385867	942.578720	55.999999	61.546000
963.385869	942.583920	55.999997	61.550000
963.385867	942.588914	56.000003	61.550000
963.385870	942.593931	55.999999	61.547000
963.385868	942.599327	55.999998	61.539000
963.385867	942.604316	56.000001	61.530000
963.385868	942.609312	56.000002	61.521000
963.385866	942.614332	55.999998	61.514000
963.385868	942.619127	55.999997	61.509000
963.385868	942.624118	56.000002	61.505000
963.385867	942.629120	55.999998	61.503000
963.385866	942.634132	56.000000	61.502000
963.385867	942.639129	56.000002	61.502000
963.385865	942.644124	55.999997	61.506000
963.385866	942.649113	56.000002	61.512000
963.385868	942.654132	56.000000	61.519000
963.385866	942.659128	55.999999	61.524000
963.385867	942.663924	55.999999	61.527000
963.385869	942.669116	55.999997	61.527000
963.385866	942.674532	56.000001	61.525000
963.385871	942.679525	55.999999	61.524000
963.385867	942.684522	56.000000	61.523000
963.385872	942.689315	56.000002	61.524000
963.385869	942.694537	56.000000	61.526000
963.385870	942.699527	56.000003	61.529000
963.385866	942.704520	55.999997	61.532000
963.385870	942.709312	55.999997	61.534000
963.385869	942.714321	56.000002	61.536000
963.385870	942.719319	55.999997	61.537000
963.385870	942.724508	56.000000	61.537000
963.385871	942.729305	56.000000	61.535000
963.385869	942.734323	55.999998	61.533000
963.385866	942.739316	56.000002	61.530000
963.385868	942.744310	55.999997	61.528000
963.385874	942.749708	56.000000	61.528000
963.385873	942.754723	56.000001	61.529000
963.385871	942.759907	56.000002	61.531000
963.385873	942.764707	56.000002	61.534000
963.385872	942.769709	56.000000	61.537000
963.385871	942.774519	56.000001	61.538000
963.385868	942.779519	55.999997	61.538000
963.385869	942.784512	56.000003	61.536000
963.385868	942.789506	55.999999	61.532000
963.385870	942.794525	56.000003	61.526000
963.385872	942.799517	55.999998	61.521000
963.385868	942.804512	56.000000	61.515000
963.385870	942.809505	56.000003	61.510000
963.385871	942.814528	55.999997	61.507000
963.385869	942.819323	55.999996	61.506000
963.385874	942.824514	55.999999	61.507000
963.385868	942.829906	55.999997	61.508000
963.385870	942.834916	56.000002	61.509000
963.385871	942.839912	55.999999	61.510000
963.385873	942.844905	55.999999	61.511000
963.385870	942.849903	56.000000	61.512000
963.385870	942.854721	55.999998	61.512000
963.385869	942.859714	56.000001	61.511000
963.385868	942.864704	56.000001	61.510000
963.385870	942.869706	56.000000	61.507000
963.385870	942.874716	55.999999	61.507000
963.385872	942.879709	55.999998	61.509000
963.385870	942.884708	56.000002	61.516000
963.385874	942.889713	56.000000	61.525000
963.385871	942.894719	55.999999	61.534000
963.385868	942.899719	56.000002	61.539000
963.385872	942.904908	56.000000	61.540000
963.385872	942.909908	56.000000	61.537000
963.385868	942.914919	55.999998	61.532000
963.385870	942.919721	56.000000	61.528000
963.385870	942.924714	55.999999	61.525000
963.385870	942.929906	56.000000	61.524000
963.385871	942.934724	56.000000	61.524000
963.385869	942.939721	55.999999	61.526000
963.385872	942.944711	56.000000	61.528000
963.385869	942.949711	56.000000	61.530000
963.385867	942.954726	56.000000	61.532000
963.385871	942.959717	56.000000	61.533000
963.385868	942.964714	56.000000	61.534000
963.385871	942.969900	56.000000	61.533000
963.385871	942.974716	56.000000	61.532000
963.385873	942.980110	56.000001	61.529000
963.385873	942.985106	55.999999	61.526000
963.385870	942.990301	55.999999	61.525000
963.385871	942.995110	56.000000	61.523000
963.385872	943.000108	55.999999	61.522000
963.385872	943.005103	56.000000	61.521000
963.385866	943.009903	56.000000	61.520000
963.385869	943.014909	56.000000	61.519000
963.385870	943.019914	56.000000	61.519000
963.385870	943.024906	56.000000	61.520000
963.385873	943.029903	56.000000	61.522000
963.385871	943.034910	56.000001	61.524000
963.385874	943.039918	56.000000	61.527000
963.385872	943.044914	55.999999	61.530000
963.385870	943.049915	56.000001	61.533000
963.385874	943.055120	56.000000	61.536000
963.385872	943.060318	56.000000	61.538000
963.385872	943.065120	55.999999	61.540000
963.385870	943.070308	56.000000	61.540000
963.385873	943.075116	56.000000	61.539000
963.385873	943.080127	56.000001	61.537000
963.385872	943.085119	56.000001	61.534000
963.385873	943.090112	56.000000	61.532000
963.385871	943.095117	55.999999	61.530000
963.385871	943.100116	56.000000	61.530000
963.385871	943.105108	56.000000	61.529000
963.385872	943.110105	55.999999	61.529000
963.385875	943.115112	55.999998	61.529000
963.385873	943.120113	55.999998	61.529000
963.385873	943.125107	56.000000	61.529000
963.385870	943.130504	55.999999	61.529000
963.385869	943.135511	55.999999	61.528000
963.385871	943.140513	55.999999	61.526000
963.385874	943.145313	56.000000	61.523000
963.385871	943.150504	55.999999	61.519000
963.385870	943.155308	55.999999	61.515000
963.385871	943.160312	56.000001	61.513000
963.385872	943.165308	56.000001	61.513000
963.385873	943.170506	56.000000	61.517000
963.385873	943.175320	56.000000	61.522000
963.385871	943.180314	56.000001	61.527000
963.385871	943.185509	56.000002	61.531000
963.385872	943.190302	55.999999	61.533000
963.385870	943.195116	55.999998	61.534000
963.385870	943.200305	55.999999	61.536000
963.385870	943.205697	56.000002	61.538000
963.385868	943.210698	55.999999	61.537000
963.385869	943.215705	56.000000	61.535000
963.385869	943.220899	56.000001	61.532000
963.385869	943.225498	56.000001	61.527000
963.385868	943.230698	56.000001	61.524000
963.385870	943.235501	56.000000	61.522000
963.385870	943.240500	56.000002	61.522000
963.385869	943.245505	55.999999	61.525000
963.385870	943.250897	56.000002	61.528000
963.385869	943.255503	55.999998	61.531000
963.385872	943.260499	56.000000	61.532000
963.385867	943.265506	56.000000	61.531000
963.385870	943.270494	55.999999	61.529000
963.385873	943.275503	56.000001	61.526000
963.385870	943.280905	55.999997	61.522000
963.385871	943.286110	56.000000	61.517000
963.385870	943.290912	56.000000	61.513000
963.385869	943.295713	55.999999	61.511000
963.385870	943.300917	55.999998	61.512000
963.385868	943.305715	56.000002	61.515000
963.385870	943.310717	55.999998	61.520000
963.385870	943.315912	56.000002	61.526000
963.385871	943.320721	56.000002	61.532000
963.385869	943.325716	55.999998	61.537000
963.385868	943.330716	56.000002	61.543000
963.385873	943.335509	56.000001	61.549000
963.385868	943.340717	55.999999	61.554000
963.385870	943.345708	56.000001	61.557000
963.385868	943.350914	56.000001	61.557000
963.385869	943.356309	55.999999	61.553000
963.385868	943.361115	56.000001	61.548000
963.385870	943.366116	55.999998	61.542000
963.385870	943.371116	55.999999	61.537000
963.385868	943.375913	56.000000	61.533000
963.385867	943.381123	56.000002	61.532000
963.385868	943.385917	56.000000	61.531000
963.385869	943.390917	56.000000	61.532000
963.385870	943.395911	56.000000	61.534000
963.385870	943.400918	56.000001	61.536000
963.385867	943.405914	56.000001	61.538000
963.385869	943.410924	56.000000	61.539000
963.385871	943.416118	55.999998	61.539000
963.385868	943.421120	56.000002	61.537000
963.385871	943.425716	56.000000	61.534000
963.385867	943.431120	56.000000	61.531000
963.385866	943.436116	56.000000	61.530000
963.385868	943.441321	56.000001	61.530000
963.385870	943.446127	56.000001	61.532000
963.385867	943.451126	56.000000	61.535000
963.385868	943.456113	55.999999	61.537000
963.385864	943.461321	55.999999	61.538000
963.385867	943.466112	55.999999	61.540000
963.385867	943.471110	55.999999	61.543000
963.385867	943.476105	56.000000	61.545000
963.385870	943.481312	56.000000	61.547000
963.385870	943.485906	56.000000	61.548000
963.385869	943.490914	56.000000	61.549000
963.385869	943.495905	56.000000	61.549000
963.385868	943.501307	55.999999	61.547000
963.385865	943.506499	56.000001	61.543000
963.385869	943.511303	56.000000	61.537000
963.385869	943.516499	56.000000	61.530000
963.385871	943.521509	56.000001	61.523000
963.385872	943.526502	55.999999	61.516000
963.385866	943.531504	56.000000	61.511000
963.385870	943.536497	56.000000	61.509000
963.385869	943.541298	55.999999	61.513000
963.385870	943.546295	56.000000	61.520000
963.385870	943.551296	56.000000	61.528000
963.385866	943.556294	56.000001	61.534000
963.385869	943.561301	56.000000	61.535000
963.385867	943.566302	56.000000	61.534000
963.385867	943.571308	56.000000	61.532000
963.385864	943.576293	55.999999	61.531000
963.385869	943.581704	56.000000	61.532000
963.385870	943.586695	56.000001	61.536000
963.385870	943.591710	55.999999	61.539000
963.385871	943.596501	56.000001	61.540000
963.385871	943.601702	56.000001	61.538000
963.385870	943.606699	56.000001	61.534000
963.385869	943.611703	55.999999	61.530000
963.385872	943.616695	56.000001	61.527000
963.385866	943.621505	56.000002	61.526000
963.385871	943.626500	55.999999	61.527000
963.385868	943.631506	55.999998	61.529000
963.385871	943.636698	56.000001	61.533000
963.385870	943.641506	56.000003	61.538000
963.385869	943.646503	56.000002	61.542000
963.385869	943.651507	56.000000	61.543000
963.385871	943.657100	55.999999	61.541000
963.385868	943.661705	56.000003	61.537000
963.385869	943.666900	55.999997	61.533000
963.385870	943.671703	55.999999	61.529000
963.385870	943.676691	55.999998	61.527000
963.385868	943.681700	56.000000	61.527000
963.385867	943.686705	56.000002	61.527000
963.385874	943.691707	56.000002	61.528000
963.385870	943.696701	56.000001	61.528000
963.385869	943.701700	55.999999	61.526000
963.385871	943.706708	55.999998	61.524000
963.385871	943.711708	55.999999	61.520000
963.385872	943.716700	55.999998	61.517000
963.385870	943.721699	55.999997	61.513000
963.385873	943.726505	56.000003	61.509000
963.385868	943.731909	55.999998	61.506000
963.385871	943.737102	56.000003	61.503000
963.385872	943.742112	56.000003	61.503000
963.385871	943.747110	56.000002	61.504000
963.385872	943.751913	55.999997	61.507000
963.385870	943.756900	55.999997	61.512000
963.385870	943.761909	55.999998	61.517000
963.385871	943.766902	55.999998	61.521000
963.385867	943.771905	55.999998	61.525000
963.385872	943.776904	55.999997	61.527000
963.385870	943.781904	55.999997	61.526000
963.385871	943.786902	55.999997	61.524000
963.385870	943.792111	56.000001	61.521000
963.385871	943.796902	55.999998	61.518000
963.385869	943.802105	56.000002	61.515000
963.385869	943.807514	56.000000	61.514000
963.385873	943.812118	56.000002	61.514000
963.385870	943.817314	56.000000	61.514000
963.385871	943.822112	56.000000	61.515000
963.385871	943.827307	55.999999	61.514000
963.385871	943.832115	56.000000	61.513000
963.385872	943.837113	56.000002	61.511000
963.385872	943.842310	55.999999	61.511000
963.385876	943.847113	55.999998	61.511000
963.385869	943.852116	55.999998	61.514000
963.385872	943.857304	56.000001	61.519000
963.385871	943.861906	55.999998	61.524000
963.385874	943.867106	56.000002	61.528000
963.385872	943.871916	55.999998	61.529000
963.385870	943.877107	56.000001	61.528000
963.385871	943.882311	56.000002	61.523000
963.385867	943.887519	55.999998	61.518000
963.385870	943.892322	56.000002	61.514000
963.385869	943.897517	55.999998	61.512000
963.385872	943.902314	56.000002	61.513000
963.385871	943.907308	56.000003	61.518000
963.385870	943.912317	56.000002	61.523000
963.385870	943.917303	56.000001	61.528000
963.385872	943.922308	56.000001	61.531000
963.385869	943.927111	55.999998	61.533000
963.385873	943.932319	56.000002	61.534000
963.385870	943.937310	56.000002	61.533000
963.385871	943.942110	55.999998	61.530000
963.385874	943.947106	55.999999	61.524000
963.385872	943.952110	55.999998	61.517000
963.385872	943.957505	55.999999	61.511000
963.385871	943.962716	56.000001	61.511000
963.385868	943.967508	55.999998	61.515000
963.385870	943.972527	55.999999	61.523000
963.385870	943.977507	55.999999	61.530000
963.385869	943.982522	56.000000	61.534000
963.385868	943.987704	56.000001	61.534000
963.385870	943.992517	56.000001	61.533000
963.385867	943.997505	56.000001	61.531000
963.385870	944.002505	56.000000	61.531000
963.385869	944.007510	55.999999	61.533000
963.385869	944.012524	55.999998	61.538000
963.385870	944.017509	55.999999	61.542000
963.385870	944.022518	55.999998	61.547000
963.385866	944.027913	55.999999	61.550000
963.385870	944.032931	56.000000	61.552000
963.385870	944.037720	55.999998	61.552000
963.385871	944.042919	56.000002	61.551000
963.385868	944.047914	56.000002	61.549000
963.385865	944.052724	55.999998	61.547000
963.385867	944.057715	55.999999	61.545000
963.385868	944.062711	55.999998	61.545000
963.385871	944.067908	56.000002	61.547000
963.385868	944.072717	55.999999	61.549000
963.385871	944.077917	56.000003	61.552000
963.385870	944.082700	55.999998	61.552000
963.385868	944.087708	55.999998	61.551000
963.385872	944.092523	56.000001	61.548000
963.385870	944.097719	55.999998	61.545000
963.385864	944.103129	55.999998	61.543000
963.385874	944.108059	55.999998	61.542000
963.385869	944.113328	56.000001	61.542000
963.385866	944.118139	55.999999	61.543000
963.385868	944.123102	55.999999	61.544000
963.385867	944.128094	55.999999	61.545000
963.385866	944.132936	55.999999	61.544000
963.385868	944.137902	56.000002	61.543000
963.385871	944.142896	56.000001	61.541000
963.385872	944.147928	55.999999	61.539000
963.385869	944.152915	56.000001	61.538000
963.385867	944.157907	56.000002	61.537000
963.385869	944.162906	56.000002	61.535000
963.385870	944.167896	56.000002	61.534000
963.385868	944.172922	56.000003	61.532000
963.385870	944.178309	55.999997	61.532000
963.385870	944.183292	55.999998	61.532000
963.385870	944.188303	55.999999	61.533000
963.385871	944.193313	55.999999	61.535000
963.385869	944.198298	55.999998	61.535000
963.385869	944.203097	56.000000	61.535000
963.385869	944.208101	56.000000	61.533000
963.385869	944.213113	56.000000	61.532000
963.385869	944.218107	55.999999	61.531000
963.385870	944.223100	55.999999	61.532000
963.385869	944.228097	56.000000	61.534000
963.385869	944.233322	55.999999	61.535000
963.385867	944.238110	56.000000	61.536000
963.385869	944.243108	56.000000	61.535000
963.385869	944.248103	56.000001	61.532000
963.385872	944.253720	56.000001	61.530000
963.385869	944.258521	56.000001	61.528000
963.385872	944.263519	56.000002	61.528000
963.385870	944.268507	56.000001	61.529000
963.385868	944.273522	56.000001	61.531000
963.385867	944.278326	55.999998	61.531000
963.385870	944.283316	55.999999	61.531000
963.385868	944.288307	56.000000	61.529000
963.385868	944.293312	55.999999	61.526000
963.385870	944.298317	56.000000	61.524000
963.385871	944.303514	56.000002	61.520000
963.385870	944.308310	55.999998	61.517000
963.385870	944.313311	55.999998	61.515000
963.385869	944.318313	55.999999	61.514000
963.385868	944.323303	55.999999	61.517000
963.385872	944.328502	56.000001	61.523000
963.385873	944.333706	55.999998	61.531000
963.385874	944.338703	56.000000	61.538000
963.385872	944.343700	56.000000	61.544000
963.385874	944.348502	56.000001	61.547000
963.385871	944.353512	56.000001	61.548000
963.385867	944.358504	56.000002	61.548000
963.385867	944.363500	56.000000	61.548000
963.385874	944.368498	56.000001	61.547000
963.385868	944.373512	56.000000	61.546000
963.385872	944.378514	55.999999	61.544000
963.385868	944.383507	56.000000	61.541000
963.385869	944.388506	56.000001	61.537000
963.385869	944.393519	56.000000	61.532000
963.385867	944.398516	56.000000	61.528000
963.385870	944.403907	56.000000	61.524000
963.385874	944.408902	56.000000	61.524000
963.385869	944.413909	56.000001	61.525000
963.385872	944.418912	56.000000	61.528000
963.385871	944.423896	56.000000	61.530000
963.385875	944.428697	56.000000	61.531000
963.385870	944.433716	56.000000	61.531000
963.385870	944.438710	56.000000	61.531000
963.385870	944.443699	55.999999	61.531000
963.385870	944.448699	56.000000	61.532000
963.385872	944.453521	56.000000	61.532000
963.385871	944.458717	56.000000	61.533000
963.385870	944.463707	55.999999	61.534000
963.385870	944.468506	56.000000	61.534000
963.385873	944.473721	56.000000	61.533000
963.385867	944.479321	55.999999	61.531000
963.385871	944.484116	56.000000	61.529000
963.385874	944.489108	56.000000	61.527000
963.385871	944.494121	56.000000	61.527000
963.385870	944.498913	55.999999	61.529000
963.385871	944.503904	56.000000	61.532000
963.385872	944.508913	56.000000	61.536000
963.385874	944.513915	56.000000	61.538000
963.385871	944.518912	56.000000	61.540000
963.385873	944.523911	56.000000	61.539000
963.385871	944.528919	55.999999	61.538000
963.385874	944.533918	56.000000	61.536000
963.385873	944.538917	56.000000	61.534000
963.385876	944.544104	56.000000	61.533000
963.385872	944.548704	56.000000	61.532000
963.385872	944.554317	56.000000	61.530000
963.385872	944.559313	55.999999	61.529000
963.385872	944.564310	56.000000	61.528000
963.385873	944.569109	56.000001	61.527000
963.385871	944.574320	56.000000	61.527000
963.385870	944.579111	56.000001	61.527000
963.385871	944.584115	56.000000	61.529000
963.385872	944.589114	56.000000	61.531000
963.385872	944.594116	56.000000	61.532000
963.385871	944.599124	56.000000	61.533000
963.385873	944.604114	56.000001	61.532000
963.385870	944.609311	56.000000	61.531000
963.385871	944.614128	56.000000	61.529000
963.385873	944.619119	56.000001	61.526000
963.385871	944.624317	55.999999	61.523000
963.385872	944.629513	56.000000	61.520000
963.385866	944.634523	55.999998	61.518000
963.385870	944.639517	55.999999	61.517000
963.385868	944.644714	56.000002	61.517000
963.385871	944.649509	55.999999	61.517000
963.385873	944.654323	56.000000	61.518000
963.385874	944.659309	56.000000	61.518000
963.385871	944.664317	56.000000	61.519000
963.385870	944.669309	56.000000	61.518000
963.385871	944.674316	55.999999	61.517000
963.385872	944.679316	55.999999	61.514000
963.385870	944.684310	56.000001	61.510000
963.385872	944.689314	55.999998	61.505000
963.385872	944.694519	56.000000	61.499000
963.385872	944.699316	55.999999	61.494000
963.385869	944.704720	56.000000	61.490000
963.385868	944.709718	56.000001	61.489000
963.385870	944.714525	56.000001	61.490000
963.385867	944.719715	56.000000	61.494000
963.385869	944.724709	56.000000	61.499000
963.385869	944.729709	56.000001	61.504000
963.385871	944.734715	56.000001	61.506000
963.385869	944.739514	55.999999	61.507000
963.385870	944.744511	56.000000	61.509000
963.385869	944.749507	56.000000	61.512000
963.385873	944.754506	56.000000	61.518000
963.385870	944.759515	56.000001	61.525000
963.385871	944.764501	56.000000	61.532000
963.385868	944.769503	56.000000	61.537000
963.385869	944.774706	56.000000	61.540000
963.385869	944.779906	56.000000	61.542000
963.385870	944.784897	55.999999	61.543000
963.385867	944.789899	56.000001	61.543000
963.385869	944.795104	56.000000	61.542000
963.385870	944.799901	55.999999	61.541000
963.385869	944.804700	55.999999	61.538000
963.385870	944.809889	56.000000	61.534000
963.385870	944.814700	56.000001	61.530000
963.385869	944.819696	55.999999	61.526000
963.385869	944.824694	55.999999	61.523000
963.385870	944.829687	56.000000	61.521000
963.385872	944.834698	56.000000	61.520000
963.385872	944.839699	56.000000	61.520000
963.385866	944.844699	55.999999	61.522000
963.385869	944.849697	56.000000	61.525000
963.385869	944.854702	56.000000	61.527000
963.385868	944.860104	56.000000	61.528000
963.385870	944.865103	56.000000	61.528000
963.385870	944.870106	56.000000	61.528000
963.385868	944.874910	55.999999	61.527000
963.385868	944.880111	55.999999	61.528000
963.385869	944.885111	55.999999	61.530000
963.385868	944.889912	56.000000	61.532000
963.385869	944.894914	56.000000	61.535000
963.385870	944.899921	56.000000	61.538000
963.385866	944.904914	56.000000	61.541000
963.385868	944.909916	56.000000	61.544000
963.385868	944.914923	56.000001	61.545000
963.385869	944.919923	55.999999	61.544000
963.385870	944.924909	56.000000	61.540000
963.385868	944.929923	56.000000	61.536000
963.385870	944.935122	55.999999	61.531000
963.385872	944.940324	56.000001	61.530000
963.385873	944.945110	56.000001	61.531000
963.385871	944.950317	56.000001	61.534000
963.385869	944.955115	56.000000	61.537000
963.385869	944.960120	56.000001	61.537000
963.385871	944.965117	56.000000	61.536000
963.385869	944.970120	55.999998	61.533000
963.385872	944.975321	56.000001	61.531000
963.385868	944.980124	56.000002	61.530000
963.385871	944.985118	56.000001	61.533000
963.385868	944.990124	55.999998	61.537000
963.385870	944.995119	56.000000	61.541000
963.385871	945.000122	56.000001	61.542000
963.385868	945.005118	55.999998	61.540000
963.385867	945.010510	55.999999	61.537000
963.385870	945.015517	55.999998	61.535000
963.385871	945.020518	55.999997	61.534000
963.385873	945.025513	55.999999	61.534000
963.385870	945.030308	55.999997	61.535000
963.385870	945.035318	55.999997	61.537000
963.385871	945.040520	56.000003	61.538000
963.385869	945.045311	55.999999	61.541000
963.385868	945.050316	56.000000	61.545000
963.385866	945.055308	56.000001	61.550000
963.385870	945.060311	56.000003	61.554000
963.385870	945.065309	56.000003	61.556000
963.385869	945.070301	55.999999	61.556000
963.385870	945.075303	55.999997	61.554000
963.385866	945.080314	55.999997	61.551000
963.385871	945.085708	55.999997	61.548000
963.385872	945.090704	55.999998	61.546000
963.385870	945.095702	56.000001	61.547000
963.385872	945.100708	55.999999	61.551000
963.385871	945.105900	56.000000	61.558000
963.385872	945.110706	56.000002	61.567000
963.385868	945.115507	56.000002	61.572000
963.385870	945.120703	56.000002	61.574000
963.385867	945.125702	55.999999	61.572000
963.385872	945.130710	56.000002	61.571000
963.385870	945.135509	56.000002	61.572000
963.385870	945.140708	55.999999	61.576000
963.385870	945.145506	55.999998	61.579000
963.385871	945.150497	56.000002	61.578000
963.385870	945.155498	55.999997	61.574000
963.385869	945.160500	56.000001	61.572000
963.385871	945.165906	56.000001	61.572000
963.385875	945.170900	56.000000	61.576000
963.385870	945.175895	56.000000	61.581000
963.385870	945.180897	56.000002	61.585000
963.385872	945.185899	55.999997	61.586000
963.385868	945.190697	55.999998	61.585000
963.385871	945.195900	55.999999	61.582000
963.385870	945.200707	55.999998	61.576000
963.385869	945.205703	56.000002	61.570000
963.385872	945.210702	56.000002	61.561000
963.385871	945.215509	56.000000	61.551000
963.385871	945.220907	55.999999	61.540000
963.385873	945.225702	56.000000	61.531000
963.385871	945.230703	55.999999	61.523000
963.385871	945.235706	56.000002	61.518000
963.385871	945.241301	55.999998	61.515000
963.385871	945.246099	56.000000	61.516000
963.385873	945.251097	55.999999	61.517000
963.385870	945.256097	56.000001	61.518000
963.385868	945.261098	55.999998	61.519000
963.385873	945.266094	56.000003	61.518000
963.385874	945.270901	56.000003	61.518000
963.385871	945.275895	56.000000	61.517000
963.385875	945.280897	55.999998	61.515000
963.385873	945.285897	56.000000	61.512000
963.385872	945.290899	56.000000	61.509000
963.385871	945.295898	55.999999	61.507000
963.385873	945.300900	56.000000	61.506000
963.385873	945.305908	56.000001	61.505000
963.385871	945.310907	56.000000	61.506000
963.385871	945.316304	55.999998	61.506000
963.385871	945.321302	56.000001	61.508000
963.385867	945.326305	55.999998	61.511000
963.385871	945.331311	56.000001	61.515000
963.385871	945.336316	56.000001	61.519000
963.385873	945.341110	56.000001	61.522000
963.385870	945.346305	56.000000	61.521000
963.385869	945.351112	55.999999	61.516000
963.385872	945.356110	56.000000	61.509000
963.385872	945.361103	56.000000	61.502000
963.385868	945.366304	56.000000	61.496000
963.385870	945.371310	55.999998	61.495000
963.385867	945.376105	56.000000	61.501000
963.385873	945.381106	55.999998	61.513000
963.385872	945.386092	56.000001	61.528000
963.385870	945.391707	55.999999	61.539000
963.385866	945.396498	56.000001	61.544000
963.385866	945.401501	55.999998	61.544000
963.385871	945.406492	56.000000	61.543000
963.385869	945.411307	55.999999	61.540000
963.385867	945.416501	56.000000	61.538000
963.385871	945.421300	56.000003	61.537000
963.385871	945.426304	55.999997	61.540000
963.385869	945.431307	56.000001	61.545000
963.385867	945.436301	56.000000	61.550000
963.385869	945.441303	56.000000	61.551000
963.385868	945.446302	56.000000	61.547000
963.385869	945.451308	56.000000	61.541000
963.385868	945.456299	56.000000	61.534000
963.385869	945.461300	56.000000	61.527000
963.385870	945.466698	56.000000	61.520000
963.385869	945.471711	55.999999	61.516000
963.385867	945.476705	56.000000	61.513000
963.385869	945.481709	56.000001	61.512000
963.385870	945.486703	55.999998	61.511000
963.385868	945.491717	56.000001	61.510000
963.385867	945.496706	55.999999	61.508000
963.385871	945.501508	56.000000	61.508000
963.385867	945.506502	55.999999	61.511000
963.385870	945.511515	56.000001	61.514000
963.385867	945.516706	56.000001	61.518000
963.385869	945.521509	56.000000	61.519000
963.385868	945.526505	56.000000	61.518000
963.385869	945.531516	56.000000	61.516000
963.385870	945.536509	55.999999	61.514000
963.385866	945.541911	56.000001	61.514000
963.385868	945.546909	55.999999	61.515000
963.385868	945.551915	56.000001	61.518000
963.385869	945.557105	55.999999	61.521000
963.385872	945.561703	56.000000	61.524000
963.385868	945.566701	56.000001	61.525000
963.385868	945.571715	55.999998	61.524000
963.385870	945.576705	56.000001	61.520000
963.385868	945.581711	56.000000	61.516000
963.385869	945.586699	55.999999	61.512000
963.385869	945.591714	56.000000	61.509000
963.385868	945.596701	56.000000	61.510000
963.385867	945.601705	56.000000	61.513000
963.385866	945.606696	56.000003	61.518000
963.385867	945.611710	55.999999	61.521000
963.385869	945.616695	55.999998	61.522000
963.385871	945.622095	56.000000	61.521000
963.385871	945.627093	56.000001	61.518000
963.385867	945.631897	56.000003	61.515000
963.385869	945.637094	56.000003	61.515000
963.385869	945.641893	56.000001	61.518000
963.385868	945.647093	56.000003	61.523000
963.385866	945.651901	56.000002	61.528000
963.385865	945.656895	55.999998	61.531000
963.385870	945.661896	56.000003	61.531000
963.385867	945.667093	56.000002	61.531000
963.385869	945.671893	56.000003	61.532000
963.385867	945.676895	55.999998	61.534000
963.385868	945.681893	56.000001	61.538000
963.385864	945.687087	55.999996	61.542000
963.385868	945.691693	56.000002	61.543000
963.385867	945.697292	55.999996	61.543000
963.385870	945.702296	56.000003	61.540000
963.385872	945.707292	55.999998	61.538000
963.385870	945.712107	55.999998	61.536000
963.385867	945.717099	55.999998	61.535000
963.385870	945.722101	56.000004	61.535000
963.385868	945.727106	55.999997	61.537000
963.385867	945.732114	56.000001	61.541000
963.385869	945.737107	56.000002	61.545000
963.385868	945.742113	55.999997	61.546000
963.385868	945.747109	56.000003	61.546000
963.385869	945.752116	56.000000	61.543000
963.385869	945.757308	56.000003	61.540000
963.385869	945.762101	56.000003	61.536000
963.385869	945.767101	55.999997	61.531000
963.385872	945.772725	56.000002	61.527000
963.385870	945.777508	56.000003	61.523000
963.385868	945.782508	55.999996	61.519000
963.385869	945.787507	56.000000	61.515000
963.385867	945.792325	56.000000	61.511000
963.385873	945.797717	56.000003	61.509000
963.385866	945.802304	55.999998	61.508000
963.385868	945.807300	56.000003	61.509000
963.385867	945.812318	55.999997	61.510000
963.385870	945.817312	56.000003	61.511000
963.385867	945.822304	55.999997	61.512000
963.385868	945.827302	56.000000	61.512000
963.385869	945.832312	56.000002	61.514000
963.385874	945.837506	56.000003	61.517000
963.385867	945.842106	55.999998	61.521000
963.385874	945.847705	56.000002	61.524000
963.385870	945.852716	55.999997	61.525000
963.385870	945.857917	55.999997	61.524000
963.385872	945.862512	55.999998	61.524000
963.385873	945.867707	56.000002	61.524000
963.385871	945.872522	56.000000	61.528000
963.385873	945.877523	55.999997	61.535000
963.385869	945.882516	56.000003	61.543000
963.385871	945.887518	55.999997	61.549000
963.385874	945.892528	56.000002	61.552000
963.385869	945.897526	55.999998	61.550000
963.385871	945.902516	56.000003	61.546000
963.385871	945.907515	55.999997	61.541000
963.385874	945.912524	56.000002	61.536000
963.385871	945.917510	55.999999	61.530000
963.385871	945.923110	55.999998	61.526000
963.385869	945.927900	56.000000	61.525000
963.385873	945.932914	55.999998	61.528000
963.385874	945.937910	55.999999	61.532000
963.385869	945.942908	56.000002	61.537000
963.385871	945.947905	55.999997	61.542000
963.385874	945.952715	55.999998	61.544000
963.385870	945.957708	55.999999	61.545000
963.385871	945.962700	56.000001	61.543000
963.385868	945.967700	56.000000	61.540000
963.385870	945.972718	55.999999	61.536000
963.385868	945.977500	56.000001	61.532000
963.385870	945.982907	55.999999	61.527000
963.385870	945.987899	55.999999	61.523000
963.385872	945.992916	56.000000	61.520000
963.385871	945.997700	55.999999	61.518000
963.385867	946.003103	56.000001	61.518000
963.385870	946.008106	55.999999	61.518000
963.385870	946.013120	56.000000	61.519000
963.385869	946.018109	55.999999	61.519000
963.385871	946.023106	56.000000	61.521000
963.385871	946.028109	56.000001	61.522000
963.385872	946.032927	56.000000	61.524000
963.385872	946.037912	56.000000	61.524000
963.385866	946.043103	56.000000	61.522000
963.385869	946.047904	56.000002	61.519000
963.385872	946.052929	55.999998	61.518000
963.385870	946.057916	56.000001	61.519000
963.385870	946.062907	56.000000	61.524000
963.385872	946.067901	55.999998	61.531000
963.385871	946.073127	55.999999	61.539000
963.385868	946.078312	55.999999	61.543000
963.385868	946.083311	56.000000	61.542000
963.385871	946.088304	56.000001	61.540000
963.385870	946.093319	56.000000	61.537000
963.385871	946.098110	56.000002	61.534000
963.385870	946.103115	55.999997	61.533000
963.385869	946.108103	56.000002	61.532000
963.385869	946.113118	55.999999	61.532000
963.385870	946.118113	56.000002	61.532000
963.385871	946.123114	55.999998	61.531000
963.385871	946.128107	56.000002	61.531000
963.385869	946.133129	56.000000	61.531000
963.385871	946.138117	55.999998	61.532000
963.385870	946.143125	56.000003	61.535000
963.385868	946.148311	56.000001	61.539000
963.385867	946.153533	55.999997	61.543000
963.385866	946.158524	56.000002	61.544000
963.385868	946.163516	55.999998	61.544000
963.385870	946.168514	56.000000	61.542000
963.385868	946.173526	55.999999	61.540000
963.385869	946.178323	56.000000	61.538000
963.385873	946.183322	56.000001	61.537000
963.385870	946.188311	55.999997	61.538000
963.385869	946.193330	56.000002	61.539000
963.385870	946.198318	55.999997	61.541000
963.385871	946.203316	56.000003	61.541000
963.385872	946.208310	55.999998	61.540000
963.385872	946.213330	55.999999	61.538000
963.385870	946.218314	56.000000	61.536000
963.385869	946.223508	56.000002	61.534000
963.385869	946.228100	55.999999	61.533000
963.385867	946.233725	55.999998	61.533000
963.385864	946.238510	55.999997	61.534000
963.385872	946.243712	56.000001	61.536000
963.385870	946.248509	55.999998	61.537000
963.385870	946.253522	55.999999	61.536000
963.385871	946.258517	56.000001	61.533000
963.385868	946.263506	56.000000	61.529000
963.385873	946.268508	55.999999	61.523000
963.385870	946.273715	56.000002	61.517000
963.385871	946.278509	55.999998	61.513000
963.385869	946.283697	55.999999	61.511000
963.385867	946.288705	56.000000	61.511000
963.385874	946.293515	55.999998	61.515000
963.385869	946.298511	56.000001	61.519000
963.385871	946.304108	56.000001	61.523000
963.385869	946.308905	55.999999	61.524000
963.385869	946.313713	56.000001	61.522000
963.385870	946.318913	55.999998	61.517000
963.385867	946.323903	56.000001	61.512000
963.385866	946.328706	55.999997	61.509000
963.385870	946.333720	56.000000	61.509000
963.385868	946.338712	56.000001	61.512000
963.385868	946.343715	56.000001	61.517000
963.385867	946.348713	55.999997	61.520000
963.385868	946.353721	56.000001	61.523000
963.385869	946.358520	56.000000	61.524000
963.385870	946.363714	56.000000	61.526000
963.385868	946.368715	56.000000	61.528000
963.385869	946.373927	55.999999	61.529000
963.385869	946.379115	55.999999	61.528000
963.385869	946.384116	55.999999	61.527000
963.385869	946.389113	56.000001	61.525000
963.385871	946.394120	56.000000	61.524000
963.385868	946.399315	56.000000	61.525000
963.385868	946.404107	56.000000	61.526000
963.385872	946.409105	56.000000	61.527000
963.385871	946.413920	56.000001	61.528000
963.385869	946.418916	56.000000	61.526000
963.385866	946.423915	55.999998	61.524000
963.385869	946.428909	55.999999	61.523000
963.385867	946.433917	56.000002	61.524000
963.385870	946.439120	56.000002	61.528000
963.385868	946.443911	56.000001	61.533000
963.385869	946.448909	56.000001	61.538000
963.385871	946.453922	56.000000	61.543000
963.385870	946.459116	56.000001	61.547000
963.385871	946.464114	56.000002	61.550000
963.385871	946.469319	56.000003	61.551000
963.385869	946.474322	55.999997	61.552000
963.385870	946.479123	55.999996	61.551000
963.385870	946.484120	56.000003	61.548000
963.385868	946.489118	55.999999	61.544000
963.385867	946.494131	55.999998	61.539000
963.385868	946.499124	56.000001	61.535000
963.385870	946.504115	55.999999	61.532000
963.385870	946.509111	55.999999	61.531000
963.385866	946.514123	56.000002	61.531000
963.385870	946.519114	55.999996	61.532000
963.385869	946.524119	56.000002	61.533000
963.385870	946.529111	55.999998	61.534000
963.385870	946.534524	55.999997	61.532000
963.385870	946.539525	56.000002	61.529000
963.385872	946.544511	55.999999	61.524000
963.385869	946.549308	55.999998	61.519000
963.385869	946.554322	56.000000	61.514000
963.385872	946.559320	55.999999	61.511000
963.385870	946.564309	55.999999	61.510000
963.385872	946.569304	56.000000	61.511000
963.385870	946.574321	56.000000	61.514000
963.385872	946.579320	55.999998	61.516000
963.385871	946.584312	56.000002	61.517000
963.385870	946.589307	55.999999	61.516000
963.385872	946.594511	55.999998	61.514000
963.385871	946.599316	56.000000	61.515000
963.385875	946.604700	56.000001	61.519000
963.385872	946.609705	56.000000	61.525000
963.385873	946.614903	55.999998	61.531000
963.385873	946.619707	55.999999	61.537000
963.385873	946.624896	55.999997	61.540000
963.385871	946.629698	55.999997	61.541000
963.385870	946.634519	55.999998	61.540000
963.385871	946.639509	55.999998	61.539000
963.385873	946.644512	56.000003	61.538000
963.385869	946.649508	55.999998	61.537000
963.385870	946.654515	56.000000	61.535000
963.385870	946.659513	55.999998	61.532000
963.385873	946.664508	56.000002	61.530000
963.385870	946.669505	55.999999	61.528000
963.385870	946.674515	55.999998	61.526000
963.385870	946.679506	56.000003	61.523000
963.385869	946.684905	56.000002	61.520000
963.385868	946.690102	55.999999	61.518000
963.385873	946.694911	55.999998	61.516000
963.385874	946.699909	56.000001	61.516000
963.385868	946.704711	56.000001	61.519000
963.385871	946.709904	55.999999	61.523000
963.385871	946.714711	56.000000	61.529000
963.385871	946.719714	55.999997	61.534000
963.385872	946.724712	56.000003	61.538000
963.385873	946.729704	56.000000	61.540000
963.385871	946.734523	56.000002	61.539000
963.385870	946.739719	56.000000	61.538000
963.385872	946.744913	55.999998	61.536000
963.385870	946.749714	55.999999	61.535000
963.385872	946.754720	56.000001	61.535000
963.385870	946.760122	55.999997	61.536000
963.385870	946.765103	56.000002	61.536000
963.385869	946.770113	55.999998	61.536000
963.385871	946.774914	55.999999	61.533000
963.385868	946.780113	56.000003	61.529000
963.385868	946.785106	55.999998	61.524000
963.385872	946.789908	55.999999	61.519000
963.385872	946.794915	56.000000	61.514000
963.385871	946.799918	55.999998	61.509000
963.385873	946.804901	56.000002	61.506000
963.385871	946.810113	55.999998	61.504000
963.385873	946.814913	55.999997	61.504000
963.385869	946.819920	55.999999	61.509000
963.385873	946.824902	56.000003	61.517000
963.385871	946.829916	56.000001	61.526000
963.385875	946.834916	55.999998	61.533000
963.385871	946.840315	55.999998	61.538000
963.385873	946.845108	56.000002	61.540000
963.385868	946.850309	55.999998	61.541000
963.385870	946.855108	55.999997	61.541000
963.385870	946.860110	55.999996	61.541000
963.385872	946.865104	55.999996	61.539000
963.385871	946.870106	56.000001	61.537000
963.385871	946.875311	56.000001	61.535000
963.385872	946.880107	56.000003	61.533000
963.385871	946.885098	56.000000	61.533000
963.385871	946.890095	55.999999	61.533000
963.385869	946.895301	56.000000	61.532000
963.385871	946.900106	55.999997	61.531000
963.385869	946.905096	55.999997	61.528000
963.385870	946.910100	55.999999	61.524000
963.385871	946.915503	55.999997	61.520000
963.385867	946.920503	56.000000	61.516000
963.385868	946.925304	55.999997	61.514000
963.385867	946.930500	56.000003	61.515000
963.385868	946.935306	55.999998	61.519000
963.385866	946.940704	55.999996	61.526000
963.385871	946.945298	56.000003	61.533000
963.385870	946.950306	56.000003	61.536000
963.385869	946.955309	56.000003	61.535000
963.385870	946.960306	56.000003	61.532000
963.385872	946.965299	56.000002	61.527000
963.385869	946.970300	55.999999	61.522000
963.385872	946.975101	56.000003	61.518000
963.385870	946.980310	55.999997	61.517000
963.385870	946.985095	56.000002	61.517000
963.385869	946.990701	55.999998	61.518000
963.385866	946.995696	55.999997	61.519000
963.385867	947.000705	55.999996	61.522000
963.385865	947.005699	55.999998	61.525000
963.385868	947.010700	55.999998	61.530000
963.385869	947.015502	55.999997	61.534000
963.385866	947.020500	55.999997	61.536000
963.385867	947.025695	56.000003	61.536000
963.385867	947.030493	55.999999	61.534000
963.385871	947.035507	56.000001	61.530000
963.385868	947.040505	56.000004	61.526000
963.385866	947.045501	56.000003	61.523000
963.385867	947.050506	56.000003	61.520000
963.385867	947.055510	56.000002	61.518000
963.385866	947.060498	56.000003	61.517000
963.385866	947.065899	56.000003	61.516000
963.385867	947.070902	56.000003	61.516000
963.385868	947.075895	56.000002	61.519000
963.385869	947.080899	56.000000	61.522000
963.385868	947.085701	56.000003	61.526000
963.385870	947.090702	56.000003	61.529000
963.385866	947.095900	55.999997	61.532000
963.385867	947.100702	56.000001	61.533000
963.385866	947.105696	56.000000	61.534000
963.385867	947.110699	56.000001	61.534000
963.385863	947.115503	56.000002	61.535000
963.385867	947.120707	56.000001	61.536000
963.385870	947.125504	56.000002	61.536000
963.385863	947.130709	56.000002	61.537000
963.385869	947.135515	56.000000	61.536000
963.385867	947.141106	56.000001	61.533000
963.385869	947.146095	56.000000	61.530000
963.385870	947.151107	55.999999	61.525000
963.385869	947.156100	55.999998	61.520000
963.385870	947.161105	55.999999	61.514000
963.385868	947.166103	55.999998	61.510000
963.385866	947.170908	56.000000	61.506000
963.385868	947.176108	55.999997	61.502000
963.385871	947.180913	56.000000	61.500000
963.385869	947.186110	55.999997	61.499000
963.385870	947.190903	55.999999	61.499000
963.385868	947.195909	56.000000	61.502000
963.385870	947.200913	55.999999	61.505000
963.385867	947.205906	55.999999	61.507000
963.385865	947.210910	56.000000	61.508000
963.385871	947.216310	56.000003	61.508000
963.385868	947.221308	56.000002	61.508000
963.385872	947.226307	56.000003	61.509000
963.385871	947.231311	56.000002	61.509000
963.385867	947.236108	55.999998	61.510000
963.385870	947.241307	56.000001	61.509000
963.385869	947.246096	56.000001	61.508000
963.385866	947.251105	56.000002	61.507000
963.385868	947.256104	56.000002	61.506000
963.385873	947.261506	56.000001	61.506000
963.385871	947.266099	56.000001	61.508000
963.385870	947.271104	56.000000	61.512000
963.385868	947.276108	56.000000	61.519000
963.385868	947.281104	56.000000	61.526000
963.385868	947.286107	56.000000	61.532000
963.385870	947.291512	56.000000	61.538000
963.385869	947.296502	56.000000	61.540000
963.385873	947.301509	56.000000	61.540000
963.385871	947.306507	55.999999	61.538000
963.385870	947.311502	56.000000	61.535000
963.385869	947.316505	55.999999	61.531000
963.385871	947.321302	56.000000	61.528000
963.385871	947.326302	56.000001	61.524000
963.385871	947.331302	56.000002	61.522000
963.385871	947.336304	56.000002	61.521000
963.385871	947.341307	56.000003	61.521000
963.385869	947.346301	56.000001	61.521000
963.385873	947.351301	56.000002	61.520000
963.385867	947.356307	56.000002	61.518000
963.385868	947.361309	56.000001	61.515000
963.385875	947.366704	55.999998	61.515000
963.385871	947.371712	55.999998	61.519000
963.385873	947.376703	55.999998	61.527000
963.385869	947.381708	55.999997	61.535000
963.385873	947.386704	55.999997	61.538000
963.385869	947.391711	55.999999	61.536000
963.385872	947.396505	55.999999	61.531000
963.385872	947.401506	56.000000	61.526000
963.385869	947.406500	56.000000	61.520000
963.385868	947.411707	56.000000	61.517000
963.385871	947.416507	56.000000	61.516000
963.385870	947.421500	55.999999	61.517000
963.385869	947.426495	56.000001	61.520000
963.385870	947.431504	55.999999	61.524000
963.385870	947.436493	56.000000	61.528000
963.385870	947.441697	56.000000	61.532000
963.385869	947.446892	56.000000	61.536000
963.385872	947.451699	55.999999	61.538000
963.385868	947.456887	56.000000	61.537000
963.385871	947.461691	56.000000	61.533000
963.385873	947.466691	56.000001	61.528000
963.385872	947.471696	55.999999	61.522000
963.385870	947.476691	55.999999	61.516000
963.385869	947.481691	55.999999	61.512000
963.385870	947.486690	56.000002	61.511000
963.385867	947.491702	56.000002	61.511000
963.385872	947.496694	55.999999	61.511000
963.385870	947.501692	55.999998	61.510000
963.385869	947.506889	56.000000	61.508000
963.385869	947.511708	55.999998	61.507000
963.385867	947.517104	56.000002	61.507000
963.385868	947.522102	55.999999	61.507000
963.385868	947.527299	55.999999	61.507000
963.385869	947.531899	56.000001	61.506000
963.385869	947.536905	56.000002	61.504000
963.385872	947.541895	56.000002	61.502000
963.385871	947.546893	56.000002	61.501000
963.385869	947.551905	56.000002	61.502000
963.385871	947.556903	56.000000	61.504000
963.385868	947.561705	56.000000	61.507000
963.385872	947.566895	55.999999	61.509000
963.385875	947.571701	56.000000	61.510000
963.385871	947.576905	55.999999	61.511000
963.385870	947.581702	56.000000	61.512000
963.385873	947.586904	56.000000	61.512000
963.385872	947.592118	55.999999	61.512000
963.385868	947.597312	55.999999	61.511000
963.385871	947.602313	55.999997	61.511000
963.385864	947.607504	56.000001	61.511000
963.385867	947.612324	55.999998	61.511000
963.385867	947.617315	55.999996	61.513000
963.385873	947.622108	56.000002	61.513000
963.385870	947.627109	55.999999	61.513000
963.385870	947.632109	55.999999	61.512000
963.385870	947.637111	55.999999	61.510000
963.385872	947.642112	56.000002	61.508000
963.385870	947.647112	56.000002	61.508000
963.385873	947.652314	55.999997	61.509000
963.385871	947.657104	56.000003	61.513000
963.385870	947.662092	56.000002	61.519000
963.385868	947.667501	55.999999	61.526000
963.385868	947.672517	56.000001	61.531000
963.385867	947.677511	56.000000	61.534000
963.385870	947.682304	55.999998	61.533000
963.385866	947.687506	56.000000	61.530000
963.385866	947.692721	56.000002	61.526000
963.385865	947.697309	55.999998	61.520000
963.385870	947.702313	56.000001	61.514000
963.385870	947.707312	56.000001	61.510000
963.385869	947.712321	55.999999	61.508000
963.385869	947.717311	56.000001	61.510000
963.385870	947.722313	56.000001	61.513000
963.385870	947.727299	55.999999	61.517000
963.385867	947.732106	56.000000	61.519000
963.385868	947.737510	56.000003	61.519000
963.385869	947.742709	55.999999	61.516000
963.385869	947.747701	55.999998	61.512000
963.385868	947.752714	56.000001	61.509000
963.385870	947.757909	55.999999	61.507000
963.385869	947.762508	56.000002	61.507000
963.385870	947.767499	56.000002	61.508000
963.385890	947.771542	56.000000	61.509000
