1061.839102	903.400665	56.000002	50.882000
1061.839315	903.402691	56.000003	50.885000
1061.839010	903.407639	55.999999	50.886000
1061.838804	903.412994	55.999999	50.886000
1061.838660	903.418127	56.000002	50.885000
1061.838612	903.423475	56.000000	50.884000
1061.838562	903.428333	56.000000	50.883000
1061.838571	903.433403	56.000002	50.881000
1061.838551	903.438468	56.000001	50.880000
1061.838562	903.443461	55.999999	50.879000
1061.838560	903.448455	56.000001	50.879000
1061.838571	903.453531	55.999999	50.878000
1061.838560	903.458719	55.999998	50.879000
1061.838567	903.463960	55.999998	50.879000
1061.838567	903.468716	56.000000	50.879000
1061.838573	903.473776	56.000000	50.878000
1061.838571	903.478774	55.999998	50.877000
1061.838573	903.483769	56.000001	50.877000
1061.838572	903.488785	56.000000	50.876000
1061.838574	903.493969	56.000000	50.875000
1061.838574	903.498809	56.000001	50.873000
1061.838576	903.503803	55.999999	50.872000
1061.838581	903.508789	55.999999	50.872000
1061.838579	903.513812	55.999999	50.872000
1061.838576	903.518831	56.000001	50.873000
1061.838581	903.523807	56.000001	50.875000
1061.838582	903.528806	55.999997	50.878000
1061.838579	903.534220	55.999999	50.881000
1061.838580	903.539027	56.000001	50.883000
1061.838583	903.544032	56.000000	50.885000
1061.838582	903.549011	55.999999	50.887000
1061.838580	903.554037	56.000001	50.889000
1061.838584	903.559040	56.000000	50.891000
1061.838580	903.564238	56.000001	50.893000
1061.838583	903.569029	56.000002	50.894000
1061.838579	903.574229	56.000002	50.897000
1061.838587	903.578853	56.000002	50.899000
1061.838584	903.584042	55.999998	50.901000
1061.838578	903.588831	55.999998	50.902000
1061.838585	903.594045	55.999998	50.902000
1061.838582	903.598849	55.999998	50.903000
1061.838583	903.604038	55.999998	50.905000
1061.838583	903.609235	55.999998	50.907000
1061.838580	903.614437	55.999998	50.909000
1061.838583	903.619255	55.999998	50.910000
1061.838581	903.624450	55.999999	50.910000
1061.838582	903.629226	55.999998	50.912000
1061.838586	903.634235	55.999999	50.916000
1061.838581	903.639448	55.999997	50.919000
1061.838583	903.644445	55.999999	50.920000
1061.838579	903.649234	56.000001	50.921000
1061.838583	903.654234	55.999999	50.923000
1061.838583	903.659243	56.000000	50.928000
1061.838585	903.664230	55.999998	50.933000
1061.838583	903.669219	55.999999	50.936000
1061.838582	903.674245	56.000000	50.937000
1061.838581	903.679254	56.000000	50.934000
1061.838580	903.684655	56.000002	50.931000
1061.838586	903.689432	56.000000	50.929000
1061.838575	903.694634	55.999999	50.926000
1061.838580	903.699450	56.000001	50.923000
1061.838581	903.704650	56.000000	50.917000
1061.838583	903.709440	55.999999	50.911000
1061.838581	903.714443	56.000001	50.903000
1061.838578	903.719442	55.999998	50.896000
1061.838583	903.724445	55.999999	50.891000
1061.838581	903.729429	56.000001	50.886000
1061.838584	903.734442	56.000001	50.883000
1061.838580	903.739444	55.999999	50.879000
1061.838584	903.744433	55.999999	50.876000
1061.838583	903.749425	55.999999	50.871000
1061.838577	903.754438	55.999998	50.866000
1061.838582	903.759843	55.999999	50.861000
1061.838580	903.764836	55.999998	50.856000
1061.838580	903.769827	55.999998	50.852000
1061.838582	903.774634	56.000001	50.849000
1061.838584	903.779644	55.999999	50.846000
1061.838583	903.784643	56.000000	50.843000
1061.838580	903.789837	56.000000	50.839000
1061.838579	903.794644	56.000001	50.835000
1061.838580	903.799647	56.000000	50.831000
1061.838587	903.804641	56.000000	50.828000
1061.838584	903.809640	56.000001	50.826000
1061.838581	903.814646	56.000001	50.825000
1061.838580	903.819648	56.000000	50.825000
1061.838577	903.824647	55.999999	50.825000
1061.838583	903.829438	56.000001	50.824000
1061.838579	903.835238	56.000000	50.825000
1061.838582	903.840046	56.000000	50.829000
1061.838583	903.844848	56.000000	50.836000
1061.838579	903.849840	55.999999	50.845000
1061.838584	903.854841	56.000000	50.853000
1061.838582	903.859844	56.000000	50.858000
1061.838582	903.864846	55.999999	50.862000
1061.838581	903.869834	55.999999	50.865000
1061.838580	903.874842	55.999999	50.869000
1061.838586	903.879846	56.000001	50.872000
1061.838581	903.884840	55.999999	50.874000
1061.838583	903.889838	55.999999	50.875000
1061.838582	903.894839	55.999999	50.874000
1061.838580	903.899849	56.000001	50.873000
1061.838584	903.904843	55.999999	50.873000
1061.838584	903.910243	55.999999	50.872000
1061.838581	903.915231	56.000001	50.871000
1061.838578	903.920236	56.000000	50.869000
1061.838582	903.925043	56.000000	50.867000
1061.838584	903.930036	56.000000	50.866000
1061.838581	903.935037	56.000001	50.865000
1061.838583	903.940048	55.999999	50.864000
1061.838581	903.945038	56.000001	50.863000
1061.838579	903.950035	56.000000	50.863000
1061.838581	903.955031	56.000002	50.862000
1061.838579	903.960037	56.000000	50.862000
1061.838583	903.965046	56.000000	50.863000
1061.838583	903.970035	55.999999	50.863000
1061.838584	903.975023	56.000000	50.863000
1061.838580	903.980040	56.000001	50.864000
1061.838583	903.985435	56.000001	50.864000
1061.838582	903.990430	55.999999	50.866000
1061.838579	903.995227	56.000000	50.867000
1061.838581	904.000236	55.999998	50.868000
1061.838583	904.005240	56.000000	50.869000
1061.838583	904.010239	55.999999	50.869000
1061.838585	904.015226	55.999999	50.870000
1061.838577	904.020239	56.000001	50.871000
1061.838579	904.025240	55.999999	50.871000
1061.838582	904.030235	55.999999	50.872000
1061.838579	904.035230	56.000000	50.872000
1061.838579	904.040232	55.999999	50.873000
1061.838583	904.045241	56.000000	50.874000
1061.838581	904.050236	56.000001	50.875000
1061.838583	904.055423	55.999999	50.875000
1061.838584	904.060437	56.000001	50.875000
1061.838583	904.065443	56.000000	50.875000
1061.838581	904.070647	56.000000	50.875000
1061.838584	904.075231	56.000000	50.875000
1061.838583	904.080244	56.000000	50.875000
1061.838581	904.085247	55.999999	50.875000
1061.838584	904.090248	56.000000	50.875000
1061.838581	904.095238	56.000000	50.875000
1061.838586	904.100445	56.000000	50.874000
1061.838581	904.105254	55.999999	50.873000
1061.838585	904.110243	55.999999	50.873000
1061.838583	904.115240	55.999999	50.873000
1061.838585	904.120249	55.999999	50.873000
1061.838578	904.125246	56.000000	50.873000
1061.838582	904.130254	55.999999	50.874000
1061.838581	904.135439	55.999999	50.875000
1061.838580	904.140441	55.999999	50.876000
1061.838582	904.145448	56.000000	50.878000
1061.838580	904.150439	56.000001	50.880000
1061.838582	904.155439	56.000000	50.882000
1061.838583	904.160438	55.999999	50.884000
1061.838582	904.165450	55.999999	50.885000
1061.838579	904.170443	55.999997	50.886000
1061.838580	904.175440	55.999998	50.885000
1061.838580	904.180443	56.000000	50.885000
1061.838585	904.185454	56.000002	50.887000
1061.838578	904.190446	56.000000	50.889000
1061.838584	904.195437	55.999999	50.891000
1061.838587	904.200640	56.000001	50.893000
1061.838580	904.205445	56.000001	50.893000
1061.838581	904.210843	56.000000	50.893000
1061.838584	904.215640	56.000002	50.894000
1061.838579	904.221038	55.999997	50.895000
1061.838586	904.225646	55.999998	50.897000
1061.838580	904.230643	55.999996	50.898000
1061.838579	904.235632	55.999997	50.899000
1061.838581	904.240634	55.999998	50.900000
1061.838579	904.245645	55.999998	50.902000
1061.838580	904.250842	56.000001	50.905000
1061.838581	904.255433	56.000000	50.907000
1061.838580	904.260633	55.999999	50.909000
1061.838583	904.265450	55.999999	50.911000
1061.838581	904.270841	56.000002	50.915000
1061.838582	904.275430	55.999999	50.919000
1061.838585	904.280637	55.999999	50.923000
1061.838579	904.286040	55.999999	50.925000
1061.838584	904.290849	55.999999	50.923000
1061.838582	904.295835	55.999999	50.921000
1061.838580	904.300833	55.999998	50.919000
1061.838588	904.305849	55.999998	50.917000
1061.838580	904.310840	55.999999	50.916000
1061.838582	904.316034	56.000001	50.914000
1061.838580	904.320835	56.000002	50.911000
1061.838582	904.325843	56.000001	50.908000
1061.838584	904.330851	55.999999	50.907000
1061.838582	904.335829	56.000000	50.907000
1061.838586	904.340835	56.000002	50.907000
1061.838582	904.345640	56.000000	50.908000
1061.838581	904.351045	55.999999	50.908000
1061.838580	904.355635	55.999999	50.910000
1061.838580	904.361235	56.000001	50.912000
1061.838583	904.366034	56.000001	50.914000
1061.838583	904.371249	56.000000	50.915000
1061.838582	904.376037	56.000000	50.917000
1061.838580	904.381035	56.000000	50.921000
1061.838584	904.386039	56.000000	50.924000
1061.838578	904.391053	56.000001	50.927000
1061.838579	904.396035	56.000000	50.928000
1061.838580	904.401040	56.000001	50.926000
1061.838580	904.406046	56.000001	50.922000
1061.838581	904.411051	56.000001	50.918000
1061.838582	904.415834	56.000002	50.915000
1061.838578	904.421033	55.999999	50.913000
1061.838582	904.426048	55.999999	50.912000
1061.838578	904.431060	56.000003	50.908000
1061.838580	904.436437	55.999999	50.903000
1061.838579	904.441438	56.000000	50.897000
1061.838578	904.446443	55.999998	50.891000
1061.838579	904.451260	55.999998	50.886000
1061.838581	904.456239	56.000000	50.883000
1061.838583	904.461232	55.999997	50.879000
1061.838576	904.466447	55.999998	50.876000
1061.838582	904.471252	55.999998	50.873000
1061.838578	904.476237	56.000000	50.869000
1061.838580	904.481239	56.000000	50.865000
1061.838579	904.486240	56.000003	50.861000
1061.838580	904.491246	56.000001	50.856000
1061.838578	904.496227	56.000002	50.850000
1061.838583	904.501431	55.999999	50.844000
1061.838584	904.506037	56.000003	50.836000
1061.838582	904.511850	55.999997	50.828000
1061.838584	904.516624	56.000003	50.820000
1061.838581	904.521622	56.000003	50.813000
1061.838582	904.526431	55.999999	50.807000
1061.838583	904.531444	56.000000	50.802000
1061.838582	904.536425	55.999998	50.799000
1061.838580	904.541431	56.000001	50.796000
1061.838576	904.546436	56.000001	50.792000
1061.838577	904.551455	56.000000	50.788000
1061.838580	904.556434	56.000001	50.785000
1061.838580	904.561432	56.000003	50.785000
1061.838583	904.566635	55.999998	50.789000
1061.838579	904.571441	56.000002	50.797000
1061.838583	904.576431	55.999999	50.806000
1061.838576	904.581423	55.999997	50.815000
1061.838585	904.587033	56.000000	50.824000
1061.838580	904.591646	56.000000	50.833000
1061.838583	904.596633	55.999998	50.842000
1061.838581	904.601629	55.999998	50.850000
1061.838583	904.606642	56.000000	50.856000
1061.838583	904.611650	56.000002	50.859000
1061.838582	904.616844	56.000001	50.862000
1061.838580	904.621635	56.000001	50.865000
1061.838581	904.626641	56.000000	50.868000
1061.838581	904.631653	55.999999	50.871000
1061.838584	904.636635	56.000001	50.872000
1061.838582	904.641633	55.999998	50.872000
1061.838582	904.646639	56.000001	50.871000
1061.838581	904.651859	56.000001	50.871000
1061.838581	904.656441	55.999998	50.871000
1061.838585	904.662036	56.000002	50.872000
1061.838583	904.666844	56.000002	50.874000
1061.838581	904.672062	55.999999	50.875000
1061.838582	904.676842	56.000001	50.876000
1061.838581	904.681844	56.000000	50.877000
1061.838583	904.686839	56.000001	50.878000
1061.838582	904.692071	56.000001	50.878000
1061.838581	904.696849	56.000002	50.878000
1061.838582	904.701834	55.999998	50.879000
1061.838590	904.706845	56.000001	50.879000
1061.838582	904.711863	55.999998	50.879000
1061.838584	904.716848	56.000002	50.879000
1061.838582	904.721834	55.999998	50.879000
1061.838584	904.726844	56.000001	50.879000
1061.838581	904.731858	55.999999	50.879000
1061.838584	904.737247	56.000001	50.878000
1061.838583	904.742032	56.000001	50.877000
1061.838588	904.747236	56.000001	50.875000
1061.838582	904.752056	56.000002	50.875000
1061.838581	904.757041	55.999998	50.875000
1061.838585	904.762025	56.000000	50.876000
1061.838580	904.767035	55.999999	50.876000
1061.838583	904.772054	56.000002	50.877000
1061.838585	904.777044	55.999998	50.877000
1061.838580	904.782234	56.000001	50.878000
1061.838584	904.787037	55.999999	50.879000
1061.838581	904.792050	56.000001	50.880000
1061.838582	904.797048	56.000001	50.881000
1061.838583	904.802032	55.999998	50.882000
1061.838584	904.807041	56.000001	50.883000
1061.838580	904.812464	55.999999	50.884000
1061.838583	904.817457	56.000002	50.884000
1061.838585	904.822242	56.000002	50.884000
1061.838580	904.827242	55.999998	50.883000
1061.838580	904.832262	56.000001	50.883000
1061.838585	904.837255	55.999998	50.882000
1061.838580	904.842235	56.000001	50.881000
1061.838579	904.847247	56.000000	50.880000
1061.838586	904.852462	55.999999	50.879000
1061.838581	904.857243	55.999999	50.878000
1061.838585	904.862030	56.000001	50.877000
1061.838577	904.867239	56.000000	50.876000
1061.838582	904.872058	56.000002	50.876000
1061.838585	904.877252	56.000001	50.876000
1061.838578	904.882035	56.000001	50.877000
1061.838582	904.887641	56.000000	50.878000
1061.838585	904.892468	55.999999	50.879000
1061.838581	904.897666	55.999998	50.879000
1061.838582	904.902443	56.000000	50.879000
1061.838582	904.907444	56.000000	50.879000
1061.838581	904.912469	55.999999	50.879000
1061.838576	904.917456	55.999999	50.880000
1061.838579	904.922432	55.999999	50.882000
1061.838583	904.927439	56.000002	50.883000
1061.838580	904.932466	56.000000	50.884000
1061.838580	904.937655	56.000001	50.884000
1061.838582	904.942444	55.999999	50.883000
1061.838579	904.947442	56.000002	50.883000
1061.838582	904.952472	55.999998	50.882000
1061.838581	904.957458	56.000003	50.881000
1061.838583	904.962853	55.999998	50.880000
1061.838578	904.967846	56.000000	50.879000
1061.838581	904.972672	55.999999	50.879000
1061.838579	904.977653	56.000000	50.878000
1061.838582	904.982646	56.000000	50.878000
1061.838579	904.987642	55.999998	50.879000
1061.838579	904.992670	56.000003	50.879000
1061.838579	904.997664	55.999997	50.879000
1061.838584	905.002646	56.000003	50.878000
1061.838579	905.007643	55.999998	50.877000
1061.838580	905.012666	56.000002	50.876000
1061.838580	905.017865	56.000002	50.875000
1061.838580	905.022658	55.999999	50.876000
1061.838583	905.027649	56.000001	50.877000
1061.838576	905.032669	55.999999	50.878000
1061.838583	905.038269	56.000000	50.878000
1061.838578	905.043049	55.999997	50.877000
1061.838583	905.048047	56.000002	50.877000
1061.838582	905.052868	56.000001	50.877000
1061.838580	905.057865	56.000000	50.878000
1061.838581	905.062853	55.999999	50.879000
1061.838579	905.067840	56.000000	50.880000
1061.838581	905.072873	56.000001	50.881000
1061.838575	905.077859	56.000001	50.882000
1061.838579	905.082650	56.000001	50.884000
1061.838576	905.087834	56.000000	50.886000
1061.838579	905.092861	56.000000	50.888000
1061.838578	905.097863	55.999999	50.891000
1061.838578	905.102642	56.000000	50.892000
1061.838577	905.107831	56.000001	50.894000
1061.838579	905.113064	56.000001	50.895000
1061.838581	905.118261	56.000001	50.897000
1061.838579	905.123048	56.000002	50.899000
1061.838584	905.128035	56.000000	50.901000
1061.838579	905.133064	56.000000	50.903000
1061.838581	905.138056	56.000000	50.905000
1061.838582	905.143043	55.999999	50.906000
1061.838581	905.148036	56.000003	50.907000
1061.838581	905.153061	55.999999	50.907000
1061.838581	905.158055	56.000001	50.908000
1061.838579	905.163038	55.999998	50.908000
1061.838580	905.168236	55.999996	50.907000
1061.838580	905.173060	55.999997	50.906000
1061.838579	905.178057	56.000003	50.905000
1061.838581	905.183037	55.999998	50.904000
1061.838583	905.188437	55.999997	50.902000
1061.838580	905.193658	55.999998	50.899000
1061.838580	905.198262	55.999999	50.897000
1061.838582	905.203242	56.000002	50.895000
1061.838581	905.208239	55.999997	50.892000
1061.838582	905.213262	56.000003	50.890000
1061.838582	905.218264	55.999999	50.887000
1061.838584	905.223249	56.000002	50.883000
1061.838582	905.228236	55.999998	50.881000
1061.838578	905.233262	56.000002	50.879000
1061.838581	905.238262	56.000001	50.877000
1061.838579	905.243241	55.999997	50.875000
1061.838581	905.248239	56.000003	50.872000
1061.838584	905.253456	56.000002	50.868000
1061.838579	905.258265	56.000000	50.865000
1061.838581	905.263442	56.000003	50.862000
1061.838580	905.268637	56.000001	50.861000
1061.838580	905.273857	55.999997	50.859000
1061.838581	905.278455	55.999998	50.859000
1061.838583	905.283443	56.000002	50.858000
1061.838578	905.288441	55.999998	50.858000
1061.838579	905.293467	56.000003	50.858000
1061.838583	905.298463	55.999998	50.859000
1061.838580	905.303449	56.000002	50.861000
1061.838585	905.308443	55.999998	50.864000
1061.838581	905.313467	56.000001	50.867000
1061.838582	905.318470	56.000002	50.870000
1061.838583	905.323458	55.999998	50.872000
1061.838577	905.328451	56.000002	50.874000
1061.838580	905.333459	55.999998	50.876000
1061.838580	905.338671	55.999998	50.879000
1061.838579	905.343871	55.999998	50.882000
1061.838582	905.348852	56.000002	50.885000
1061.838579	905.353862	55.999998	50.887000
1061.838581	905.358673	55.999998	50.889000
1061.838578	905.363865	55.999997	50.890000
1061.838578	905.368650	55.999997	50.890000
1061.838582	905.373660	56.000001	50.891000
1061.838579	905.378672	56.000000	50.892000
1061.838582	905.383661	56.000001	50.892000
1061.838579	905.388653	55.999997	50.891000
1061.838582	905.393667	56.000002	50.890000
1061.838582	905.398674	55.999999	50.888000
1061.838583	905.403661	55.999997	50.887000
1061.838581	905.408654	56.000002	50.886000
1061.838582	905.414055	55.999999	50.885000
1061.838578	905.418862	55.999997	50.885000
1061.838580	905.424057	56.000003	50.884000
1061.838581	905.428846	56.000003	50.883000
1061.838580	905.434065	56.000002	50.881000
1061.838580	905.438864	56.000003	50.880000
1061.838580	905.443857	55.999998	50.879000
1061.838580	905.448841	56.000002	50.879000
1061.838578	905.453857	55.999998	50.880000
1061.838582	905.458866	56.000000	50.882000
1061.838578	905.463851	56.000001	50.884000
1061.838581	905.468642	55.999999	50.886000
1061.838579	905.473859	56.000002	50.887000
1061.838580	905.478664	56.000002	50.888000
1061.838579	905.483854	56.000004	50.888000
1061.838581	905.488643	56.000003	50.888000
1061.838577	905.494252	55.999998	50.888000
1061.838580	905.499259	56.000002	50.888000
1061.838578	905.504049	56.000000	50.888000
1061.838575	905.509042	55.999999	50.888000
1061.838578	905.514057	56.000002	50.889000
1061.838581	905.519061	55.999998	50.890000
1061.838580	905.524052	56.000003	50.891000
1061.838579	905.529043	55.999997	50.891000
1061.838582	905.534052	56.000003	50.892000
1061.838580	905.539062	55.999998	50.893000
1061.838581	905.544047	56.000002	50.894000
1061.838582	905.549034	55.999997	50.895000
1061.838580	905.554048	56.000002	50.896000
1061.838581	905.559050	55.999996	50.896000
1061.838577	905.564044	56.000003	50.897000
1061.838580	905.569233	56.000000	50.898000
1061.838582	905.574450	55.999997	50.900000
1061.838577	905.579256	55.999998	50.901000
1061.838579	905.584244	56.000004	50.902000
1061.838576	905.589230	55.999997	50.902000
1061.838581	905.594249	56.000000	50.903000
1061.838582	905.599451	55.999997	50.903000
1061.838580	905.604253	55.999997	50.902000
1061.838577	905.609042	55.999997	50.901000
1061.838584	905.614255	56.000002	50.900000
1061.838576	905.619258	55.999999	50.900000
1061.838578	905.624261	56.000003	50.901000
1061.838580	905.629242	55.999998	50.903000
1061.838579	905.634251	56.000000	50.904000
1061.838583	905.639259	55.999998	50.904000
1061.838581	905.644656	56.000000	50.905000
1061.838580	905.649437	56.000003	50.905000
1061.838580	905.654654	56.000002	50.906000
1061.838585	905.659452	56.000003	50.907000
1061.838582	905.665048	56.000001	50.908000
1061.838581	905.669443	55.999998	50.909000
1061.838580	905.674460	56.000002	50.912000
1061.838580	905.679455	56.000000	50.915000
1061.838581	905.684456	55.999998	50.918000
1061.838581	905.689447	56.000002	50.920000
1061.838578	905.694458	55.999998	50.922000
1061.838579	905.699458	56.000000	50.924000
1061.838581	905.704462	55.999998	50.926000
1061.838583	905.709446	55.999999	50.928000
1061.838577	905.714458	56.000001	50.931000
1061.838582	905.719848	55.999998	50.934000
1061.838583	905.724661	56.000002	50.937000
1061.838582	905.729640	56.000000	50.938000
1061.838579	905.734651	55.999998	50.939000
1061.838580	905.739656	56.000000	50.939000
1061.838580	905.744656	56.000002	50.940000
1061.838580	905.749841	56.000000	50.941000
1061.838584	905.754647	55.999999	50.941000
1061.838579	905.759648	55.999999	50.941000
1061.838583	905.764654	56.000000	50.939000
1061.838583	905.769634	56.000000	50.938000
1061.838581	905.774647	56.000001	50.936000
1061.838579	905.779649	56.000000	50.935000
1061.838581	905.784850	56.000000	50.933000
1061.838582	905.789633	56.000001	50.931000
1061.838584	905.794845	56.000000	50.929000
1061.838584	905.800044	55.999999	50.926000
1061.838583	905.805057	55.999999	50.924000
1061.838579	905.809835	55.999999	50.923000
1061.838581	905.815042	55.999999	50.922000
1061.838582	905.819847	56.000001	50.921000
1061.838582	905.824853	56.000002	50.920000
1061.838580	905.829834	55.999999	50.918000
1061.838579	905.834837	56.000001	50.916000
1061.838584	905.839844	56.000002	50.914000
1061.838582	905.844848	55.999999	50.913000
1061.838580	905.849836	55.999999	50.912000
1061.838580	905.854837	56.000000	50.910000
1061.838579	905.859847	56.000002	50.908000
1061.838583	905.865247	55.999997	50.906000
1061.838580	905.870245	56.000004	50.905000
1061.838581	905.875236	55.999999	50.904000
1061.838581	905.880039	55.999998	50.905000
1061.838583	905.885042	55.999999	50.905000
1061.838582	905.890035	56.000003	50.906000
1061.838582	905.895037	55.999999	50.906000
1061.838579	905.900040	56.000003	50.907000
1061.838582	905.905047	55.999997	50.906000
1061.838578	905.910228	56.000000	50.906000
1061.838580	905.915036	56.000000	50.906000
1061.838584	905.920041	55.999998	50.905000
1061.838578	905.925042	56.000003	50.905000
1061.838581	905.930227	56.000000	50.904000
1061.838582	905.935036	56.000001	50.905000
1061.838581	905.940438	56.000000	50.906000
1061.838577	905.945240	55.999998	50.908000
1061.838579	905.950636	56.000002	50.910000
1061.838581	905.955230	55.999996	50.911000
1061.838579	905.960239	56.000002	50.911000
1061.838580	905.965244	55.999997	50.911000
1061.838577	905.970635	55.999997	50.910000
1061.838580	905.975237	55.999999	50.909000
1061.838577	905.980241	55.999999	50.908000
1061.838581	905.985246	56.000001	50.906000
1061.838576	905.990239	56.000001	50.906000
1061.838577	905.995237	55.999998	50.906000
1061.838576	906.000246	56.000001	50.906000
1061.838578	906.005248	55.999997	50.906000
1061.838576	906.010246	56.000002	50.905000
1061.838581	906.015440	56.000002	50.903000
1061.838576	906.020640	55.999999	50.901000
1061.838580	906.025455	55.999998	50.899000
1061.838581	906.030649	55.999999	50.897000
1061.838580	906.035444	55.999998	50.895000
1061.838573	906.040447	56.000001	50.893000
1061.838577	906.045457	55.999999	50.891000
1061.838578	906.050645	56.000000	50.888000
1061.838579	906.055453	55.999999	50.886000
1061.838577	906.060446	56.000002	50.883000
1061.838584	906.065460	56.000000	50.880000
1061.838581	906.070458	55.999998	50.878000
1061.838579	906.075454	56.000002	50.875000
1061.838575	906.080453	55.999998	50.873000
1061.838578	906.085465	56.000002	50.871000
1061.838581	906.090447	55.999998	50.871000
1061.838580	906.095847	56.000000	50.871000
1061.838580	906.100650	56.000000	50.872000
1061.838578	906.105648	56.000000	50.872000
1061.838578	906.110649	55.999999	50.873000
1061.838585	906.116037	56.000001	50.872000
1061.838579	906.120637	56.000001	50.871000
1061.838580	906.125639	55.999998	50.870000
1061.838576	906.130648	56.000001	50.869000
1061.838582	906.135844	56.000001	50.868000
1061.838585	906.140645	56.000000	50.866000
1061.838579	906.145657	56.000000	50.864000
1061.838579	906.150652	56.000001	50.862000
1061.838582	906.155641	56.000000	50.861000
1061.838580	906.160629	55.999999	50.860000
1061.838577	906.165455	55.999999	50.859000
1061.838582	906.171052	56.000000	50.858000
1061.838584	906.176046	56.000001	50.857000
1061.838583	906.180836	56.000001	50.858000
1061.838583	906.186048	56.000001	50.859000
1061.838579	906.190845	56.000000	50.861000
1061.838582	906.195845	56.000002	50.862000
1061.838583	906.200832	55.999999	50.862000
1061.838582	906.205845	55.999999	50.861000
1061.838581	906.210847	56.000000	50.861000
1061.838580	906.216030	56.000000	50.862000
1061.838576	906.220830	55.999999	50.864000
1061.838581	906.225838	56.000000	50.865000
1061.838580	906.230833	56.000001	50.866000
1061.838580	906.236027	56.000002	50.867000
1061.838580	906.240822	55.999998	50.866000
1061.838581	906.246038	55.999999	50.867000
1061.838582	906.251038	56.000001	50.868000
1061.838580	906.256225	56.000001	50.870000
1061.838580	906.261022	56.000000	50.872000
1061.838581	906.266228	55.999999	50.875000
1061.838577	906.271039	55.999999	50.878000
1061.838581	906.276035	55.999999	50.880000
1061.838580	906.281028	55.999998	50.881000
1061.838582	906.286037	56.000002	50.883000
1061.838580	906.291042	55.999998	50.884000
1061.838584	906.296034	56.000002	54.210000
1061.838577	906.301027	55.999998	59.408000
1061.838581	906.306043	56.000002	61.791000
1061.838580	906.311042	55.999998	61.788000
1061.838588	906.316032	56.000001	61.787000
1061.838581	906.321429	56.000003	61.788000
1061.838578	906.326437	56.000001	61.791000
1061.838576	906.331447	55.999997	61.793000
1061.838582	906.336233	55.999997	61.795000
1061.838581	906.341226	55.999999	61.795000
1061.838579	906.346237	56.000002	61.792000
1061.838583	906.351235	56.000002	61.789000
1061.838579	906.356229	55.999998	61.785000
1061.838584	906.361428	56.000003	61.782000
1061.838583	906.366237	55.999999	61.781000
1061.838579	906.371242	56.000003	61.781000
1061.838582	906.376029	56.000000	61.784000
1061.838577	906.381631	56.000003	61.789000
1061.838580	906.386238	55.999997	61.793000
1061.838583	906.391243	55.999999	61.797000
1061.838580	906.396645	55.999998	61.801000
1061.838584	906.401434	55.999997	61.802000
1061.838577	906.406639	56.000003	61.803000
1061.838583	906.411450	56.000003	61.803000
1061.838579	906.416442	56.000003	61.803000
1061.838578	906.421432	56.000000	61.802000
1061.838580	906.426442	55.999997	61.802000
1061.838580	906.431457	55.999997	61.801000
1061.838576	906.436437	55.999999	61.802000
1061.838583	906.441436	56.000002	61.802000
1061.838586	906.446446	56.000003	61.800000
1061.838578	906.451452	56.000001	61.796000
1061.838581	906.456441	55.999998	61.791000
1061.838581	906.461634	56.000001	61.785000
1061.838582	906.466439	55.999997	61.778000
1061.838578	906.471856	55.999997	61.771000
1061.838583	906.476844	55.999996	61.766000
1061.838580	906.481638	56.000000	61.762000
1061.838581	906.486642	55.999999	61.762000
1061.838579	906.491666	55.999997	61.764000
1061.838579	906.496648	56.000001	61.769000
1061.838580	906.501633	56.000002	61.775000
1061.838580	906.506649	56.000003	61.782000
1061.838581	906.511668	56.000001	61.788000
1061.838584	906.516653	56.000000	61.792000
1061.838581	906.521640	56.000000	61.794000
1061.838581	906.526646	55.999999	61.795000
1061.838582	906.531667	55.999998	61.797000
1061.838581	906.536655	55.999997	61.797000
1061.838582	906.541637	55.999997	61.797000
1061.838579	906.547043	56.000000	61.795000
1061.838577	906.551860	56.000004	61.791000
1061.838579	906.557047	55.999997	61.787000
1061.838577	906.561839	56.000001	61.782000
1061.838580	906.566837	55.999998	61.777000
1061.838580	906.571866	55.999998	61.772000
1061.838578	906.576848	55.999997	61.770000
1061.838576	906.581841	55.999997	61.771000
1061.838582	906.587240	56.000002	61.778000
1061.838577	906.591857	55.999998	61.788000
1061.838580	906.596848	55.999996	61.797000
1061.838577	906.601839	55.999997	61.800000
1061.838580	906.607042	56.000001	61.799000
1061.838583	906.611855	55.999998	61.795000
1061.838582	906.616649	56.000003	61.790000
1061.838579	906.622037	56.000002	61.784000
1061.838580	906.627248	56.000000	61.779000
1061.838579	906.632262	56.000000	61.775000
1061.838582	906.637254	56.000002	61.773000
1061.838578	906.642039	56.000000	61.771000
1061.838581	906.647048	55.999999	61.771000
1061.838582	906.652059	55.999999	61.769000
1061.838579	906.657051	56.000000	61.768000
1061.838579	906.662040	55.999998	61.765000
1061.838580	906.667245	56.000004	61.763000
1061.838580	906.672058	55.999997	61.763000
1061.838580	906.677046	55.999997	61.765000
1061.838583	906.682238	56.000004	61.768000
1061.838578	906.687249	56.000002	61.772000
1061.838582	906.691858	55.999999	61.775000
1061.838580	906.697461	55.999998	61.779000
1061.838579	906.702236	56.000002	61.782000
1061.838581	906.707639	56.000001	61.784000
1061.838583	906.712259	56.000003	61.786000
1061.838583	906.717247	56.000003	61.789000
1061.838581	906.722235	56.000003	61.792000
1061.838582	906.727238	56.000002	61.794000
1061.838580	906.732259	56.000001	61.795000
1061.838584	906.737253	56.000001	61.794000
1061.838580	906.742235	55.999999	61.791000
1061.838581	906.747247	56.000001	61.787000
1061.838581	906.752266	56.000002	61.785000
1061.838580	906.757260	56.000002	61.785000
1061.838579	906.762034	55.999999	61.787000
1061.838585	906.767252	56.000002	61.790000
1061.838579	906.772063	56.000001	61.792000
1061.838579	906.777666	56.000002	61.792000
1061.838582	906.782644	55.999999	61.793000
1061.838582	906.787444	56.000000	61.797000
1061.838585	906.792464	55.999999	61.803000
1061.838583	906.797461	56.000002	61.807000
1061.838584	906.802444	56.000000	61.810000
1061.838586	906.807443	56.000000	61.810000
1061.838585	906.812467	56.000000	61.807000
1061.838579	906.817464	56.000001	61.802000
1061.838584	906.822443	55.999999	61.796000
1061.838582	906.827449	56.000001	61.789000
1061.838585	906.832262	56.000001	61.783000
1061.838579	906.837458	56.000001	61.777000
1061.838583	906.842443	56.000000	61.772000
1061.838581	906.847645	56.000001	61.768000
1061.838580	906.852667	56.000000	61.765000
1061.838585	906.857863	56.000000	61.763000
1061.838585	906.862642	56.000003	61.760000
1061.838581	906.867648	56.000001	61.757000
1061.838581	906.872653	56.000000	61.753000
1061.838577	906.877660	56.000000	61.748000
1061.838582	906.882645	56.000000	61.743000
1061.838581	906.887645	56.000002	61.739000
1061.838578	906.892471	55.999998	61.737000
1061.838580	906.897458	55.999999	61.738000
1061.838581	906.902442	55.999999	61.743000
1061.838580	906.907646	56.000002	61.750000
1061.838580	906.912468	55.999998	61.756000
1061.838582	906.917663	56.000001	61.763000
1061.838582	906.922647	56.000001	61.770000
1061.838582	906.928055	56.000000	61.779000
1061.838583	906.933068	56.000001	61.787000
1061.838581	906.937863	56.000000	61.793000
1061.838579	906.942838	56.000000	61.795000
1061.838581	906.947848	55.999999	61.794000
1061.838579	906.952862	55.999999	61.793000
1061.838579	906.957862	56.000000	61.792000
1061.838582	906.962849	55.999999	61.794000
1061.838583	906.967846	56.000000	61.798000
1061.838579	906.972863	56.000000	61.802000
1061.838582	906.978064	56.000001	61.807000
1061.838580	906.982846	56.000000	61.809000
1061.838579	906.987841	55.999999	61.809000
1061.838580	906.992861	55.999997	61.807000
1061.838581	906.998060	55.999999	61.806000
1061.838579	907.003257	56.000002	61.805000
1061.838577	907.008245	56.000002	61.804000
1061.838577	907.013267	56.000003	61.805000
1061.838582	907.018071	55.999998	61.805000
1061.838579	907.023056	56.000001	61.804000
1061.838578	907.028060	56.000001	61.802000
1061.838581	907.033078	56.000000	61.799000
1061.838582	907.038070	55.999998	61.796000
1061.838580	907.043059	55.999997	61.794000
1061.838581	907.048053	55.999998	61.795000
1061.838581	907.053071	55.999999	61.798000
1061.838573	907.058266	56.000003	61.802000
1061.838582	907.063262	56.000001	61.804000
1061.838585	907.068046	56.000001	61.804000
1061.838583	907.073065	56.000001	61.802000
1061.838579	907.078456	56.000000	61.801000
1061.838579	907.083654	56.000001	61.801000
1061.838579	907.088437	56.000001	61.803000
1061.838575	907.093258	55.999999	61.805000
1061.838580	907.098263	56.000001	61.807000
1061.838577	907.103259	56.000000	61.808000
1061.838580	907.108249	55.999999	61.807000
1061.838577	907.113263	56.000001	61.804000
1061.838577	907.118265	55.999999	61.800000
1061.838577	907.123260	55.999999	61.796000
1061.838576	907.128246	56.000000	61.793000
1061.838579	907.133272	56.000000	61.791000
1061.838574	907.138265	56.000000	61.789000
1061.838576	907.143254	55.999999	61.786000
1061.838579	907.148245	56.000001	61.782000
1061.838577	907.153270	56.000000	61.778000
1061.838579	907.158665	56.000001	61.774000
1061.838575	907.163457	56.000002	61.772000
1061.838578	907.168446	56.000001	61.771000
1061.838576	907.173460	55.999999	61.771000
1061.838581	907.178462	55.999999	61.771000
1061.838578	907.183446	56.000000	61.772000
1061.838583	907.188441	56.000002	61.773000
1061.838578	907.193457	56.000002	61.774000
1061.838579	907.198466	56.000001	61.775000
1061.838580	907.203654	55.999999	61.778000
1061.838579	907.208445	55.999998	61.780000
1061.838581	907.213654	56.000001	61.782000
1061.838578	907.218462	55.999997	61.784000
1061.838577	907.223449	55.999997	61.786000
1061.838579	907.228435	55.999999	61.788000
1061.838581	907.233654	55.999999	61.789000
1061.838581	907.238672	56.000002	61.788000
1061.838580	907.243858	55.999999	61.786000
1061.838579	907.248640	56.000003	61.783000
1061.838580	907.253654	56.000000	61.779000
1061.838581	907.258664	55.999999	61.774000
1061.838583	907.264052	55.999997	61.770000
1061.838578	907.268638	56.000000	61.767000
1061.838579	907.273654	56.000002	61.765000
1061.838579	907.278662	56.000003	61.764000
1061.838579	907.283650	56.000001	61.764000
1061.838581	907.288640	56.000001	61.765000
1061.838574	907.293655	55.999999	61.769000
1061.838580	907.298662	56.000000	61.776000
1061.838582	907.303651	56.000000	61.785000
1061.838583	907.309045	56.000002	61.795000
1061.838578	907.314053	56.000001	61.803000
1061.838578	907.318861	56.000001	61.810000
1061.838583	907.323858	55.999998	61.814000
1061.838584	907.328833	55.999999	61.816000
1061.838587	907.333849	56.000002	61.815000
1061.838582	907.338856	55.999999	61.814000
1061.838583	907.343842	56.000001	61.812000
1061.838584	907.348641	56.000000	61.811000
1061.838582	907.353855	56.000002	61.809000
1061.838585	907.358661	56.000000	61.808000
1061.838583	907.363847	56.000000	61.808000
1061.838580	907.368636	56.000000	61.807000
1061.838581	907.373843	56.000001	61.807000
1061.838581	907.378855	55.999999	61.807000
1061.838580	907.384445	56.000000	61.806000
1061.838583	907.389034	55.999999	61.805000
1061.838583	907.394234	56.000000	61.803000
1061.838583	907.399049	56.000000	61.799000
1061.838582	907.404037	56.000000	61.795000
1061.838580	907.409026	56.000000	61.791000
1061.838584	907.414025	56.000001	61.788000
1061.838583	907.419038	55.999999	61.786000
1061.838578	907.424038	56.000001	61.785000
1061.838574	907.429426	55.999999	61.784000
1061.838581	907.434029	56.000000	61.782000
1061.838582	907.439041	56.000000	61.781000
1061.838585	907.444044	56.000002	61.780000
1061.838580	907.449032	55.999999	61.780000
1061.838582	907.454040	56.000000	61.781000
1061.838578	907.459442	56.000001	61.784000
1061.838577	907.464438	56.000002	61.785000
1061.838581	907.469433	55.999999	61.786000
1061.838579	907.474245	55.999998	61.786000
1061.838581	907.479256	56.000002	61.787000
1061.838583	907.484245	55.999998	61.787000
1061.838584	907.489231	55.999997	61.787000
1061.838576	907.494236	55.999997	61.786000
1061.838579	907.499440	56.000003	61.784000
1061.838582	907.504236	55.999999	61.782000
1061.838582	907.509233	56.000001	61.779000
1061.838578	907.514238	56.000000	61.776000
1061.838581	907.519249	55.999998	61.773000
1061.838580	907.524242	55.999997	61.771000
1061.838581	907.529235	55.999999	61.769000
1061.838582	907.534633	55.999998	61.769000
1061.838581	907.539454	55.999999	61.770000
1061.838578	907.544650	56.000002	61.774000
1061.838583	907.549439	56.000001	61.780000
1061.838583	907.554445	56.000000	61.787000
1061.838582	907.559455	56.000002	61.793000
1061.838580	907.564447	56.000002	61.797000
1061.838581	907.569433	56.000000	61.798000
1061.838577	907.574438	55.999998	61.796000
1061.838580	907.579456	56.000002	61.792000
1061.838582	907.584455	56.000002	61.787000
1061.838580	907.589441	56.000002	61.782000
1061.838581	907.594442	55.999998	61.780000
1061.838576	907.599458	55.999999	61.781000
1061.838581	907.604458	56.000000	61.786000
1061.838583	907.609841	55.999998	61.794000
1061.838578	907.614837	55.999999	61.802000
1061.838579	907.619651	55.999998	61.807000
1061.838577	907.624649	55.999998	61.809000
1061.838576	907.629634	55.999998	61.808000
1061.838581	907.634850	56.000003	61.806000
1061.838581	907.639651	56.000000	61.804000
1061.838578	907.644656	56.000003	61.803000
1061.838580	907.649631	56.000000	61.804000
1061.838579	907.654649	55.999999	61.805000
1061.838580	907.659650	55.999999	61.806000
1061.838577	907.664654	56.000003	61.807000
1061.838583	907.669432	56.000001	61.809000
1061.838578	907.674840	56.000002	61.810000
1061.838580	907.679649	55.999998	61.812000
1061.838582	907.685050	55.999999	61.813000
1061.838583	907.690039	56.000002	61.813000
1061.838581	907.695043	56.000002	61.811000
1061.838577	907.700046	56.000000	61.808000
1061.838581	907.704855	56.000002	61.803000
1061.838578	907.710043	55.999998	61.797000
1061.838579	907.714844	55.999997	61.791000
1061.838579	907.719853	55.999998	61.787000
1061.838579	907.724859	55.999999	61.787000
1061.838583	907.729840	56.000001	61.789000
1061.838584	907.735046	55.999999	61.791000
1061.838578	907.739850	56.000001	61.792000
1061.838583	907.744858	55.999997	61.791000
1061.838579	907.749844	56.000000	61.790000
1061.838579	907.754854	56.000002	61.790000
1061.838580	907.760247	56.000001	61.794000
1061.838582	907.765251	56.000000	61.799000
1061.838581	907.770242	55.999999	61.804000
1061.838581	907.775245	56.000002	61.806000
1061.838581	907.780047	56.000002	61.806000
1061.838585	907.785055	56.000003	61.806000
1061.838582	907.790050	56.000002	61.806000
1061.838580	907.795045	56.000002	61.806000
1061.838582	907.800048	56.000001	61.805000
1061.838581	907.805056	55.999998	61.803000
1061.838579	907.810049	55.999998	61.800000
1061.838580	907.815046	55.999999	61.797000
1061.838581	907.820051	56.000001	61.797000
1061.838581	907.825053	56.000001	61.802000
1061.838583	907.830052	55.999998	61.812000
1061.838582	907.835245	56.000002	61.825000
1061.838581	907.840448	56.000001	61.832000
1061.838579	907.845255	56.000002	61.832000
1061.838582	907.850252	55.999998	61.828000
1061.838582	907.855250	55.999999	61.821000
1061.838583	907.860256	56.000002	61.816000
1061.838581	907.865260	56.000003	61.814000
1061.838585	907.870260	56.000001	61.816000
1061.838583	907.875259	55.999998	61.819000
1061.838581	907.880454	56.000003	61.822000
1061.838583	907.885262	55.999998	61.821000
1061.838581	907.890259	56.000000	61.817000
1061.838583	907.895249	56.000002	61.812000
1061.838581	907.900648	56.000002	61.808000
1061.838581	907.905262	55.999998	61.808000
1061.838581	907.910651	55.999997	61.811000
1061.838583	907.915637	56.000000	61.813000
1061.838580	907.920841	55.999999	61.814000
1061.838576	907.925446	56.000002	61.813000
1061.838585	907.930444	55.999999	61.812000
1061.838583	907.935434	56.000001	61.812000
1061.838579	907.940437	56.000000	61.813000
1061.838581	907.945237	56.000001	61.813000
1061.838581	907.950436	56.000000	61.811000
1061.838581	907.955229	56.000001	61.806000
1061.838580	907.960438	55.999998	61.800000
1061.838586	907.965249	56.000002	61.795000
1061.838578	907.970447	55.999998	61.795000
1061.838578	907.975236	55.999998	61.801000
1061.838582	907.980645	55.999998	61.811000
1061.838581	907.985647	55.999997	61.819000
1061.838580	907.990844	56.000000	61.820000
1061.838581	907.995638	55.999997	61.817000
1061.838581	908.000839	56.000000	61.811000
1061.838583	908.005644	55.999997	61.804000
1061.838578	908.010652	55.999996	61.795000
1061.838581	908.015642	55.999997	61.787000
1061.838582	908.020638	55.999997	61.779000
1061.838581	908.025642	55.999997	61.773000
1061.838584	908.030642	55.999996	61.769000
1061.838581	908.035636	55.999997	61.768000
1061.838578	908.040630	55.999997	61.769000
1061.838582	908.045648	55.999997	61.774000
1061.838581	908.050647	55.999997	61.780000
1061.838582	908.055434	56.000001	61.785000
1061.838578	908.061032	55.999999	61.786000
1061.838580	908.065837	56.000002	61.782000
1061.838579	908.071046	56.000001	61.775000
1061.838581	908.075840	56.000000	61.768000
1061.838578	908.081033	55.999998	61.764000
1061.838580	908.085844	55.999999	61.764000
1061.838583	908.090854	56.000001	61.770000
1061.838580	908.095635	56.000001	61.781000
1061.838581	908.100833	56.000001	61.792000
1061.838580	908.106038	56.000001	61.800000
1061.838581	908.110848	55.999999	61.805000
1061.838579	908.115835	56.000001	61.807000
1061.838576	908.120826	55.999999	61.807000
1061.838581	908.125643	56.000000	61.805000
1061.838579	908.130845	56.000001	61.803000
1061.838581	908.136240	56.000002	61.801000
1061.838574	908.141237	55.999997	61.801000
1061.838578	908.146035	55.999999	61.804000
1061.838583	908.151047	55.999998	61.812000
1061.838577	908.156038	56.000002	61.822000
1061.838581	908.161025	56.000003	61.830000
1061.838581	908.166038	56.000001	61.833000
1061.838582	908.171051	55.999999	61.831000
1061.838582	908.176043	55.999997	61.824000
1061.838577	908.181037	56.000000	61.818000
1061.838581	908.186044	56.000002	61.816000
1061.838577	908.190853	55.999998	61.819000
1061.838582	908.196045	56.000003	61.820000
1061.838579	908.201033	56.000001	61.817000
1061.838581	908.206251	55.999999	61.811000
1061.838579	908.211260	56.000002	61.806000
1061.838577	908.216445	55.999999	61.800000
1061.838578	908.221238	55.999998	61.794000
1061.838579	908.226242	56.000002	61.791000
1061.838578	908.231452	55.999998	61.790000
1061.838581	908.236249	55.999998	61.790000
1061.838581	908.241235	55.999998	61.789000
1061.838580	908.246247	55.999999	61.782000
1061.838577	908.251258	55.999999	61.775000
1061.838579	908.256248	56.000002	61.774000
1061.838584	908.261233	56.000002	61.775000
1061.838579	908.266249	56.000002	61.779000
1061.838579	908.271255	56.000004	61.785000
1061.838578	908.276446	55.999996	61.792000
1061.838582	908.281236	56.000001	61.797000
1061.838582	908.286648	56.000004	61.798000
1061.838581	908.291866	55.999998	61.796000
1061.838581	908.296853	55.999997	61.795000
1061.838585	908.301430	56.000003	61.793000
1061.838582	908.306450	56.000003	61.792000
1061.838581	908.311455	56.000001	61.791000
1061.838577	908.316453	55.999997	61.790000
1061.838583	908.321435	56.000001	61.788000
1061.838580	908.326447	55.999999	61.785000
1061.838580	908.331457	56.000002	61.784000
1061.838578	908.336650	56.000001	61.785000
1061.838578	908.341436	56.000001	61.791000
1061.838582	908.346455	55.999998	61.799000
1061.838582	908.351463	56.000001	61.807000
1061.838582	908.356656	56.000001	61.811000
1061.838582	908.361637	56.000000	61.811000
1061.838580	908.366847	56.000002	61.807000
1061.838583	908.371863	55.999999	61.803000
1061.838581	908.377268	56.000002	61.797000
1061.838582	908.381638	55.999999	61.792000
1061.838582	908.386651	56.000002	61.787000
1061.838582	908.391660	55.999997	61.784000
1061.838582	908.396647	56.000001	61.783000
1061.838582	908.401633	56.000000	61.784000
1061.838581	908.406641	56.000002	61.785000
1061.838585	908.411662	55.999999	61.785000
1061.838582	908.416649	55.999997	61.782000
1061.838584	908.421635	56.000001	61.778000
1061.838581	908.426639	56.000002	61.774000
1061.838580	908.431659	55.999997	61.772000
1061.838577	908.437066	55.999999	61.779000
1061.838579	908.441837	56.000001	61.793000
1061.838585	908.446841	55.999998	61.809000
1061.838581	908.451865	55.999996	61.819000
1061.838583	908.456849	55.999999	61.824000
1061.838578	908.461833	56.000001	61.822000
1061.838584	908.466853	56.000003	61.818000
1061.838583	908.471866	56.000002	61.812000
1061.838582	908.476853	55.999999	61.805000
1061.838582	908.481843	55.999997	61.798000
1061.838578	908.486850	56.000001	61.792000
1061.838582	908.491871	56.000002	61.788000
1061.838579	908.496857	56.000003	61.787000
1061.838582	908.501843	56.000003	61.787000
1061.838580	908.507052	55.999997	61.785000
1061.838582	908.511868	55.999999	61.781000
1061.838580	908.516855	55.999999	61.774000
1061.838582	908.521846	56.000000	61.764000
1061.838583	908.526856	56.000001	61.754000
1061.838582	908.531870	55.999998	61.746000
1061.838584	908.536855	56.000000	61.743000
1061.838578	908.541838	55.999999	61.746000
1061.838579	908.546846	55.999999	61.752000
1061.838580	908.552061	56.000000	61.760000
1061.838578	908.556842	55.999997	61.766000
1061.838582	908.561824	55.999997	61.771000
1061.838579	908.566832	55.999998	61.773000
1061.838577	908.571863	55.999998	61.778000
1061.838580	908.576847	56.000000	61.779000
1061.838581	908.581831	56.000001	61.774000
1061.838582	908.587236	55.999999	61.780000
1061.838580	908.592465	56.000000	61.788000
1061.838581	908.597049	55.999997	61.788000
1061.838582	908.602029	55.999997	61.782000
1061.838582	908.607041	55.999996	61.774000
1061.838578	908.612056	55.999997	61.772000
1061.838579	908.617048	55.999996	61.774000
1061.838579	908.622037	55.999997	61.770000
1061.838579	908.627045	55.999999	61.765000
1061.838581	908.631863	56.000001	61.761000
1061.838582	908.637059	56.000001	61.756000
1061.838584	908.641835	56.000003	61.755000
1061.838583	908.647049	55.999999	61.759000
1061.838583	908.651868	56.000002	61.769000
1061.838584	908.657050	55.999997	61.780000
1061.838579	908.662434	55.999999	61.791000
1061.838575	908.667440	55.999997	61.795000
1061.838580	908.672266	56.000003	61.795000
1061.838583	908.677250	56.000003	61.792000
1061.838581	908.682233	56.000003	61.788000
1061.838581	908.687235	56.000003	61.784000
1061.838581	908.692255	56.000002	61.783000
1061.838579	908.697244	55.999999	61.786000
1061.838580	908.702229	55.999998	61.791000
1061.838580	908.707232	56.000000	61.796000
1061.838579	908.712262	56.000002	61.798000
1061.838579	908.717246	56.000002	61.797000
1061.838581	908.722234	56.000000	61.792000
1061.838583	908.727233	56.000001	61.784000
1061.838576	908.732259	55.999999	61.773000
1061.838581	908.737654	55.999998	61.761000
1061.838578	908.742430	55.999997	61.749000
1061.838581	908.747435	55.999997	61.739000
1061.838580	908.752454	55.999998	61.734000
1061.838580	908.757452	55.999998	61.737000
1061.838579	908.762432	55.999997	61.749000
1061.838579	908.767440	55.999997	61.766000
1061.838581	908.772462	55.999997	61.782000
1061.838581	908.777451	55.999998	61.793000
1061.838581	908.782427	55.999997	61.796000
1061.838580	908.787445	55.999997	61.793000
1061.838580	908.792267	56.000002	61.788000
1061.838576	908.797459	55.999999	61.787000
1061.838582	908.802443	56.000000	61.792000
1061.838581	908.807847	56.000001	61.804000
1061.838578	908.812865	55.999999	61.815000
1061.838580	908.817866	56.000000	61.819000
1061.838582	908.822841	56.000000	61.817000
1061.838581	908.827854	56.000000	61.811000
1061.838583	908.832675	56.000000	61.805000
1061.838581	908.837662	56.000000	61.800000
1061.838581	908.842643	56.000002	61.796000
1061.838580	908.847642	56.000000	61.795000
1061.838582	908.852473	56.000001	61.796000
1061.838580	908.857674	55.999998	61.799000
1061.838577	908.862651	56.000000	61.804000
1061.838569	908.867643	56.000001	61.810000
1061.838579	908.872467	55.999998	61.816000
1061.838579	908.877469	56.000000	61.821000
1061.838575	908.882645	55.999999	61.822000
1061.838580	908.888248	56.000001	61.821000
1061.838577	908.892869	56.000001	61.817000
1061.838580	908.897870	56.000000	61.809000
1061.838579	908.903051	56.000001	61.802000
1061.838581	908.907852	56.000001	61.796000
1061.838578	908.912873	55.999997	61.789000
1061.838581	908.917866	55.999998	61.777000
1061.838575	908.922845	56.000001	61.765000
1061.838579	908.927847	56.000001	61.758000
1061.838578	908.932874	56.000002	61.749000
1061.838581	908.937874	56.000002	61.744000
1061.838578	908.942646	55.999998	61.745000
1061.838577	908.947854	56.000002	61.753000
1061.838581	908.952870	55.999999	61.765000
1061.838584	908.958060	56.000002	61.773000
1061.838578	908.963446	56.000001	61.776000
1061.838579	908.968239	56.000003	61.772000
1061.838585	908.973068	56.000001	61.766000
1061.838585	908.978065	56.000001	61.759000
1061.838584	908.983047	56.000000	61.753000
1061.838582	908.988046	56.000000	61.751000
1061.838581	908.993066	56.000001	61.753000
1061.838583	908.998059	56.000000	61.760000
1061.838579	909.003051	56.000000	61.767000
1061.838584	909.008043	56.000002	61.772000
1061.838583	909.013074	56.000000	61.774000
1061.838581	909.018059	55.999998	61.774000
1061.838583	909.023049	56.000001	61.772000
1061.838584	909.028045	55.999999	61.767000
1061.838585	909.033068	56.000001	61.761000
1061.838581	909.038468	56.000000	61.753000
1061.838578	909.043450	55.999999	61.745000
1061.838581	909.048442	56.000001	61.736000
1061.838579	909.053476	55.999999	61.727000
1061.838583	909.058265	55.999999	61.718000
1061.838580	909.063255	56.000002	61.711000
1061.838582	909.068241	56.000002	61.708000
1061.838582	909.073666	56.000000	61.707000
1061.838580	909.078265	56.000002	61.710000
1061.838580	909.083253	56.000002	61.717000
1061.838579	909.088446	56.000002	61.729000
1061.838580	909.093077	55.999998	61.746000
1061.838581	909.098268	56.000000	61.763000
1061.838579	909.103258	55.999999	61.774000
1061.838579	909.108243	56.000002	61.777000
1061.838580	909.113866	55.999998	61.775000
1061.838581	909.118470	56.000000	61.772000
1061.838576	909.123460	56.000000	61.772000
1061.838585	909.128448	55.999999	61.774000
1061.838578	909.133471	56.000001	61.776000
1061.838581	909.138462	55.999999	61.775000
1061.838578	909.143448	56.000001	61.772000
1061.838583	909.148446	55.999999	61.765000
1061.838578	909.153464	56.000001	61.758000
1061.838579	909.158466	56.000000	61.752000
1061.838582	909.163455	55.999999	61.748000
1061.838584	909.168457	56.000001	61.746000
1061.838582	909.173672	56.000002	61.748000
1061.838575	909.178474	56.000000	61.752000
1061.838581	909.183459	56.000001	61.757000
1061.838575	909.188655	55.999998	61.760000
1061.838576	909.193869	56.000002	61.763000
1061.838580	909.198668	56.000004	61.768000
1061.838581	909.203655	56.000003	61.775000
1061.838580	909.208645	56.000003	61.783000
1061.838583	909.213666	56.000004	61.787000
1061.838577	909.218868	55.999997	61.786000
1061.838579	909.223661	56.000003	61.780000
1061.838578	909.228646	56.000003	61.771000
1061.838583	909.233668	56.000003	61.763000
1061.838580	909.239055	56.000002	61.755000
1061.838582	909.243665	55.999997	61.750000
1061.838579	909.248658	56.000002	61.749000
1061.838579	909.253668	56.000000	61.754000
1061.838580	909.258860	56.000001	61.763000
1061.838578	909.264060	55.999999	61.773000
1061.838582	909.268849	55.999999	61.779000
1061.838581	909.274063	55.999999	61.779000
1061.838578	909.278864	55.999998	61.775000
1061.838580	909.283859	56.000001	61.772000
1061.838582	909.288856	55.999998	61.769000
1061.838574	909.293862	56.000001	61.764000
1061.838582	909.298861	56.000000	61.757000
1061.838578	909.304057	56.000001	61.751000
1061.838580	909.308647	55.999999	61.745000
1061.838579	909.313852	56.000000	61.730000
1061.838582	909.318855	55.999998	61.720000
1061.838579	909.323846	55.999997	61.722000
1061.838579	909.328643	56.000004	61.725000
1061.838580	909.333858	55.999996	61.732000
1061.838577	909.339250	55.999998	61.739000
1061.838579	909.344247	55.999997	61.742000
1061.838582	909.349039	56.000003	61.742000
1061.838581	909.354053	56.000001	61.741000
1061.838579	909.359059	55.999998	61.741000
1061.838582	909.364055	55.999996	61.747000
1061.838579	909.369045	55.999998	61.757000
1061.838586	909.374256	56.000004	61.766000
1061.838577	909.378867	55.999997	61.771000
1061.838580	909.384053	56.000000	61.772000
1061.838579	909.389243	56.000002	61.769000
1061.838580	909.394053	56.000002	61.764000
1061.838582	909.399068	56.000004	61.759000
1061.838580	909.404061	56.000003	61.752000
1061.838578	909.408856	55.999997	61.745000
1061.838582	909.414257	55.999997	61.738000
1061.838579	909.419463	56.000000	61.734000
1061.838582	909.424458	56.000001	61.734000
1061.838580	909.429251	55.999996	61.738000
1061.838584	909.434450	56.000000	61.746000
1061.838580	909.439265	55.999997	61.752000
1061.838583	909.444454	56.000002	61.756000
1061.838583	909.449249	55.999997	61.756000
1061.838584	909.454254	55.999997	61.756000
1061.838583	909.459261	55.999997	61.758000
1061.838580	909.464651	55.999999	61.761000
1061.838579	909.469246	55.999996	61.764000
1061.838580	909.474264	55.999997	61.766000
1061.838578	909.479263	55.999997	61.766000
1061.838581	909.484251	55.999997	61.765000
1061.838582	909.489649	56.000003	61.763000
1061.838577	909.494654	56.000003	61.763000
1061.838587	909.499663	56.000003	61.766000
1061.838582	909.504665	56.000003	61.769000
1061.838584	909.509653	56.000003	61.773000
1061.838580	909.514469	56.000000	61.776000
1061.838583	909.519661	56.000004	61.783000
1061.838583	909.524466	55.999998	61.792000
1061.838578	909.529458	55.999998	61.802000
1061.838580	909.534462	55.999997	61.808000
1061.838582	909.539466	55.999997	61.806000
1061.838585	909.544463	55.999996	61.802000
1061.838581	909.549453	55.999996	61.799000
1061.838578	909.554450	55.999996	61.789000
1061.838582	909.559460	55.999997	61.774000
1061.838582	909.564848	56.000000	61.764000
1061.838577	909.569844	55.999999	61.760000
1061.838582	909.574835	55.999999	61.754000
1061.838584	909.579842	55.999999	61.752000
1061.838583	909.584843	55.999997	61.751000
1061.838580	909.589639	56.000003	61.750000
1061.838584	909.594644	56.000003	61.749000
1061.838583	909.599653	56.000003	61.747000
1061.838580	909.604847	55.999998	61.745000
1061.838580	909.609644	56.000002	61.743000
1061.838580	909.614651	56.000000	61.739000
1061.838583	909.619652	55.999998	61.732000
1061.838576	909.624654	56.000002	61.722000
1061.838579	909.629839	55.999997	61.711000
1061.838580	909.634457	56.000000	61.702000
1061.838584	909.640046	56.000001	61.697000
1061.838582	909.645051	56.000001	61.698000
1061.838574	909.650445	55.999998	61.704000
1061.838580	909.655043	56.000003	61.717000
1061.838578	909.659845	55.999998	61.738000
1061.838581	909.664849	56.000000	61.761000
1061.838580	909.670037	55.999999	61.779000
1061.838580	909.674839	56.000001	61.788000
1061.838582	909.679839	55.999998	61.788000
1061.838584	909.684843	55.999997	61.784000
1061.838581	909.689832	55.999997	61.779000
1061.838581	909.694830	55.999997	61.777000
1061.838582	909.699837	55.999998	61.777000
1061.838581	909.704843	55.999997	61.779000
1061.838583	909.709835	55.999998	61.780000
1061.838581	909.715036	56.000003	61.780000
1061.838581	909.720230	55.999998	61.779000
1061.838576	909.725037	56.000002	61.779000
1061.838577	909.730233	56.000000	61.779000
1061.838580	909.735029	56.000002	61.781000
1061.838577	909.740033	56.000002	61.783000
1061.838582	909.745039	56.000002	61.784000
1061.838581	909.750031	56.000003	61.784000
1061.838582	909.755237	55.999997	61.783000
1061.838583	909.760041	56.000002	61.781000
1061.838579	909.765055	56.000001	61.779000
1061.838580	909.770038	55.999999	61.777000
1061.838576	909.775238	56.000001	61.776000
1061.838580	909.780041	56.000001	61.776000
1061.838581	909.785044	56.000003	61.776000
1061.838582	909.790439	56.000001	61.775000
1061.838576	909.795436	56.000001	61.772000
1061.838579	909.800431	56.000001	61.764000
1061.838576	909.805250	55.999997	61.754000
1061.838581	909.810435	56.000002	61.747000
1061.838581	909.815435	56.000001	61.742000
1061.838580	909.820433	55.999998	61.743000
1061.838578	909.825244	56.000000	61.746000
1061.838579	909.830235	55.999998	61.748000
1061.838578	909.835233	55.999999	61.752000
1061.838578	909.840239	56.000002	61.758000
1061.838580	909.845246	55.999997	61.762000
1061.838579	909.850044	55.999999	61.766000
1061.838575	909.855236	56.000002	61.770000
1061.838577	909.860233	55.999998	61.775000
1061.838579	909.865243	56.000001	61.780000
1061.838582	909.870642	56.000002	61.782000
1061.838579	909.875638	55.999999	61.780000
1061.838580	909.880630	56.000000	61.777000
1061.838580	909.885440	56.000002	61.772000
1061.838584	909.890641	56.000001	61.768000
1061.838577	909.895430	56.000002	61.764000
1061.838581	909.900431	55.999999	61.762000
1061.838577	909.905444	56.000001	61.761000
1061.838580	909.910446	56.000000	61.763000
1061.838580	909.915240	55.999999	61.770000
1061.838580	909.920435	55.999999	61.782000
1061.838576	909.925440	56.000001	61.793000
1061.838582	909.930446	55.999998	61.798000
1061.838580	909.935235	55.999999	61.796000
1061.838578	909.940434	55.999998	61.788000
1061.838581	909.945842	56.000000	61.777000
1061.838579	909.950839	56.000000	61.768000
1061.838578	909.955631	55.999998	61.760000
1061.838579	909.960634	56.000001	61.750000
1061.838579	909.965647	55.999999	61.743000
1061.838579	909.970647	56.000000	61.740000
1061.838584	909.975645	56.000000	61.744000
1061.838579	909.980640	56.000000	61.752000
1061.838580	909.985645	56.000000	61.762000
1061.838581	909.990660	56.000000	61.769000
1061.838582	909.995441	56.000001	61.774000
1061.838579	910.000835	55.999999	61.776000
1061.838578	910.005650	55.999998	61.777000
1061.838581	910.010651	56.000001	61.777000
1061.838581	910.015650	55.999998	61.777000
1061.838580	910.021445	56.000001	61.777000
1061.838584	910.026050	56.000000	61.777000
1061.838579	910.031060	56.000000	61.777000
1061.838579	910.036251	55.999998	61.775000
1061.838583	910.040847	55.999999	61.771000
1061.838580	910.045848	56.000003	61.765000
1061.838583	910.050854	55.999999	61.757000
1061.838583	910.055844	56.000000	61.747000
1061.838582	910.060837	56.000000	61.738000
1061.838580	910.065841	55.999999	61.731000
1061.838578	910.070845	56.000001	61.730000
1061.838582	910.075840	56.000000	61.736000
1061.838578	910.080833	55.999998	61.749000
1061.838580	910.085846	56.000002	61.765000
1061.838583	910.090853	55.999999	61.779000
1061.838583	910.096245	56.000000	61.789000
1061.838582	910.101236	55.999998	61.790000
1061.838582	910.106249	56.000002	61.786000
1061.838583	910.111252	55.999998	61.779000
1061.838577	910.116244	56.000000	61.774000
1061.838580	910.121439	55.999999	61.772000
1061.838582	910.126045	56.000001	61.772000
1061.838580	910.131048	56.000002	61.774000
1061.838580	910.136037	55.999998	61.777000
1061.838580	910.141038	55.999999	61.780000
1061.838578	910.146054	56.000001	61.783000
1061.838578	910.151054	55.999999	61.784000
1061.838581	910.156045	56.000000	61.783000
1061.838580	910.161033	56.000001	61.779000
1061.838579	910.166041	55.999999	61.775000
1061.838581	910.171051	55.999999	61.773000
1061.838583	910.176453	56.000001	61.775000
1061.838582	910.181446	56.000001	61.783000
1061.838584	910.186249	56.000002	61.794000
1061.838579	910.191467	56.000002	61.804000
1061.838580	910.196251	56.000002	61.811000
1061.838582	910.201243	56.000000	61.810000
1061.838579	910.206450	56.000001	61.800000
1061.838584	910.211253	56.000001	61.790000
1061.838584	910.216255	55.999998	61.783000
1061.838583	910.221249	56.000002	61.781000
1061.838578	910.226453	56.000000	61.782000
1061.838582	910.231265	56.000001	61.785000
1061.838581	910.236251	55.999998	61.781000
1061.838579	910.241248	56.000001	61.776000
1061.838578	910.246256	55.999997	61.777000
1061.838576	910.251671	55.999999	61.778000
1061.838582	910.256460	56.000001	61.780000
1061.838582	910.261647	55.999997	61.782000
1061.838579	910.266656	56.000002	61.782000
1061.838582	910.271470	56.000002	61.781000
1061.838582	910.276457	55.999998	61.779000
1061.838579	910.281444	56.000001	61.778000
1061.838580	910.286444	56.000000	61.779000
1061.838580	910.291470	55.999999	61.781000
1061.838578	910.296448	56.000000	61.782000
1061.838577	910.301440	55.999999	61.781000
1061.838580	910.306442	55.999998	61.779000
1061.838582	910.311456	56.000002	61.777000
1061.838580	910.316445	56.000001	61.778000
1061.838581	910.321433	55.999998	61.781000
1061.838578	910.326840	55.999998	61.783000
1061.838580	910.331657	55.999998	61.781000
1061.838577	910.336852	56.000000	61.774000
1061.838574	910.341834	56.000000	61.764000
1061.838582	910.346649	56.000001	61.753000
1061.838581	910.351666	56.000000	61.743000
1061.838580	910.356654	56.000001	61.736000
1061.838577	910.361634	55.999999	61.732000
1061.838580	910.366838	55.999999	61.734000
1061.838579	910.371658	55.999997	61.742000
1061.838578	910.376650	56.000002	61.754000
1061.838582	910.381824	56.000001	61.766000
1061.838578	910.386640	56.000002	61.776000
1061.838578	910.391648	55.999999	61.781000
1061.838577	910.396653	56.000001	61.783000
1061.838583	910.401832	55.999999	61.784000
1061.838577	910.407048	55.999999	61.784000
1061.838580	910.411861	55.999999	61.784000
1061.838582	910.417052	55.999999	61.785000
1061.838579	910.421839	55.999998	61.787000
1061.838578	910.426840	56.000000	61.787000
1061.838579	910.431858	56.000001	61.784000
1061.838581	910.436847	55.999998	61.780000
1061.838582	910.441836	56.000000	61.774000
1061.838580	910.446840	56.000002	61.769000
1061.838581	910.452060	55.999996	61.767000
1061.838580	910.456842	56.000000	61.770000
1061.838580	910.461843	55.999998	61.776000
1061.838580	910.466840	55.999996	61.781000
1061.838580	910.471857	56.000000	61.783000
1061.838577	910.477253	55.999997	61.780000
1061.838581	910.482247	55.999997	61.776000
1061.838579	910.487241	55.999998	61.771000
1061.838580	910.492057	55.999997	61.768000
1061.838583	910.497042	55.999996	61.769000
1061.838584	910.502040	55.999997	61.773000
1061.838582	910.507039	56.000002	61.778000
1061.838577	910.512055	56.000003	61.782000
1061.838576	910.517048	56.000001	61.784000
1061.838580	910.522038	55.999999	61.783000
1061.838579	910.527041	55.999998	61.781000
1061.838577	910.532060	55.999997	61.779000
1061.838579	910.537045	55.999998	61.781000
1061.838583	910.541833	55.999997	61.788000
1061.838583	910.547039	56.000004	61.796000
1061.838579	910.552655	56.000002	61.803000
1061.838582	910.557447	56.000003	61.806000
1061.838586	910.562446	56.000003	61.806000
1061.838582	910.567448	56.000001	61.803000
1061.838580	910.572261	56.000003	61.799000
1061.838583	910.577259	55.999999	61.795000
1061.838582	910.582248	55.999998	61.791000
1061.838583	910.587253	55.999998	61.788000
1061.838581	910.592263	56.000002	61.787000
1061.838583	910.597465	55.999998	61.788000
1061.838583	910.602251	56.000000	61.792000
1061.838583	910.607255	55.999997	61.796000
1061.838579	910.612072	55.999997	61.800000
1061.838579	910.617265	56.000002	61.802000
1061.838579	910.622451	56.000001	61.800000
1061.838580	910.627647	55.999998	61.795000
1061.838579	910.633071	55.999997	61.788000
1061.838583	910.637664	56.000002	61.779000
1061.838586	910.642449	56.000002	61.771000
1061.838578	910.647446	55.999998	61.765000
1061.838583	910.652465	55.999998	61.763000
1061.838578	910.657458	56.000002	61.765000
1061.838582	910.662452	55.999998	61.768000
1061.838580	910.667449	56.000000	61.769000
1061.838582	910.672468	56.000001	61.769000
1061.838584	910.677468	55.999999	61.767000
1061.838582	910.682650	55.999999	61.765000
1061.838582	910.687448	56.000000	61.763000
1061.838580	910.692475	55.999998	61.760000
1061.838584	910.697465	56.000001	61.757000
1061.838577	910.703066	56.000000	61.753000
1061.838580	910.707852	56.000000	61.748000
1061.838578	910.712672	56.000000	61.744000
1061.838580	910.717868	56.000003	61.742000
1061.838580	910.722653	56.000001	61.741000
1061.838578	910.727657	56.000001	61.742000
1061.838582	910.732872	56.000001	61.744000
1061.838579	910.737672	55.999999	61.744000
1061.838585	910.742663	56.000002	61.743000
1061.838581	910.747655	55.999998	61.742000
1061.838584	910.752480	55.999998	61.742000
1061.838578	910.757670	56.000000	61.744000
1061.838578	910.762660	55.999999	61.746000
1061.838583	910.767659	56.000002	61.748000
1061.838581	910.772470	56.000002	61.749000
1061.838582	910.778278	56.000001	61.755000
1061.838579	910.783066	56.000000	61.767000
1061.838579	910.788059	56.000000	61.782000
1061.838584	910.792872	56.000001	61.796000
1061.838574	910.798069	56.000000	61.805000
1061.838579	910.802854	55.999999	61.810000
1061.838579	910.807853	56.000000	61.811000
1061.838580	910.812867	56.000002	61.812000
1061.838578	910.818067	56.000001	61.811000
1061.838576	910.823052	55.999998	61.809000
1061.838576	910.827854	55.999999	61.806000
1061.838579	910.832874	56.000001	61.801000
1061.838578	910.837871	55.999999	61.794000
1061.838578	910.842851	56.000001	61.788000
1061.838579	910.847865	55.999999	61.782000
1061.838578	910.853267	55.999999	61.777000
1061.838579	910.858274	56.000000	61.774000
1061.838578	910.863060	56.000001	61.772000
1061.838577	910.868057	56.000001	61.770000
1061.838578	910.872875	56.000000	61.768000
1061.838578	910.877877	56.000000	61.767000
1061.838579	910.882860	56.000000	61.767000
1061.838582	910.887854	55.999999	61.769000
1061.838580	910.892875	55.999999	61.771000
1061.838580	910.897868	56.000001	61.771000
1061.838577	910.902857	56.000000	61.770000
1061.838584	910.907855	56.000001	61.767000
1061.838579	910.912876	55.999999	61.763000
1061.838580	910.918078	55.999998	61.760000
1061.838581	910.922860	56.000000	61.758000
1061.838583	910.928254	56.000001	61.758000
1061.838578	910.933268	55.999999	61.760000
1061.838580	910.938067	55.999999	61.763000
1061.838579	910.943257	55.999999	61.767000
1061.838580	910.948255	55.999999	61.770000
1061.838580	910.953071	55.999998	61.771000
1061.838584	910.958070	56.000001	61.769000
1061.838579	910.963260	56.000001	61.768000
1061.838582	910.968057	56.000001	61.768000
1061.838579	910.973073	55.999998	61.771000
1061.838579	910.978072	56.000002	61.775000
1061.838576	910.983061	55.999999	61.781000
1061.838575	910.988450	55.999999	61.786000
1061.838580	910.993069	55.999998	61.790000
1061.838577	910.998063	56.000001	61.794000
1061.838573	911.003062	55.999998	61.799000
1061.838580	911.008453	55.999999	61.807000
1061.838576	911.013270	56.000001	61.814000
1061.838581	911.018467	56.000000	61.818000
1061.838580	911.023459	55.999998	61.818000
1061.838579	911.028257	55.999998	61.814000
1061.838577	911.033273	56.000002	61.807000
1061.838581	911.038276	56.000004	61.799000
1061.838576	911.043267	56.000001	61.789000
1061.838579	911.048250	55.999999	61.779000
1061.838581	911.053272	56.000001	61.767000
1061.838580	911.058270	56.000000	61.754000
1061.838579	911.063458	56.000002	61.741000
1061.838583	911.068458	56.000003	61.729000
1061.838580	911.073268	56.000002	61.720000
1061.838582	911.078277	56.000001	61.713000
1061.838582	911.083865	55.999997	61.711000
1061.838583	911.088454	56.000002	61.713000
1061.838583	911.093671	55.999997	61.721000
1061.838581	911.098484	55.999997	61.734000
1061.838583	911.103663	56.000002	61.749000
1061.838582	911.108459	56.000000	61.763000
1061.838585	911.113472	56.000002	61.775000
1061.838587	911.118470	55.999998	61.784000
1061.838578	911.123463	56.000001	61.794000
1061.838580	911.128452	55.999998	61.806000
1061.838581	911.133273	55.999997	61.819000
1061.838582	911.138476	56.000001	61.831000
1061.838580	911.143467	56.000000	61.838000
1061.838581	911.148449	55.999998	61.839000
1061.838581	911.153464	56.000002	61.836000
1061.838580	911.158867	56.000000	61.833000
1061.838583	911.163860	55.999997	61.829000
1061.838581	911.168853	56.000001	61.826000
1061.838583	911.173865	56.000003	61.820000
1061.838582	911.178677	56.000001	61.813000
1061.838583	911.183857	55.999999	61.804000
1061.838585	911.188647	55.999998	61.795000
1061.838582	911.193669	56.000000	61.788000
1061.838580	911.198467	55.999997	61.785000
1061.838586	911.203651	56.000002	61.787000
1061.838583	911.208445	56.000001	61.790000
1061.838586	911.213656	55.999998	61.793000
1061.838577	911.218458	55.999997	61.794000
1061.838583	911.223639	56.000002	61.791000
1061.838576	911.228445	55.999997	61.787000
1061.838585	911.234048	56.000001	61.780000
1061.838578	911.239056	56.000002	61.773000
1061.838580	911.243850	56.000000	61.768000
1061.838582	911.249218	55.999998	61.764000
1061.838579	911.254065	55.999997	61.763000
1061.838585	911.259036	55.999997	61.763000
1061.838584	911.263847	56.000001	61.764000
1061.838579	911.269006	55.999999	61.764000
1061.838580	911.273854	55.999998	61.764000
1061.838581	911.278842	55.999999	61.765000
1061.838578	911.283849	56.000003	61.766000
1061.838584	911.288823	56.000002	61.768000
1061.838580	911.293848	56.000000	61.769000
1061.838580	911.298848	55.999998	61.770000
1061.838583	911.303844	55.999998	61.770000
1061.838576	911.309249	55.999999	61.771000
1061.838578	911.314242	55.999998	61.773000
1061.838581	911.319244	55.999998	61.776000
1061.838575	911.324256	56.000000	61.779000
1061.838580	911.329050	55.999997	61.780000
1061.838583	911.334055	55.999997	61.780000
1061.838578	911.339062	55.999998	61.778000
1061.838581	911.344066	56.000001	61.775000
1061.838581	911.349250	55.999999	61.773000
1061.838582	911.354059	56.000003	61.772000
1061.838582	911.359063	56.000001	61.773000
1061.838582	911.364057	55.999998	61.773000
1061.838583	911.369057	55.999998	61.773000
1061.838585	911.374054	56.000000	61.771000
1061.838580	911.379060	56.000002	61.768000
1061.838578	911.384454	56.000002	61.763000
1061.838579	911.389251	56.000002	61.759000
1061.838577	911.394252	56.000003	61.757000
1061.838579	911.399453	55.999999	61.757000
1061.838582	911.404450	55.999997	61.758000
1061.838577	911.409242	56.000000	61.759000
1061.838580	911.414647	55.999999	61.760000
1061.838577	911.419263	56.000001	61.760000
1061.838576	911.424246	56.000002	61.759000
1061.838580	911.429247	56.000002	61.758000
1061.838580	911.434257	56.000002	61.759000
1061.838581	911.439260	56.000000	61.761000
1061.838582	911.444261	55.999999	61.765000
1061.838578	911.449245	55.999997	61.769000
1061.838578	911.454446	56.000003	61.770000
1061.838584	911.459654	55.999997	61.770000
1061.838580	911.464653	56.000001	61.768000
1061.838580	911.469648	56.000000	61.765000
1061.838581	911.474843	55.999999	61.760000
1061.838579	911.479462	55.999998	61.754000
1061.838579	911.484656	56.000000	61.748000
1061.838579	911.489450	56.000002	61.743000
1061.838580	911.494647	55.999999	61.742000
1061.838579	911.499657	55.999999	61.747000
1061.838583	911.504653	56.000002	61.755000
1061.838578	911.509448	55.999998	61.764000
1061.838580	911.514451	55.999999	61.771000
1061.838575	911.519461	55.999999	61.776000
1061.838580	911.524455	56.000001	61.782000
1061.838582	911.529448	56.000001	61.788000
1061.838585	911.534851	55.999998	61.793000
1061.838581	911.539650	56.000000	61.794000
1061.838584	911.544850	56.000001	61.790000
1061.838580	911.549645	56.000002	61.785000
1061.838582	911.554643	56.000001	61.779000
1061.838578	911.559454	56.000001	61.774000
1061.838577	911.564461	56.000000	61.770000
1061.838582	911.569639	56.000001	61.767000
1061.838578	911.574451	55.999996	61.765000
1061.838577	911.579454	55.999998	61.763000
1061.838578	911.584456	55.999998	61.759000
1061.838578	911.589443	55.999999	61.752000
1061.838578	911.594453	56.000001	61.745000
1061.838582	911.599453	56.000001	61.737000
1061.838582	911.604465	55.999998	61.731000
1061.838580	911.609838	56.000001	61.729000
1061.838580	911.614841	55.999999	61.734000
1061.838584	911.619846	55.999998	61.744000
1061.838581	911.624853	55.999999	61.757000
1061.838583	911.629637	55.999999	61.767000
1061.838579	911.634657	56.000002	61.771000
1061.838576	911.639652	56.000001	61.770000
1061.838582	911.644650	56.000000	61.767000
1061.838581	911.649637	55.999998	61.763000
1061.838582	911.654656	56.000000	61.760000
1061.838581	911.659653	56.000002	61.759000
1061.838579	911.664650	56.000003	61.761000
1061.838580	911.669642	56.000001	61.765000
1061.838580	911.674643	55.999999	61.770000
1061.838580	911.679849	56.000001	61.774000
1061.838581	911.685046	55.999999	61.774000
1061.838580	911.689838	55.999999	61.773000
1061.838581	911.695034	56.000002	61.770000
1061.838581	911.700036	56.000000	61.766000
1061.838583	911.705043	56.000000	61.762000
1061.838580	911.709832	55.999998	61.760000
1061.838583	911.714827	56.000001	61.759000
1061.838580	911.719839	56.000000	61.760000
1061.838582	911.724844	55.999998	61.763000
1061.838580	911.729827	56.000000	61.766000
1061.838580	911.734833	56.000000	61.769000
1061.838579	911.739833	55.999998	61.772000
1061.838579	911.744837	55.999998	61.775000
1061.838580	911.749827	56.000001	61.777000
1061.838579	911.754823	55.999999	61.776000
1061.838576	911.760027	55.999999	61.774000
1061.838584	911.765043	56.000001	61.771000
1061.838581	911.770234	56.000000	61.768000
1061.838582	911.775031	56.000000	61.765000
1061.838583	911.780434	56.000000	61.765000
1061.838583	911.785045	55.999999	61.765000
1061.838577	911.790031	56.000001	61.765000
1061.838581	911.795030	56.000000	61.766000
1061.838584	911.800037	56.000000	61.767000
1061.838582	911.805041	56.000000	61.768000
1061.838577	911.810037	56.000000	61.769000
1061.838583	911.815032	55.999999	61.769000
1061.838580	911.820038	56.000001	61.768000
1061.838580	911.825238	56.000000	61.766000
1061.838579	911.830230	55.999999	61.761000
1061.838579	911.835030	56.000000	61.756000
1061.838579	911.840434	56.000000	61.750000
1061.838583	911.845445	56.000001	61.746000
1061.838579	911.850431	55.999999	61.745000
1061.838579	911.855221	55.999999	61.747000
1061.838582	911.860433	55.999999	61.751000
1061.838581	911.865237	56.000001	61.758000
1061.838583	911.870232	55.999998	61.767000
1061.838581	911.875230	55.999999	61.776000
1061.838581	911.880235	56.000001	61.784000
1061.838583	911.885039	55.999999	61.789000
1061.838580	911.890433	55.999999	61.792000
1061.838579	911.895027	56.000003	61.792000
1061.838582	911.900231	55.999998	61.790000
1061.838581	911.905237	55.999998	61.788000
1061.838578	911.910230	55.999999	61.786000
1061.838582	911.915429	55.999998	61.783000
1061.838576	911.920632	56.000002	61.781000
1061.838585	911.925439	55.999999	61.779000
1061.838578	911.930641	56.000002	61.776000
1061.838580	911.935425	56.000000	61.773000
1061.838582	911.940431	56.000001	61.771000
1061.838578	911.945432	56.000002	61.769000
1061.838577	911.950435	56.000003	61.769000
1061.838580	911.955432	56.000002	61.769000
1061.838577	911.960441	56.000001	61.770000
1061.838583	911.965449	55.999999	61.771000
1061.838577	911.970448	55.999998	61.771000
1061.838579	911.975430	55.999997	61.771000
1061.838577	911.980438	55.999997	61.770000
1061.838581	911.985443	55.999997	61.770000
1061.838579	911.990846	56.000001	61.769000
1061.838578	911.995835	56.000001	61.768000
1061.838577	912.000635	56.000002	61.768000
1061.838580	912.005641	56.000003	61.769000
1061.838580	912.010650	56.000001	61.769000
1061.838577	912.015633	56.000001	61.769000
1061.838575	912.020635	56.000002	61.769000
1061.838579	912.025638	56.000003	61.769000
1061.838578	912.030647	56.000003	61.770000
1061.838580	912.035632	56.000002	61.771000
1061.838579	912.040643	56.000003	61.772000
1061.838582	912.045644	56.000003	61.772000
1061.838582	912.050656	56.000002	61.771000
1061.838579	912.055645	56.000003	61.769000
1061.838577	912.061031	55.999999	61.766000
1061.838579	912.066053	55.999998	61.765000
1061.838578	912.071265	56.000002	61.766000
1061.838582	912.076047	55.999999	61.770000
1061.838579	912.081043	56.000001	61.774000
1061.838579	912.085854	55.999999	61.777000
1061.838577	912.091061	56.000001	61.778000
1061.838578	912.095842	55.999998	61.777000
1061.838579	912.100848	55.999997	61.773000
1061.838576	912.105858	55.999998	61.769000
1061.838579	912.110860	55.999999	61.764000
1061.838582	912.115849	56.000000	61.760000
1061.838580	912.120841	56.000000	61.760000
1061.838579	912.126053	56.000001	61.764000
1061.838579	912.130858	56.000002	61.769000
1061.838581	912.136252	56.000002	61.773000
1061.838583	912.141242	56.000001	61.774000
1061.838580	912.146256	56.000002	61.772000
1061.838579	912.151467	55.999998	61.767000
1061.838578	912.156248	56.000002	61.760000
1061.838581	912.161048	56.000001	61.752000
1061.838579	912.166053	56.000002	61.746000
1061.838583	912.171055	56.000002	61.743000
1061.838581	912.176043	56.000003	61.743000
1061.838579	912.181236	55.999998	61.745000
1061.838582	912.186050	55.999999	61.748000
1061.838580	912.191048	56.000001	61.751000
1061.838581	912.196037	56.000002	61.754000
1061.838580	912.201033	56.000001	61.757000
1061.838580	912.206042	55.999999	61.761000
1061.838581	912.211650	56.000000	61.767000
1061.838580	912.216643	56.000000	61.774000
1061.838580	912.221425	56.000001	61.779000
1061.838583	912.226438	56.000000	61.782000
1061.838581	912.231247	55.999998	61.783000
1061.838580	912.236439	56.000000	61.782000
1061.838581	912.241225	56.000000	61.782000
1061.838582	912.246237	55.999999	61.784000
1061.838581	912.251250	55.999998	61.787000
1061.838580	912.256233	55.999998	61.791000
1061.838578	912.261229	55.999999	61.793000
1061.838582	912.266249	55.999998	61.794000
1061.838580	912.271250	55.999999	61.794000
1061.838582	912.276444	55.999998	61.793000
1061.838580	912.281233	56.000000	61.793000
1061.838584	912.286647	56.000002	61.793000
1061.838581	912.291654	56.000003	61.792000
1061.838583	912.296642	56.000002	61.790000
1061.838581	912.301631	55.999999	61.788000
1061.838582	912.306441	55.999998	61.787000
1061.838583	912.311450	55.999997	61.785000
1061.838583	912.316450	55.999997	61.785000
1061.838578	912.321431	55.999998	61.784000
1061.838583	912.326448	55.999997	61.783000
1061.838585	912.331455	55.999998	61.781000
1061.838583	912.336444	55.999998	61.778000
1061.838580	912.341636	55.999998	61.773000
1061.838581	912.346456	56.000000	61.768000
1061.838581	912.351451	55.999999	61.764000
1061.838578	912.356646	56.000001	61.762000
1061.838579	912.361837	55.999999	61.764000
1061.838583	912.366839	56.000000	61.770000
1061.838580	912.371653	56.000001	61.775000
1061.838577	912.377055	55.999999	61.778000
1061.838585	912.381640	56.000002	61.778000
1061.838581	912.386645	55.999999	61.776000
1061.838576	912.391663	55.999997	61.775000
1061.838582	912.396654	56.000001	61.775000
1061.838582	912.401641	56.000002	61.778000
1061.838580	912.406653	56.000001	61.783000
1061.838579	912.411665	55.999999	61.789000
1061.838580	912.416649	55.999997	61.792000
1061.838579	912.421650	55.999997	61.792000
1061.838580	912.426855	55.999998	61.790000
1061.838584	912.431664	56.000002	61.787000
1061.838583	912.437059	55.999998	61.784000
1061.838578	912.442037	55.999997	61.782000
1061.838578	912.447048	55.999997	61.780000
1061.838581	912.451863	56.000001	61.776000
1061.838576	912.457051	56.000004	61.770000
1061.838582	912.462042	56.000002	61.763000
1061.838582	912.466843	55.999998	61.757000
1061.838582	912.471855	56.000001	61.755000
1061.838580	912.476847	56.000003	61.757000
1061.838577	912.481833	55.999999	61.764000
1061.838580	912.486839	55.999998	61.770000
1061.838580	912.491862	55.999997	61.772000
1061.838579	912.496854	55.999998	61.770000
1061.838578	912.502033	56.000000	61.765000
1061.838583	912.506848	56.000000	61.759000
1061.838578	912.512259	56.000002	61.754000
1061.838581	912.517251	56.000002	61.751000
1061.838578	912.522445	56.000002	61.753000
1061.838579	912.527247	56.000001	61.756000
1061.838580	912.532063	55.999998	61.760000
1061.838584	912.537050	56.000001	61.763000
1061.838580	912.542043	56.000003	61.765000
1061.838577	912.547050	56.000002	61.766000
1061.838580	912.552073	56.000003	61.767000
1061.838577	912.557259	56.000001	61.767000
1061.838578	912.562249	55.999999	61.766000
1061.838582	912.567049	56.000002	61.763000
1061.838580	912.572065	56.000001	61.759000
1061.838579	912.577052	56.000001	61.755000
1061.838581	912.582056	56.000001	61.752000
1061.838576	912.587449	56.000001	61.749000
1061.838578	912.592473	56.000001	61.748000
1061.838578	912.597459	56.000001	61.748000
1061.838578	912.602243	55.999999	61.749000
1061.838583	912.607445	56.000001	61.752000
1061.838580	912.612270	56.000001	61.755000
1061.838578	912.617262	56.000000	61.759000
1061.838581	912.622247	56.000000	61.763000
1061.838580	912.627252	56.000000	61.766000
1061.838583	912.632469	56.000001	61.769000
1061.838579	912.637259	56.000000	61.770000
1061.838582	912.642054	56.000001	61.770000
1061.838579	912.647054	55.999999	61.770000
1061.838577	912.652275	55.999999	61.770000
1061.838577	912.657259	56.000000	61.770000
1061.838579	912.662653	56.000000	61.772000
1061.838578	912.667649	56.000000	61.773000
1061.838580	912.672668	56.000000	61.773000
1061.838582	912.677660	56.000000	61.773000
1061.838580	912.682642	56.000000	61.772000
1061.838579	912.687449	56.000000	61.771000
1061.838581	912.692468	56.000000	61.772000
1061.838579	912.697464	56.000000	61.776000
1061.838584	912.702439	56.000000	61.782000
1061.838577	912.707641	56.000000	61.790000
1061.838582	912.712465	56.000000	61.795000
1061.838580	912.717459	56.000000	61.797000
1061.838580	912.722443	56.000001	61.797000
1061.838577	912.727441	56.000000	61.795000
1061.838580	912.732468	56.000001	61.793000
1061.838578	912.737462	56.000000	61.792000
1061.838578	912.742843	55.999999	61.792000
1061.838580	912.747850	56.000000	61.793000
1061.838578	912.752868	56.000000	61.793000
1061.838584	912.757873	56.000001	61.792000
1061.838581	912.762661	56.000000	61.791000
1061.838580	912.767659	56.000000	61.795000
1061.838581	912.772669	56.000000	61.802000
1061.838582	912.777662	56.000000	61.809000
1061.838581	912.782651	55.999999	61.812000
1061.838581	912.787647	55.999999	61.810000
1061.838578	912.792463	55.999999	61.804000
1061.838578	912.797667	56.000000	61.796000
1061.838582	912.802644	56.000000	61.787000
1061.838582	912.807649	56.000000	61.777000
1061.838582	912.812661	56.000001	61.768000
1061.838582	912.818061	56.000001	61.759000
1061.838578	912.823044	56.000001	61.752000
1061.838583	912.828051	56.000002	61.747000
1061.838582	912.832862	55.999998	61.744000
1061.838582	912.838064	56.000002	61.744000
1061.838579	912.842851	55.999997	61.747000
1061.838581	912.847850	55.999998	61.753000
1061.838580	912.852875	56.000000	61.765000
1061.838581	912.858273	55.999998	61.778000
1061.838582	912.862843	56.000001	61.787000
1061.838583	912.867850	56.000002	61.790000
1061.838576	912.872868	56.000002	61.788000
1061.838581	912.878065	55.999999	61.782000
1061.838582	912.882845	55.999999	61.774000
1061.838582	912.887844	55.999999	61.767000
1061.838578	912.893270	55.999998	61.759000
1061.838582	912.898266	55.999997	61.754000
1061.838578	912.903253	55.999998	61.751000
1061.838582	912.908254	55.999999	61.751000
1061.838580	912.913074	56.000003	61.754000
1061.838582	912.918277	55.999999	61.759000
1061.838581	912.923259	55.999999	61.762000
1061.838578	912.928059	56.000001	61.764000
1061.838582	912.933061	56.000001	61.764000
1061.838578	912.938076	56.000002	61.762000
1061.838581	912.943044	56.000002	61.761000
1061.838582	912.948054	56.000002	61.761000
1061.838582	912.953066	56.000002	61.763000
1061.838580	912.958265	55.999998	61.765000
1061.838580	912.963046	56.000002	61.765000
1061.838576	912.968447	55.999999	61.766000
1061.838579	912.973463	56.000001	61.770000
1061.838576	912.978464	56.000001	61.778000
1061.838581	912.983256	55.999999	61.788000
1061.838582	912.988244	55.999999	61.797000
1061.838582	912.993271	55.999998	61.801000
1061.838581	912.998265	55.999997	61.801000
1061.838579	913.003257	55.999999	61.800000
1061.838579	913.008248	55.999999	61.805000
1061.838579	913.013268	55.999997	61.813000
1061.838580	913.018267	55.999999	61.820000
1061.838581	913.023252	56.000001	61.820000
1061.838580	913.028243	56.000003	61.815000
1061.838580	913.033265	56.000003	61.807000
1061.838580	913.038257	56.000000	61.797000
1061.838577	913.043650	55.999997	61.787000
1061.838582	913.048446	56.000003	61.777000
1061.838579	913.053659	56.000002	61.770000
1061.838577	913.058462	55.999999	61.767000
1061.838577	913.063449	55.999997	61.768000
1061.838577	913.068439	55.999997	61.771000
1061.838579	913.073460	55.999998	61.773000
1061.838578	913.078656	55.999998	61.772000
1061.838579	913.083445	56.000001	61.770000
1061.838582	913.088442	56.000003	61.768000
1061.838576	913.093455	56.000002	61.766000
1061.838577	913.098460	56.000002	61.767000
1061.838580	913.103449	56.000002	61.768000
1061.838580	913.108439	56.000001	61.771000
1061.838578	913.113453	55.999999	61.774000
1061.838577	913.118847	56.000002	61.776000
1061.838580	913.123849	56.000002	61.777000
1061.838583	913.128838	56.000001	61.775000
1061.838579	913.133854	55.999999	61.772000
1061.838581	913.138653	55.999999	61.769000
1061.838579	913.143648	56.000000	61.766000
1061.838580	913.148639	55.999999	61.766000
1061.838582	913.153652	56.000000	61.767000
1061.838579	913.158657	56.000000	61.770000
1061.838578	913.163648	56.000000	61.772000
1061.838578	913.168641	55.999999	61.775000
1061.838575	913.173653	56.000001	61.777000
1061.838578	913.178666	55.999999	61.781000
1061.838581	913.183647	56.000001	61.784000
1061.838581	913.188645	56.000000	61.786000
1061.838581	913.193658	56.000002	61.786000
1061.838580	913.199058	56.000002	61.785000
1061.838576	913.204058	55.999999	61.783000
1061.838583	913.209036	55.999997	61.781000
1061.838581	913.214044	55.999998	61.780000
1061.838581	913.218856	55.999998	61.780000
1061.838584	913.224048	56.000001	61.784000
1061.838580	913.229037	55.999998	61.792000
1061.838579	913.233864	55.999999	61.801000
1061.838580	913.238860	55.999998	61.808000
1061.838577	913.243855	56.000001	61.810000
1061.838578	913.248852	56.000000	61.808000
1061.838577	913.253866	55.999997	61.802000
1061.838580	913.258868	56.000000	61.793000
1061.838584	913.263857	56.000002	61.784000
1061.838577	913.268854	56.000002	61.773000
1061.838586	913.274256	56.000003	61.761000
1061.838585	913.279260	56.000004	61.751000
1061.838580	913.284260	56.000002	61.742000
1061.838579	913.289049	56.000002	61.735000
1061.838583	913.294056	56.000003	61.732000
1061.838583	913.299060	56.000003	61.732000
1061.838581	913.304053	56.000003	61.735000
1061.838579	913.309247	55.999997	61.739000
1061.838581	913.314447	56.000002	61.741000
1061.838581	913.319064	55.999998	61.743000
1061.838580	913.324053	55.999997	61.745000
1061.838581	913.329036	55.999998	61.750000
1061.838583	913.334055	56.000001	61.760000
1061.838584	913.339070	56.000002	61.770000
1061.838578	913.344057	56.000000	61.779000
1061.838579	913.349440	55.999999	61.784000
1061.838581	913.354451	56.000000	61.785000
1061.838583	913.359446	55.999999	61.782000
1061.838581	913.364448	56.000002	61.778000
1061.838579	913.369439	55.999999	61.773000
1061.838580	913.374245	56.000000	61.769000
1061.838582	913.379247	56.000000	61.766000
1061.838582	913.384240	56.000001	61.765000
1061.838583	913.389234	56.000000	61.767000
1061.838580	913.394241	56.000000	61.770000
1061.838580	913.399058	56.000000	61.773000
1061.838568	913.402684	56.000000	61.776000
