1024.665103	937.183968	56.000001	50.818000
1024.664402	937.185666	56.000000	50.812000
1024.663894	937.190517	55.999999	50.811000
1024.663714	937.195699	56.000001	50.811000
1024.663588	937.200897	56.000000	50.811000
1024.663616	937.205817	56.000002	50.811000
1024.663574	937.211140	56.000000	50.812000
1024.663600	937.216024	56.000000	50.813000
1024.663596	937.221043	56.000002	50.815000
1024.663620	937.226693	56.000000	50.817000
1024.663602	937.231937	55.999998	50.820000
1024.663613	937.236932	56.000002	50.822000
1024.663605	937.242167	55.999997	50.823000
1024.663621	937.246962	56.000000	50.825000
1024.663610	937.251997	56.000000	50.827000
1024.663622	937.256998	56.000002	50.830000
1024.663611	937.262008	56.000002	50.832000
1024.663624	937.267225	55.999998	50.833000
1024.663614	937.272031	56.000002	50.834000
1024.663613	937.277034	56.000003	50.833000
1024.663617	937.282028	55.999998	50.833000
1024.663617	937.287038	55.999998	50.834000
1024.663623	937.291860	55.999998	50.834000
1024.663614	937.296855	55.999998	50.834000
1024.663621	937.302252	55.999997	50.834000
1024.663625	937.307460	56.000003	50.834000
1024.663623	937.312271	55.999998	50.833000
1024.663616	937.317276	55.999998	50.832000
1024.663625	937.322473	56.000003	50.831000
1024.663621	937.327267	55.999998	50.830000
1024.663622	937.332304	55.999997	50.828000
1024.663615	937.337282	55.999997	50.826000
1024.663620	937.342482	55.999999	50.824000
1024.663619	937.347273	56.000001	50.823000
1024.663620	937.352299	56.000003	50.822000
1024.663618	937.357290	56.000002	50.821000
1024.663621	937.362288	56.000003	50.821000
1024.663616	937.367071	56.000000	50.821000
1024.663622	937.372298	56.000000	50.820000
1024.663618	937.377497	55.999999	50.819000
1024.663620	937.382694	56.000003	50.817000
1024.663619	937.387479	56.000000	50.814000
1024.663621	937.392703	56.000000	50.812000
1024.663618	937.397284	55.999997	50.810000
1024.663620	937.402690	55.999997	50.809000
1024.663622	937.407278	56.000000	50.809000
1024.663621	937.412510	56.000003	50.808000
1024.663618	937.417279	55.999998	50.808000
1024.663620	937.422685	56.000000	50.807000
1024.663621	937.427288	55.999997	50.807000
1024.663620	937.432302	55.999997	50.807000
1024.663619	937.437289	55.999999	50.807000
1024.663617	937.442288	55.999999	50.808000
1024.663621	937.447286	55.999999	50.808000
1024.663619	937.452704	56.000002	50.807000
1024.663617	937.457698	56.000003	50.806000
1024.663621	937.462696	56.000002	50.806000
1024.663624	937.467697	56.000002	50.805000
1024.663617	937.472722	56.000002	50.805000
1024.663616	937.477702	56.000001	50.805000
1024.663618	937.482709	56.000000	50.805000
1024.663624	937.487496	55.999997	50.804000
1024.663621	937.492922	56.000000	50.803000
1024.663620	937.497709	56.000002	50.801000
1024.663620	937.502709	55.999999	50.800000
1024.663619	937.507498	56.000002	50.799000
1024.663623	937.512723	55.999998	50.799000
1024.663619	937.517721	55.999999	50.800000
1024.663622	937.522514	56.000003	50.801000
1024.663619	937.527503	56.000003	50.801000
1024.663620	937.532922	55.999999	50.802000
1024.663620	937.537920	56.000001	50.803000
1024.663621	937.542907	56.000003	50.803000
1024.663622	937.547909	56.000002	50.804000
1024.663620	937.552922	56.000004	50.805000
1024.663616	937.557718	55.999999	50.805000
1024.663621	937.562921	56.000003	50.806000
1024.663621	937.567912	56.000001	50.806000
1024.663620	937.573122	56.000001	50.807000
1024.663618	937.577920	55.999997	50.808000
1024.663621	937.582909	56.000000	50.809000
1024.663622	937.587906	56.000001	50.810000
1024.663620	937.592724	56.000001	50.811000
1024.663618	937.597917	55.999999	50.813000
1024.663622	937.602712	55.999999	50.814000
1024.663621	937.608106	56.000000	50.816000
1024.663620	937.613119	56.000001	50.818000
1024.663617	937.618121	56.000000	50.820000
1024.663620	937.623110	56.000000	50.824000
1024.663623	937.628108	56.000001	50.828000
1024.663618	937.633322	56.000001	50.832000
1024.663620	937.638111	56.000001	50.834000
1024.663622	937.643106	55.999999	50.836000
1024.663623	937.648303	56.000002	50.838000
1024.663620	937.653117	56.000001	50.840000
1024.663618	937.657903	56.000001	50.842000
1024.663620	937.663104	55.999999	50.843000
1024.663624	937.668095	56.000002	50.842000
1024.663621	937.672911	56.000002	50.841000
1024.663620	937.678116	55.999998	50.840000
1024.663621	937.683300	55.999999	50.839000
1024.663620	937.688297	56.000001	50.838000
1024.663620	937.693312	55.999999	50.836000
1024.663621	937.698720	56.000000	50.834000
1024.663617	937.703305	56.000000	50.832000
1024.663621	937.708306	56.000000	50.830000
1024.663619	937.713314	56.000001	50.828000
1024.663619	937.718314	55.999999	50.826000
1024.663620	937.723306	56.000000	50.824000
1024.663619	937.728304	56.000000	50.823000
1024.663622	937.733323	55.999999	50.821000
1024.663620	937.738319	56.000001	50.820000
1024.663623	937.743316	55.999999	50.819000
1024.663625	937.748101	56.000000	50.818000
1024.663622	937.753120	55.999999	50.818000
1024.663619	937.758515	56.000000	50.817000
1024.663619	937.763512	56.000000	50.816000
1024.663623	937.768504	56.000001	50.816000
1024.663618	937.773519	55.999998	50.817000
1024.663620	937.778515	56.000002	50.818000
1024.663620	937.783703	56.000001	50.818000
1024.663622	937.788494	56.000001	50.819000
1024.663620	937.793512	55.999999	50.819000
1024.663620	937.798509	56.000002	50.818000
1024.663621	937.803497	55.999999	50.818000
1024.663623	937.808501	56.000002	50.818000
1024.663621	937.813514	56.000000	50.819000
1024.663622	937.818303	55.999999	50.819000
1024.663622	937.823311	56.000001	50.819000
1024.663620	937.828305	56.000000	50.819000
1024.663619	937.833729	56.000001	50.819000
1024.663619	937.838726	56.000000	50.819000
1024.663618	937.843711	55.999999	50.820000
1024.663621	937.848711	56.000001	50.821000
1024.663619	937.853741	55.999999	50.822000
1024.663618	937.858726	55.999998	50.822000
1024.663618	937.863714	56.000001	50.822000
1024.663622	937.868713	56.000000	50.822000
1024.663618	937.873728	56.000000	50.822000
1024.663623	937.878728	56.000000	50.821000
1024.663621	937.883716	55.999999	50.821000
1024.663619	937.888706	55.999999	50.821000
1024.663621	937.893527	56.000000	50.821000
1024.663620	937.898525	55.999999	50.821000
1024.663622	937.903521	56.000001	50.820000
1024.663619	937.908902	56.000001	50.820000
1024.663617	937.914125	56.000000	50.819000
1024.663615	937.918920	55.999999	50.819000
1024.663622	937.923918	56.000001	50.819000
1024.663622	937.928907	56.000000	50.819000
1024.663619	937.934120	56.000000	50.820000
1024.663616	937.938919	55.999999	50.822000
1024.663619	937.943920	56.000002	50.824000
1024.663621	937.948902	56.000001	50.826000
1024.663620	937.953918	55.999998	50.828000
1024.663618	937.958713	55.999998	50.828000
1024.663620	937.963910	56.000000	50.829000
1024.663620	937.968709	56.000000	50.831000
1024.663620	937.973719	55.999999	50.833000
1024.663618	937.978711	56.000000	50.834000
1024.663623	937.984113	56.000001	50.835000
1024.663623	937.989101	55.999999	50.835000
1024.663620	937.994114	56.000000	50.835000
1024.663620	937.999115	55.999999	50.835000
1024.663622	938.003914	55.999999	50.834000
1024.663623	938.009100	56.000000	50.834000
1024.663620	938.014115	56.000001	50.834000
1024.663621	938.019121	56.000001	50.833000
1024.663623	938.024113	56.000000	50.833000
1024.663618	938.029098	56.000000	50.832000
1024.663617	938.034115	56.000000	50.832000
1024.663621	938.039115	56.000000	50.831000
1024.663621	938.043910	56.000000	50.830000
1024.663621	938.048907	56.000000	50.830000
1024.663617	938.053925	56.000000	50.829000
1024.663618	938.058918	56.000000	50.829000
1024.663621	938.064310	56.000000	50.828000
1024.663620	938.069312	56.000000	50.827000
1024.663619	938.074318	55.999999	50.825000
1024.663620	938.079328	56.000001	50.824000
1024.663620	938.084317	55.999999	50.824000
1024.663623	938.089309	56.000000	50.825000
1024.663621	938.094307	56.000000	50.827000
1024.663619	938.099324	55.999999	50.829000
1024.663624	938.104312	56.000000	50.831000
1024.663621	938.109310	56.000000	50.833000
1024.663619	938.114122	56.000000	50.833000
1024.663621	938.119324	56.000000	50.834000
1024.663621	938.124114	55.999999	50.836000
1024.663621	938.129303	55.999999	50.838000
1024.663618	938.134118	56.000000	50.840000
1024.663619	938.139522	56.000001	50.841000
1024.663622	938.144514	56.000000	50.842000
1024.663622	938.149694	56.000000	50.842000
1024.663619	938.154315	56.000001	50.841000
1024.663622	938.159518	56.000001	50.840000
1024.663623	938.164511	56.000000	50.838000
1024.663621	938.169504	56.000000	50.836000
1024.663620	938.174307	56.000000	50.834000
1024.663621	938.179516	56.000000	50.832000
1024.663619	938.184507	55.999999	50.829000
1024.663623	938.189502	56.000001	50.826000
1024.663622	938.194311	56.000000	50.823000
1024.663622	938.199513	56.000000	50.820000
1024.663622	938.204310	56.000000	50.817000
1024.663621	938.209296	56.000000	50.815000
1024.663618	938.214702	56.000001	50.813000
1024.663623	938.219713	55.999999	50.812000
1024.663627	938.224702	55.999999	50.812000
1024.663621	938.229701	55.999999	50.812000
1024.663618	938.234512	56.000000	50.812000
1024.663621	938.239712	55.999999	50.812000
1024.663625	938.244905	56.000000	50.811000
1024.663622	938.249703	56.000000	50.811000
1024.663620	938.254698	56.000000	50.810000
1024.663621	938.259711	56.000000	50.810000
1024.663621	938.264899	56.000000	50.809000
1024.663621	938.269700	56.000000	50.809000
1024.663619	938.274513	56.000000	50.809000
1024.663621	938.279516	56.000001	50.811000
1024.663622	938.284513	56.000000	50.812000
1024.663621	938.289910	56.000000	50.812000
1024.663623	938.294905	56.000000	50.811000
1024.663623	938.299908	55.999999	50.811000
1024.663621	938.305103	55.999999	50.810000
1024.663622	938.309902	56.000000	50.808000
1024.663617	938.314904	56.000000	50.806000
1024.663620	938.319912	55.999999	50.803000
1024.663624	938.324906	56.000000	50.801000
1024.663624	938.329897	56.000001	50.799000
1024.663618	938.334908	55.999999	50.798000
1024.663621	938.339914	55.999998	50.796000
1024.663624	938.344909	56.000001	50.795000
1024.663623	938.349898	56.000000	50.792000
1024.663620	938.354703	56.000000	50.789000
1024.663622	938.359710	55.999998	50.787000
1024.663621	938.365110	56.000000	50.786000
1024.663622	938.370102	56.000000	50.785000
1024.663618	938.375103	56.000000	50.785000
1024.663621	938.380111	55.999999	50.785000
1024.663621	938.385100	56.000001	50.786000
1024.663622	938.390099	56.000001	50.787000
1024.663620	938.395101	56.000000	50.788000
1024.663620	938.400312	56.000001	50.791000
1024.663622	938.405105	56.000002	50.796000
1024.663622	938.410103	56.000002	50.801000
1024.663618	938.414902	56.000001	50.806000
1024.663624	938.420111	55.999999	50.812000
1024.663622	938.425113	55.999999	50.817000
1024.663620	938.430307	55.999999	50.823000
1024.663619	938.434909	55.999998	50.827000
1024.663619	938.440308	56.000000	50.832000
1024.663620	938.445305	55.999999	50.834000
1024.663619	938.450303	56.000000	50.836000
1024.663619	938.455307	56.000000	50.838000
1024.663618	938.460308	56.000000	50.840000
1024.663623	938.465306	55.999999	50.842000
1024.663620	938.470306	56.000000	50.844000
1024.663618	938.475313	56.000000	50.846000
1024.663621	938.480319	55.999999	50.846000
1024.663619	938.485312	56.000000	50.845000
1024.663619	938.490312	55.999999	50.844000
1024.663618	938.495304	55.999998	50.843000
1024.663618	938.500317	55.999999	50.841000
1024.663621	938.505318	55.999999	50.841000
1024.663621	938.510306	56.000000	50.840000
1024.663618	938.515306	56.000000	50.840000
1024.663621	938.520313	56.000000	50.840000
1024.663620	938.525308	55.999999	50.840000
1024.663617	938.530307	55.999999	50.840000
1024.663618	938.535310	56.000001	50.839000
1024.663621	938.540315	55.999999	50.839000
1024.663620	938.545314	55.999998	50.839000
1024.663618	938.550307	56.000001	50.840000
1024.663620	938.555311	55.999999	50.841000
1024.663619	938.560307	56.000000	50.841000
1024.663620	938.565304	56.000001	50.840000
1024.663618	938.570308	55.999999	50.840000
1024.663617	938.575323	56.000000	50.838000
1024.663619	938.580313	56.000000	50.837000
1024.663621	938.585309	56.000001	50.835000
1024.663621	938.590106	56.000000	50.835000
1024.663614	938.595503	56.000000	50.834000
1024.663617	938.600505	56.000000	50.833000
1024.663620	938.605496	56.000000	50.831000
1024.663617	938.610494	56.000001	50.828000
1024.663617	938.615699	56.000001	50.825000
1024.663617	938.620510	56.000000	50.822000
1024.663620	938.625511	56.000001	50.820000
1024.663616	938.630495	55.999999	50.817000
1024.663616	938.635493	56.000001	50.814000
1024.663619	938.640497	56.000000	50.811000
1024.663622	938.645498	56.000000	50.808000
1024.663618	938.650499	56.000000	50.806000
1024.663616	938.655492	56.000000	50.804000
1024.663622	938.660501	55.999999	50.801000
1024.663620	938.665502	56.000002	50.799000
1024.663620	938.670706	55.999998	50.796000
1024.663618	938.675910	56.000000	50.795000
1024.663620	938.680700	55.999999	50.794000
1024.663621	938.685909	55.999998	50.794000
1024.663622	938.690706	56.000001	50.792000
1024.663620	938.695705	56.000002	50.790000
1024.663619	938.700704	56.000003	50.789000
1024.663619	938.705705	56.000001	50.789000
1024.663619	938.710707	56.000001	50.791000
1024.663622	938.715898	56.000002	50.793000
1024.663618	938.720702	55.999999	50.795000
1024.663622	938.725702	55.999998	50.797000
1024.663619	938.730702	55.999999	50.798000
1024.663620	938.735703	56.000000	50.800000
1024.663622	938.740709	56.000000	50.802000
1024.663620	938.745902	56.000001	50.804000
1024.663621	938.750909	55.999999	50.807000
1024.663619	938.755893	56.000000	50.811000
1024.663622	938.760704	55.999999	50.814000
1024.663624	938.765904	56.000001	50.817000
1024.663621	938.770707	56.000000	50.819000
1024.663619	938.776099	56.000001	50.821000
1024.663621	938.780707	55.999999	50.822000
1024.663623	938.785905	56.000000	50.821000
1024.663620	938.790710	55.999999	50.821000
1024.663620	938.795907	56.000000	50.820000
1024.663620	938.800709	55.999999	50.819000
1024.663622	938.805704	55.999997	50.818000
1024.663622	938.810708	55.999999	50.817000
1024.663621	938.815707	55.999999	50.815000
1024.663621	938.821309	55.999999	50.813000
1024.663626	938.826108	55.999999	50.812000
1024.663620	938.831108	56.000000	50.811000
1024.663621	938.836100	56.000000	50.809000
1024.663620	938.841100	56.000000	50.808000
1024.663623	938.846107	56.000001	50.806000
1024.663622	938.851117	55.999999	50.805000
1024.663619	938.856103	55.999999	50.804000
1024.663623	938.861294	56.000000	50.804000
1024.663623	938.866098	56.000002	50.803000
1024.663622	938.871107	56.000002	50.802000
1024.663620	938.876101	56.000001	50.801000
1024.663623	938.881104	55.999999	50.799000
1024.663620	938.886098	56.000000	50.798000
1024.663620	938.890908	56.000001	50.797000
1024.663619	938.896299	55.999999	50.797000
1024.663620	938.901302	56.000000	50.796000
1024.663622	938.906292	56.000000	50.796000
1024.663619	938.911503	56.000000	50.796000
1024.663618	938.916289	56.000000	50.797000
1024.663623	938.921300	56.000001	50.799000
1024.663622	938.926306	56.000000	50.802000
1024.663620	938.931308	55.999998	50.806000
1024.663619	938.936286	56.000001	50.810000
1024.663619	938.941498	56.000000	50.815000
1024.663619	938.946305	56.000001	50.820000
1024.663622	938.951310	55.999998	50.825000
1024.663617	938.956311	56.000001	50.828000
1024.663622	938.961306	56.000001	50.830000
1024.663624	938.966105	56.000002	50.831000
1024.663622	938.971509	56.000001	50.831000
1024.663621	938.976499	55.999997	50.832000
1024.663621	938.981505	56.000000	50.832000
1024.663625	938.986507	56.000003	50.833000
1024.663620	938.991494	55.999998	50.832000
1024.663617	938.996498	55.999997	50.831000
1024.663622	939.001499	56.000000	50.828000
1024.663621	939.006508	56.000002	50.826000
1024.663622	939.011496	56.000001	50.824000
1024.663618	939.016491	55.999998	50.821000
1024.663617	939.021496	56.000000	50.818000
1024.663623	939.026502	56.000000	50.815000
1024.663621	939.031297	56.000000	50.812000
1024.663619	939.036486	55.999999	50.809000
1024.663622	939.041295	56.000000	50.806000
1024.663622	939.046697	56.000000	50.803000
1024.663618	939.051699	55.999999	50.801000
1024.663618	939.056688	56.000001	50.798000
1024.663620	939.061704	55.999999	50.796000
1024.663622	939.066696	56.000000	50.794000
1024.663618	939.071706	56.000000	50.794000
1024.663615	939.076900	56.000000	50.795000
1024.663618	939.081899	56.000001	50.797000
1024.663620	939.086697	56.000003	50.798000
1024.663621	939.091706	56.000002	50.799000
1024.663618	939.096695	56.000003	50.800000
1024.663617	939.101693	56.000003	50.802000
1024.663621	939.106697	56.000003	50.803000
1024.663618	939.111684	56.000002	50.805000
1024.663619	939.116690	56.000000	50.805000
1024.663617	939.121922	56.000000	50.806000
1024.663623	939.126908	55.999999	50.807000
1024.663620	939.131919	55.999998	50.809000
1024.663617	939.137085	56.000003	50.811000
1024.663618	939.141888	55.999998	50.813000
1024.663622	939.146901	55.999997	50.814000
1024.663617	939.151902	55.999998	50.814000
1024.663618	939.156898	55.999999	50.815000
1024.663620	939.161920	55.999998	50.817000
1024.663620	939.166904	56.000001	50.818000
1024.663620	939.171919	56.000000	50.819000
1024.663620	939.176905	55.999999	50.819000
1024.663619	939.181889	55.999998	50.818000
1024.663621	939.186702	55.999999	50.816000
1024.663616	939.191918	55.999999	50.815000
1024.663617	939.197101	56.000002	50.815000
1024.663620	939.202097	56.000001	50.815000
1024.663621	939.207102	56.000000	50.814000
1024.663621	939.212135	55.999998	50.813000
1024.663621	939.217127	56.000000	50.812000
1024.663619	939.222117	56.000001	50.811000
1024.663625	939.227305	56.000000	50.810000
1024.663619	939.232112	56.000002	50.810000
1024.663617	939.237113	56.000002	50.809000
1024.663620	939.242122	56.000001	50.809000
1024.663622	939.247118	55.999999	50.808000
1024.663620	939.252120	55.999998	50.807000
1024.663618	939.256893	56.000000	50.806000
1024.663618	939.262103	56.000001	50.806000
1024.663617	939.267100	56.000000	50.805000
1024.663620	939.272129	56.000000	50.805000
1024.663619	939.277510	55.999999	50.805000
1024.663621	939.282501	55.999998	50.804000
1024.663621	939.287489	56.000001	50.803000
1024.663622	939.292507	56.000000	50.802000
1024.663622	939.297304	55.999999	50.800000
1024.663620	939.302495	56.000000	50.799000
1024.663621	939.307295	55.999999	50.799000
1024.663621	939.312520	56.000000	50.799000
1024.663619	939.317310	56.000002	50.799000
1024.663624	939.322499	55.999997	50.798000
1024.663622	939.327295	56.000004	50.797000
1024.663621	939.332516	55.999998	50.796000
1024.663621	939.337313	56.000001	50.796000
1024.663622	939.342308	55.999999	50.796000
1024.663624	939.347695	56.000000	50.797000
1024.663624	939.352712	55.999998	50.799000
1024.663620	939.357910	56.000002	50.800000
1024.663621	939.362915	55.999999	50.802000
1024.663623	939.367889	55.999998	50.804000
1024.663620	939.373109	56.000002	50.807000
1024.663622	939.377912	56.000000	50.809000
1024.663620	939.382907	56.000000	50.810000
1024.663625	939.387898	55.999999	50.811000
1024.663623	939.393117	55.999999	50.812000
1024.663621	939.397911	55.999999	50.812000
1024.663621	939.403102	55.999999	50.813000
1024.663622	939.407900	55.999999	50.815000
1024.663619	939.412917	56.000000	50.817000
1024.663621	939.417704	56.000000	50.818000
1024.663617	939.423314	55.999999	50.820000
1024.663621	939.428102	56.000000	50.821000
1024.663620	939.433319	55.999998	50.823000
1024.663619	939.438118	55.999997	50.824000
1024.663623	939.443116	55.999996	50.825000
1024.663618	939.448309	56.000000	50.826000
1024.663621	939.453123	55.999997	50.826000
1024.663617	939.458118	56.000000	50.827000
1024.663620	939.463120	55.999998	50.828000
1024.663622	939.468108	56.000000	50.829000
1024.663623	939.473125	56.000001	50.830000
1024.663620	939.478114	56.000001	50.831000
1024.663624	939.483120	55.999998	50.831000
1024.663625	939.487908	56.000003	50.831000
1024.663618	939.492919	56.000003	50.831000
1024.663620	939.498123	55.999999	50.832000
1024.663621	939.503115	55.999999	50.832000
1024.663621	939.508111	56.000001	50.832000
1024.663620	939.513120	56.000002	50.833000
1024.663621	939.518119	56.000003	50.833000
1024.663621	939.523109	56.000000	50.834000
1024.663619	939.528311	56.000001	50.834000
1024.663621	939.533127	55.999998	50.834000
1024.663619	939.538133	55.999999	50.832000
1024.663619	939.543120	56.000001	50.830000
1024.663622	939.547911	56.000001	50.829000
1024.663619	939.553125	55.999997	50.828000
1024.663618	939.558131	55.999999	50.827000
1024.663620	939.563122	55.999998	50.826000
1024.663620	939.568116	55.999999	50.825000
1024.663620	939.573333	56.000001	50.823000
1024.663618	939.578529	56.000000	50.822000
1024.663621	939.583314	56.000000	50.821000
1024.663617	939.588313	56.000004	50.820000
1024.663618	939.593517	56.000003	50.819000
1024.663619	939.598530	56.000003	50.819000
1024.663620	939.603511	56.000003	50.819000
1024.663620	939.608512	56.000001	50.820000
1024.663622	939.613532	56.000000	50.822000
1024.663617	939.618527	55.999999	50.824000
1024.663621	939.623516	56.000000	50.826000
1024.663621	939.628512	56.000000	50.829000
1024.663621	939.633525	56.000000	50.831000
1024.663619	939.638323	56.000001	50.833000
1024.663621	939.643315	56.000000	50.836000
1024.663622	939.648714	56.000000	50.839000
1024.663619	939.653723	56.000000	50.843000
1024.663619	939.658729	56.000000	50.847000
1024.663620	939.663920	56.000000	50.850000
1024.663618	939.668912	56.000000	50.853000
1024.663620	939.673728	56.000000	50.856000
1024.663617	939.678728	56.000000	50.859000
1024.663617	939.683711	56.000000	50.862000
1024.663620	939.688706	56.000000	50.863000
1024.663618	939.693723	56.000001	50.863000
1024.663619	939.698722	56.000000	50.863000
1024.663616	939.703713	56.000000	50.863000
1024.663619	939.708705	56.000000	50.864000
1024.663618	939.713718	56.000000	50.866000
1024.663618	939.718717	56.000000	50.867000
1024.663618	939.723920	56.000003	50.869000
1024.663620	939.728909	56.000001	50.868000
1024.663619	939.733925	55.999996	50.867000
1024.663618	939.738924	56.000004	50.866000
1024.663619	939.744109	56.000004	50.865000
1024.663619	939.748917	56.000000	50.864000
1024.663618	939.753926	56.000001	50.862000
1024.663618	939.758925	55.999999	50.860000
1024.663619	939.764110	56.000000	50.858000
1024.663616	939.768899	56.000000	50.855000
1024.663621	939.773928	56.000001	50.851000
1024.663621	939.778919	56.000000	50.848000
1024.663621	939.783906	56.000001	50.844000
1024.663623	939.788898	56.000000	50.841000
1024.663618	939.793915	56.000001	50.837000
1024.663621	939.799115	55.999999	50.832000
1024.663622	939.804103	56.000000	50.828000
1024.663620	939.809102	56.000001	50.823000
1024.663621	939.814115	55.999999	50.818000
1024.663621	939.819119	56.000000	50.814000
1024.663622	939.823913	55.999999	50.810000
1024.663622	939.829297	56.000001	50.807000
1024.663618	939.834120	56.000001	50.803000
1024.663621	939.839126	55.999999	50.799000
1024.663619	939.843921	55.999999	50.794000
1024.663622	939.849114	56.000000	50.790000
1024.663618	939.853923	55.999999	50.786000
1024.663620	939.859124	56.000001	50.781000
1024.663619	939.863925	56.000002	50.777000
1024.663622	939.868909	55.999999	50.774000
1024.663614	939.873926	56.000001	50.770000
1024.663622	939.879117	55.999999	50.765000
1024.663623	939.884120	55.999997	50.761000
1024.663618	939.889302	56.000001	50.756000
1024.663620	939.894320	56.000002	50.752000
1024.663623	939.899321	56.000002	50.748000
1024.663621	939.903928	55.999999	50.744000
1024.663621	939.909308	56.000003	50.741000
1024.663621	939.913927	56.000000	50.737000
1024.663619	939.919121	55.999998	50.884000
1024.663623	939.923921	56.000000	51.091000
1024.663623	939.929316	56.000004	51.312000
1024.663619	939.933926	56.000002	51.518000
1024.663620	939.939123	55.999998	51.680000
1024.663621	939.943926	56.000000	51.672000
1024.663623	939.949113	55.999997	51.661000
1024.663619	939.954329	56.000002	51.644000
1024.663621	939.959320	56.000002	53.049000
1024.663623	939.964314	56.000002	57.842000
1024.663618	939.969301	56.000003	61.696000
1024.663622	939.974319	56.000002	61.694000
1024.663619	939.979521	56.000001	61.690000
1024.663621	939.984320	56.000001	61.685000
1024.663621	939.989512	55.999999	61.678000
1024.663619	939.994325	56.000002	61.671000
1024.663621	939.999323	56.000002	61.665000
1024.663620	940.004308	56.000002	61.661000
1024.663621	940.009305	56.000003	61.658000
1024.663618	940.014127	56.000000	61.658000
1024.663619	940.019319	56.000002	61.660000
1024.663622	940.024110	56.000001	61.663000
1024.663622	940.029507	56.000000	61.668000
1024.663621	940.034524	56.000002	61.672000
1024.663620	940.039508	55.999999	61.676000
1024.663623	940.044511	55.999998	61.678000
1024.663620	940.049498	56.000001	61.680000
1024.663620	940.054315	56.000002	61.679000
1024.663622	940.059509	56.000001	61.677000
1024.663620	940.064515	55.999999	61.673000
1024.663622	940.069502	55.999999	61.669000
1024.663620	940.074320	55.999997	61.665000
1024.663621	940.079515	56.000003	61.662000
1024.663623	940.084514	56.000003	61.659000
1024.663624	940.089507	56.000004	61.657000
1024.663621	940.094317	55.999997	61.657000
1024.663621	940.099515	56.000002	61.657000
1024.663623	940.104702	55.999999	61.661000
1024.663622	940.109902	56.000002	61.668000
1024.663620	940.114702	56.000002	61.673000
1024.663624	940.119907	55.999999	61.676000
1024.663623	940.124702	56.000000	61.673000
1024.663622	940.129704	56.000002	61.667000
1024.663618	940.134511	56.000000	61.660000
1024.663622	940.139716	55.999999	61.653000
1024.663624	940.144712	56.000000	61.648000
1024.663624	940.149705	56.000000	61.643000
1024.663622	940.154513	56.000001	61.640000
1024.663619	940.159717	56.000000	61.639000
1024.663623	940.164510	55.999997	61.638000
1024.663622	940.169709	56.000001	61.639000
1024.663618	940.174513	56.000003	61.642000
1024.663619	940.179714	55.999998	61.647000
1024.663619	940.184705	56.000001	61.653000
1024.663621	940.189702	56.000001	61.659000
1024.663618	940.195100	56.000003	61.663000
1024.663621	940.199906	56.000001	61.665000
1024.663621	940.204904	56.000002	61.664000
1024.663621	940.209904	56.000002	61.661000
1024.663620	940.214899	56.000003	61.658000
1024.663619	940.219909	56.000003	61.655000
1024.663622	940.224903	56.000002	61.653000
1024.663619	940.229897	56.000002	61.653000
1024.663619	940.234712	55.999997	61.654000
1024.663623	940.239712	55.999996	61.657000
1024.663618	940.244904	56.000003	61.662000
1024.663620	940.249898	56.000003	61.666000
1024.663617	940.254706	55.999997	61.670000
1024.663622	940.260115	55.999998	61.672000
1024.663621	940.264908	56.000003	61.672000
1024.663619	940.269909	56.000004	61.671000
1024.663618	940.274914	56.000003	61.670000
1024.663619	940.280107	55.999998	61.668000
1024.663620	940.284917	56.000003	61.666000
1024.663622	940.289903	56.000002	61.664000
1024.663617	940.294911	56.000002	61.661000
1024.663618	940.300107	55.999997	61.657000
1024.663620	940.304708	56.000003	61.653000
1024.663621	940.309907	55.999999	61.650000
1024.663621	940.314911	55.999998	61.648000
1024.663618	940.319922	55.999998	61.650000
1024.663621	940.324914	56.000000	61.655000
1024.663620	940.329711	55.999997	61.660000
1024.663618	940.335109	56.000001	61.665000
1024.663621	940.340112	55.999999	61.667000
1024.663622	940.345308	56.000002	61.667000
1024.663619	940.350103	56.000001	61.666000
1024.663619	940.355109	56.000001	61.665000
1024.663621	940.360114	55.999999	61.667000
1024.663622	940.365118	56.000002	61.672000
1024.663619	940.370104	56.000000	61.678000
1024.663617	940.375112	55.999999	61.682000
1024.663618	940.380311	56.000000	61.683000
1024.663622	940.385114	56.000001	61.681000
1024.663618	940.390107	55.999999	61.675000
1024.663619	940.394915	55.999999	61.668000
1024.663621	940.400110	55.999999	61.660000
1024.663621	940.405106	56.000000	61.651000
1024.663620	940.410495	55.999999	61.643000
1024.663619	940.415297	55.999999	61.637000
1024.663619	940.420309	56.000001	61.633000
1024.663622	940.425305	55.999999	61.631000
1024.663620	940.430305	56.000001	61.631000
1024.663618	940.435301	55.999999	61.634000
1024.663619	940.440314	56.000001	61.639000
1024.663621	940.445310	55.999998	61.646000
1024.663618	940.450302	56.000001	61.653000
1024.663618	940.455304	55.999999	61.656000
1024.663618	940.460304	55.999999	61.655000
1024.663625	940.465312	56.000002	61.651000
1024.663619	940.470311	55.999998	61.646000
1024.663619	940.475312	56.000001	61.641000
1024.663621	940.480109	56.000001	61.637000
1024.663620	940.485505	56.000002	61.635000
1024.663622	940.490501	56.000003	61.635000
1024.663621	940.495705	55.999998	61.637000
1024.663619	940.500508	55.999998	61.640000
1024.663620	940.505513	55.999998	61.645000
1024.663620	940.510511	56.000002	61.651000
1024.663621	940.515508	56.000002	61.656000
1024.663621	940.520520	55.999999	61.661000
1024.663620	940.525511	55.999998	61.663000
1024.663619	940.530508	56.000001	61.665000
1024.663618	940.535503	56.000002	61.666000
1024.663620	940.540513	56.000002	61.667000
1024.663625	940.545511	56.000000	61.668000
1024.663621	940.550507	55.999999	61.668000
1024.663618	940.555505	56.000001	61.666000
1024.663619	940.560513	56.000003	61.663000
1024.663622	940.565509	56.000001	61.658000
1024.663621	940.570508	55.999999	61.652000
1024.663617	940.575511	56.000001	61.647000
1024.663621	940.580513	56.000001	61.644000
1024.663622	940.585512	55.999999	61.644000
1024.663620	940.590503	55.999998	61.645000
1024.663621	940.595508	55.999998	61.646000
1024.663620	940.600505	55.999999	61.645000
1024.663620	940.605696	56.000003	61.643000
1024.663619	940.610506	56.000002	61.639000
1024.663617	940.615500	56.000002	61.634000
1024.663620	940.620308	56.000000	61.629000
1024.663622	940.625505	55.999997	61.624000
1024.663621	940.630307	55.999999	61.621000
1024.663617	940.635505	56.000000	61.619000
1024.663623	940.640704	55.999999	61.620000
1024.663620	940.645711	55.999999	61.624000
1024.663623	940.650509	56.000003	61.631000
1024.663619	940.655506	56.000002	61.638000
1024.663621	940.660510	56.000000	61.642000
1024.663623	940.665502	55.999998	61.644000
1024.663620	940.670503	55.999998	61.644000
1024.663621	940.675502	55.999997	61.644000
1024.663619	940.680507	55.999998	61.643000
1024.663620	940.685495	55.999998	61.643000
1024.663620	940.690494	56.000000	61.644000
1024.663619	940.695489	56.000002	61.645000
1024.663619	940.700508	56.000003	61.649000
1024.663620	940.705501	56.000003	61.653000
1024.663619	940.710301	56.000001	61.657000
1024.663618	940.715694	55.999998	61.662000
1024.663619	940.720702	55.999998	61.664000
1024.663622	940.725693	55.999999	61.664000
1024.663618	940.730700	56.000001	61.662000
1024.663619	940.735691	56.000003	61.659000
1024.663623	940.740503	55.999997	61.655000
1024.663623	940.745690	56.000000	61.652000
1024.663621	940.750497	55.999997	61.650000
1024.663619	940.755697	55.999999	61.650000
1024.663620	940.760507	55.999998	61.653000
1024.663620	940.765691	56.000000	61.658000
1024.663620	940.770496	55.999997	61.662000
1024.663618	940.775692	56.000002	61.666000
1024.663618	940.780502	55.999998	61.669000
1024.663621	940.785693	56.000002	61.671000
1024.663622	940.790902	56.000001	61.672000
1024.663619	940.796097	55.999998	61.671000
1024.663622	940.801104	55.999999	61.668000
1024.663624	940.805900	55.999999	61.666000
1024.663622	940.810911	55.999998	61.663000
1024.663621	940.815905	55.999997	61.661000
1024.663621	940.820912	55.999997	61.660000
1024.663623	940.825907	55.999997	61.661000
1024.663620	940.830907	55.999997	61.660000
1024.663618	940.835911	55.999998	61.658000
1024.663622	940.840910	55.999998	61.655000
1024.663621	940.845908	56.000000	61.653000
1024.663618	940.850706	55.999998	61.651000
1024.663622	940.855910	56.000002	61.651000
1024.663621	940.861114	55.999997	61.652000
1024.663623	940.866107	55.999997	61.654000
1024.663620	940.871118	55.999998	61.657000
1024.663619	940.876108	55.999999	61.660000
1024.663621	940.881111	56.000001	61.664000
1024.663622	940.886107	56.000001	61.670000
1024.663623	940.891112	56.000001	61.675000
1024.663618	940.896102	55.999999	61.677000
1024.663620	940.901109	56.000000	61.675000
1024.663624	940.906304	55.999999	61.671000
1024.663620	940.911308	56.000001	61.664000
1024.663618	940.916099	56.000001	61.659000
1024.663623	940.921102	56.000000	61.657000
1024.663623	940.926302	55.999999	61.656000
1024.663623	940.930908	56.000000	61.656000
1024.663621	940.936105	56.000000	61.655000
1024.663618	940.941298	56.000001	61.652000
1024.663623	940.946300	56.000001	61.648000
1024.663622	940.951301	56.000000	61.646000
1024.663621	940.956300	55.999999	61.648000
1024.663620	940.961297	56.000000	61.657000
1024.663622	940.966298	56.000000	61.670000
1024.663622	940.971301	56.000000	61.681000
1024.663619	940.976303	56.000000	61.687000
1024.663623	940.981306	56.000000	61.686000
1024.663621	940.986311	56.000000	61.683000
1024.663619	940.991311	56.000001	61.677000
1024.663623	940.996310	55.999999	61.671000
1024.663621	941.001305	56.000001	61.664000
1024.663622	941.006315	56.000001	61.656000
1024.663621	941.011104	55.999999	61.649000
1024.663617	941.016496	56.000000	61.643000
1024.663620	941.021505	55.999999	61.639000
1024.663621	941.026502	55.999999	61.638000
1024.663621	941.031504	55.999999	61.639000
1024.663617	941.036505	56.000001	61.641000
1024.663620	941.041506	56.000000	61.643000
1024.663621	941.046508	56.000000	61.645000
1024.663620	941.051513	55.999999	61.649000
1024.663620	941.056510	56.000001	61.655000
1024.663620	941.061313	56.000001	61.662000
1024.663619	941.066509	56.000001	61.666000
1024.663619	941.071509	56.000000	61.668000
1024.663619	941.076906	56.000002	61.666000
1024.663619	941.081306	56.000002	61.663000
1024.663621	941.086308	56.000002	61.659000
1024.663619	941.091705	56.000001	61.656000
1024.663620	941.096902	56.000000	61.654000
1024.663619	941.101701	56.000001	61.652000
1024.663622	941.106698	56.000000	61.651000
1024.663618	941.111708	56.000000	61.650000
1024.663618	941.116701	55.999999	61.649000
1024.663618	941.121694	56.000000	61.648000
1024.663623	941.126702	56.000001	61.648000
1024.663617	941.131709	55.999999	61.648000
1024.663619	941.136703	56.000000	61.648000
1024.663619	941.141699	56.000000	61.647000
1024.663620	941.146707	56.000000	61.647000
1024.663621	941.151912	56.000001	61.647000
1024.663617	941.156500	56.000000	61.648000
1024.663620	941.161501	56.000000	61.649000
1024.663622	941.166909	56.000000	61.650000
1024.663618	941.172118	55.999998	61.651000
1024.663618	941.176908	56.000000	61.651000
1024.663621	941.181907	56.000000	61.650000
1024.663620	941.186912	55.999999	61.650000
1024.663614	941.191914	56.000001	61.653000
1024.663617	941.196910	56.000002	61.657000
1024.663619	941.201910	56.000002	61.661000
1024.663620	941.206908	56.000002	61.663000
1024.663621	941.211913	56.000001	61.663000
1024.663619	941.216911	56.000001	61.660000
1024.663619	941.221898	56.000003	61.657000
1024.663623	941.227104	55.999998	61.653000
1024.663619	941.231905	56.000002	61.651000
1024.663615	941.236898	56.000001	61.650000
1024.663621	941.241905	56.000000	61.651000
1024.663621	941.247101	56.000000	61.653000
1024.663617	941.252107	56.000001	61.655000
1024.663620	941.257095	55.999998	61.656000
1024.663621	941.262314	56.000001	61.657000
1024.663621	941.267100	56.000000	61.656000
1024.663621	941.272118	56.000001	61.654000
1024.663620	941.277110	56.000000	61.651000
1024.663620	941.282309	56.000000	61.646000
1024.663620	941.287103	55.999998	61.642000
1024.663620	941.292117	55.999998	61.639000
1024.663617	941.297109	55.999998	61.637000
1024.663621	941.302303	55.999998	61.638000
1024.663622	941.307100	56.000001	61.641000
1024.663621	941.311906	56.000000	61.645000
1024.663620	941.316901	56.000002	61.648000
1024.663621	941.322308	55.999997	61.651000
1024.663622	941.327302	55.999998	61.653000
1024.663619	941.332321	56.000000	61.654000
1024.663620	941.337310	56.000001	61.657000
1024.663621	941.342511	56.000003	61.661000
1024.663621	941.347301	55.999999	61.665000
1024.663621	941.352313	56.000000	61.669000
1024.663620	941.357105	55.999998	61.671000
1024.663621	941.362109	55.999998	61.671000
1024.663622	941.367110	55.999999	61.671000
1024.663619	941.372113	55.999998	61.670000
1024.663621	941.377308	56.000000	61.670000
1024.663621	941.382106	55.999999	61.669000
1024.663620	941.387105	56.000000	61.668000
1024.663621	941.392318	56.000000	61.666000
1024.663622	941.397514	56.000001	61.663000
1024.663620	941.402507	55.999999	61.660000
1024.663623	941.407509	55.999999	61.659000
1024.663622	941.412521	56.000000	61.660000
1024.663618	941.417508	56.000000	61.662000
1024.663621	941.422503	56.000000	61.666000
1024.663622	941.427700	56.000000	61.670000
1024.663623	941.432511	56.000000	61.674000
1024.663621	941.437510	55.999999	61.675000
1024.663621	941.442505	56.000000	61.675000
1024.663622	941.447302	56.000001	61.673000
1024.663621	941.452513	56.000002	61.671000
1024.663619	941.457307	55.999999	61.670000
1024.663620	941.462312	55.999998	61.673000
1024.663622	941.467309	55.999998	61.677000
1024.663620	941.472731	55.999998	61.682000
1024.663619	941.477720	55.999998	61.684000
1024.663623	941.482728	55.999999	61.684000
1024.663623	941.487718	56.000001	61.680000
1024.663621	941.492729	56.000001	61.675000
1024.663620	941.497718	56.000000	61.668000
1024.663620	941.502721	56.000000	61.664000
1024.663623	941.507917	56.000000	61.663000
1024.663619	941.512729	56.000000	61.665000
1024.663620	941.517716	56.000000	61.667000
1024.663619	941.522716	56.000000	61.669000
1024.663619	941.527919	56.000000	61.668000
1024.663621	941.532725	56.000001	61.667000
1024.663618	941.537520	55.999999	61.666000
1024.663622	941.542717	55.999999	61.664000
1024.663620	941.547912	56.000001	61.662000
1024.663621	941.552921	56.000002	61.659000
1024.663617	941.557912	56.000002	61.656000
1024.663621	941.562914	56.000001	61.652000
1024.663622	941.567709	56.000001	61.648000
1024.663619	941.572916	55.999999	61.644000
1024.663617	941.577908	55.999999	61.641000
1024.663618	941.582915	56.000001	61.640000
1024.663622	941.587903	56.000002	61.641000
1024.663621	941.592915	56.000003	61.644000
1024.663620	941.598110	56.000001	61.649000
1024.663620	941.602909	56.000000	61.652000
1024.663623	941.607904	56.000001	61.653000
1024.663619	941.613118	56.000001	61.652000
1024.663621	941.617708	55.999999	61.649000
1024.663623	941.622714	56.000000	61.648000
1024.663623	941.628112	56.000000	61.650000
1024.663619	941.633125	56.000000	61.654000
1024.663618	941.638121	56.000000	61.659000
1024.663618	941.643109	56.000001	61.664000
1024.663623	941.648103	56.000002	61.667000
1024.663621	941.653109	56.000002	61.667000
1024.663620	941.658112	56.000000	61.664000
1024.663620	941.663108	56.000000	61.661000
1024.663616	941.668305	56.000000	61.657000
1024.663620	941.673113	55.999999	61.655000
1024.663619	941.678104	55.999999	61.653000
1024.663621	941.683107	55.999999	61.652000
1024.663623	941.688101	55.999997	61.650000
1024.663617	941.693117	55.999997	61.647000
1024.663617	941.698318	56.000000	61.644000
1024.663623	941.703306	55.999999	61.642000
1024.663618	941.708306	55.999998	61.641000
1024.663620	941.713314	55.999997	61.643000
1024.663619	941.718512	56.000002	61.647000
1024.663618	941.723309	55.999999	61.653000
1024.663621	941.728307	56.000002	61.658000
1024.663617	941.733321	56.000003	61.662000
1024.663619	941.738315	56.000003	61.664000
1024.663620	941.743506	56.000000	61.666000
1024.663618	941.748313	56.000001	61.667000
1024.663621	941.753324	56.000001	61.667000
1024.663619	941.758323	56.000002	61.667000
1024.663621	941.763316	56.000002	61.665000
1024.663620	941.768112	55.999996	61.664000
1024.663620	941.773527	56.000000	61.662000
1024.663621	941.778523	55.999998	61.661000
1024.663621	941.783519	55.999997	61.659000
1024.663623	941.788516	55.999998	61.657000
1024.663620	941.793724	56.000001	61.654000
1024.663620	941.798518	55.999997	61.650000
1024.663619	941.803510	55.999998	61.646000
1024.663619	941.808513	55.999997	61.645000
1024.663621	941.813525	55.999999	61.648000
1024.663618	941.818527	56.000000	61.654000
1024.663620	941.823517	56.000000	61.659000
1024.663620	941.828515	56.000001	61.661000
1024.663618	941.833522	56.000003	61.659000
1024.663623	941.838722	55.999997	61.654000
1024.663620	941.843523	56.000002	61.649000
1024.663619	941.848716	55.999998	61.644000
1024.663618	941.853724	56.000000	61.640000
1024.663622	941.858723	56.000002	61.638000
1024.663621	941.863722	56.000001	61.637000
1024.663621	941.868713	56.000000	61.635000
1024.663618	941.873726	56.000001	61.633000
1024.663621	941.878913	56.000000	61.630000
1024.663623	941.883711	56.000003	61.627000
1024.663623	941.888710	56.000003	61.625000
1024.663618	941.893917	55.999997	61.625000
1024.663618	941.898713	55.999999	61.630000
1024.663622	941.903709	55.999997	61.638000
1024.663622	941.908709	56.000000	61.648000
1024.663619	941.913712	56.000002	61.655000
1024.663622	941.918715	56.000002	61.658000
1024.663624	941.923714	55.999998	61.658000
1024.663620	941.928705	55.999998	61.657000
1024.663621	941.933918	55.999998	61.654000
1024.663619	941.939108	56.000002	61.651000
1024.663622	941.943911	55.999999	61.647000
1024.663623	941.948904	56.000003	61.644000
1024.663620	941.953918	56.000001	61.641000
1024.663620	941.959118	56.000000	61.640000
1024.663618	941.963914	56.000000	61.641000
1024.663620	941.968904	56.000003	61.645000
1024.663620	941.973911	56.000001	61.650000
1024.663619	941.978911	55.999998	61.654000
1024.663620	941.983714	56.000001	61.657000
1024.663625	941.988702	55.999998	61.659000
1024.663620	941.993722	55.999997	61.659000
1024.663621	941.998909	56.000003	61.658000
1024.663620	942.003712	56.000002	61.657000
1024.663623	942.009100	56.000003	61.655000
1024.663622	942.014105	55.999999	61.653000
1024.663620	942.019109	55.999998	61.650000
1024.663622	942.024113	56.000001	61.648000
1024.663618	942.029098	56.000002	61.646000
1024.663623	942.034104	55.999997	61.644000
1024.663620	942.039113	55.999999	61.642000
1024.663621	942.044304	55.999998	61.643000
1024.663620	942.049098	55.999998	61.645000
1024.663621	942.053910	55.999998	61.649000
1024.663620	942.059105	55.999999	61.655000
1024.663622	942.063905	55.999998	61.660000
1024.663619	942.068898	55.999999	61.663000
1024.663621	942.074106	55.999998	61.663000
1024.663619	942.078911	55.999998	61.659000
1024.663618	942.084301	55.999998	61.654000
1024.663620	942.089303	56.000002	61.649000
1024.663621	942.094314	55.999999	61.645000
1024.663619	942.099323	56.000001	61.642000
1024.663624	942.104315	55.999999	61.642000
1024.663622	942.109510	55.999999	61.644000
1024.663621	942.114123	55.999999	61.647000
1024.663619	942.119529	56.000001	61.652000
1024.663622	942.124320	56.000001	61.658000
1024.663619	942.129312	56.000001	61.665000
1024.663620	942.134134	55.999999	61.670000
1024.663619	942.139524	56.000000	61.675000
1024.663625	942.144126	56.000000	61.681000
1024.663622	942.149319	56.000000	61.685000
1024.663622	942.154125	56.000000	61.689000
1024.663620	942.159721	56.000001	61.690000
1024.663620	942.164715	56.000000	61.687000
1024.663623	942.169510	56.000000	61.683000
1024.663621	942.174515	56.000000	61.677000
1024.663619	942.179519	56.000000	61.671000
1024.663620	942.184708	55.999999	61.666000
1024.663619	942.189509	55.999999	61.663000
1024.663619	942.194708	55.999999	61.665000
1024.663619	942.199517	56.000001	61.670000
1024.663621	942.204515	56.000000	61.673000
1024.663619	942.209510	56.000000	61.673000
1024.663620	942.214513	56.000001	61.669000
1024.663616	942.219514	56.000001	61.663000
1024.663619	942.224319	56.000002	61.657000
1024.663618	942.229512	56.000000	61.651000
1024.663620	942.234329	55.999999	61.647000
1024.663618	942.239726	56.000002	61.644000
1024.663623	942.244721	55.999998	61.643000
1024.663619	942.249715	56.000001	61.643000
1024.663617	942.254729	56.000001	61.643000
1024.663618	942.259917	56.000001	61.643000
1024.663620	942.264712	56.000001	61.642000
1024.663620	942.269720	55.999997	61.641000
1024.663617	942.274716	56.000003	61.641000
1024.663618	942.279722	55.999998	61.644000
1024.663620	942.284712	56.000002	61.650000
1024.663618	942.289709	55.999997	61.658000
1024.663618	942.294717	56.000001	61.666000
1024.663620	942.299722	55.999998	61.671000
1024.663620	942.304524	55.999997	61.674000
1024.663616	942.309515	56.000003	61.676000
1024.663619	942.314913	56.000002	61.677000
1024.663620	942.320117	56.000000	61.677000
1024.663620	942.324912	55.999999	61.676000
1024.663620	942.329915	56.000002	61.674000
1024.663621	942.334906	55.999997	61.670000
1024.663620	942.339915	56.000002	61.665000
1024.663622	942.345113	55.999998	61.660000
1024.663623	942.349913	55.999996	61.656000
1024.663617	942.354910	55.999998	61.653000
1024.663618	942.359918	56.000002	61.652000
1024.663623	942.364908	55.999997	61.650000
1024.663619	942.369913	56.000000	61.649000
1024.663617	942.374715	55.999998	61.646000
1024.663619	942.379904	55.999998	61.645000
1024.663622	942.384908	56.000000	61.645000
1024.663620	942.390104	55.999997	61.648000
1024.663621	942.395104	55.999999	61.653000
1024.663619	942.400106	56.000003	61.657000
1024.663622	942.405099	56.000000	61.659000
1024.663621	942.410502	55.999998	61.660000
1024.663618	942.415108	56.000002	61.660000
1024.663622	942.420105	55.999999	61.659000
1024.663619	942.425110	55.999999	61.658000
1024.663617	942.430102	56.000003	61.656000
1024.663619	942.434902	56.000003	61.653000
1024.663618	942.440104	55.999999	61.648000
1024.663621	942.445105	56.000003	61.643000
1024.663619	942.450099	55.999998	61.637000
1024.663620	942.454909	55.999998	61.631000
1024.663619	942.459911	56.000002	61.627000
1024.663627	942.465302	56.000002	61.625000
1024.663620	942.470301	55.999999	61.626000
1024.663616	942.475492	56.000000	61.630000
1024.663621	942.480291	56.000002	61.636000
1024.663626	942.485300	55.999999	61.640000
1024.663621	942.490300	55.999999	61.643000
1024.663617	942.495299	55.999999	61.645000
1024.663620	942.500294	56.000001	61.646000
1024.663622	942.505304	56.000001	61.650000
1024.663620	942.510310	56.000000	61.656000
1024.663617	942.515306	56.000000	61.662000
1024.663620	942.520304	55.999999	61.667000
1024.663625	942.525307	55.999999	61.669000
1024.663619	942.530303	56.000000	61.669000
1024.663616	942.535308	55.999999	61.667000
1024.663620	942.540507	55.999998	61.664000
1024.663622	942.545501	56.000002	61.663000
1024.663622	942.550498	56.000000	61.663000
1024.663619	942.555706	56.000001	61.665000
1024.663623	942.560502	56.000000	61.667000
1024.663624	942.565702	56.000000	61.669000
1024.663621	942.570499	56.000000	61.670000
1024.663619	942.575701	56.000000	61.668000
1024.663621	942.580498	55.999999	61.663000
1024.663621	942.585511	56.000001	61.657000
1024.663619	942.590708	56.000002	61.649000
1024.663624	942.595509	56.000000	61.641000
1024.663622	942.600510	56.000000	61.632000
1024.663622	942.605502	56.000000	61.624000
1024.663620	942.610308	56.000000	61.617000
1024.663618	942.615308	56.000001	61.613000
1024.663621	942.620713	55.999999	61.612000
1024.663619	942.625716	56.000001	61.615000
1024.663622	942.630721	55.999999	61.623000
1024.663619	942.635713	56.000002	61.634000
1024.663620	942.640696	55.999999	61.645000
1024.663621	942.645909	56.000000	61.652000
1024.663620	942.650520	55.999999	61.655000
1024.663623	942.655921	55.999999	61.655000
1024.663623	942.660518	55.999999	61.653000
1024.663624	942.665706	55.999999	61.652000
1024.663619	942.670512	55.999998	61.652000
1024.663618	942.675717	55.999999	61.652000
1024.663621	942.680520	56.000000	61.653000
1024.663621	942.685724	56.000000	61.654000
1024.663622	942.690523	55.999999	61.655000
1024.663615	942.695917	56.000001	61.654000
1024.663621	942.700916	55.999999	61.652000
1024.663618	942.705913	56.000000	61.650000
1024.663620	942.710909	55.999999	61.647000
1024.663617	942.716092	55.999999	61.645000
1024.663618	942.720897	56.000001	61.643000
1024.663619	942.725897	56.000000	61.642000
1024.663617	942.730912	55.999999	61.642000
1024.663618	942.735913	55.999999	61.642000
1024.663617	942.740904	56.000001	61.642000
1024.663621	942.745914	55.999999	61.642000
1024.663621	942.750907	55.999999	61.642000
1024.663622	942.755899	56.000001	61.643000
1024.663623	942.760904	56.000000	61.645000
1024.663622	942.765897	55.999999	61.647000
1024.663620	942.771100	56.000000	61.647000
1024.663618	942.776306	56.000000	61.646000
1024.663622	942.781122	55.999999	61.645000
1024.663621	942.786106	56.000001	61.644000
1024.663620	942.791117	55.999999	61.645000
1024.663616	942.796094	56.000000	61.648000
1024.663620	942.801083	55.999998	61.652000
1024.663620	942.806097	56.000003	61.655000
1024.663619	942.811113	55.999998	61.655000
1024.663618	942.816108	56.000002	61.653000
1024.663621	942.821105	55.999998	61.648000
1024.663618	942.826088	56.000002	61.641000
1024.663619	942.830903	56.000002	61.635000
1024.663621	942.835918	55.999997	61.629000
1024.663619	942.841305	55.999998	61.625000
1024.663620	942.846309	56.000000	61.626000
1024.663619	942.851300	56.000001	61.632000
1024.663618	942.856289	55.999997	61.639000
1024.663619	942.861298	56.000002	61.646000
1024.663621	942.866506	55.999997	61.649000
1024.663620	942.871312	55.999998	61.649000
1024.663615	942.876293	56.000002	61.645000
1024.663619	942.881283	55.999999	61.640000
1024.663620	942.886298	55.999998	61.634000
1024.663619	942.891314	56.000003	61.629000
1024.663617	942.896309	55.999998	61.626000
1024.663617	942.901308	56.000001	61.628000
1024.663620	942.906092	56.000002	61.634000
1024.663621	942.911304	55.999997	61.643000
1024.663619	942.916295	56.000000	61.650000
1024.663618	942.921291	55.999999	61.653000
1024.663619	942.926316	56.000001	61.653000
1024.663620	942.931322	55.999999	61.651000
1024.663617	942.936312	55.999999	61.652000
1024.663619	942.941302	56.000004	61.654000
1024.663622	942.946294	56.000000	61.658000
1024.663619	942.951316	55.999997	61.661000
1024.663618	942.956316	56.000002	61.661000
1024.663621	942.961299	55.999998	61.659000
1024.663619	942.966294	56.000003	61.656000
1024.663620	942.971313	56.000001	61.652000
1024.663618	942.976308	55.999997	61.649000
1024.663617	942.981311	56.000002	61.647000
1024.663620	942.986306	56.000001	61.647000
1024.663620	942.991089	56.000002	61.649000
1024.663620	942.996494	56.000002	61.651000
1024.663623	943.001496	55.999998	61.655000
1024.663620	943.006510	55.999999	61.660000
1024.663622	943.011708	55.999999	61.666000
1024.663619	943.016490	56.000003	61.671000
1024.663619	943.021687	55.999998	61.673000
1024.663618	943.026704	56.000003	61.672000
1024.663618	943.031525	56.000001	61.668000
1024.663620	943.036520	56.000001	61.664000
1024.663622	943.041500	55.999997	61.662000
1024.663623	943.046698	56.000003	61.662000
1024.663620	943.051504	56.000003	61.664000
1024.663618	943.056509	56.000003	61.666000
1024.663623	943.061521	56.000000	61.667000
1024.663621	943.066321	56.000002	61.664000
1024.663620	943.071718	56.000001	61.661000
1024.663622	943.076708	55.999998	61.658000
1024.663621	943.081715	56.000003	61.657000
1024.663624	943.086705	56.000000	61.661000
1024.663621	943.091716	55.999997	61.666000
1024.663617	943.096920	55.999999	61.670000
1024.663620	943.101713	55.999998	61.671000
1024.663623	943.106709	56.000000	61.670000
1024.663622	943.111706	55.999999	61.667000
1024.663616	943.116704	56.000001	61.664000
1024.663619	943.121706	55.999998	61.661000
1024.663620	943.126707	56.000001	61.658000
1024.663620	943.131721	55.999999	61.656000
1024.663618	943.136705	56.000000	61.653000
1024.663620	943.141711	56.000001	61.652000
1024.663624	943.146904	56.000000	61.654000
1024.663621	943.151920	55.999999	61.657000
1024.663621	943.156906	56.000001	61.660000
1024.663621	943.162101	56.000001	61.661000
1024.663624	943.166903	55.999999	61.661000
1024.663623	943.171922	56.000001	61.659000
1024.663620	943.176907	55.999999	61.657000
1024.663624	943.181907	55.999999	61.657000
1024.663622	943.186899	56.000001	61.657000
1024.663618	943.191912	55.999999	61.659000
1024.663622	943.196899	56.000000	61.659000
1024.663620	943.201892	56.000000	61.658000
1024.663623	943.206894	55.999999	61.656000
1024.663619	943.211711	55.999999	61.655000
1024.663621	943.216898	56.000001	61.657000
1024.663624	943.222302	56.000001	61.661000
1024.663622	943.227095	56.000001	61.665000
1024.663621	943.232111	55.999998	61.667000
1024.663617	943.237100	56.000001	61.666000
1024.663621	943.242099	55.999998	61.663000
1024.663621	943.247094	56.000001	61.660000
1024.663623	943.252100	56.000002	61.657000
1024.663623	943.257096	55.999999	61.657000
1024.663620	943.262106	56.000001	61.657000
1024.663622	943.267099	56.000000	61.659000
1024.663620	943.272114	55.999998	61.659000
1024.663618	943.277109	56.000001	61.658000
1024.663621	943.282104	55.999998	61.657000
1024.663621	943.287111	55.999999	61.655000
1024.663618	943.292120	56.000001	61.653000
1024.663615	943.297318	56.000000	61.652000
1024.663623	943.302320	55.999999	61.651000
1024.663623	943.307311	56.000001	61.651000
1024.663619	943.312721	56.000002	61.649000
1024.663617	943.317320	55.999998	61.648000
1024.663618	943.322330	56.000002	61.646000
1024.663622	943.327118	56.000001	61.644000
1024.663620	943.332321	55.999999	61.644000
1024.663618	943.337106	56.000001	61.647000
1024.663621	943.342524	55.999999	61.651000
1024.663622	943.347119	56.000001	61.657000
1024.663620	943.352329	56.000002	61.662000
1024.663617	943.357113	56.000002	61.666000
1024.663620	943.362116	55.999999	61.667000
1024.663622	943.367110	56.000001	61.666000
1024.663621	943.372529	56.000002	61.663000
1024.663619	943.377523	55.999999	61.659000
1024.663618	943.382720	56.000001	61.656000
1024.663622	943.387514	55.999999	61.655000
1024.663621	943.392528	56.000001	61.657000
1024.663618	943.397519	55.999998	61.660000
1024.663618	943.402523	56.000001	61.664000
1024.663622	943.407522	56.000001	61.666000
1024.663618	943.412535	55.999998	61.667000
1024.663617	943.417529	56.000000	61.666000
1024.663617	943.422720	55.999999	61.665000
1024.663622	943.427521	55.999999	61.663000
1024.663619	943.432533	56.000003	61.662000
1024.663619	943.437327	56.000001	61.662000
1024.663618	943.442526	56.000000	61.662000
1024.663620	943.447918	56.000001	61.662000
1024.663619	943.452729	56.000002	61.660000
1024.663619	943.457727	56.000000	61.657000
1024.663619	943.462923	55.999999	61.654000
1024.663619	943.467716	55.999998	61.650000
1024.663618	943.472722	55.999999	61.646000
1024.663618	943.477718	56.000000	61.644000
1024.663619	943.482713	55.999999	61.643000
1024.663622	943.487707	56.000002	61.643000
1024.663618	943.492724	56.000003	61.645000
1024.663618	943.497714	56.000002	61.649000
1024.663619	943.502716	56.000002	61.653000
1024.663620	943.507511	56.000001	61.658000
1024.663621	943.512715	56.000001	61.661000
1024.663623	943.517510	56.000002	61.663000
1024.663621	943.522710	55.999998	61.663000
1024.663622	943.527707	55.999998	61.661000
1024.663620	943.532716	55.999998	61.657000
1024.663617	943.537709	55.999998	61.654000
1024.663620	943.542706	55.999997	61.652000
1024.663621	943.547898	56.000003	61.652000
1024.663619	943.552721	55.999998	61.653000
1024.663617	943.557707	55.999997	61.654000
1024.663620	943.562708	55.999997	61.654000
1024.663619	943.567707	55.999997	61.653000
1024.663619	943.572720	55.999998	61.651000
1024.663616	943.577711	55.999999	61.651000
1024.663620	943.582704	55.999997	61.653000
1024.663620	943.587701	55.999997	61.657000
1024.663617	943.592524	56.000001	61.661000
1024.663618	943.597706	55.999996	61.663000
1024.663617	943.602911	56.000001	61.662000
1024.663620	943.608108	56.000000	61.659000
1024.663620	943.613115	56.000000	61.655000
1024.663616	943.617908	56.000003	61.652000
1024.663621	943.622909	56.000003	61.649000
1024.663620	943.628104	55.999998	61.647000
1024.663618	943.632912	56.000003	61.646000
1024.663618	943.637918	56.000002	61.646000
1024.663618	943.642918	56.000003	61.646000
1024.663620	943.648109	55.999998	61.646000
1024.663619	943.652917	56.000003	61.647000
1024.663620	943.657914	56.000003	61.647000
1024.663622	943.662918	56.000002	61.649000
1024.663620	943.667910	56.000002	61.649000
1024.663618	943.673315	56.000002	61.649000
1024.663623	943.678108	55.999997	61.649000
1024.663621	943.683113	55.999998	61.648000
1024.663621	943.688105	55.999997	61.648000
1024.663621	943.693126	55.999998	61.650000
1024.663620	943.698110	55.999997	61.654000
1024.663618	943.703118	55.999998	61.658000
1024.663620	943.708109	55.999998	61.662000
1024.663618	943.713122	55.999998	61.664000
1024.663619	943.718120	55.999998	61.664000
1024.663624	943.723315	56.000001	61.662000
1024.663617	943.728116	55.999998	61.659000
1024.663618	943.733122	55.999999	61.657000
1024.663622	943.738124	56.000000	61.655000
1024.663622	943.743329	55.999999	61.652000
1024.663621	943.748310	55.999999	61.649000
1024.663619	943.753529	56.000001	61.646000
1024.663622	943.758525	56.000001	61.644000
1024.663621	943.763722	55.999999	61.644000
1024.663622	943.768510	55.999999	61.647000
1024.663620	943.773522	55.999999	61.650000
1024.663620	943.778516	56.000001	61.653000
1024.663621	943.783515	56.000000	61.654000
1024.663623	943.788508	56.000000	61.655000
1024.663622	943.793929	56.000001	61.656000
1024.663621	943.798518	56.000000	61.657000
1024.663623	943.803521	56.000001	61.661000
1024.663622	943.808510	55.999999	61.665000
1024.663619	943.813327	55.999999	61.669000
1024.663619	943.818319	56.000001	61.671000
1024.663621	943.823734	55.999999	61.671000
1024.663620	943.828713	56.000000	61.668000
1024.663623	943.833728	56.000001	61.664000
1024.663620	943.838725	56.000000	61.659000
1024.663622	943.843725	55.999999	61.654000
1024.663622	943.848715	56.000000	61.650000
1024.663621	943.853726	56.000000	61.648000
1024.663621	943.858721	56.000000	61.646000
1024.663621	943.863727	56.000000	61.646000
1024.663623	943.868710	56.000000	61.647000
1024.663622	943.873930	55.999999	61.648000
1024.663619	943.878723	55.999999	61.649000
1024.663620	943.883722	55.999999	61.651000
1024.663622	943.888513	56.000000	61.653000
1024.663618	943.893533	56.000001	61.654000
1024.663621	943.898923	56.000001	61.654000
1024.663619	943.903925	56.000000	61.652000
1024.663623	943.908916	55.999999	61.649000
1024.663622	943.913927	56.000000	61.644000
1024.663618	943.919124	56.000000	61.641000
1024.663623	943.923718	55.999999	61.641000
1024.663619	943.928918	56.000001	61.644000
1024.663625	943.933731	55.999998	61.648000
1024.663621	943.939116	56.000001	61.650000
1024.663624	943.943719	55.999998	61.650000
1024.663621	943.948916	56.000001	61.647000
1024.663621	943.953724	55.999998	61.644000
1024.663619	943.958919	55.999999	61.640000
1024.663622	943.963724	56.000000	61.636000
1024.663619	943.969113	56.000002	61.632000
1024.663617	943.974127	56.000002	61.630000
1024.663618	943.979121	56.000001	61.630000
1024.663621	943.984317	55.999999	61.635000
1024.663618	943.989505	56.000001	61.644000
1024.663616	943.994312	55.999999	61.655000
1024.663618	943.999317	56.000002	61.665000
1024.663620	944.004307	55.999998	61.671000
1024.663618	944.009306	55.999998	61.673000
1024.663618	944.014319	56.000000	61.674000
1024.663621	944.019314	55.999998	61.674000
1024.663621	944.024315	55.999998	61.671000
1024.663618	944.029314	55.999999	61.666000
1024.663617	944.034123	56.000002	61.658000
1024.663618	944.039522	56.000000	61.649000
1024.663624	944.044119	56.000001	61.639000
1024.663618	944.049513	55.999999	61.631000
1024.663615	944.054515	55.999999	61.625000
1024.663617	944.059521	56.000001	61.624000
1024.663619	944.064514	56.000000	61.627000
1024.663622	944.069504	56.000001	61.633000
1024.663617	944.074317	55.999998	61.639000
1024.663617	944.079512	56.000000	61.643000
1024.663616	944.084507	56.000001	61.644000
1024.663619	944.089503	56.000001	61.643000
1024.663620	944.094313	55.999999	61.640000
1024.663619	944.099515	56.000001	61.640000
1024.663619	944.104505	56.000003	61.641000
1024.663619	944.109511	56.000002	61.643000
1024.663619	944.114305	55.999999	61.644000
1024.663620	944.119310	55.999999	61.645000
1024.663623	944.124706	55.999998	61.644000
1024.663622	944.129502	56.000001	61.644000
1024.663618	944.134502	56.000003	61.645000
1024.663620	944.139514	56.000001	61.649000
1024.663622	944.144709	55.999999	61.654000
1024.663622	944.149507	56.000001	61.660000
1024.663621	944.154707	55.999999	61.662000
1024.663619	944.159515	56.000001	61.661000
1024.663622	944.164501	56.000002	61.658000
1024.663618	944.169502	56.000002	61.653000
1024.663620	944.174504	56.000001	61.647000
1024.663618	944.179506	56.000002	61.643000
1024.663623	944.184701	55.999999	61.641000
1024.663621	944.189502	56.000001	61.641000
1024.663617	944.194303	56.000000	61.645000
1024.663622	944.199706	55.999999	61.649000
1024.663622	944.204702	56.000000	61.652000
1024.663621	944.209695	56.000000	61.654000
1024.663621	944.214697	55.999999	61.655000
1024.663621	944.219706	56.000000	61.655000
1024.663622	944.224703	56.000000	61.655000
1024.663620	944.229703	56.000000	61.655000
1024.663617	944.234701	56.000000	61.656000
1024.663621	944.239713	56.000000	61.656000
1024.663621	944.244906	56.000000	61.657000
1024.663620	944.249707	56.000000	61.658000
1024.663619	944.254700	56.000000	61.658000
1024.663618	944.259910	56.000000	61.659000
1024.663622	944.264705	55.999999	61.659000
1024.663621	944.269708	56.000000	61.658000
1024.663621	944.274904	56.000000	61.657000
1024.663622	944.279914	56.000001	61.656000
1024.663622	944.284903	56.000000	61.656000
1024.663622	944.289909	56.000000	61.655000
1024.663620	944.294902	56.000001	61.654000
1024.663622	944.299907	56.000000	61.653000
1024.663620	944.304894	56.000000	61.652000
1024.663617	944.309904	56.000000	61.650000
1024.663619	944.314898	56.000001	61.649000
1024.663623	944.319906	56.000000	61.649000
1024.663623	944.324897	56.000001	61.649000
1024.663621	944.329896	56.000000	61.648000
1024.663621	944.334893	56.000000	61.648000
1024.663624	944.339895	56.000000	61.647000
1024.663624	944.345097	56.000000	61.646000
1024.663623	944.349694	56.000000	61.646000
1024.663618	944.355095	55.999999	61.649000
1024.663622	944.360298	56.000000	61.654000
1024.663622	944.365099	55.999999	61.661000
1024.663619	944.370096	56.000000	61.669000
1024.663618	944.375092	55.999999	61.675000
1024.663620	944.380103	55.999999	61.678000
1024.663621	944.385098	56.000000	61.677000
1024.663622	944.390098	56.000000	61.676000
1024.663620	944.395103	56.000000	61.674000
1024.663621	944.400100	55.999999	61.673000
1024.663624	944.405101	56.000000	61.672000
1024.663621	944.410097	56.000000	61.671000
1024.663620	944.415095	56.000001	61.670000
1024.663622	944.420092	55.999999	61.669000
1024.663623	944.425295	56.000001	61.668000
1024.663619	944.430287	55.999999	61.665000
1024.663620	944.435292	56.000000	61.663000
1024.663622	944.440291	56.000000	61.662000
1024.663626	944.445302	56.000001	61.662000
1024.663619	944.450294	56.000000	61.664000
1024.663622	944.455305	56.000000	61.668000
1024.663621	944.460306	56.000001	61.671000
1024.663623	944.465308	55.999999	61.672000
1024.663618	944.470302	56.000000	61.672000
1024.663617	944.475503	56.000000	61.669000
1024.663618	944.480303	56.000000	61.664000
1024.663621	944.485312	56.000001	61.659000
1024.663620	944.490306	55.999999	61.655000
1024.663619	944.495099	56.000000	61.653000
1024.663619	944.500503	56.000000	61.652000
1024.663621	944.505507	56.000000	61.652000
1024.663620	944.510500	56.000000	61.652000
1024.663621	944.515510	56.000000	61.653000
1024.663619	944.520505	56.000000	61.653000
1024.663617	944.525701	56.000000	61.651000
1024.663619	944.530709	56.000000	61.650000
1024.663618	944.535706	55.999999	61.647000
1024.663622	944.540710	56.000000	61.644000
1024.663618	944.545702	55.999998	61.641000
1024.663619	944.550698	55.999998	61.640000
1024.663619	944.555696	55.999999	61.641000
1024.663620	944.560507	55.999999	61.644000
1024.663621	944.565909	56.000000	61.649000
1024.663620	944.570709	55.999999	61.654000
1024.663618	944.575503	55.999999	61.657000
1024.663622	944.581102	56.000000	61.659000
1024.663623	944.585910	56.000000	61.659000
1024.663619	944.590906	56.000001	61.660000
1024.663618	944.595902	56.000000	61.660000
1024.663619	944.600905	56.000000	61.659000
1024.663618	944.605706	56.000000	61.657000
1024.663619	944.610910	56.000000	61.654000
1024.663617	944.615902	56.000000	61.649000
1024.663620	944.620910	56.000001	61.646000
1024.663622	944.625899	56.000000	61.644000
1024.663620	944.630712	56.000000	61.644000
1024.663618	944.635896	56.000001	61.646000
1024.663619	944.640704	56.000000	61.648000
1024.663620	944.645902	56.000000	61.650000
1024.663617	944.650707	56.000000	61.651000
1024.663617	944.656101	56.000002	61.649000
1024.663620	944.661105	56.000002	61.647000
1024.663619	944.666103	56.000000	61.644000
1024.663618	944.671104	56.000000	61.640000
1024.663620	944.676297	55.999998	61.636000
1024.663618	944.681102	56.000002	61.634000
1024.663618	944.686099	56.000002	61.632000
1024.663620	944.691104	56.000001	61.632000
1024.663618	944.696112	56.000001	61.634000
1024.663622	944.701110	56.000001	61.638000
1024.663620	944.706102	56.000000	61.641000
1024.663619	944.711310	55.999999	61.644000
1024.663617	944.715901	56.000001	61.646000
1024.663621	944.721107	56.000002	61.648000
1024.663617	944.725901	56.000000	61.651000
1024.663622	944.731713	56.000001	61.654000
1024.663619	944.736298	55.999998	61.656000
1024.663619	944.741302	55.999998	61.657000
1024.663620	944.746297	56.000000	61.657000
1024.663622	944.751311	56.000001	61.655000
1024.663621	944.756299	56.000000	61.652000
1024.663621	944.761300	55.999998	61.649000
1024.663625	944.766295	55.999998	61.647000
1024.663622	944.771301	55.999998	61.644000
1024.663621	944.776288	55.999999	61.642000
1024.663621	944.781294	55.999998	61.640000
1024.663624	944.786296	55.999997	61.638000
1024.663622	944.791301	55.999998	61.636000
1024.663620	944.796488	56.000000	61.634000
1024.663621	944.801088	56.000002	61.631000
1024.663625	944.806289	55.999999	61.629000
1024.663619	944.811295	56.000001	61.627000
1024.663620	944.816280	55.999998	61.628000
1024.663620	944.821284	55.999998	61.632000
1024.663621	944.826286	55.999998	61.636000
1024.663620	944.831297	55.999999	61.640000
1024.663619	944.836288	55.999999	61.642000
1024.663619	944.841491	56.000001	61.643000
1024.663622	944.846297	55.999999	61.646000
1024.663621	944.851303	56.000000	61.651000
1024.663620	944.856299	56.000000	61.658000
1024.663618	944.861300	56.000000	61.666000
1024.663624	944.866302	56.000000	61.672000
1024.663619	944.871302	56.000000	61.675000
1024.663619	944.876293	56.000000	61.675000
1024.663622	944.881702	56.000001	61.671000
1024.663622	944.886509	56.000000	61.664000
1024.663621	944.891517	56.000000	61.656000
1024.663619	944.896506	55.999999	61.646000
1024.663621	944.901509	56.000000	61.637000
1024.663619	944.906509	55.999999	61.632000
1024.663620	944.911515	56.000000	61.631000
1024.663622	944.916508	56.000000	61.636000
1024.663621	944.921509	56.000001	61.643000
1024.663625	944.926514	55.999999	61.649000
1024.663622	944.931516	56.000000	61.652000
1024.663619	944.936515	56.000000	61.652000
1024.663624	944.941513	56.000000	61.651000
1024.663624	944.946506	56.000000	61.650000
1024.663620	944.951315	56.000001	61.650000
1024.663618	944.956514	56.000000	61.650000
1024.663620	944.961719	56.000000	61.652000
1024.663622	944.966712	56.000000	61.653000
1024.663623	944.971723	56.000000	61.653000
1024.663618	944.976714	56.000000	61.654000
1024.663619	944.981718	56.000001	61.654000
1024.663623	944.986720	56.000000	61.656000
1024.663619	944.991726	55.999999	61.659000
1024.663616	944.996915	56.000000	61.661000
1024.663621	945.001711	55.999999	61.663000
1024.663621	945.006711	56.000000	61.663000
1024.663621	945.011922	55.999999	61.662000
1024.663617	945.016714	56.000000	61.658000
1024.663622	945.021718	55.999999	61.654000
1024.663622	945.026511	56.000001	61.650000
1024.663622	945.031513	56.000000	61.648000
1024.663617	945.036920	55.999999	61.649000
1024.663620	945.041908	55.999999	61.651000
1024.663623	945.046905	56.000000	61.653000
1024.663622	945.051914	56.000001	61.652000
1024.663619	945.056910	56.000000	61.650000
1024.663618	945.062104	56.000001	61.646000
1024.663621	945.066904	56.000001	61.643000
1024.663621	945.071915	55.999999	61.641000
1024.663621	945.076909	56.000002	61.642000
1024.663623	945.081900	55.999999	61.645000
1024.663623	945.086898	55.999998	61.649000
1024.663619	945.091910	56.000000	61.652000
1024.663619	945.096902	56.000002	61.656000
1024.663624	945.101907	56.000002	61.659000
1024.663617	945.106706	56.000001	61.662000
1024.663619	945.112115	55.999998	61.664000
1024.663616	945.117110	55.999998	61.664000
1024.663619	945.122108	55.999999	61.662000
1024.663620	945.127110	56.000002	61.658000
1024.663619	945.132113	56.000003	61.653000
1024.663619	945.137108	56.000003	61.649000
1024.663623	945.142102	56.000002	61.647000
1024.663624	945.147306	55.999997	61.649000
1024.663620	945.152113	56.000000	61.655000
1024.663619	945.157106	55.999998	61.661000
1024.663621	945.162505	55.999999	61.666000
1024.663621	945.167304	56.000000	61.668000
1024.663622	945.172110	56.000000	61.669000
1024.663620	945.177101	55.999999	61.668000
1024.663618	945.182095	56.000001	61.668000
1024.663620	945.187498	56.000001	61.667000
1024.663620	945.192513	55.999999	61.667000
1024.663616	945.197306	56.000000	61.667000
1024.663619	945.202303	56.000000	61.667000
1024.663619	945.207303	55.999999	61.668000
1024.663618	945.212310	56.000001	61.671000
1024.663617	945.217304	55.999998	61.674000
1024.663621	945.222307	55.999999	61.677000
1024.663620	945.227305	56.000001	61.676000
1024.663618	945.232317	55.999999	61.672000
1024.663618	945.237106	56.000001	61.666000
1024.663621	945.242300	56.000000	61.659000
1024.663623	945.247297	56.000000	61.654000
1024.663620	945.252317	56.000001	61.651000
1024.663615	945.257104	56.000000	61.651000
1024.663619	945.262301	56.000000	61.653000
1024.663619	945.267496	56.000001	61.658000
1024.663621	945.272510	55.999998	61.661000
1024.663616	945.277504	56.000001	61.664000
1024.663618	945.282505	55.999999	61.664000
1024.663621	945.287501	56.000000	61.663000
1024.663620	945.292506	56.000001	61.659000
1024.663617	945.297310	55.999999	61.655000
1024.663619	945.302510	55.999999	61.653000
1024.663621	945.307505	56.000001	61.655000
1024.663619	945.312525	56.000000	61.659000
1024.663615	945.317306	56.000000	61.663000
1024.663619	945.322509	56.000001	61.665000
1024.663622	945.327510	56.000000	61.666000
1024.663622	945.332726	56.000001	61.665000
1024.663620	945.337314	56.000002	61.664000
1024.663621	945.342918	55.999998	61.663000
1024.663621	945.348114	55.999999	61.662000
1024.663620	945.353129	56.000001	61.660000
1024.663617	945.357913	56.000000	61.657000
1024.663620	945.363116	56.000000	61.655000
1024.663621	945.367909	56.000000	61.653000
1024.663621	945.372926	56.000000	61.652000
1024.663620	945.377912	56.000001	61.653000
1024.663621	945.382908	56.000000	61.652000
1024.663624	945.387903	56.000000	61.651000
1024.663621	945.392916	55.999999	61.647000
1024.663619	945.397903	56.000000	61.642000
1024.663620	945.402908	56.000000	61.635000
1024.663623	945.408098	56.000001	61.629000
1024.663621	945.412918	56.000001	61.624000
1024.663621	945.418309	56.000002	61.621000
1024.663620	945.423111	56.000002	61.621000
1024.663622	945.428107	56.000000	61.621000
1024.663621	945.433119	55.999999	61.623000
1024.663618	945.438112	55.999999	61.628000
1024.663625	945.443314	55.999999	61.637000
1024.663620	945.448107	56.000001	61.647000
1024.663622	945.453123	56.000000	61.655000
1024.663616	945.458116	56.000000	61.660000
1024.663620	945.463112	56.000000	61.661000
1024.663621	945.468106	55.999999	61.660000
1024.663623	945.473123	56.000001	61.658000
1024.663619	945.478319	56.000001	61.657000
1024.663622	945.483117	56.000000	61.658000
1024.663622	945.487908	56.000000	61.661000
1024.663619	945.493327	56.000001	61.667000
1024.663618	945.498324	55.999998	61.671000
1024.663621	945.503316	56.000001	61.672000
1024.663621	945.508313	56.000000	61.669000
1024.663621	945.513324	55.999998	61.664000
1024.663619	945.518321	56.000001	61.657000
1024.663620	945.523316	56.000000	61.651000
1024.663620	945.528507	55.999999	61.646000
1024.663620	945.533328	56.000001	61.643000
1024.663621	945.538321	55.999999	61.643000
1024.663620	945.543313	56.000002	61.644000
1024.663623	945.548308	55.999999	61.646000
1024.663620	945.553327	56.000002	61.647000
1024.663619	945.558522	56.000000	61.647000
1024.663620	945.563113	55.999999	61.645000
1024.663621	945.568510	56.000002	61.643000
1024.663621	945.573523	55.999999	61.641000
1024.663620	945.578521	56.000001	61.639000
1024.663619	945.583515	55.999999	61.640000
1024.663618	945.588504	56.000002	61.643000
1024.663616	945.593725	56.000001	61.648000
1024.663621	945.598721	56.000000	61.655000
1024.663621	945.603520	55.999998	61.661000
1024.663621	945.608512	56.000002	61.664000
1024.663621	945.613526	56.000000	61.664000
1024.663621	945.618312	56.000002	61.661000
1024.663621	945.623500	56.000000	61.657000
1024.663622	945.628508	56.000000	61.653000
1024.663617	945.633513	56.000000	61.649000
1024.663619	945.638314	56.000001	61.647000
1024.663620	945.643701	56.000000	61.647000
1024.663620	945.648699	56.000001	61.647000
1024.663619	945.653912	56.000001	61.647000
1024.663619	945.658712	56.000000	61.647000
1024.663623	945.663703	56.000000	61.648000
1024.663622	945.668709	56.000000	61.649000
1024.663620	945.673717	55.999999	61.649000
1024.663619	945.678704	56.000002	61.647000
1024.663621	945.683704	55.999998	61.644000
1024.663620	945.688692	56.000001	61.640000
1024.663619	945.693704	56.000000	61.636000
1024.663619	945.698711	56.000000	61.632000
1024.663619	945.703702	56.000000	61.630000
1024.663621	945.708701	56.000001	61.631000
1024.663621	945.713713	55.999999	61.635000
1024.663619	945.719113	56.000000	61.641000
1024.663622	945.724319	56.000000	61.646000
1024.663621	945.729115	55.999999	61.648000
1024.663619	945.733925	55.999999	61.646000
1024.663618	945.738916	55.999999	61.641000
1024.663620	945.744111	56.000000	61.636000
1024.663620	945.748914	55.999999	61.633000
1024.663618	945.753722	56.000000	61.632000
1024.663620	945.758924	55.999999	61.634000
1024.663620	945.763710	55.999999	61.638000
1024.663620	945.768916	56.000000	61.644000
1024.663619	945.773726	56.000000	61.649000
1024.663617	945.778921	56.000000	61.652000
1024.663619	945.783716	56.000000	61.652000
1024.663621	945.788910	55.999999	61.651000
1024.663619	945.794123	55.999999	61.649000
1024.663620	945.799314	56.000000	61.646000
1024.663623	945.804112	56.000001	61.642000
1024.663620	945.809110	55.999999	61.639000
1024.663621	945.814116	56.000000	61.635000
1024.663620	945.819116	55.999999	61.632000
1024.663622	945.824114	56.000000	61.631000
1024.663620	945.829112	56.000002	61.631000
1024.663619	945.833919	56.000002	61.633000
1024.663617	945.839112	56.000002	61.637000
1024.663622	945.844107	55.999999	61.639000
1024.663622	945.849109	56.000002	61.641000
1024.663620	945.853924	56.000000	61.642000
1024.663621	945.859114	55.999999	61.643000
1024.663619	945.864112	56.000001	61.644000
1024.663620	945.869507	55.999998	61.647000
1024.663619	945.874519	56.000001	61.652000
1024.663621	945.879720	56.000001	61.657000
1024.663623	945.884327	56.000002	61.661000
1024.663622	945.889319	55.999998	61.665000
1024.663621	945.894330	56.000003	61.668000
1024.663622	945.899327	55.999999	61.668000
1024.663625	945.904118	55.999999	61.667000
1024.663624	945.909308	56.000001	61.664000
1024.663619	945.914319	55.999999	61.660000
1024.663621	945.919319	56.000000	61.655000
1024.663625	945.924312	56.000001	61.650000
1024.663621	945.929305	56.000002	61.646000
1024.663619	945.934305	56.000000	61.643000
1024.663619	945.939318	55.999999	61.643000
1024.663620	945.944507	55.999999	61.644000
1024.663621	945.949900	56.000003	61.647000
1024.663617	945.954713	56.000001	61.649000
1024.663621	945.959717	56.000002	61.650000
1024.663623	945.964682	55.999998	61.649000
1024.663620	945.969691	56.000003	61.646000
1024.663622	945.974714	55.999997	61.643000
1024.663621	945.979718	56.000001	61.639000
1024.663624	945.984694	56.000001	61.635000
1024.663622	945.989695	55.999999	61.633000
1024.663620	945.994705	56.000000	61.632000
1024.663619	945.999710	56.000001	61.632000
1024.663624	946.004701	56.000000	61.633000
1024.663623	946.009884	56.000002	61.635000
1024.663620	946.014507	56.000002	61.636000
1024.663618	946.019727	55.999999	61.636000
1024.663619	946.025114	56.000000	61.636000
1024.663618	946.029910	56.000000	61.636000
1024.663623	946.034897	56.000003	61.635000
1024.663622	946.039913	56.000000	61.635000
1024.663622	946.044905	55.999996	61.638000
1024.663617	946.049908	56.000001	61.644000
1024.663614	946.054922	56.000000	61.651000
1024.663620	946.059915	55.999997	61.659000
1024.663624	946.064882	56.000002	61.663000
1024.663623	946.069888	56.000000	61.665000
1024.663618	946.074919	55.999999	61.663000
1024.663620	946.079923	56.000003	61.660000
1024.663621	946.084908	55.999997	61.657000
1024.663621	946.090087	56.000001	61.655000
1024.663621	946.094707	55.999999	61.656000
1024.663622	946.100301	56.000000	61.658000
1024.663621	946.105303	56.000000	61.659000
1024.663616	946.110110	56.000000	61.657000
1024.663617	946.115104	55.999998	61.652000
1024.663622	946.120094	56.000001	61.646000
1024.663621	946.125097	55.999999	61.641000
1024.663619	946.130112	56.000000	61.638000
1024.663618	946.135115	56.000002	61.638000
1024.663620	946.140109	55.999999	61.642000
1024.663621	946.145310	55.999999	61.649000
1024.663620	946.150114	56.000000	61.655000
1024.663620	946.155303	56.000000	61.660000
1024.663620	946.160105	56.000001	61.664000
1024.663619	946.165106	55.999998	61.665000
1024.663618	946.170115	56.000001	61.665000
1024.663619	946.175308	56.000000	61.664000
1024.663622	946.180284	56.000001	61.661000
1024.663645	946.185255	55.999999	61.658000
1024.663668	946.190350	56.000000	61.655000
1024.663641	946.195493	55.999999	61.651000
1024.663632	946.200266	55.999999	61.648000
1024.663615	946.205341	56.000000	61.645000
1024.663603	946.210311	56.000001	61.643000
1024.663617	946.215486	55.999999	61.640000
1024.663626	946.220488	56.000001	61.638000
1024.663627	946.225478	55.999999	61.635000
1024.663622	946.230294	56.000001	61.633000
1024.663613	946.235506	56.000000	61.632000
1024.663614	946.240313	55.999999	61.634000
1024.663622	946.245291	55.999999	61.637000
1024.663619	946.250502	55.999999	61.640000
1024.663619	946.255693	55.999998	61.639000
1024.663619	946.260490	55.999999	61.636000
1024.663619	946.265499	56.000000	61.632000
1024.663618	946.270508	56.000000	61.627000
1024.663618	946.275494	55.999999	61.623000
1024.663623	946.280488	56.000002	61.621000
1024.663621	946.285492	56.000001	61.620000
1024.663618	946.290312	56.000002	61.621000
1024.663615	946.295503	56.000002	61.622000
1024.663617	946.300301	56.000001	61.623000
1024.663623	946.305685	55.999997	61.625000
1024.663621	946.310291	56.000002	61.628000
1024.663618	946.315310	55.999998	61.633000
1024.663615	946.320311	56.000002	61.640000
1024.663623	946.325896	55.999997	61.648000
1024.663623	946.330697	55.999996	61.653000
1024.663617	946.335697	56.000003	61.656000
1024.663621	946.340714	55.999999	61.657000
1024.663619	946.345704	56.000000	61.657000
1024.663620	946.350699	56.000002	61.657000
1024.663619	946.355704	55.999999	61.658000
1024.663618	946.360707	56.000000	61.658000
1024.663619	946.365705	56.000001	61.656000
1024.663618	946.370514	55.999999	61.654000
1024.663617	946.375509	55.999997	61.651000
1024.663623	946.380701	55.999999	61.649000
1024.663620	946.385705	55.999998	61.649000
1024.663619	946.390723	56.000002	61.649000
1024.663617	946.395710	55.999999	61.650000
1024.663618	946.400707	55.999998	61.650000
1024.663621	946.406083	56.000002	61.649000
1024.663623	946.410907	56.000002	61.651000
1024.663622	946.415906	55.999998	61.654000
1024.663621	946.421095	56.000000	61.661000
1024.663621	946.425900	56.000000	61.669000
1024.663619	946.430914	55.999998	61.675000
1024.663623	946.435901	56.000002	61.679000
1024.663622	946.440900	55.999998	61.678000
1024.663623	946.445896	55.999999	61.674000
1024.663619	946.450921	56.000000	61.668000
1024.663621	946.456110	56.000002	61.661000
1024.663624	946.461102	55.999998	61.652000
1024.663619	946.465902	55.999998	61.644000
1024.663621	946.470919	56.000003	61.637000
1024.663621	946.475910	55.999997	61.632000
1024.663625	946.481111	55.999999	61.631000
1024.663623	946.486109	55.999998	61.634000
1024.663621	946.491112	56.000002	61.639000
1024.663618	946.496105	55.999999	61.644000
1024.663619	946.501302	56.000002	61.647000
1024.663626	946.506105	56.000000	61.648000
1024.663622	946.511101	55.999999	61.648000
1024.663618	946.516103	56.000001	61.648000
1024.663621	946.521109	55.999999	61.650000
1024.663624	946.526104	56.000001	61.652000
1024.663621	946.531103	55.999998	61.654000
1024.663620	946.536104	56.000002	61.656000
1024.663622	946.541105	55.999999	61.657000
1024.663621	946.546106	56.000001	61.658000
1024.663620	946.550907	56.000002	61.659000
1024.663617	946.556508	55.999999	61.659000
1024.663620	946.561301	55.999999	61.657000
1024.663624	946.566306	56.000000	61.653000
1024.663621	946.571309	56.000000	61.648000
1024.663615	946.576510	56.000000	61.643000
1024.663622	946.581299	56.000000	61.639000
1024.663622	946.586493	56.000000	61.637000
1024.663622	946.591300	55.999999	61.639000
1024.663618	946.596500	55.999999	61.642000
1024.663621	946.601299	55.999998	61.645000
1024.663621	946.606504	56.000001	61.648000
1024.663618	946.611302	56.000002	61.651000
1024.663619	946.616298	55.999999	61.656000
1024.663621	946.621293	56.000002	61.662000
1024.663623	946.626298	55.999999	61.668000
1024.663620	946.631311	56.000001	61.671000
1024.663616	946.636900	55.999999	61.668000
1024.663619	946.641699	56.000001	61.661000
1024.663624	946.646707	55.999999	61.651000
1024.663619	946.651711	55.999998	61.641000
1024.663617	946.656704	56.000002	61.632000
1024.663620	946.661700	55.999998	61.625000
1024.663621	946.666905	55.999999	61.621000
1024.663621	946.671706	55.999999	61.621000
1024.663618	946.676701	56.000000	61.624000
1024.663619	946.681697	56.000001	61.631000
1024.663621	946.686903	56.000002	61.639000
1024.663620	946.691716	56.000003	61.647000
1024.663619	946.696709	55.999998	61.653000
1024.663621	946.701703	55.999998	61.658000
1024.663622	946.706900	56.000000	61.662000
1024.663620	946.712114	56.000002	61.664000
1024.663617	946.716905	56.000001	61.664000
1024.663621	946.721906	56.000003	61.662000
1024.663621	946.726901	55.999999	61.659000
1024.663616	946.731914	55.999999	61.655000
1024.663619	946.737111	56.000003	61.652000
1024.663619	946.741911	56.000002	61.648000
1024.663622	946.747113	55.999997	61.646000
1024.663620	946.751922	56.000001	61.645000
1024.663617	946.756914	55.999998	61.646000
1024.663617	946.762103	56.000003	61.647000
1024.663620	946.766905	55.999997	61.648000
1024.663616	946.771914	56.000001	61.649000
1024.663617	946.776909	56.000003	61.649000
1024.663621	946.782516	55.999999	61.649000
1024.663624	946.787512	55.999997	61.651000
1024.663622	946.792517	55.999998	61.652000
1024.663620	946.797509	56.000000	61.654000
1024.663620	946.802913	55.999998	61.655000
1024.663625	946.807707	55.999997	61.655000
1024.663620	946.812521	56.000002	61.653000
1024.663620	946.817511	56.000000	61.652000
1024.663622	946.822508	55.999998	61.651000
1024.663623	946.827505	55.999997	61.650000
1024.663620	946.832519	55.999999	61.652000
1024.663619	946.837305	55.999997	61.653000
1024.663621	946.842507	56.000003	61.655000
1024.663622	946.847503	56.000003	61.656000
1024.663619	946.852524	56.000002	61.657000
1024.663621	946.857711	55.999997	61.656000
1024.663622	946.862506	55.999999	61.655000
1024.663624	946.867505	55.999997	61.653000
1024.663621	946.872714	56.000003	61.649000
1024.663621	946.877507	55.999998	61.645000
1024.663621	946.882505	56.000000	61.643000
1024.663623	946.887698	56.000001	61.642000
1024.663621	946.892708	55.999998	61.644000
1024.663618	946.897503	56.000004	61.648000
1024.663624	946.902500	56.000002	61.652000
1024.663621	946.907498	56.000001	61.654000
1024.663619	946.912520	55.999998	61.655000
1024.663619	946.917507	55.999998	61.654000
1024.663620	946.922502	55.999998	61.653000
1024.663623	946.927490	56.000002	61.651000
1024.663620	946.932714	55.999997	61.650000
1024.663622	946.938115	56.000001	61.648000
1024.663620	946.942904	56.000001	61.647000
1024.663623	946.947900	55.999999	61.645000
1024.663618	946.953115	56.000002	61.644000
1024.663619	946.957702	55.999997	61.644000
1024.663621	946.962905	56.000002	61.643000
1024.663622	946.967900	55.999999	61.642000
1024.663621	946.973111	56.000002	61.640000
1024.663622	946.978310	55.999999	61.638000
1024.663620	946.983102	55.999999	61.637000
1024.663621	946.988107	56.000001	61.637000
1024.663622	946.993115	55.999999	61.638000
1024.663619	946.998106	56.000000	61.639000
1024.663622	947.002899	56.000001	61.641000
1024.663619	947.008300	56.000000	61.642000
1024.663621	947.013512	56.000000	61.642000
1024.663617	947.018508	56.000000	61.642000
1024.663619	947.023503	56.000000	61.641000
1024.663620	947.028497	55.999999	61.641000
1024.663620	947.033716	56.000002	61.642000
1024.663620	947.038516	56.000001	61.644000
1024.663624	947.043713	56.000001	61.648000
1024.663619	947.048499	56.000001	61.652000
1024.663619	947.053515	56.000002	61.656000
1024.663621	947.058506	56.000001	61.658000
1024.663619	947.063500	56.000001	61.658000
1024.663619	947.068701	56.000001	61.657000
1024.663618	947.073513	56.000002	61.654000
1024.663617	947.078509	56.000002	61.652000
1024.663619	947.083699	56.000001	61.649000
1024.663620	947.088701	56.000000	61.647000
1024.663620	947.093715	56.000000	61.644000
1024.663618	947.098716	55.999999	61.642000
1024.663619	947.103702	55.999999	61.640000
1024.663620	947.108703	56.000000	61.638000
1024.663620	947.113519	56.000001	61.637000
1024.663618	947.118713	55.999999	61.636000
1024.663620	947.123513	56.000000	61.636000
1024.663621	947.128506	56.000000	61.637000
1024.663618	947.133722	56.000001	61.639000
1024.663620	947.138721	56.000000	61.643000
1024.663622	947.143707	56.000000	61.646000
1024.663619	947.148711	55.999999	61.649000
1024.663619	947.153517	56.000000	61.650000
1024.663622	947.159115	55.999999	61.648000
1024.663622	947.163909	55.999999	61.646000
1024.663622	947.168915	55.999999	61.644000
1024.663621	947.173918	55.999999	61.642000
1024.663616	947.178916	55.999999	61.641000
1024.663620	947.183918	55.999998	61.642000
1024.663608	947.185504	56.000001	61.643000
