1082.100135	868.402306	56.000005	50.962000
1082.100198	868.404226	56.000003	50.961000
1082.099812	868.409161	56.000000	50.961000
1082.099643	868.414748	56.000002	50.961000
1082.099563	868.420300	56.000002	50.962000
1082.099519	868.425420	55.999997	50.962000
1082.099491	868.430665	56.000001	50.962000
1082.099503	868.435547	56.000001	50.962000
1082.099491	868.440567	55.999999	50.962000
1082.099503	868.445607	56.000001	50.961000
1082.099499	868.450419	56.000000	50.961000
1082.099501	868.455629	55.999999	50.961000
1082.099502	868.460454	56.000002	50.961000
1082.099508	868.465648	56.000000	50.961000
1082.099504	868.470501	55.999998	50.961000
1082.099510	868.475491	56.000002	50.961000
1082.099505	868.480494	56.000001	50.963000
1082.099514	868.485522	56.000000	50.965000
1082.099510	868.490514	56.000002	50.965000
1082.099520	868.495738	56.000001	50.964000
1082.099513	868.500698	56.000001	50.965000
1082.099515	868.505733	55.999998	50.969000
1082.099509	868.510727	56.000000	50.974000
1082.099508	868.515517	55.999999	50.978000
1082.099518	868.520731	55.999998	50.980000
1082.099513	868.525720	56.000001	50.980000
1082.099510	868.530941	55.999997	50.981000
1082.099509	868.535527	56.000002	50.984000
1082.099507	868.540518	55.999998	50.988000
1082.099513	868.545750	56.000003	50.991000
1082.099514	868.550538	56.000001	50.992000
1082.099514	868.555544	55.999998	50.990000
1082.099510	868.560541	56.000001	50.987000
1082.099515	868.565743	56.000001	50.984000
1082.099512	868.570961	56.000002	50.982000
1082.099511	868.575942	55.999999	50.981000
1082.099511	868.580947	56.000000	50.980000
1082.099509	868.586151	56.000000	50.978000
1082.099513	868.590960	55.999999	50.975000
1082.099511	868.595955	56.000001	50.972000
1082.099515	868.600739	55.999999	50.968000
1082.099510	868.605950	55.999999	50.964000
1082.099509	868.610757	56.000001	50.959000
1082.099511	868.615753	55.999999	50.956000
1082.099511	868.620752	56.000000	50.952000
1082.099511	868.625560	56.000000	50.948000
1082.099512	868.630775	56.000000	50.944000
1082.099511	868.635758	55.999999	50.939000
1082.099511	868.640757	55.999997	50.934000
1082.099517	868.645965	56.000003	50.928000
1082.099508	868.650977	55.999998	50.923000
1082.099516	868.656173	56.000000	50.919000
1082.099515	868.661153	56.000003	50.917000
1082.099509	868.666167	56.000003	50.916000
1082.099510	868.670989	56.000002	50.913000
1082.099514	868.675968	55.999999	50.910000
1082.099510	868.680977	55.999999	50.908000
1082.099515	868.685962	56.000003	50.907000
1082.099514	868.690973	55.999998	50.910000
1082.099511	868.695967	55.999999	50.914000
1082.099513	868.700968	56.000000	50.919000
1082.099512	868.705981	56.000000	50.923000
1082.099515	868.710972	56.000000	50.926000
1082.099516	868.715768	55.999998	50.929000
1082.099516	868.721366	56.000000	50.933000
1082.099508	868.726372	56.000000	50.937000
1082.099510	868.731186	56.000002	50.940000
1082.099509	868.736372	56.000002	50.943000
1082.099511	868.741364	55.999998	50.945000
1082.099512	868.746176	55.999998	50.948000
1082.099511	868.751179	56.000002	50.950000
1082.099510	868.756177	55.999998	50.952000
1082.099515	868.761163	56.000002	50.954000
1082.099508	868.766172	55.999998	50.955000
1082.099514	868.771180	56.000001	50.956000
1082.099510	868.776170	55.999998	50.957000
1082.099511	868.781161	56.000002	50.957000
1082.099511	868.786166	55.999999	50.957000
1082.099511	868.791574	56.000000	50.957000
1082.099511	868.796573	55.999999	50.957000
1082.099508	868.801552	55.999999	50.958000
1082.099510	868.806564	56.000000	50.959000
1082.099507	868.811375	56.000000	50.961000
1082.099508	868.816571	56.000001	50.962000
1082.099513	868.821750	56.000000	50.964000
1082.099513	868.826365	56.000000	50.966000
1082.099507	868.831374	56.000001	50.967000
1082.099511	868.836364	55.999998	50.968000
1082.099510	868.841353	56.000000	50.969000
1082.099513	868.846369	56.000001	50.970000
1082.099509	868.851174	56.000000	50.970000
1082.099509	868.856366	56.000003	50.969000
1082.099515	868.861355	56.000000	50.968000
1082.099515	868.866761	56.000001	50.967000
1082.099512	868.871577	56.000003	50.967000
1082.099513	868.876965	56.000002	50.966000
1082.099513	868.881755	55.999999	50.966000
1082.099509	868.886757	56.000003	50.965000
1082.099511	868.891761	56.000002	50.964000
1082.099510	868.896770	55.999998	50.963000
1082.099509	868.901559	55.999999	50.961000
1082.099510	868.906560	55.999998	50.960000
1082.099510	868.911570	56.000000	50.959000
1082.099510	868.916564	56.000001	50.959000
1082.099512	868.921550	56.000002	50.959000
1082.099508	868.926569	56.000002	50.958000
1082.099507	868.931594	56.000001	50.957000
1082.099510	868.936586	55.999997	50.956000
1082.099512	868.941955	55.999998	50.956000
1082.099510	868.946959	56.000002	50.956000
1082.099512	868.951998	55.999999	50.956000
1082.099511	868.956785	55.999998	50.955000
1082.099514	868.961972	56.000000	50.953000
1082.099509	868.967160	56.000002	50.950000
1082.099515	868.971768	55.999999	50.947000
1082.099507	868.976971	56.000002	50.944000
1082.099511	868.981955	55.999998	50.943000
1082.099510	868.986764	55.999998	50.942000
1082.099512	868.991771	56.000000	50.943000
1082.099510	868.996773	56.000002	50.944000
1082.099509	869.001766	56.000000	50.945000
1082.099512	869.006763	56.000000	50.945000
1082.099509	869.011578	55.999999	50.945000
1082.099509	869.017171	56.000001	50.945000
1082.099513	869.022156	55.999999	50.946000
1082.099513	869.027163	56.000001	50.948000
1082.099512	869.032372	56.000001	50.950000
1082.099510	869.037176	56.000001	50.952000
1082.099513	869.042163	55.999999	50.954000
1082.099510	869.047163	56.000001	50.955000
1082.099509	869.051982	56.000000	50.957000
1082.099509	869.056978	56.000000	50.958000
1082.099515	869.061965	56.000000	50.958000
1082.099512	869.066961	56.000000	50.958000
1082.099512	869.071980	56.000000	50.957000
1082.099511	869.077579	56.000000	50.957000
1082.099513	869.081961	56.000000	50.957000
1082.099510	869.086964	56.000000	50.958000
1082.099512	869.092181	56.000000	50.958000
1082.099510	869.097175	56.000000	50.959000
1082.099510	869.102370	55.999999	50.959000
1082.099510	869.107369	56.000000	50.959000
1082.099511	869.112187	56.000001	50.959000
1082.099511	869.117383	56.000001	50.958000
1082.099510	869.122376	55.999999	50.957000
1082.099509	869.127370	56.000000	50.956000
1082.099507	869.132388	56.000001	50.955000
1082.099511	869.137181	56.000000	50.953000
1082.099512	869.142166	55.999999	50.952000
1082.099512	869.147169	55.999998	50.951000
1082.099514	869.152190	56.000000	50.951000
1082.099516	869.157183	56.000000	50.951000
1082.099511	869.161964	55.999998	50.951000
1082.099516	869.167569	56.000001	50.952000
1082.099512	869.172382	55.999998	50.953000
1082.099510	869.177376	56.000001	50.954000
1082.099513	869.182770	56.000000	50.954000
1082.099510	869.187564	55.999999	50.953000
1082.099513	869.192582	56.000001	50.953000
1082.099513	869.197571	55.999998	50.953000
1082.099510	869.202356	55.999998	50.953000
1082.099510	869.207553	55.999999	50.954000
1082.099514	869.212367	56.000001	50.954000
1082.099513	869.217368	55.999997	50.954000
1082.099511	869.222360	55.999998	50.954000
1082.099507	869.227761	55.999999	50.954000
1082.099513	869.232380	56.000000	50.954000
1082.099513	869.237373	55.999997	50.955000
1082.099509	869.242763	55.999999	50.957000
1082.099506	869.247756	56.000003	50.958000
1082.099512	869.252772	56.000002	50.959000
1082.099510	869.257777	55.999998	50.961000
1082.099509	869.262559	55.999997	50.962000
1082.099511	869.267558	56.000000	50.962000
1082.099510	869.272780	56.000001	50.963000
1082.099514	869.277573	56.000003	50.962000
1082.099511	869.282766	55.999997	50.962000
1082.099514	869.287571	55.999998	50.961000
1082.099509	869.292580	55.999998	50.960000
1082.099514	869.297579	56.000002	50.959000
1082.099511	869.302569	55.999999	50.958000
1082.099514	869.307569	55.999998	50.956000
1082.099513	869.312779	56.000001	50.955000
1082.099508	869.317782	55.999998	50.953000
1082.099507	869.322766	55.999998	50.951000
1082.099507	869.327569	55.999998	50.949000
1082.099507	869.332983	55.999997	50.947000
1082.099510	869.337776	55.999998	50.946000
1082.099508	869.342765	55.999997	50.945000
1082.099510	869.347569	56.000000	50.943000
1082.099510	869.352583	55.999996	50.942000
1082.099508	869.357574	56.000000	50.941000
1082.099510	869.362564	56.000003	50.940000
1082.099510	869.367561	56.000002	50.939000
1082.099512	869.372576	55.999999	50.938000
1082.099509	869.377580	55.999996	50.937000
1082.099507	869.382564	55.999999	50.936000
1082.099508	869.387566	56.000003	50.935000
1082.099510	869.392780	55.999996	50.934000
1082.099512	869.397790	55.999999	50.933000
1082.099514	869.402973	55.999998	50.932000
1082.099513	869.407770	56.000000	50.931000
1082.099511	869.412784	55.999997	50.931000
1082.099510	869.417982	56.000003	50.931000
1082.099512	869.422770	56.000002	50.933000
1082.099509	869.427769	56.000000	50.935000
1082.099508	869.432779	55.999998	50.936000
1082.099506	869.437783	56.000002	50.937000
1082.099511	869.442764	56.000001	50.939000
1082.099511	869.447773	55.999998	50.940000
1082.099508	869.452591	55.999999	50.942000
1082.099512	869.457799	55.999998	50.944000
1082.099512	869.462787	56.000002	50.945000
1082.099509	869.468174	56.000002	50.946000
1082.099511	869.473188	55.999997	50.947000
1082.099507	869.478192	56.000002	50.948000
1082.099510	869.483173	56.000001	50.948000
1082.099513	869.488167	55.999997	50.948000
1082.099514	869.493187	56.000001	50.948000
1082.099510	869.498189	56.000000	50.948000
1082.099510	869.502977	56.000000	50.947000
1082.099510	869.507973	56.000000	50.947000
1082.099508	869.512984	55.999998	50.946000
1082.099511	869.518188	55.999999	50.946000
1082.099511	869.522979	55.999999	50.945000
1082.099507	869.527976	56.000002	50.945000
1082.099510	869.532987	55.999998	50.945000
1082.099509	869.537984	56.000002	50.945000
1082.099507	869.543177	55.999998	50.945000
1082.099517	869.548373	55.999998	50.944000
1082.099513	869.553387	56.000001	50.944000
1082.099509	869.558382	55.999999	50.943000
1082.099513	869.563375	56.000000	50.943000
1082.099512	869.568566	55.999999	50.943000
1082.099511	869.573381	56.000000	50.944000
1082.099508	869.578386	56.000002	50.944000
1082.099509	869.583168	56.000003	50.944000
1082.099509	869.588167	56.000001	50.943000
1082.099513	869.593173	55.999998	50.944000
1082.099512	869.598176	56.000003	50.944000
1082.099510	869.603172	55.999997	50.945000
1082.099512	869.608361	56.000002	50.947000
1082.099509	869.613171	56.000002	50.947000
1082.099511	869.618370	56.000000	50.948000
1082.099508	869.623370	56.000001	50.948000
1082.099511	869.628361	56.000000	50.948000
1082.099513	869.633377	56.000002	50.948000
1082.099512	869.638371	55.999998	50.948000
1082.099513	869.643372	56.000001	50.948000
1082.099511	869.648157	56.000002	50.948000
1082.099505	869.653183	56.000002	50.948000
1082.099515	869.658369	56.000000	50.949000
1082.099507	869.663164	56.000000	50.951000
1082.099510	869.668156	56.000003	50.951000
1082.099507	869.673175	55.999998	50.951000
1082.099512	869.678172	55.999999	50.951000
1082.099508	869.683165	56.000001	50.953000
1082.099509	869.688160	56.000001	50.957000
1082.099514	869.693577	55.999999	50.960000
1082.099511	869.698368	55.999999	50.962000
1082.099509	869.703564	56.000002	50.963000
1082.099515	869.708557	55.999998	50.964000
1082.099509	869.713783	56.000002	50.966000
1082.099506	869.718378	55.999999	50.968000
1082.099515	869.723570	55.999999	50.970000
1082.099509	869.728556	56.000000	50.972000
1082.099509	869.733371	55.999999	50.973000
1082.099512	869.738372	56.000001	50.972000
1082.099510	869.743573	56.000000	50.972000
1082.099512	869.748364	56.000000	50.972000
1082.099511	869.753380	56.000001	50.972000
1082.099513	869.758571	55.999999	50.973000
1082.099506	869.763370	55.999998	50.973000
1082.099513	869.768763	55.999998	50.972000
1082.099511	869.773774	56.000001	50.971000
1082.099512	869.778774	55.999997	50.970000
1082.099511	869.783775	56.000002	50.968000
1082.099510	869.788765	55.999998	50.966000
1082.099513	869.793982	55.999998	50.964000
1082.099514	869.798785	55.999998	50.962000
1082.099510	869.803578	55.999999	50.959000
1082.099513	869.808772	56.000003	50.958000
1082.099512	869.813590	56.000002	50.956000
1082.099510	869.818583	55.999999	50.955000
1082.099514	869.823783	56.000002	50.954000
1082.099512	869.828572	55.999998	50.953000
1082.099511	869.833583	56.000001	50.951000
1082.099511	869.838985	56.000002	50.949000
1082.099512	869.844182	55.999998	50.946000
1082.099515	869.848969	56.000000	50.944000
1082.099518	869.853986	55.999996	50.942000
1082.099508	869.858986	56.000002	50.941000
1082.099514	869.863780	55.999997	50.941000
1082.099514	869.868972	56.000001	50.940000
1082.099512	869.873986	55.999997	50.940000
1082.099513	869.878791	56.000002	50.941000
1082.099511	869.883988	56.000001	50.942000
1082.099511	869.888773	55.999998	50.943000
1082.099512	869.893787	56.000002	50.944000
1082.099511	869.898982	55.999997	50.946000
1082.099511	869.903781	55.999999	50.947000
1082.099512	869.908777	55.999997	50.948000
1082.099507	869.914394	55.999998	50.951000
1082.099509	869.919386	56.000002	50.953000
1082.099508	869.924182	55.999998	50.955000
1082.099509	869.929178	56.000000	50.956000
1082.099514	869.933989	55.999996	50.957000
1082.099512	869.938978	55.999998	50.957000
1082.099511	869.944185	56.000000	50.957000
1082.099511	869.948972	56.000002	50.957000
1082.099509	869.954187	56.000000	50.957000
1082.099513	869.959183	56.000003	50.957000
1082.099512	869.963984	56.000001	50.957000
1082.099513	869.968973	56.000004	50.956000
1082.099513	869.973983	56.000000	50.955000
1082.099508	869.979182	56.000002	50.953000
1082.099512	869.983982	55.999998	50.952000
1082.099510	869.989374	55.999997	50.952000
1082.099509	869.994386	55.999997	50.952000
1082.099507	869.999574	56.000002	50.952000
1082.099511	870.004580	55.999999	50.952000
1082.099510	870.009375	56.000002	50.953000
1082.099511	870.014382	55.999999	50.953000
1082.099511	870.019381	55.999997	50.953000
1082.099511	870.024383	55.999998	50.952000
1082.099511	870.029171	55.999998	50.952000
1082.099512	870.034381	56.000004	50.951000
1082.099512	870.039182	56.000000	50.951000
1082.099511	870.044183	56.000003	50.952000
1082.099513	870.049173	56.000001	50.953000
1082.099511	870.054184	55.999998	50.954000
1082.099511	870.059183	56.000000	50.955000
1082.099504	870.064381	55.999998	50.956000
1082.099513	870.069773	56.000002	50.957000
1082.099508	870.074383	55.999997	50.957000
1082.099512	870.079577	56.000000	50.956000
1082.099509	870.084389	55.999998	50.956000
1082.099509	870.089778	55.999998	50.956000
1082.099513	870.094385	56.000000	50.957000
1082.099510	870.099577	56.000003	50.958000
1082.099509	870.104386	56.000002	50.958000
1082.099510	870.109779	56.000000	50.958000
1082.099508	870.114388	56.000002	50.957000
1082.099510	870.119376	56.000000	50.957000
1082.099508	870.124385	55.999999	50.957000
1082.099510	870.129375	56.000000	50.958000
1082.099510	870.134385	55.999997	50.958000
1082.099513	870.139779	56.000000	50.958000
1082.099510	870.144789	56.000000	50.959000
1082.099510	870.149780	55.999998	50.960000
1082.099506	870.154581	55.999998	50.961000
1082.099509	870.159780	55.999999	50.961000
1082.099509	870.164989	56.000001	50.961000
1082.099508	870.169780	56.000000	50.960000
1082.099513	870.174589	56.000001	50.960000
1082.099510	870.179582	55.999998	50.961000
1082.099510	870.184595	56.000002	50.962000
1082.099508	870.189581	55.999999	50.962000
1082.099503	870.194588	56.000001	50.962000
1082.099509	870.199584	55.999998	50.961000
1082.099512	870.204800	55.999999	50.959000
1082.099514	870.209579	55.999998	50.958000
1082.099508	870.214989	56.000001	50.955000
1082.099509	870.219982	55.999998	50.953000
1082.099515	870.224994	56.000002	50.951000
1082.099513	870.229989	55.999999	50.950000
1082.099511	870.234984	56.000000	50.949000
1082.099508	870.239983	56.000003	50.949000
1082.099510	870.244992	55.999999	50.949000
1082.099512	870.249986	56.000000	50.949000
1082.099510	870.254786	56.000002	50.948000
1082.099509	870.259979	56.000000	50.947000
1082.099508	870.264793	56.000002	50.946000
1082.099513	870.269778	55.999997	50.945000
1082.099512	870.274785	56.000002	50.944000
1082.099510	870.279777	55.999999	50.943000
1082.099511	870.284793	55.999998	50.942000
1082.099508	870.290181	55.999997	50.941000
1082.099514	870.295586	55.999998	50.939000
1082.099513	870.300171	56.000003	50.939000
1082.099514	870.305390	55.999999	50.938000
1082.099513	870.310173	55.999997	50.937000
1082.099511	870.314973	55.999999	50.935000
1082.099510	870.320163	56.000003	50.934000
1082.099508	870.325184	56.000001	50.932000
1082.099512	870.329970	56.000000	50.931000
1082.099507	870.334975	55.999998	50.931000
1082.099513	870.339964	56.000002	50.931000
1082.099512	870.344977	55.999998	50.931000
1082.099508	870.349967	55.999998	50.930000
1082.099514	870.354972	56.000002	50.929000
1082.099515	870.359968	56.000001	50.929000
1082.099515	870.365376	55.999998	50.929000
1082.099511	870.370369	56.000000	50.930000
1082.099510	870.375175	56.000001	50.932000
1082.099509	870.380565	56.000002	50.934000
1082.099512	870.385376	56.000001	50.938000
1082.099512	870.390573	56.000001	50.941000
1082.099513	870.395177	55.999999	50.944000
1082.099510	870.400170	56.000002	50.947000
1082.099509	870.405179	56.000001	50.949000
1082.099511	870.410173	55.999998	50.952000
1082.099508	870.415179	56.000001	50.956000
1082.099512	870.420174	56.000001	50.959000
1082.099512	870.425384	56.000002	50.961000
1082.099510	870.430177	56.000001	50.963000
1082.099513	870.435378	55.999998	50.965000
1082.099511	870.440568	55.999998	50.968000
1082.099512	870.445382	56.000000	50.971000
1082.099514	870.450381	55.999998	50.973000
1082.099513	870.455580	55.999999	50.974000
1082.099511	870.460571	56.000002	50.974000
1082.099514	870.465390	56.000002	50.973000
1082.099511	870.470782	56.000003	50.971000
1082.099512	870.475582	56.000002	50.971000
1082.099515	870.480376	56.000001	50.970000
1082.099515	870.485785	56.000000	50.970000
1082.099511	870.490382	56.000000	50.969000
1082.099514	870.495387	56.000001	50.968000
1082.099515	870.500379	56.000000	50.967000
1082.099511	870.505591	56.000001	50.966000
1082.099512	870.510184	55.999999	50.965000
1082.099513	870.515590	56.000002	50.964000
1082.099513	870.520775	55.999999	50.963000
1082.099513	870.525793	56.000002	50.962000
1082.099514	870.530789	55.999999	50.962000
1082.099513	870.535790	56.000002	50.961000
1082.099510	870.540583	56.000001	50.961000
1082.099508	870.545793	55.999998	50.959000
1082.099513	870.550588	55.999997	50.958000
1082.099511	870.555579	55.999998	50.958000
1082.099511	870.560577	56.000002	50.957000
1082.099511	870.565786	56.000001	50.957000
1082.099514	870.570589	56.000000	50.956000
1082.099510	870.575583	56.000001	50.956000
1082.099515	870.580579	56.000001	50.956000
1082.099511	870.585586	55.999999	50.955000
1082.099511	870.590786	56.000000	50.954000
1082.099510	870.596176	55.999998	50.953000
1082.099509	870.600971	55.999998	50.952000
1082.099511	870.605982	55.999999	50.953000
1082.099513	870.610985	55.999999	50.955000
1082.099510	870.616377	55.999998	50.958000
1082.099508	870.620969	56.000002	50.961000
1082.099511	870.625788	56.000000	50.964000
1082.099509	870.630985	55.999999	50.965000
1082.099514	870.635785	55.999999	50.967000
1082.099511	870.640769	56.000000	50.968000
1082.099510	870.645790	56.000002	50.969000
1082.099512	870.650784	56.000002	50.970000
1082.099512	870.655787	56.000002	50.970000
1082.099508	870.661175	56.000002	50.970000
1082.099510	870.666181	56.000002	50.969000
1082.099509	870.671190	56.000001	50.970000
1082.099510	870.676189	55.999999	50.970000
1082.099509	870.680984	55.999999	50.970000
1082.099511	870.686191	56.000000	50.970000
1082.099513	870.690990	56.000001	50.971000
1082.099513	870.696385	56.000002	50.973000
1082.099512	870.700979	55.999998	50.975000
1082.099508	870.705986	55.999998	50.976000
1082.099509	870.710993	55.999999	50.976000
1082.099509	870.715983	56.000002	50.975000
1082.099509	870.720977	56.000000	50.974000
1082.099509	870.725998	55.999999	50.974000
1082.099512	870.730993	55.999998	50.975000
1082.099509	870.735994	56.000003	50.976000
1082.099508	870.740978	56.000000	50.976000
1082.099508	870.746188	55.999999	50.976000
1082.099510	870.751187	56.000001	50.976000
1082.099508	870.756186	56.000002	50.975000
1082.099512	870.760977	55.999997	50.975000
1082.099507	870.766387	56.000002	50.976000
1082.099509	870.770988	55.999998	50.977000
1082.099508	870.776181	55.999998	50.979000
1082.099511	870.780978	56.000000	50.980000
1082.099510	870.785991	55.999999	50.981000
1082.099511	870.790983	55.999998	50.983000
1082.099507	870.795987	55.999999	50.985000
1082.099510	870.800973	55.999998	50.987000
1082.099505	870.805981	56.000001	50.988000
1082.099507	870.811178	55.999999	50.990000
1082.099507	870.816381	56.000001	50.993000
1082.099512	870.821368	55.999999	50.996000
1082.099507	870.826381	55.999999	50.999000
1082.099508	870.832784	56.000000	51.003000
1082.099510	870.836180	55.999998	51.006000
1082.099509	870.841364	56.000000	51.008000
1082.099513	870.846570	56.000001	51.010000
1082.099509	870.851180	55.999997	51.013000
1082.099509	870.856380	56.000001	51.015000
1082.099510	870.861364	56.000000	51.018000
1082.099512	870.866174	55.999997	51.021000
1082.099509	870.871181	55.999998	51.022000
1082.099509	870.876182	55.999997	51.023000
1082.099509	870.880965	56.000001	51.024000
1082.099512	870.886575	56.000000	51.025000
1082.099511	870.891386	56.000002	51.025000
1082.099512	870.896581	56.000001	51.024000
1082.099507	870.901566	56.000001	51.023000
1082.099508	870.906583	56.000000	51.021000
1082.099509	870.911385	56.000003	51.019000
1082.099512	870.916988	56.000001	51.019000
1082.099503	870.921368	56.000000	51.018000
1082.099511	870.926584	56.000002	51.016000
1082.099511	870.931389	56.000001	51.014000
1082.099511	870.936586	56.000003	51.011000
1082.099505	870.941371	56.000000	51.008000
1082.099507	870.946379	56.000001	51.005000
1082.099510	870.951387	55.999999	51.001000
1082.099508	870.956183	55.999998	50.996000
1082.099510	870.961564	56.000001	50.991000
1082.099510	870.966583	56.000002	50.985000
1082.099513	870.971783	55.999997	50.980000
1082.099512	870.976783	55.999998	50.976000
1082.099511	870.981569	56.000002	50.973000
1082.099511	870.986779	55.999997	50.972000
1082.099510	870.991600	56.000001	50.972000
1082.099509	870.996789	55.999999	50.972000
1082.099510	871.001572	55.999999	50.972000
1082.099507	871.006581	56.000003	50.970000
1082.099509	871.011592	56.000002	50.968000
1082.099509	871.016585	56.000003	50.966000
1082.099509	871.021573	56.000002	50.964000
1082.099511	871.026586	56.000001	50.964000
1082.099511	871.031387	56.000001	50.964000
1082.099514	871.036980	56.000002	50.963000
1082.099511	871.041975	56.000002	50.962000
1082.099510	871.046985	56.000002	50.962000
1082.099510	871.051994	56.000002	50.960000
1082.099512	871.056987	56.000002	50.959000
1082.099515	871.061977	56.000003	50.957000
1082.099511	871.066986	56.000002	50.956000
1082.099510	871.071799	56.000000	50.955000
1082.099513	871.077194	55.999998	50.955000
1082.099509	871.081780	56.000000	50.954000
1082.099512	871.086987	56.000003	50.953000
1082.099513	871.091796	55.999998	50.951000
1082.099511	871.096794	55.999998	50.949000
1082.099512	871.101788	55.999997	50.948000
1082.099512	871.106792	55.999997	50.947000
1082.099509	871.112001	56.000002	50.946000
1082.099512	871.117594	56.000002	50.946000
1082.099514	871.122185	55.999997	50.947000
1082.099511	871.127185	55.999999	50.949000
1082.099517	871.131996	56.000002	50.951000
1082.099513	871.136992	56.000002	50.953000
1082.099511	871.142182	55.999998	50.955000
1082.099511	871.147177	55.999998	50.956000
1082.099508	871.152190	55.999998	50.956000
1082.099514	871.156984	56.000000	50.956000
1082.099515	871.162173	55.999997	50.956000
1082.099509	871.166977	56.000002	50.955000
1082.099511	871.171990	56.000001	50.955000
1082.099512	871.176982	56.000002	50.956000
1082.099512	871.182386	56.000001	50.957000
1082.099510	871.187376	56.000001	50.960000
1082.099508	871.192402	56.000000	50.962000
1082.099513	871.197392	56.000000	50.964000
1082.099512	871.202179	55.999999	50.966000
1082.099512	871.207363	55.999999	50.967000
1082.099509	871.212393	55.999998	50.969000
1082.099511	871.217591	56.000002	50.971000
1082.099513	871.222171	55.999998	50.972000
1082.099511	871.227368	56.000001	50.974000
1082.099514	871.232190	56.000000	50.974000
1082.099513	871.237173	56.000000	50.974000
1082.099511	871.242167	56.000000	50.974000
1082.099508	871.247385	56.000000	50.974000
1082.099514	871.252183	56.000000	50.974000
1082.099521	871.257184	56.000000	50.974000
1082.099515	871.262367	56.000000	50.974000
1082.099505	871.267568	56.000001	50.974000
1082.099509	871.272582	55.999999	50.972000
1082.099509	871.277582	56.000000	50.970000
1082.099509	871.282771	55.999998	50.969000
1082.099512	871.287370	56.000002	50.969000
1082.099511	871.292382	56.000002	50.971000
1082.099511	871.297580	55.999998	50.973000
1082.099507	871.302362	56.000000	50.975000
1082.099511	871.307564	55.999999	50.976000
1082.099508	871.312387	56.000001	50.975000
1082.099514	871.317387	55.999999	50.973000
1082.099510	871.322368	56.000000	50.970000
1082.099508	871.327370	56.000002	50.968000
1082.099511	871.333186	56.000000	50.966000
1082.099508	871.337581	56.000000	50.964000
1082.099510	871.342771	56.000001	50.963000
1082.099510	871.347770	55.999999	50.963000
1082.099509	871.352591	55.999998	50.963000
1082.099509	871.357585	55.999999	50.963000
1082.099506	871.362776	56.000000	50.965000
1082.099506	871.367569	55.999999	50.966000
1082.099510	871.372583	56.000001	50.967000
1082.099513	871.377979	56.000001	50.967000
1082.099507	871.382565	55.999998	50.966000
1082.099506	871.387568	55.999998	50.963000
1082.099505	871.392586	56.000000	50.960000
1082.099511	871.397577	56.000002	50.958000
1082.099508	871.402771	55.999998	50.956000
1082.099507	871.407569	56.000002	50.955000
1082.099509	871.413178	56.000000	50.955000
1082.099514	871.417784	56.000001	50.954000
1082.099510	871.423176	55.999999	50.954000
1082.099512	871.427968	56.000000	50.954000
1082.099509	871.432988	55.999997	50.952000
1082.099509	871.437779	56.000003	50.950000
1082.099509	871.442773	56.000001	55.988000
1082.099511	871.447770	55.999997	61.197000
1082.099509	871.452780	55.999998	61.879000
1082.099510	871.457787	56.000000	61.877000
1082.099508	871.462775	56.000000	61.874000
1082.099511	871.467774	55.999999	61.872000
1082.099509	871.472793	55.999997	61.870000
1082.099510	871.477587	56.000002	61.871000
1082.099511	871.482572	56.000001	61.873000
1082.099511	871.487972	56.000002	61.876000
1082.099509	871.493180	55.999998	61.876000
1082.099511	871.498188	55.999998	61.873000
1082.099511	871.503171	55.999998	61.867000
1082.099510	871.507973	56.000001	61.860000
1082.099510	871.513382	56.000002	61.853000
1082.099516	871.518186	56.000001	61.849000
1082.099512	871.523178	56.000001	61.846000
1082.099511	871.528374	56.000002	61.845000
1082.099510	871.533383	55.999999	61.846000
1082.099507	871.537984	56.000000	61.848000
1082.099513	871.542974	56.000000	61.850000
1082.099511	871.547969	56.000000	61.852000
1082.099507	871.552783	56.000001	61.855000
1082.099511	871.558181	56.000000	61.860000
1082.099513	871.563374	56.000000	61.865000
1082.099513	871.568365	56.000000	61.869000
1082.099515	871.573386	56.000000	61.869000
1082.099511	871.578190	56.000000	61.866000
1082.099514	871.583376	56.000000	61.862000
1082.099512	871.588166	56.000000	61.858000
1082.099513	871.593385	56.000001	61.855000
1082.099510	871.598187	56.000000	61.854000
1082.099512	871.603381	56.000000	61.854000
1082.099508	871.608170	56.000000	61.855000
1082.099512	871.613390	56.000000	61.856000
1082.099510	871.618589	56.000000	61.856000
1082.099510	871.623178	56.000000	61.855000
1082.099511	871.627976	56.000000	61.854000
1082.099515	871.633198	55.999999	61.852000
1082.099510	871.638803	56.000000	61.850000
1082.099509	871.643589	56.000000	61.850000
1082.099510	871.648582	55.999999	61.851000
1082.099510	871.653599	56.000000	61.854000
1082.099511	871.658395	56.000001	61.857000
1082.099516	871.663592	56.000000	61.860000
1082.099511	871.668578	56.000000	61.863000
1082.099515	871.673596	55.999998	61.865000
1082.099510	871.678391	56.000000	61.870000
1082.099512	871.683391	56.000000	61.876000
1082.099512	871.688374	56.000001	61.882000
1082.099510	871.693400	55.999999	61.886000
1082.099508	871.698393	56.000002	61.885000
1082.099508	871.703384	56.000002	61.882000
1082.099512	871.708575	55.999998	61.878000
1082.099509	871.713785	56.000001	61.874000
1082.099509	871.718779	56.000002	61.871000
1082.099511	871.723989	55.999998	61.869000
1082.099513	871.728571	56.000002	61.868000
1082.099509	871.733584	56.000002	61.868000
1082.099511	871.738777	55.999997	61.866000
1082.099513	871.743981	56.000002	61.865000
1082.099510	871.748569	56.000002	61.864000
1082.099510	871.753593	56.000001	61.865000
1082.099512	871.758585	56.000002	61.866000
1082.099514	871.763577	56.000002	61.866000
1082.099513	871.768574	56.000001	61.866000
1082.099511	871.773788	55.999998	61.864000
1082.099513	871.778587	56.000001	61.863000
1082.099513	871.783983	56.000002	61.861000
1082.099513	871.788771	55.999998	61.859000
1082.099509	871.793985	56.000001	61.859000
1082.099510	871.798973	55.999998	61.859000
1082.099507	871.803975	55.999998	61.859000
1082.099509	871.808764	55.999998	61.857000
1082.099511	871.813971	56.000002	61.854000
1082.099509	871.818962	56.000003	61.851000
1082.099508	871.823962	56.000000	61.847000
1082.099507	871.828962	55.999999	61.844000
1082.099509	871.833776	55.999999	61.842000
1082.099509	871.838768	56.000000	61.840000
1082.099510	871.843766	56.000002	61.839000
1082.099510	871.848759	56.000001	61.839000
1082.099509	871.853972	55.999997	61.839000
1082.099512	871.859158	56.000000	61.840000
1082.099505	871.864162	55.999998	61.843000
1082.099509	871.869356	56.000000	61.846000
1082.099507	871.874164	55.999999	61.848000
1082.099511	871.879162	56.000002	61.849000
1082.099508	871.884363	55.999999	61.850000
1082.099510	871.888958	55.999998	61.849000
1082.099510	871.894166	56.000002	61.849000
1082.099512	871.899160	56.000002	61.850000
1082.099505	871.903969	55.999999	61.853000
1082.099510	871.908959	55.999998	61.859000
1082.099515	871.913961	55.999997	61.864000
1082.099513	871.919163	56.000000	61.867000
1082.099509	871.923969	55.999999	61.867000
1082.099512	871.928965	56.000002	61.866000
1082.099510	871.934176	56.000001	61.864000
1082.099509	871.939370	55.999998	61.861000
1082.099510	871.944170	56.000002	61.857000
1082.099507	871.949367	55.999998	61.854000
1082.099515	871.954181	56.000003	61.851000
1082.099510	871.959374	56.000000	61.847000
1082.099509	871.964170	56.000001	61.845000
1082.099509	871.969164	56.000002	61.843000
1082.099506	871.974178	56.000002	61.844000
1082.099509	871.979170	56.000003	61.848000
1082.099508	871.984175	56.000003	61.854000
1082.099513	871.989169	56.000003	61.861000
1082.099509	871.994182	56.000002	61.866000
1082.099508	871.999180	56.000003	61.869000
1082.099510	872.004185	56.000002	61.870000
1082.099512	872.009579	56.000001	61.872000
1082.099507	872.014381	55.999999	61.875000
1082.099508	872.019576	56.000003	61.879000
1082.099515	872.024585	56.000000	61.880000
1082.099515	872.029587	56.000000	61.878000
1082.099509	872.034380	55.999998	61.873000
1082.099513	872.039777	55.999998	61.866000
1082.099508	872.044386	56.000000	61.858000
1082.099511	872.049586	56.000002	61.852000
1082.099510	872.054391	55.999999	61.847000
1082.099508	872.059387	55.999999	61.843000
1082.099512	872.064387	55.999998	61.842000
1082.099507	872.069382	55.999997	61.842000
1082.099508	872.074388	55.999998	61.841000
1082.099505	872.079386	55.999998	61.840000
1082.099511	872.084798	55.999998	61.838000
1082.099509	872.089788	55.999999	61.837000
1082.099509	872.094598	55.999998	61.837000
1082.099507	872.099982	55.999998	61.841000
1082.099511	872.104595	56.000002	61.846000
1082.099505	872.109788	55.999998	61.851000
1082.099514	872.114790	55.999997	61.854000
1082.099512	872.119976	56.000001	61.855000
1082.099510	872.124724	55.999999	61.856000
1082.099515	872.129806	56.000002	61.857000
1082.099509	872.134594	56.000002	61.858000
1082.099515	872.139579	56.000001	61.859000
1082.099511	872.144793	55.999998	61.858000
1082.099514	872.149986	56.000002	61.856000
1082.099508	872.154794	55.999999	61.854000
1082.099511	872.160372	56.000000	61.853000
1082.099512	872.165194	55.999999	61.852000
1082.099510	872.170383	56.000002	61.852000
1082.099511	872.175183	56.000000	61.849000
1082.099516	872.180176	56.000002	61.846000
1082.099512	872.184993	56.000002	61.841000
1082.099513	872.190190	56.000000	61.838000
1082.099506	872.194996	56.000001	61.839000
1082.099514	872.199985	56.000002	61.844000
1082.099511	872.204993	55.999999	61.856000
1082.099515	872.209995	56.000001	61.868000
1082.099511	872.214995	55.999999	61.875000
1082.099505	872.219981	56.000001	61.878000
1082.099512	872.225193	55.999999	61.876000
1082.099508	872.229987	56.000000	61.873000
1082.099512	872.235388	55.999999	61.869000
1082.099508	872.240578	56.000000	61.865000
1082.099509	872.245395	55.999999	61.861000
1082.099513	872.250387	56.000000	61.857000
1082.099512	872.255590	56.000000	61.855000
1082.099509	872.260381	56.000000	61.857000
1082.099514	872.265593	56.000000	61.861000
1082.099512	872.270392	55.999999	61.866000
1082.099508	872.275590	56.000000	61.868000
1082.099509	872.280377	56.000001	61.865000
1082.099508	872.285394	56.000000	61.860000
1082.099512	872.290393	55.999999	61.855000
1082.099512	872.295788	56.000001	61.856000
1082.099512	872.300381	56.000000	61.861000
1082.099510	872.305398	55.999999	61.867000
1082.099508	872.310989	56.000000	61.872000
1082.099510	872.315583	56.000000	61.873000
1082.099508	872.320764	55.999999	61.870000
1082.099510	872.325781	56.000002	61.867000
1082.099511	872.330579	56.000001	61.862000
1082.099508	872.335779	56.000001	61.857000
1082.099511	872.340761	55.999999	61.854000
1082.099513	872.345583	56.000000	61.852000
1082.099508	872.350781	55.999999	61.853000
1082.099512	872.355584	56.000002	61.859000
1082.099508	872.360571	56.000001	61.866000
1082.099508	872.365588	55.999999	61.874000
1082.099511	872.370592	56.000000	61.880000
1082.099510	872.375596	56.000003	61.882000
1082.099506	872.380573	56.000001	61.881000
1082.099507	872.385784	55.999998	61.876000
1082.099512	872.391186	55.999997	61.870000
1082.099514	872.395988	56.000001	61.864000
1082.099511	872.400769	56.000003	61.860000
1082.099511	872.405974	55.999999	61.859000
1082.099508	872.410785	56.000003	61.862000
1082.099510	872.415978	55.999997	61.866000
1082.099507	872.420769	56.000004	61.869000
1082.099511	872.425784	56.000004	61.870000
1082.099510	872.430787	56.000003	61.870000
1082.099512	872.435782	56.000003	61.868000
1082.099507	872.440769	56.000003	61.866000
1082.099507	872.445779	56.000002	61.864000
1082.099506	872.450785	56.000000	61.863000
1082.099511	872.455775	56.000002	61.861000
1082.099512	872.460963	55.999997	61.859000
1082.099504	872.465973	55.999997	61.857000
1082.099507	872.470989	55.999997	61.856000
1082.099511	872.476185	56.000003	61.856000
1082.099511	872.480964	56.000000	61.859000
1082.099508	872.485979	56.000000	61.862000
1082.099508	872.490788	55.999997	61.867000
1082.099507	872.495779	55.999999	61.870000
1082.099506	872.500767	56.000002	61.873000
1082.099509	872.505783	55.999999	61.873000
1082.099510	872.510788	55.999998	61.871000
1082.099512	872.515788	55.999999	61.868000
1082.099507	872.520773	56.000000	61.866000
1082.099508	872.525776	56.000000	61.865000
1082.099509	872.530785	56.000000	61.867000
1082.099510	872.535983	55.999999	61.872000
1082.099513	872.541365	55.999999	61.877000
1082.099511	872.546179	55.999998	61.884000
1082.099514	872.550988	55.999997	61.891000
1082.099512	872.556377	55.999998	61.898000
1082.099509	872.560968	56.000001	61.902000
1082.099515	872.566181	56.000002	61.902000
1082.099510	872.570987	56.000002	61.897000
1082.099510	872.576178	56.000000	61.890000
1082.099512	872.580963	56.000002	61.883000
1082.099510	872.585973	56.000001	61.879000
1082.099507	872.590985	56.000002	61.878000
1082.099514	872.595975	55.999999	61.878000
1082.099509	872.600958	55.999998	61.877000
1082.099510	872.606568	56.000000	61.874000
1082.099513	872.611382	55.999997	61.871000
1082.099510	872.616377	55.999997	61.868000
1082.099512	872.621164	55.999999	61.865000
1082.099512	872.626769	55.999997	61.864000
1082.099517	872.631183	55.999997	61.867000
1082.099515	872.636372	56.000002	61.876000
1082.099513	872.641359	56.000002	61.896000
1082.099511	872.646172	56.000001	61.922000
1082.099510	872.651184	56.000000	61.941000
1082.099511	872.656177	55.999998	61.946000
1082.099510	872.661162	56.000001	61.942000
1082.099509	872.666169	55.999999	61.932000
1082.099509	872.671181	55.999999	61.921000
1082.099518	872.676374	55.999999	61.910000
1082.099511	872.681549	55.999999	61.900000
1082.099511	872.686563	56.000000	61.892000
1082.099512	872.691378	56.000001	61.889000
1082.099515	872.696568	56.000000	61.892000
1082.099511	872.701550	56.000000	61.902000
1082.099512	872.706763	56.000000	61.915000
1082.099509	872.711380	56.000000	61.924000
1082.099513	872.716568	56.000000	61.926000
1082.099511	872.721357	56.000001	61.924000
1082.099516	872.726566	56.000000	61.921000
1082.099511	872.731378	55.999999	61.922000
1082.099515	872.736377	56.000000	61.923000
1082.099515	872.741364	56.000000	61.922000
1082.099514	872.746372	56.000001	61.920000
1082.099512	872.751185	56.000001	61.915000
1082.099509	872.756576	56.000002	61.909000
1082.099510	872.761762	55.999999	61.903000
1082.099510	872.766777	56.000002	61.896000
1082.099513	872.771985	56.000000	61.889000
1082.099510	872.776776	55.999998	61.880000
1082.099511	872.781968	55.999999	61.872000
1082.099512	872.786772	56.000002	61.866000
1082.099514	872.791790	55.999999	61.863000
1082.099510	872.796583	56.000003	61.865000
1082.099507	872.801758	55.999996	61.869000
1082.099512	872.806578	56.000003	61.874000
1082.099512	872.811578	56.000003	61.879000
1082.099512	872.816582	56.000002	61.883000
1082.099508	872.822163	56.000000	61.889000
1082.099513	872.826573	55.999999	61.895000
1082.099506	872.831788	55.999998	61.900000
1082.099508	872.836988	56.000003	61.902000
1082.099515	872.841762	56.000003	61.902000
1082.099511	872.846978	55.999997	61.901000
1082.099510	872.851987	55.999996	61.899000
1082.099509	872.856988	55.999997	61.895000
1082.099512	872.861771	55.999998	61.887000
1082.099508	872.866977	56.000000	61.876000
1082.099511	872.871791	55.999996	61.867000
1082.099509	872.876985	56.000003	61.864000
1082.099512	872.881768	55.999996	61.869000
1082.099514	872.886982	56.000004	61.877000
1082.099510	872.891793	56.000000	61.886000
1082.099512	872.896789	56.000001	61.891000
1082.099512	872.901765	56.000003	61.892000
1082.099506	872.907377	56.000000	61.891000
1082.099509	872.912197	56.000004	61.889000
1082.099512	872.917193	56.000003	61.888000
1082.099515	872.922172	56.000000	61.890000
1082.099509	872.927577	56.000003	61.895000
1082.099508	872.932191	55.999996	61.899000
1082.099508	872.937192	55.999998	61.899000
1082.099506	872.942169	56.000002	61.897000
1082.099513	872.946974	55.999997	61.892000
1082.099511	872.951991	56.000000	61.887000
1082.099512	872.956991	56.000002	61.879000
1082.099511	872.961971	56.000003	61.869000
1082.099515	872.966979	56.000003	61.861000
1082.099509	872.971990	55.999999	61.857000
1082.099509	872.976985	55.999997	61.852000
1082.099508	872.982165	56.000004	61.845000
1082.099510	872.987372	55.999995	61.840000
1082.099512	872.991983	56.000003	61.836000
1082.099509	872.997180	55.999997	61.834000
1082.099506	873.002157	56.000003	61.831000
1082.099506	873.007172	56.000003	61.830000
1082.099510	873.011988	56.000003	61.833000
1082.099510	873.017188	55.999998	61.841000
1082.099506	873.021969	55.999996	61.854000
1082.099510	873.027167	56.000001	61.865000
1082.099507	873.032583	56.000001	61.870000
1082.099510	873.036979	55.999998	61.870000
1082.099508	873.041964	56.000000	61.866000
1082.099509	873.046964	56.000004	61.861000
1082.099506	873.052184	55.999999	61.856000
1082.099510	873.057374	55.999998	61.853000
1082.099510	873.062358	56.000000	61.853000
1082.099512	873.067358	56.000001	61.854000
1082.099508	873.072578	56.000003	61.853000
1082.099509	873.077171	55.999999	61.848000
1082.099509	873.082358	55.999998	61.841000
1082.099509	873.087161	55.999999	61.834000
1082.099507	873.092181	56.000002	61.827000
1082.099511	873.097179	55.999997	61.823000
1082.099509	873.102163	56.000003	61.823000
1082.099511	873.107171	55.999998	61.828000
1082.099510	873.112190	56.000000	61.840000
1082.099509	873.117185	56.000001	61.856000
1082.099509	873.122169	55.999998	61.871000
1082.099510	873.127372	55.999998	61.881000
1082.099513	873.132585	55.999999	61.883000
1082.099511	873.137380	55.999998	61.877000
1082.099508	873.142767	56.000001	61.869000
1082.099511	873.147569	56.000000	61.861000
1082.099511	873.152584	56.000003	61.855000
1082.099506	873.157382	56.000003	61.851000
1082.099508	873.162360	55.999997	61.850000
1082.099505	873.167370	56.000001	61.851000
1082.099507	873.172389	56.000001	61.851000
1082.099508	873.177386	55.999999	61.850000
1082.099512	873.182369	56.000000	61.848000
1082.099511	873.187766	55.999997	61.846000
1082.099507	873.192390	56.000000	61.845000
1082.099508	873.197383	56.000001	61.846000
1082.099509	873.202573	56.000001	61.848000
1082.099508	873.207568	55.999999	61.851000
1082.099513	873.212786	55.999998	61.853000
1082.099511	873.217578	55.999997	61.853000
1082.099510	873.222977	55.999998	61.853000
1082.099512	873.227567	55.999999	61.854000
1082.099515	873.232789	56.000002	61.859000
1082.099508	873.237579	56.000002	61.867000
1082.099510	873.242769	56.000001	61.874000
1082.099510	873.247568	56.000002	61.876000
1082.099508	873.252592	55.999997	61.872000
1082.099508	873.257590	56.000003	61.866000
1082.099511	873.262578	55.999999	61.859000
1082.099507	873.267577	56.000000	61.851000
1082.099509	873.272593	56.000001	61.844000
1082.099510	873.277588	55.999997	61.837000
1082.099515	873.282772	56.000001	61.833000
1082.099510	873.287576	56.000000	61.831000
1082.099514	873.292787	56.000002	61.830000
1082.099514	873.297797	55.999997	61.831000
1082.099514	873.302777	56.000001	61.832000
1082.099509	873.307572	56.000002	61.835000
1082.099510	873.312787	55.999998	61.842000
1082.099510	873.317786	56.000003	61.852000
1082.099513	873.322969	55.999999	61.862000
1082.099512	873.327564	56.000000	61.870000
1082.099510	873.332582	55.999996	61.876000
1082.099509	873.337579	56.000002	61.880000
1082.099508	873.342563	56.000002	61.884000
1082.099508	873.347570	55.999997	61.887000
1082.099508	873.352587	56.000001	61.889000
1082.099509	873.358186	55.999999	61.889000
1082.099513	873.362975	56.000001	61.887000
1082.099511	873.367972	55.999998	61.885000
1082.099511	873.372988	55.999997	61.884000
1082.099513	873.378193	55.999999	61.884000
1082.099515	873.382975	55.999999	61.883000
1082.099510	873.387771	56.000000	61.880000
1082.099515	873.392993	56.000002	61.876000
1082.099509	873.397987	56.000003	61.871000
1082.099508	873.402769	56.000002	61.866000
1082.099512	873.407773	56.000002	61.862000
1082.099512	873.412788	55.999998	61.860000
1082.099512	873.418388	55.999997	61.861000
1082.099509	873.422762	56.000001	61.863000
1082.099507	873.427571	55.999997	61.866000
1082.099511	873.433189	56.000002	61.867000
1082.099512	873.438590	56.000003	61.867000
1082.099511	873.443171	55.999998	61.865000
1082.099511	873.447971	56.000003	61.862000
1082.099509	873.452984	56.000000	61.860000
1082.099510	873.457986	55.999997	61.860000
1082.099510	873.462973	55.999997	61.862000
1082.099508	873.468175	56.000004	61.864000
1082.099509	873.473587	56.000002	61.863000
1082.099510	873.478591	56.000003	61.855000
1082.099511	873.483573	56.000003	61.848000
1082.099506	873.488772	55.999997	61.848000
1082.099508	873.493584	55.999998	61.843000
1082.099511	873.498585	55.999996	61.831000
1082.099508	873.503979	55.999999	61.830000
1082.099508	873.508976	55.999997	61.836000
1082.099507	873.513986	55.999996	61.843000
1082.099508	873.518783	56.000003	61.855000
1082.099512	873.524586	55.999998	61.872000
1082.099509	873.529577	56.000001	61.884000
1082.099511	873.534576	56.000002	61.893000
1082.099514	873.539580	56.000002	61.898000
1082.099512	873.544578	56.000002	61.899000
1082.099513	873.549578	56.000000	61.897000
1082.099512	873.554581	55.999998	61.891000
1082.099513	873.559579	56.000000	61.881000
1082.099511	873.564579	56.000002	61.873000
1082.099511	873.569578	56.000002	61.867000
1082.099508	873.574581	55.999998	61.865000
1082.099512	873.579971	55.999998	61.864000
1082.099510	873.584980	56.000001	61.860000
1082.099511	873.589981	55.999998	61.857000
1082.099511	873.594979	56.000000	61.858000
1082.099511	873.599776	56.000000	61.866000
1082.099513	873.604975	56.000000	61.879000
1082.099510	873.610184	56.000001	61.890000
1082.099511	873.614978	56.000000	61.894000
1082.099511	873.619773	56.000001	61.891000
1082.099514	873.625179	56.000000	61.882000
1082.099511	873.629772	56.000000	61.868000
1082.099510	873.634777	56.000000	61.853000
1082.099511	873.639772	56.000000	61.839000
1082.099510	873.644778	56.000000	61.825000
1082.099510	873.649779	56.000000	61.814000
1082.099510	873.655184	56.000000	61.807000
1082.099510	873.660173	56.000000	61.805000
1082.099507	873.665187	56.000000	61.806000
1082.099510	873.670186	55.999999	61.809000
1082.099510	873.674983	56.000000	61.815000
1082.099506	873.680173	56.000000	61.826000
1082.099512	873.685181	55.999999	61.837000
1082.099511	873.690173	56.000001	61.845000
1082.099512	873.694982	56.000000	61.849000
1082.099509	873.699967	56.000000	61.852000
1082.099511	873.704979	55.999998	61.855000
1082.099508	873.710177	56.000003	61.859000
1082.099510	873.714978	55.999998	61.863000
1082.099511	873.719973	56.000001	61.867000
1082.099511	873.724791	55.999997	61.866000
1082.099507	873.730383	56.000002	61.862000
1082.099510	873.735381	56.000003	61.855000
1082.099508	873.740374	56.000003	61.850000
1082.099511	873.745387	56.000003	61.851000
1082.099510	873.750384	56.000001	61.861000
1082.099511	873.755384	55.999999	61.875000
1082.099508	873.760372	55.999999	61.883000
1082.099514	873.765377	55.999999	61.883000
1082.099512	873.770181	56.000003	61.877000
1082.099511	873.775189	56.000003	61.873000
1082.099510	873.780577	56.000000	61.872000
1082.099511	873.785193	56.000001	61.869000
1082.099513	873.790189	56.000000	61.860000
1082.099511	873.795195	55.999997	61.857000
1082.099511	873.800372	56.000001	61.863000
1082.099505	873.805581	55.999998	61.862000
1082.099506	873.810582	56.000000	61.856000
1082.099508	873.815581	56.000002	61.859000
1082.099509	873.820573	55.999999	61.868000
1082.099505	873.825780	56.000000	61.867000
1082.099510	873.830590	55.999999	61.861000
1082.099511	873.835577	56.000001	61.858000
1082.099506	873.840571	55.999999	61.859000
1082.099509	873.845384	56.000000	61.863000
1082.099507	873.850387	55.999999	61.862000
1082.099515	873.855387	56.000000	61.852000
1082.099512	873.860372	56.000000	61.844000
1082.099512	873.865391	55.999998	61.838000
1082.099508	873.870590	55.999999	61.835000
1082.099510	873.875390	56.000001	61.836000
1082.099507	873.880774	56.000003	61.831000
1082.099510	873.885987	55.999999	61.826000
1082.099507	873.890787	56.000003	61.827000
1082.099510	873.895786	56.000002	61.826000
1082.099506	873.900766	56.000000	61.825000
1082.099509	873.905782	55.999997	61.823000
1082.099509	873.910777	55.999997	61.823000
1082.099513	873.915778	55.999996	61.824000
1082.099507	873.920761	55.999997	61.828000
1082.099508	873.925772	55.999997	61.832000
1082.099509	873.930575	56.000001	61.836000
1082.099508	873.935567	56.000002	61.839000
1082.099508	873.940555	56.000001	61.844000
1082.099505	873.945581	56.000000	61.851000
1082.099511	873.950573	56.000000	61.859000
1082.099507	873.955782	55.999997	61.865000
1082.099511	873.960768	55.999998	61.866000
1082.099508	873.965979	56.000003	61.861000
1082.099507	873.970782	55.999999	61.853000
1082.099507	873.975783	56.000001	61.845000
1082.099508	873.980769	56.000002	61.837000
1082.099510	873.985782	56.000003	61.831000
1082.099514	873.990781	56.000001	61.829000
1082.099511	873.995988	55.999997	61.829000
1082.099511	874.000763	55.999998	61.831000
1082.099510	874.005973	56.000001	61.833000
1082.099509	874.010782	55.999999	61.835000
1082.099510	874.015780	55.999999	61.837000
1082.099507	874.020763	56.000001	61.840000
1082.099508	874.025775	55.999998	61.843000
1082.099509	874.030979	56.000001	61.847000
1082.099510	874.036378	56.000000	61.850000
1082.099513	874.041156	55.999999	61.851000
1082.099515	874.046377	56.000000	61.849000
1082.099512	874.051388	56.000000	61.845000
1082.099513	874.056174	56.000001	61.841000
1082.099511	874.061165	56.000000	61.842000
1082.099513	874.066171	55.999999	61.855000
1082.099511	874.070988	56.000000	61.878000
1082.099513	874.076180	56.000000	61.900000
1082.099513	874.080964	56.000000	61.911000
1082.099512	874.085979	55.999999	61.912000
1082.099511	874.090978	56.000001	61.911000
1082.099512	874.096580	55.999999	61.911000
1082.099510	874.100967	56.000000	61.908000
1082.099512	874.106577	56.000000	61.904000
1082.099508	874.111390	56.000000	61.897000
1082.099511	874.116381	56.000000	61.894000
1082.099511	874.121369	56.000001	61.894000
1082.099511	874.126377	55.999999	61.880000
1082.099513	874.131388	56.000001	61.866000
1082.099512	874.136382	56.000000	61.862000
1082.099508	874.141372	56.000000	61.858000
1082.099510	874.146380	55.999999	61.851000
1082.099509	874.151198	55.999999	61.849000
1082.099514	874.156185	55.999998	61.849000
1082.099509	874.161569	55.999998	61.854000
1082.099514	874.166184	55.999999	61.859000
1082.099512	874.171192	55.999998	61.868000
1082.099513	874.176386	55.999999	61.874000
1082.099507	874.181365	56.000002	61.884000
1082.099512	874.186580	55.999998	61.891000
1082.099515	874.191389	56.000000	61.887000
1082.099512	874.196583	56.000000	61.872000
1082.099511	874.201358	55.999999	61.859000
1082.099512	874.206375	56.000002	61.851000
1082.099513	874.211381	56.000002	61.839000
1082.099509	874.216573	55.999998	61.829000
1082.099513	874.221361	56.000004	61.822000
1082.099513	874.226378	56.000002	61.814000
1082.099507	874.231385	56.000002	61.814000
1082.099512	874.236377	56.000002	61.822000
1082.099511	874.241568	55.999998	61.836000
1082.099511	874.246374	55.999999	61.851000
1082.099510	874.251177	56.000002	61.860000
1082.099509	874.256772	56.000000	61.862000
1082.099511	874.261958	56.000001	61.860000
1082.099512	874.266761	55.999998	61.859000
1082.099511	874.271777	55.999997	61.858000
1082.099510	874.276776	55.999997	61.856000
1082.099510	874.281960	56.000002	61.850000
1082.099513	874.286566	55.999999	61.837000
1082.099510	874.291579	55.999999	61.822000
1082.099510	874.296571	55.999998	61.812000
1082.099511	874.301558	55.999998	61.806000
1082.099513	874.306564	55.999999	61.799000
1082.099510	874.311576	56.000000	61.795000
1082.099511	874.316573	55.999999	61.796000
1082.099510	874.321559	55.999997	61.801000
1082.099513	874.326966	56.000001	61.806000
1082.099509	874.331985	56.000003	61.808000
1082.099509	874.336984	56.000003	61.808000
1082.099512	874.341966	56.000003	61.809000
1082.099508	874.346977	56.000002	61.810000
1082.099509	874.351789	55.999999	61.814000
1082.099508	874.356984	56.000000	61.818000
1082.099510	874.361963	56.000000	61.822000
1082.099510	874.366972	56.000002	61.824000
1082.099514	874.371784	56.000001	61.824000
1082.099513	874.376784	56.000001	61.820000
1082.099512	874.381766	56.000001	61.814000
1082.099512	874.386775	56.000001	61.810000
1082.099513	874.391786	56.000000	61.811000
1082.099508	874.396782	56.000002	61.816000
1082.099512	874.402161	55.999998	61.823000
1082.099511	874.407171	55.999997	61.829000
1082.099509	874.411986	56.000003	61.832000
1082.099509	874.417181	55.999998	61.834000
1082.099512	874.422164	55.999998	61.838000
1082.099505	874.427174	55.999998	61.842000
1082.099509	874.431987	56.000002	61.847000
1082.099509	874.437184	55.999997	61.852000
1082.099510	874.441964	56.000003	61.856000
1082.099510	874.447173	56.000000	61.858000
1082.099511	874.451985	56.000002	61.860000
1082.099510	874.456981	56.000002	61.861000
1082.099509	874.461963	56.000001	61.863000
1082.099508	874.467176	55.999998	61.864000
1082.099509	874.471987	56.000001	61.864000
1082.099508	874.477385	56.000002	61.863000
1082.099508	874.482367	56.000000	61.862000
1082.099509	874.487573	55.999999	61.861000
1082.099511	874.492389	56.000000	61.859000
1082.099511	874.497377	56.000002	61.856000
1082.099509	874.502372	56.000001	61.850000
1082.099510	874.507568	56.000001	61.844000
1082.099509	874.512384	56.000001	61.841000
1082.099509	874.517375	55.999999	61.838000
1082.099511	874.522567	56.000000	61.837000
1082.099510	874.527173	56.000001	61.835000
1082.099506	874.532183	55.999999	61.837000
1082.099508	874.537175	56.000000	61.845000
1082.099508	874.542163	56.000000	61.852000
1082.099513	874.546965	56.000000	61.856000
1082.099512	874.552379	56.000000	61.855000
1082.099509	874.557377	56.000000	61.848000
1082.099510	874.562569	56.000000	61.839000
1082.099510	874.567355	56.000000	61.829000
1082.099509	874.572374	56.000000	61.822000
1082.099507	874.577370	56.000000	61.818000
1082.099513	874.582559	56.000000	61.818000
1082.099505	874.587357	56.000000	61.820000
1082.099511	874.592372	56.000000	61.822000
1082.099512	874.597570	56.000000	61.822000
1082.099508	874.602358	56.000000	61.819000
1082.099507	874.607356	56.000000	61.815000
1082.099511	874.612580	56.000000	61.810000
1082.099510	874.617373	56.000000	61.807000
1082.099510	874.622362	56.000001	61.810000
1082.099506	874.627361	56.000000	61.819000
1082.099507	874.632578	56.000000	61.830000
1082.099507	874.637368	56.000000	61.841000
1082.099513	874.642561	56.000000	61.848000
1082.099508	874.647370	56.000000	61.849000
1082.099510	874.652582	55.999998	61.843000
1082.099511	874.657577	55.999998	61.833000
1082.099512	874.662772	56.000001	61.821000
1082.099512	874.667366	56.000001	61.810000
1082.099507	874.672383	55.999998	61.803000
1082.099513	874.677583	56.000002	61.799000
1082.099511	874.682368	55.999999	61.799000
1082.099507	874.687371	55.999998	61.801000
1082.099511	874.692390	55.999998	61.806000
1082.099513	874.697382	55.999997	61.811000
1082.099510	874.702773	56.000000	61.818000
1082.099513	874.707565	56.000003	61.825000
1082.099511	874.712786	56.000002	61.831000
1082.099511	874.717778	56.000003	61.835000
1082.099512	874.722774	56.000000	61.837000
1082.099507	874.727767	55.999996	61.836000
1082.099509	874.732789	55.999999	61.835000
1082.099509	874.737586	55.999999	61.837000
1082.099513	874.742778	56.000002	61.845000
1082.099511	874.747572	55.999998	61.858000
1082.099510	874.752588	55.999998	61.871000
1082.099511	874.757580	55.999999	61.877000
1082.099511	874.762570	56.000003	61.876000
1082.099509	874.767565	56.000002	61.869000
1082.099512	874.772582	56.000001	61.858000
1082.099516	874.778174	56.000002	61.847000
1082.099511	874.782967	55.999998	61.836000
1082.099508	874.787764	55.999999	61.823000
1082.099511	874.792991	55.999999	61.815000
1082.099511	874.797781	55.999999	61.813000
1082.099511	874.802976	55.999999	61.814000
1082.099507	874.807771	55.999999	61.818000
1082.099512	874.812790	55.999999	61.824000
1082.099507	874.817782	55.999998	61.827000
1082.099513	874.823178	55.999999	61.827000
1082.099512	874.827772	55.999998	61.827000
1082.099510	874.832787	55.999999	61.827000
1082.099515	874.837779	55.999999	61.830000
1082.099509	874.842569	55.999999	61.833000
1082.099512	874.847774	56.000000	61.833000
1082.099508	874.853190	55.999999	61.832000
1082.099515	874.857986	56.000000	61.831000
1082.099513	874.862976	56.000000	61.828000
1082.099508	874.868173	55.999999	61.823000
1082.099507	874.873387	56.000000	61.820000
1082.099510	874.879385	56.000000	61.822000
1082.099515	874.882971	55.999999	61.825000
1082.099510	874.888176	55.999998	61.828000
1082.099511	874.892991	55.999999	61.831000
1082.099510	874.897984	56.000001	61.833000
1082.099514	874.902977	56.000000	61.833000
1082.099512	874.907973	55.999999	61.832000
1082.099509	874.912992	56.000002	61.831000
1082.099511	874.917992	56.000000	61.830000
1082.099513	874.923181	55.999997	61.829000
1082.099513	874.928378	56.000002	61.828000
1082.099510	874.933390	56.000001	61.830000
1082.099511	874.938398	56.000000	61.834000
1082.099507	874.943385	56.000002	61.840000
1082.099510	874.948375	56.000002	61.845000
1082.099511	874.953395	56.000002	61.851000
1082.099508	874.958397	56.000000	61.858000
1082.099511	874.963387	55.999998	61.863000
1082.099513	874.968180	55.999999	61.866000
1082.099512	874.973198	55.999999	61.866000
1082.099516	874.978195	55.999998	61.861000
1082.099513	874.983185	55.999998	61.854000
1082.099511	874.988179	55.999999	61.843000
1082.099512	874.993205	56.000000	61.834000
1082.099514	874.998193	56.000001	61.826000
1082.099510	875.003593	56.000001	61.821000
1082.099509	875.008781	56.000000	61.819000
1082.099507	875.013592	56.000001	61.820000
1082.099508	875.018595	56.000001	61.822000
1082.099510	875.023589	56.000002	61.826000
1082.099511	875.028976	56.000000	61.834000
1082.099512	875.033592	56.000003	61.844000
1082.099511	875.038585	56.000001	61.855000
1082.099506	875.043577	56.000001	61.863000
1082.099510	875.048366	55.999998	61.867000
1082.099510	875.053377	55.999997	61.867000
1082.099512	875.058373	55.999998	61.865000
1082.099508	875.063370	55.999998	61.862000
1082.099507	875.068364	55.999997	61.857000
1082.099509	875.073579	55.999999	61.854000
1082.099512	875.078782	56.000001	61.858000
1082.099509	875.083780	56.000002	61.868000
1082.099509	875.088769	56.000001	61.876000
1082.099505	875.093787	56.000000	61.878000
1082.099503	875.098786	56.000001	61.872000
1082.099511	875.103786	56.000000	61.868000
1082.099508	875.108764	56.000001	61.865000
1082.099510	875.113979	55.999998	61.856000
1082.099509	875.118582	56.000002	61.839000
1082.099506	875.123572	56.000002	61.826000
1082.099505	875.128566	56.000002	61.819000
1082.099507	875.133774	56.000001	61.811000
1082.099507	875.138581	56.000000	61.810000
1082.099508	875.143577	55.999998	61.815000
1082.099512	875.148368	55.999998	61.827000
1082.099507	875.153988	55.999999	61.840000
1082.099509	875.158779	56.000001	61.848000
1082.099509	875.163778	56.000001	61.852000
1082.099506	875.168769	56.000001	61.853000
1082.099505	875.173981	55.999998	61.852000
1082.099508	875.179172	56.000003	61.849000
1082.099508	875.183776	56.000000	61.847000
1082.099508	875.188972	55.999997	61.848000
1082.099508	875.193797	56.000001	61.853000
1082.099507	875.199175	56.000002	61.862000
1082.099509	875.203782	56.000000	61.871000
1082.099507	875.208772	55.999999	61.877000
1082.099505	875.213794	55.999999	61.877000
1082.099511	875.218785	55.999998	61.874000
1082.099511	875.223786	55.999998	61.870000
1082.099510	875.229177	56.000000	61.864000
1082.099504	875.233980	56.000001	61.860000
1082.099508	875.238978	55.999999	61.857000
1082.099511	875.243980	56.000002	61.854000
1082.099511	875.248765	56.000001	61.852000
1082.099508	875.253984	56.000001	61.851000
1082.099510	875.258977	56.000000	61.850000
1082.099510	875.263783	55.999999	61.850000
1082.099508	875.268964	55.999999	61.849000
1082.099504	875.273776	55.999998	61.845000
1082.099508	875.278771	55.999999	61.840000
1082.099508	875.283769	56.000001	61.834000
1082.099510	875.288760	56.000000	61.830000
1082.099511	875.293574	56.000001	61.827000
1082.099509	875.298568	56.000000	61.827000
1082.099510	875.303968	55.999999	61.830000
1082.099511	875.309166	56.000002	61.832000
1082.099510	875.313978	56.000002	61.835000
1082.099512	875.318976	56.000001	61.839000
1082.099514	875.324170	56.000001	61.845000
1082.099515	875.329362	55.999999	61.854000
1082.099509	875.334173	55.999999	61.864000
1082.099510	875.339179	56.000000	61.871000
1082.099513	875.344181	56.000001	61.873000
1082.099506	875.348963	56.000001	61.869000
1082.099511	875.353975	56.000000	61.861000
1082.099507	875.358971	56.000000	61.851000
1082.099516	875.363960	56.000000	61.841000
1082.099510	875.368959	56.000000	61.832000
1082.099512	875.374179	56.000001	61.826000
1082.099512	875.379567	56.000001	61.823000
1082.099515	875.384379	56.000002	61.821000
1082.099511	875.389361	55.999999	61.821000
1082.099511	875.394172	56.000000	61.821000
1082.099509	875.399173	55.999999	61.824000
1082.099511	875.404172	56.000001	61.828000
1082.099510	875.409362	56.000001	61.833000
1082.099509	875.414174	56.000000	61.837000
1082.099511	875.419176	56.000000	61.843000
1082.099510	875.424182	55.999999	61.851000
1082.099506	875.429170	55.999999	61.863000
1082.099509	875.434173	56.000000	61.873000
1082.099511	875.439372	56.000000	61.880000
1082.099509	875.444181	55.999999	61.882000
1082.099512	875.449779	56.000000	61.879000
1082.099512	875.454379	56.000000	61.874000
1082.099512	875.459580	56.000000	61.868000
1082.099508	875.464384	55.999999	61.862000
1082.099515	875.469783	56.000001	61.856000
1082.099509	875.474385	56.000000	61.851000
1082.099511	875.479580	56.000000	61.846000
1082.099512	875.484397	56.000000	61.841000
1082.099511	875.489588	56.000000	61.837000
1082.099508	875.494397	55.999999	61.833000
1082.099512	875.499596	56.000000	61.830000
1082.099510	875.504391	55.999999	61.829000
1082.099514	875.509589	56.000000	61.829000
1082.099509	875.514397	56.000001	61.830000
1082.099513	875.519397	56.000000	61.832000
1082.099512	875.524800	55.999999	61.835000
1082.099512	875.529990	56.000000	61.836000
1082.099512	875.534593	56.000000	61.838000
1082.099509	875.539793	56.000000	61.838000
1082.099510	875.544789	56.000000	61.838000
1082.099511	875.549584	56.000000	61.838000
1082.099514	875.554587	56.000000	61.841000
1082.099505	875.559781	55.999999	61.847000
1082.099512	875.564582	56.000001	61.854000
1082.099512	875.569574	55.999999	61.861000
1082.099512	875.574587	56.000001	61.864000
1082.099511	875.579579	55.999999	61.863000
1082.099510	875.584575	56.000001	61.859000
1082.099512	875.589573	55.999999	61.852000
1082.099511	875.594373	56.000000	61.842000
1082.099506	875.599969	56.000000	61.831000
1082.099509	875.604978	56.000001	61.822000
1082.099512	875.609970	55.999999	61.816000
1082.099509	875.615367	56.000000	61.819000
1082.099509	875.619776	55.999999	61.830000
1082.099508	875.624981	55.999999	61.845000
1082.099507	875.629983	56.000000	61.859000
1082.099511	875.635174	56.000000	61.867000
1082.099510	875.639772	55.999999	61.870000
1082.099509	875.644784	56.000001	61.868000
1082.099513	875.649788	55.999999	61.864000
1082.099510	875.654790	56.000001	61.859000
1082.099509	875.659974	56.000001	61.853000
1082.099510	875.664783	56.000002	61.848000
1082.099510	875.669982	56.000001	61.843000
1082.099506	875.675182	56.000000	61.842000
1082.099507	875.679970	56.000000	61.844000
1082.099510	875.684991	56.000000	61.849000
1082.099510	875.690168	56.000000	61.852000
1082.099511	875.695178	56.000001	61.853000
1082.099510	875.700162	56.000000	61.850000
1082.099508	875.705177	55.999999	61.843000
1082.099509	875.709964	56.000000	61.835000
1082.099505	875.715171	56.000001	61.826000
1082.099508	875.719960	56.000000	61.818000
1082.099507	875.724975	56.000000	61.814000
1082.099511	875.729967	56.000001	61.815000
1082.099507	875.734973	56.000000	61.825000
1082.099512	875.739961	56.000000	61.836000
1082.099506	875.744766	55.999999	61.850000
1082.099511	875.750362	55.999999	61.864000
1082.099509	875.755375	56.000000	61.875000
1082.099507	875.760359	56.000000	61.882000
1082.099509	875.765373	56.000000	61.884000
1082.099512	875.770370	56.000000	61.883000
1082.099507	875.775182	56.000000	61.884000
1082.099508	875.780555	56.000001	61.889000
1082.099514	875.785383	56.000000	61.894000
1082.099511	875.790376	55.999999	61.897000
1082.099510	875.795184	56.000001	61.897000
1082.099510	875.800176	56.000000	61.895000
1082.099510	875.805189	56.000001	61.891000
1082.099511	875.810184	56.000000	61.886000
1082.099508	875.815185	56.000000	61.880000
1082.099508	875.819978	56.000000	61.874000
1082.099507	875.825596	56.000000	61.868000
1082.099509	875.830391	56.000001	61.862000
1082.099509	875.835581	56.000000	61.856000
1082.099508	875.840574	56.000001	61.851000
1082.099510	875.845395	56.000001	61.848000
1082.099512	875.850590	56.000000	61.850000
1082.099509	875.855588	56.000001	61.854000
1082.099507	875.860376	56.000000	61.859000
1082.099509	875.865394	56.000000	61.860000
1082.099506	875.870391	55.999999	61.858000
1082.099506	875.875383	56.000001	61.855000
1082.099506	875.880375	56.000001	61.851000
1082.099510	875.885385	56.000000	61.848000
1082.099509	875.890388	55.999999	61.846000
1082.099510	875.895586	56.000000	61.845000
1082.099511	875.900770	56.000001	61.844000
1082.099509	875.905793	55.999999	61.843000
1082.099510	875.910793	56.000000	61.841000
1082.099511	875.915991	56.000000	61.839000
1082.099511	875.920775	55.999999	61.836000
1082.099510	875.925788	56.000000	61.835000
1082.099509	875.930581	55.999999	61.838000
1082.099512	875.935579	56.000001	61.846000
1082.099510	875.940571	56.000000	61.859000
1082.099508	875.945780	56.000001	61.869000
1082.099512	875.950575	56.000002	61.874000
1082.099513	875.955580	55.999998	61.873000
1082.099507	875.960567	56.000001	61.870000
1082.099507	875.965590	56.000000	61.869000
1082.099507	875.970579	55.999999	61.872000
1082.099508	875.975778	55.999999	61.878000
1082.099513	875.980973	56.000001	61.884000
1082.099512	875.985787	55.999999	61.887000
1082.099511	875.990784	55.999999	61.885000
1082.099510	875.995782	56.000002	61.880000
1082.099509	876.000772	55.999998	61.872000
1082.099510	876.005793	56.000000	61.863000
1082.099510	876.010581	56.000001	61.854000
1082.099512	876.015785	56.000001	61.845000
1082.099512	876.020581	56.000001	61.838000
1082.099509	876.025590	56.000000	61.831000
1082.099511	876.030589	56.000000	61.824000
1082.099508	876.035787	56.000000	61.818000
1082.099506	876.040571	56.000001	61.811000
1082.099511	876.045983	56.000002	61.806000
1082.099512	876.050990	56.000000	61.805000
1082.099514	876.055984	55.999998	61.809000
1082.099511	876.060770	55.999997	61.816000
1082.099512	876.065984	56.000000	61.824000
1082.099510	876.070785	55.999999	61.829000
1082.099515	876.075978	56.000000	61.831000
1082.099509	876.080763	55.999998	61.834000
1082.099509	876.085783	56.000000	61.837000
1082.099511	876.090793	56.000000	61.840000
1082.099511	876.095791	56.000002	61.841000
1082.099511	876.100963	56.000001	61.841000
1082.099514	876.105782	56.000002	61.842000
1082.099511	876.110986	56.000001	61.844000
1082.099508	876.115577	55.999999	61.851000
1082.099514	876.120762	55.999999	61.857000
1082.099511	876.126185	56.000001	61.866000
1082.099512	876.130981	56.000000	61.875000
1082.099513	876.136172	56.000000	61.880000
1082.099513	876.141152	56.000002	61.881000
1082.099512	876.146174	55.999999	61.879000
1082.099512	876.151372	56.000000	61.877000
1082.099513	876.155973	56.000001	61.875000
1082.099512	876.160963	56.000000	61.874000
1082.099511	876.165976	55.999999	61.872000
1082.099510	876.170980	56.000000	61.869000
1082.099511	876.175975	56.000001	61.865000
1082.099510	876.180959	56.000000	61.858000
1082.099512	876.185973	56.000001	61.850000
1082.099511	876.190976	55.999998	61.841000
1082.099513	876.195974	56.000002	61.835000
1082.099512	876.201356	56.000001	61.833000
1082.099509	876.206168	56.000002	61.837000
1082.099512	876.211383	55.999999	61.843000
1082.099515	876.216371	56.000000	61.850000
1082.099513	876.221158	55.999999	61.857000
1082.099513	876.226370	56.000001	61.865000
1082.099512	876.231170	56.000001	61.877000
1082.099508	876.236370	56.000000	61.890000
1082.099509	876.241161	56.000002	61.901000
1082.099517	876.246176	56.000000	61.907000
1082.099511	876.251181	55.999998	61.906000
1082.099511	876.256175	56.000002	61.902000
1082.099510	876.261158	56.000000	61.894000
1082.099511	876.266174	56.000000	61.885000
1082.099512	876.271379	55.999998	61.874000
1082.099510	876.276573	55.999999	61.864000
1082.099509	876.281562	56.000002	61.857000
1082.099510	876.286784	56.000000	61.853000
1082.099509	876.291387	55.999998	61.852000
1082.099505	876.296788	56.000001	61.852000
1082.099506	876.301569	56.000002	61.851000
1082.099507	876.306581	55.999999	61.850000
1082.099508	876.311382	56.000001	61.849000
1082.099508	876.316777	55.999999	61.847000
1082.099510	876.321364	56.000001	61.844000
1082.099510	876.326378	55.999999	61.840000
1082.099508	876.331385	56.000002	61.838000
1082.099508	876.336383	55.999998	61.837000
1082.099509	876.341379	56.000001	61.840000
1082.099508	876.346786	55.999999	61.848000
1082.099510	876.351793	56.000001	61.858000
1082.099511	876.356988	56.000000	61.867000
1082.099509	876.361777	55.999999	61.871000
1082.099510	876.366785	56.000001	61.870000
1082.099507	876.371798	55.999999	61.867000
1082.099508	876.376796	55.999999	61.861000
1082.099510	876.381778	56.000001	61.855000
1082.099512	876.386593	55.999999	61.847000
1082.099507	876.391789	56.000001	61.840000
1082.099511	876.396589	56.000001	61.834000
1082.099511	876.401768	56.000001	61.829000
1082.099510	876.406582	56.000000	61.825000
1082.099512	876.411589	56.000001	61.822000
1082.099509	876.416587	55.999999	61.821000
1082.099509	876.421769	56.000000	61.821000
1082.099510	876.426980	55.999998	61.824000
1082.099507	876.431797	55.999998	61.832000
1082.099507	876.436989	55.999998	61.846000
1082.099507	876.441769	56.000000	61.862000
1082.099509	876.446987	55.999999	61.873000
1082.099508	876.451997	56.000001	61.876000
1082.099509	876.456993	55.999998	61.873000
1082.099508	876.461968	56.000002	61.866000
1082.099511	876.467182	56.000002	61.858000
1082.099510	876.471793	56.000000	61.850000
1082.099506	876.476788	56.000000	61.843000
1082.099509	876.481772	55.999999	61.838000
1082.099507	876.486785	56.000000	61.837000
1082.099508	876.491792	56.000001	61.839000
1082.099508	876.497188	56.000000	61.843000
1082.099511	876.502165	56.000000	61.848000
1082.099510	876.507177	56.000001	61.852000
1082.099506	876.512200	56.000001	61.856000
1082.099507	876.517204	55.999998	61.859000
1082.099509	876.522177	56.000001	61.861000
1082.099508	876.526980	55.999999	61.862000
1082.099512	876.532193	55.999998	61.862000
1082.099510	876.537185	56.000002	61.859000
1082.099505	876.542164	56.000002	61.857000
1082.099510	876.546980	56.000001	61.854000
1082.099510	876.551989	55.999998	61.853000
1082.099510	876.556985	55.999997	61.851000
1082.099511	876.561959	56.000001	61.849000
1082.099511	876.566980	56.000000	61.847000
1082.099511	876.572395	55.999999	61.843000
1082.099509	876.577390	55.999998	61.842000
1082.099506	876.582370	56.000002	61.843000
1082.099512	876.587165	56.000003	61.848000
1082.099510	876.592186	56.000002	61.854000
1082.099513	876.597580	56.000001	61.859000
1082.099510	876.602164	56.000002	61.859000
1082.099511	876.607173	56.000002	61.856000
1082.099506	876.612191	55.999998	61.851000
1082.099508	876.617179	55.999998	61.846000
1082.099506	876.622165	56.000003	61.842000
1082.099508	876.627170	56.000000	61.839000
1082.099509	876.632393	56.000003	61.838000
1082.099510	876.637179	56.000003	61.839000
1082.099511	876.642366	55.999997	61.841000
1082.099512	876.647366	55.999999	61.844000
1082.099511	876.652589	55.999999	61.846000
1082.099511	876.657382	56.000000	61.847000
1082.099513	876.662762	56.000000	61.848000
1082.099511	876.667368	55.999997	61.847000
1082.099511	876.672593	56.000000	61.846000
1082.099511	876.677382	56.000003	61.845000
1082.099512	876.682558	55.999999	61.844000
1082.099510	876.687372	55.999996	61.845000
1082.099510	876.692594	56.000003	61.847000
1082.099510	876.697388	56.000002	61.851000
1082.099511	876.702573	55.999997	61.856000
1082.099512	876.707369	55.999998	61.861000
1082.099510	876.712390	55.999998	61.863000
1082.099511	876.717379	55.999998	61.863000
1082.099508	876.722964	56.000003	61.861000
1082.099510	876.727564	55.999996	61.857000
1082.099509	876.732783	56.000002	61.852000
1082.099513	876.737770	55.999998	61.846000
1082.099511	876.743164	55.999999	61.840000
1082.099511	876.747762	56.000001	61.835000
1082.099512	876.752776	56.000003	61.830000
1082.099513	876.757769	56.000002	61.826000
1082.099511	876.762754	55.999998	61.825000
1082.099509	876.767760	55.999999	61.826000
1082.099513	876.772770	56.000002	61.829000
1082.099515	876.777564	56.000003	61.833000
1082.099509	876.782547	55.999999	61.836000
1082.099512	876.787557	55.999998	61.837000
1082.099510	876.792573	56.000002	61.837000
1082.099511	876.797967	56.000000	61.836000
1082.099514	876.802960	55.999999	61.836000
1082.099512	876.807954	56.000003	61.837000
1082.099508	876.812979	55.999999	61.840000
1082.099507	876.817770	55.999999	61.845000
1082.099511	876.822963	55.999999	61.853000
1082.099512	876.828164	56.000002	61.863000
1082.099511	876.832988	56.000001	61.871000
1082.099512	876.837781	55.999999	61.875000
1082.099511	876.842967	56.000002	61.874000
1082.099511	876.847766	56.000001	61.869000
1082.099510	876.852782	56.000000	61.864000
1082.099513	876.857783	55.999998	61.861000
1082.099508	876.862758	56.000001	61.861000
1082.099507	876.868169	56.000001	61.862000
1082.099507	876.873189	55.999998	61.865000
1082.099510	876.878189	56.000002	61.868000
1082.099513	876.883179	56.000000	61.871000
1082.099510	876.888572	55.999998	61.873000
1082.099514	876.893190	55.999999	61.874000
1082.099506	876.898385	56.000001	61.873000
1082.099514	876.903176	56.000001	61.870000
1082.099511	876.908378	56.000003	61.864000
1082.099512	876.913190	56.000002	61.857000
1082.099511	876.917992	56.000001	61.849000
1082.099512	876.922972	55.999999	61.841000
1082.099510	876.927973	56.000002	61.834000
1082.099511	876.932988	55.999999	61.829000
1082.099510	876.937985	55.999999	61.827000
1082.099510	876.942977	56.000001	61.826000
1082.099508	876.948179	56.000000	61.829000
1082.099508	876.953391	56.000000	61.832000
1082.099510	876.958391	56.000000	61.836000
1082.099506	876.963571	56.000001	61.839000
1082.099506	876.968173	55.999998	61.842000
1082.099508	876.973381	55.999999	61.845000
1082.099508	876.978383	56.000001	61.848000
1082.099510	876.983372	55.999999	61.849000
1082.099509	876.988379	56.000000	61.849000
1082.099508	876.993196	55.999999	61.849000
1082.099509	876.998187	56.000000	61.849000
1082.099510	877.003183	56.000001	61.849000
1082.099512	877.008185	56.000000	61.850000
1082.099510	877.013792	56.000000	61.850000
1082.099510	877.018194	56.000000	61.849000
1082.099505	877.023580	55.999999	61.846000
1082.099513	877.028575	55.999999	61.843000
1082.099511	877.033388	55.999999	61.841000
1082.099512	877.038586	55.999999	61.840000
1082.099512	877.043580	56.000000	61.841000
1082.099506	877.048579	56.000000	61.845000
1082.099509	877.053391	56.000000	61.850000
1082.099513	877.058389	56.000000	61.855000
1082.099509	877.063385	55.999999	61.859000
1082.099511	877.068580	55.999999	61.862000
1082.099511	877.073398	55.999999	61.863000
1082.099507	877.078393	56.000001	61.860000
1082.099514	877.083383	56.000000	61.854000
1082.099510	877.088379	56.000000	61.846000
1082.099512	877.093399	56.000000	61.838000
1082.099509	877.098990	56.000000	61.829000
1082.099511	877.103789	56.000000	61.824000
1082.099509	877.108578	56.000000	61.822000
1082.099511	877.113593	56.000000	61.827000
1082.099512	877.118590	56.000001	61.835000
1082.099511	877.123777	56.000001	61.843000
1082.099507	877.128777	56.000001	61.847000
1082.099511	877.133793	56.000001	61.847000
1082.099507	877.138792	56.000001	61.845000
1082.099511	877.143583	56.000001	61.844000
1082.099508	877.148777	56.000000	61.844000
1082.099506	877.153590	55.999999	61.846000
1082.099509	877.158584	56.000000	61.849000
1082.099510	877.163780	55.999999	61.853000
1082.099512	877.168966	56.000000	61.855000
1082.099512	877.173980	56.000000	61.857000
1082.099510	877.178976	55.999999	61.858000
1082.099509	877.183976	56.000000	61.858000
1082.099510	877.188968	56.000001	61.856000
1082.099509	877.193979	55.999999	61.852000
1082.099506	877.198970	55.999999	61.848000
1082.099512	877.203979	55.999999	61.845000
1082.099509	877.208968	56.000001	61.843000
1082.099513	877.213984	56.000000	61.842000
1082.099515	877.218977	55.999999	61.843000
1082.099508	877.223982	56.000000	61.844000
1082.099510	877.228968	56.000001	61.846000
1082.099512	877.233788	56.000001	61.850000
1082.099506	877.238781	56.000000	61.856000
1082.099512	877.244178	56.000000	61.863000
1082.099512	877.249372	56.000000	61.869000
1082.099509	877.253983	55.999999	61.872000
1082.099512	877.259174	55.999999	61.873000
1082.099512	877.263978	56.000000	61.871000
1082.099513	877.269373	56.000000	61.870000
1082.099507	877.273983	56.000000	61.871000
1082.099512	877.279179	56.000001	61.873000
1082.099516	877.283981	56.000000	61.873000
1082.099512	877.289370	56.000000	61.870000
1082.099507	877.294177	56.000001	61.866000
1082.099508	877.298981	55.999999	61.860000
1082.099514	877.303980	56.000000	61.854000
1082.099514	877.308971	56.000000	61.849000
1082.099512	877.313980	56.000001	61.845000
1082.099514	877.319384	55.999999	61.841000
1082.099509	877.324370	56.000001	61.836000
1082.099510	877.329368	55.999999	61.831000
1082.099513	877.334179	56.000000	61.826000
1082.099515	877.339378	55.999999	61.821000
1082.099507	877.344383	56.000001	61.818000
1082.099511	877.349376	55.999999	61.819000
1082.099509	877.354588	55.999999	61.823000
1082.099511	877.359383	55.999999	61.829000
1082.099507	877.364180	56.000000	61.833000
1082.099512	877.369375	56.000000	61.833000
1082.099511	877.374187	56.000000	61.830000
1082.099510	877.379185	55.999998	61.827000
1082.099511	877.384191	56.000002	61.828000
1082.099508	877.389173	55.999999	61.832000
1082.099510	877.394588	56.000001	61.841000
1082.099512	877.399586	56.000000	61.850000
1082.099512	877.404595	56.000000	61.857000
1082.099509	877.409583	56.000000	61.861000
1082.099512	877.414590	56.000000	61.861000
1082.099513	877.419788	56.000000	61.859000
1082.099513	877.424393	56.000000	61.855000
1082.099511	877.429592	56.000000	61.850000
1082.099512	877.434394	56.000001	61.845000
1082.099511	877.439597	56.000001	61.840000
1082.099515	877.444398	56.000002	61.837000
1082.099514	877.449387	55.999998	61.837000
1082.099512	877.454394	55.999999	61.841000
1082.099508	877.459396	56.000002	61.848000
1082.099513	877.464394	56.000000	61.857000
1082.099513	877.469795	55.999999	61.864000
1082.099508	877.474603	55.999999	61.865000
1082.099510	877.479799	55.999999	61.863000
1082.099512	877.485008	56.000000	61.859000
1082.099514	877.489600	56.000001	61.856000
1082.099511	877.494798	56.000002	61.853000
1082.099511	877.499603	56.000001	61.851000
1082.099510	877.504595	56.000001	61.849000
1082.099512	877.509796	56.000002	61.849000
1082.099511	877.514596	56.000001	61.850000
1082.099509	877.519986	56.000000	61.854000
1082.099512	877.524594	56.000000	61.858000
1082.099511	877.529791	56.000000	61.861000
1082.099514	877.534593	55.999999	61.860000
1082.099511	877.539981	56.000002	61.857000
1082.099510	877.544990	56.000000	61.851000
1082.099510	877.550188	56.000000	61.847000
1082.099509	877.554983	56.000001	61.845000
1082.099512	877.560372	56.000002	61.845000
1082.099509	877.564985	55.999999	61.847000
1082.099513	877.569984	56.000002	61.849000
1082.099510	877.574978	56.000000	61.849000
1082.099513	877.579971	55.999998	61.848000
1082.099511	877.584981	55.999999	61.846000
1082.099510	877.589980	56.000000	61.845000
1082.099508	877.594783	56.000000	61.843000
1082.099509	877.599973	56.000001	61.841000
1082.099510	877.604779	56.000000	61.837000
1082.099514	877.609774	56.000000	61.833000
1082.099509	877.614969	55.999999	61.828000
1082.099513	877.620172	56.000002	61.824000
1082.099507	877.625178	56.000001	61.823000
1082.099514	877.630172	55.999998	61.824000
1082.099508	877.635169	55.999999	61.828000
1082.099509	877.640171	56.000002	61.833000
1082.099509	877.645374	56.000001	61.837000
1082.099507	877.650170	55.999999	61.840000
1082.099510	877.655169	56.000000	61.840000
1082.099509	877.659966	56.000000	61.839000
1082.099509	877.664977	56.000002	61.838000
1082.099506	877.670172	56.000000	61.839000
1082.099511	877.675174	56.000001	61.843000
1082.099508	877.679971	55.999999	61.852000
1082.099512	877.684982	55.999997	61.863000
1082.099510	877.689974	55.999997	61.871000
1082.099511	877.695374	55.999998	61.874000
1082.099505	877.700368	56.000002	61.873000
1082.099508	877.705380	56.000002	61.868000
1082.099509	877.710368	56.000000	61.862000
1082.099507	877.715371	55.999999	61.857000
1082.099507	877.720365	56.000002	61.853000
1082.099511	877.725374	55.999999	61.850000
1082.099512	877.730373	56.000001	61.850000
1082.099508	877.735375	55.999999	61.851000
1082.099510	877.740368	56.000000	61.855000
1082.099512	877.745186	56.000001	61.860000
1082.099510	877.750177	56.000000	61.864000
1082.099509	877.755179	56.000000	61.865000
1082.099507	877.760173	56.000000	61.863000
1082.099510	877.765187	56.000001	61.858000
1082.099511	877.770574	55.999999	61.852000
1082.099511	877.775774	56.000002	61.847000
1082.099510	877.780570	55.999997	61.842000
1082.099507	877.785579	55.999999	61.839000
1082.099509	877.790577	55.999999	61.837000
1082.099512	877.795585	56.000002	61.837000
1082.099509	877.800572	56.000002	61.837000
1082.099514	877.805588	56.000003	61.836000
1082.099513	877.811184	55.999998	61.835000
1082.099510	877.815386	56.000003	61.832000
1082.099510	877.820370	56.000003	61.828000
1082.099512	877.825392	56.000002	61.824000
1082.099511	877.830386	56.000003	61.819000
1082.099511	877.835390	56.000003	61.816000
1082.099510	877.840375	56.000003	61.814000
1082.099512	877.845781	56.000001	61.816000
1082.099512	877.850584	55.999998	61.820000
1082.099513	877.855778	56.000000	61.827000
1082.099512	877.860767	56.000000	61.836000
1082.099511	877.865788	56.000001	61.845000
1082.099513	877.870575	56.000001	61.850000
1082.099512	877.875585	55.999998	61.853000
1082.099512	877.880566	55.999999	61.853000
1082.099514	877.885587	56.000002	61.852000
1082.099511	877.890586	56.000001	61.851000
1082.099513	877.895774	55.999998	61.850000
1082.099507	877.900564	55.999998	61.851000
1082.099508	877.905574	55.999999	61.852000
1082.099511	877.910576	55.999998	61.855000
1082.099514	877.915583	55.999999	61.857000
1082.099510	877.920763	56.000001	61.858000
1082.099511	877.925981	55.999998	61.858000
1082.099508	877.930774	55.999998	61.856000
1082.099513	877.935982	56.000001	61.853000
1082.099514	877.940962	55.999999	61.850000
1082.099508	877.945780	56.000001	61.847000
1082.099513	877.950783	55.999999	61.846000
1082.099512	877.955978	55.999999	61.846000
1082.099512	877.960764	55.999999	61.847000
1082.099514	877.965793	56.000001	61.847000
1082.099511	877.970785	55.999998	61.846000
1082.099515	877.975990	56.000001	61.844000
1082.099513	877.980784	56.000002	61.841000
1082.099514	877.985790	56.000001	61.839000
1082.099510	877.990794	55.999998	61.838000
1082.099515	877.995985	56.000000	61.839000
1082.099513	878.000975	55.999999	61.842000
1082.099511	878.005989	56.000000	61.845000
1082.099512	878.010787	56.000001	61.847000
1082.099514	878.015988	56.000001	61.850000
1082.099514	878.020976	55.999999	61.853000
1082.099512	878.025988	56.000000	61.856000
1082.099516	878.030792	56.000000	61.857000
1082.099512	878.035986	55.999999	61.855000
1082.099511	878.040772	56.000000	61.852000
1082.099510	878.045985	56.000000	61.849000
1082.099508	878.050774	56.000000	61.846000
1082.099510	878.055978	55.999999	61.844000
1082.099511	878.060766	56.000001	61.843000
1082.099511	878.065983	56.000000	61.844000
1082.099508	878.070991	55.999998	61.844000
1082.099512	878.076383	55.999999	61.844000
1082.099512	878.080968	56.000001	61.845000
1082.099507	878.086190	55.999999	61.847000
1082.099509	878.090986	55.999998	61.849000
1082.099511	878.096182	56.000000	61.851000
1082.099509	878.101171	56.000001	61.851000
1082.099505	878.106377	56.000001	61.850000
1082.099511	878.110989	56.000002	61.850000
1082.099511	878.115988	56.000002	61.851000
1082.099508	878.120981	56.000001	61.855000
1082.099511	878.125996	56.000003	61.859000
1082.099512	878.130993	56.000001	61.861000
1082.099511	878.135994	56.000000	61.861000
1082.099507	878.141578	55.999998	61.857000
1082.099508	878.146393	55.999999	61.852000
1082.099511	878.151200	55.999997	61.847000
1082.099511	878.156388	56.000000	61.844000
1082.099511	878.161380	56.000000	61.843000
1082.099509	878.166392	55.999999	61.846000
1082.099509	878.171199	55.999998	61.850000
1082.099511	878.176393	56.000002	61.853000
1082.099512	878.181377	55.999999	61.853000
1082.099512	878.186391	56.000001	61.853000
1082.099513	878.191194	56.000000	61.853000
1082.099509	878.196192	56.000000	61.856000
1082.099512	878.201176	56.000002	61.862000
1082.099508	878.206382	55.999997	61.870000
1082.099516	878.211188	55.999998	61.876000
1082.099510	878.216579	56.000000	61.879000
1082.099513	878.221557	55.999998	61.878000
1082.099512	878.226573	55.999998	61.875000
1082.099509	878.231380	55.999999	61.871000
1082.099509	878.236783	56.000000	61.866000
1082.099509	878.241567	56.000000	61.862000
1082.099509	878.246577	55.999999	61.857000
1082.099512	878.251386	56.000002	61.854000
1082.099508	878.256985	55.999998	61.850000
1082.099511	878.261562	56.000001	61.846000
1082.099509	878.266577	55.999998	61.843000
1082.099511	878.271381	56.000000	61.840000
1082.099513	878.276373	56.000002	61.838000
1082.099509	878.281365	56.000000	61.839000
1082.099510	878.286380	55.999998	61.843000
1082.099509	878.291779	55.999999	61.848000
1082.099516	878.296967	55.999998	61.852000
1082.099511	878.301556	56.000002	61.853000
1082.099513	878.306762	55.999999	61.851000
1082.099510	878.311771	56.000002	61.850000
1082.099513	878.316768	56.000001	61.851000
1082.099510	878.321945	56.000002	61.853000
1082.099510	878.326761	56.000002	61.857000
1082.099511	878.331769	55.999999	61.861000
1082.099507	878.336572	56.000000	61.863000
1082.099510	878.341544	56.000003	61.863000
1082.099511	878.346561	56.000000	61.861000
1082.099508	878.351568	55.999999	61.858000
1082.099510	878.356571	56.000002	61.855000
1082.099510	878.361552	55.999998	61.852000
1082.099506	878.366964	55.999998	61.849000
1082.099510	878.371969	56.000001	61.847000
1082.099511	878.376974	56.000003	61.845000
1082.099509	878.382760	55.999998	61.846000
1082.099511	878.387770	56.000002	61.848000
1082.099508	878.392789	55.999999	61.852000
1082.099510	878.397785	56.000001	61.855000
1082.099512	878.402767	55.999999	61.857000
1082.099499	878.404554	55.999999	61.858000
