1009.278980	938.134514	55.999995	50.815000
1009.278085	938.135653	56.000001	50.811000
1009.277526	938.140529	55.999999	50.810000
1009.277338	938.145692	56.000000	50.810000
1009.277198	938.150909	56.000001	50.812000
1009.277230	938.156055	56.000002	50.813000
1009.277180	938.161611	56.000001	50.815000
1009.277237	938.166866	55.999998	50.816000
1009.277193	938.171727	56.000002	50.816000
1009.277236	938.176961	55.999997	50.815000
1009.277213	938.181785	56.000003	50.815000
1009.277237	938.186821	56.000001	50.816000
1009.277222	938.191844	56.000002	50.816000
1009.277240	938.197046	55.999997	50.817000
1009.277234	938.201860	56.000002	50.817000
1009.277232	938.206665	56.000002	50.817000
1009.277240	938.211678	56.000002	50.816000
1009.277231	938.216702	56.000002	50.815000
1009.277237	938.221709	56.000000	50.814000
1009.277233	938.226716	55.999998	50.813000
1009.277242	938.231722	55.999997	50.811000
1009.277238	938.237327	56.000002	50.810000
1009.277234	938.242525	55.999999	50.808000
1009.277238	938.247536	55.999998	50.807000
1009.277243	938.252552	55.999996	50.806000
1009.277237	938.257747	56.000002	50.805000
1009.277237	938.262535	55.999997	50.804000
1009.277233	938.267541	55.999997	50.802000
1009.277242	938.272561	55.999997	50.800000
1009.277239	938.277564	55.999997	50.799000
1009.277241	938.282555	55.999997	50.798000
1009.277244	938.287355	56.000003	50.798000
1009.277235	938.292366	56.000003	50.799000
1009.277237	938.297565	55.999998	50.801000
1009.277240	938.302372	55.999999	50.802000
1009.277241	938.307356	55.999998	50.803000
1009.277239	938.312778	56.000000	50.803000
1009.277239	938.317968	56.000001	50.802000
1009.277241	938.322779	55.999997	50.802000
1009.277240	938.327966	56.000001	50.802000
1009.277245	938.332982	55.999999	50.803000
1009.277238	938.338192	55.999996	50.805000
1009.277239	938.342777	56.000001	50.807000
1009.277243	938.347979	55.999998	50.810000
1009.277241	938.352793	55.999999	50.812000
1009.277239	938.357779	56.000001	50.813000
1009.277242	938.362777	56.000003	50.814000
1009.277241	938.367776	56.000003	50.815000
1009.277243	938.372796	56.000002	50.816000
1009.277242	938.377783	56.000002	50.819000
1009.277242	938.382992	56.000001	50.821000
1009.277242	938.388189	55.999997	50.824000
1009.277246	938.393205	55.999997	50.824000
1009.277240	938.398202	55.999996	50.823000
1009.277242	938.403186	55.999998	50.822000
1009.277245	938.408393	55.999999	50.821000
1009.277243	938.413202	55.999998	50.821000
1009.277242	938.418194	55.999997	50.821000
1009.277240	938.423200	55.999997	50.822000
1009.277243	938.428195	55.999997	50.821000
1009.277241	938.432993	56.000000	50.820000
1009.277242	938.438198	55.999997	50.818000
1009.277240	938.442991	55.999999	50.816000
1009.277236	938.447997	55.999998	50.815000
1009.277241	938.453207	56.000003	50.815000
1009.277238	938.457991	55.999999	50.815000
1009.277239	938.463389	55.999997	50.816000
1009.277244	938.468398	55.999997	50.816000
1009.277240	938.473213	55.999998	50.817000
1009.277240	938.478411	55.999999	50.818000
1009.277241	938.483404	55.999998	50.819000
1009.277237	938.488599	56.000003	50.819000
1009.277240	938.493411	56.000001	50.818000
1009.277242	938.498407	56.000002	50.817000
1009.277238	938.503400	56.000003	50.816000
1009.277237	938.508395	56.000003	50.815000
1009.277241	938.513200	55.999999	50.814000
1009.277241	938.518203	56.000001	50.814000
1009.277242	938.523190	56.000002	50.814000
1009.277240	938.528194	55.999998	50.814000
1009.277242	938.533203	55.999997	50.814000
1009.277237	938.538599	56.000001	50.813000
1009.277237	938.543595	55.999999	50.813000
1009.277239	938.548596	55.999998	50.814000
1009.277239	938.553804	56.000001	50.814000
1009.277237	938.558608	55.999998	50.814000
1009.277239	938.563597	55.999997	50.815000
1009.277239	938.568597	56.000001	50.815000
1009.277239	938.573598	56.000003	50.814000
1009.277243	938.578406	55.999999	50.812000
1009.277238	938.583396	56.000000	50.810000
1009.277238	938.588588	56.000002	50.808000
1009.277244	938.593405	56.000001	50.807000
1009.277239	938.598404	56.000002	50.806000
1009.277238	938.603379	56.000003	50.804000
1009.277236	938.608584	55.999999	50.802000
1009.277239	938.613800	56.000001	50.798000
1009.277239	938.618800	56.000002	50.794000
1009.277239	938.623790	56.000002	50.791000
1009.277239	938.628991	55.999998	50.788000
1009.277237	938.633799	56.000003	50.786000
1009.277241	938.638791	56.000001	50.784000
1009.277238	938.643987	55.999998	50.782000
1009.277238	938.648981	55.999999	50.780000
1009.277236	938.653791	55.999997	50.778000
1009.277238	938.658797	55.999997	50.777000
1009.277240	938.663589	55.999999	50.777000
1009.277240	938.668792	55.999997	50.779000
1009.277240	938.673805	55.999997	50.780000
1009.277236	938.678803	55.999998	50.782000
1009.277240	938.683796	55.999998	50.784000
1009.277245	938.688991	56.000003	50.785000
1009.277243	938.693998	56.000002	50.787000
1009.277240	938.698999	55.999999	50.789000
1009.277239	938.703989	55.999997	50.791000
1009.277241	938.709186	56.000003	50.793000
1009.277239	938.714196	55.999999	50.795000
1009.277238	938.718997	56.000001	50.797000
1009.277240	938.723793	56.000002	50.798000
1009.277238	938.728989	55.999999	50.799000
1009.277241	938.734006	56.000002	50.799000
1009.277237	938.739006	55.999999	50.800000
1009.277238	938.743791	55.999999	50.800000
1009.277240	938.748784	56.000001	50.801000
1009.277244	938.753799	55.999999	50.802000
1009.277242	938.758797	56.000001	50.804000
1009.277241	938.763794	55.999999	50.804000
1009.277238	938.768987	55.999998	50.805000
1009.277239	938.774005	56.000001	50.806000
1009.277239	938.779005	55.999998	50.807000
1009.277238	938.784001	56.000000	50.807000
1009.277242	938.788996	56.000003	50.808000
1009.277241	938.794004	56.000001	50.809000
1009.277241	938.799005	56.000000	50.810000
1009.277237	938.804002	55.999998	50.811000
1009.277239	938.809000	55.999997	50.811000
1009.277240	938.814204	56.000003	50.812000
1009.277241	938.818801	55.999999	50.812000
1009.277237	938.823795	55.999996	50.812000
1009.277239	938.828787	55.999997	50.812000
1009.277241	938.833804	55.999997	50.812000
1009.277242	938.838801	55.999996	50.813000
1009.277241	938.843994	56.000002	50.813000
1009.277241	938.849190	55.999998	50.812000
1009.277242	938.854198	55.999999	50.810000
1009.277239	938.859194	56.000003	50.808000
1009.277238	938.864192	56.000000	50.807000
1009.277240	938.869187	55.999999	50.807000
1009.277240	938.874201	56.000001	50.806000
1009.277242	938.879202	55.999998	50.805000
1009.277239	938.884191	56.000001	50.804000
1009.277240	938.889183	56.000000	50.802000
1009.277239	938.893996	56.000000	50.801000
1009.277238	938.899196	56.000000	50.800000
1009.277238	938.903993	55.999999	50.799000
1009.277238	938.908980	56.000002	50.799000
1009.277240	938.914202	56.000001	50.799000
1009.277239	938.919392	55.999999	50.799000
1009.277243	938.924387	56.000001	50.800000
1009.277239	938.929382	55.999999	50.800000
1009.277237	938.934597	56.000000	50.801000
1009.277243	938.939396	56.000000	50.802000
1009.277245	938.944401	55.999997	50.804000
1009.277242	938.949388	56.000000	50.805000
1009.277243	938.954404	56.000001	50.807000
1009.277240	938.959202	56.000001	50.807000
1009.277241	938.964199	55.999997	50.808000
1009.277240	938.969195	55.999998	50.809000
1009.277237	938.974198	56.000002	50.810000
1009.277241	938.979198	56.000000	50.812000
1009.277244	938.984189	55.999997	50.812000
1009.277238	938.989183	56.000000	50.812000
1009.277241	938.994591	56.000003	50.810000
1009.277243	938.999597	56.000000	50.809000
1009.277241	939.004584	55.999998	50.809000
1009.277244	939.009584	56.000000	50.809000
1009.277246	939.014586	56.000002	50.809000
1009.277241	939.019394	56.000002	50.808000
1009.277238	939.024586	56.000001	50.808000
1009.277241	939.029375	56.000001	50.808000
1009.277242	939.034589	56.000000	50.808000
1009.277239	939.039392	55.999999	50.808000
1009.277240	939.044384	55.999999	50.808000
1009.277241	939.049379	56.000002	50.808000
1009.277241	939.054388	56.000000	50.808000
1009.277239	939.059385	56.000001	50.808000
1009.277238	939.064385	56.000000	50.808000
1009.277239	939.069377	56.000001	50.807000
1009.277240	939.074589	56.000001	50.805000
1009.277239	939.079595	55.999999	50.804000
1009.277237	939.084584	56.000001	50.804000
1009.277240	939.089577	56.000003	50.805000
1009.277240	939.094390	55.999997	50.807000
1009.277244	939.099588	56.000003	50.809000
1009.277242	939.104583	56.000001	50.809000
1009.277244	939.109578	55.999998	50.808000
1009.277238	939.114395	55.999998	50.807000
1009.277238	939.119398	55.999999	50.807000
1009.277239	939.124386	56.000001	50.809000
1009.277240	939.129378	55.999999	50.810000
1009.277241	939.134393	56.000000	50.811000
1009.277242	939.139396	56.000000	50.811000
1009.277240	939.144782	55.999999	50.811000
1009.277240	939.149781	56.000001	50.812000
1009.277242	939.154785	55.999999	50.813000
1009.277241	939.159801	56.000002	50.814000
1009.277238	939.164783	56.000001	50.815000
1009.277241	939.169781	55.999999	50.815000
1009.277238	939.174793	55.999997	50.816000
1009.277244	939.179995	56.000003	50.816000
1009.277241	939.184791	55.999998	50.816000
1009.277242	939.189790	56.000002	50.816000
1009.277241	939.194997	55.999999	50.817000
1009.277241	939.199604	55.999999	50.817000
1009.277241	939.204587	55.999999	50.816000
1009.277242	939.209589	56.000002	50.816000
1009.277244	939.214607	56.000001	50.816000
1009.277240	939.219813	55.999997	50.815000
1009.277241	939.225007	56.000002	50.814000
1009.277243	939.229995	56.000001	50.814000
1009.277241	939.234993	55.999999	50.813000
1009.277240	939.240002	55.999998	50.812000
1009.277243	939.244997	55.999997	50.812000
1009.277244	939.249992	55.999997	50.812000
1009.277240	939.255002	55.999997	50.813000
1009.277242	939.260002	55.999997	50.814000
1009.277240	939.264995	55.999997	50.814000
1009.277239	939.269787	56.000003	50.813000
1009.277242	939.274787	56.000003	50.812000
1009.277244	939.279794	56.000003	50.812000
1009.277241	939.284979	55.999998	50.812000
1009.277242	939.289787	56.000001	50.812000
1009.277240	939.295177	56.000002	50.812000
1009.277243	939.300177	56.000002	50.812000
1009.277237	939.305376	55.999999	50.812000
1009.277243	939.310180	56.000000	50.812000
1009.277241	939.315188	56.000001	50.812000
1009.277237	939.320188	56.000000	50.812000
1009.277241	939.325182	56.000000	50.812000
1009.277240	939.330384	55.999999	50.811000
1009.277245	939.335190	56.000000	50.810000
1009.277242	939.340185	56.000001	50.810000
1009.277237	939.344993	56.000001	50.810000
1009.277239	939.349982	55.999999	50.810000
1009.277243	939.354980	55.999998	50.810000
1009.277243	939.359983	55.999999	50.809000
1009.277242	939.364982	55.999999	50.807000
1009.277243	939.369972	55.999998	50.805000
1009.277239	939.375374	55.999999	50.802000
1009.277236	939.380381	56.000000	50.801000
1009.277240	939.385379	55.999998	50.800000
1009.277238	939.390377	55.999998	50.800000
1009.277239	939.395376	55.999998	50.800000
1009.277238	939.400380	55.999998	50.800000
1009.277240	939.405372	55.999998	50.800000
1009.277237	939.410574	56.000002	50.800000
1009.277240	939.415373	55.999999	50.801000
1009.277241	939.420378	56.000000	50.801000
1009.277240	939.425186	56.000000	50.802000
1009.277240	939.430578	56.000001	50.803000
1009.277244	939.435191	55.999999	50.804000
1009.277239	939.440195	56.000000	50.805000
1009.277243	939.445193	56.000000	50.806000
1009.277236	939.450382	56.000000	50.808000
1009.277236	939.455382	56.000000	50.809000
1009.277239	939.460393	56.000002	50.809000
1009.277238	939.465389	56.000002	50.810000
1009.277238	939.470385	55.999999	50.812000
1009.277240	939.475391	55.999999	50.815000
1009.277240	939.480384	55.999998	50.820000
1009.277237	939.485385	55.999998	50.825000
1009.277239	939.490387	55.999998	50.831000
1009.277245	939.495383	55.999998	50.836000
1009.277240	939.500196	56.000003	50.842000
1009.277241	939.505183	55.999999	50.849000
1009.277239	939.510178	55.999999	50.855000
1009.277239	939.515379	55.999999	50.859000
1009.277242	939.520193	56.000001	50.862000
1009.277238	939.525384	56.000001	50.864000
1009.277242	939.530390	55.999999	50.866000
1009.277237	939.535391	56.000000	50.870000
1009.277241	939.540392	56.000001	50.873000
1009.277239	939.545390	55.999999	50.874000
1009.277239	939.550390	56.000002	50.875000
1009.277240	939.555393	56.000000	50.875000
1009.277240	939.560400	55.999998	50.878000
1009.277239	939.565393	55.999998	50.882000
1009.277240	939.570388	55.999997	50.887000
1009.277237	939.575392	55.999998	50.892000
1009.277241	939.580196	56.000002	50.896000
1009.277238	939.585188	55.999999	50.900000
1009.277243	939.590181	56.000000	50.904000
1009.277237	939.595195	56.000000	50.910000
1009.277240	939.600590	56.000000	50.918000
1009.277241	939.605383	55.999999	50.924000
1009.277240	939.610584	55.999999	50.928000
1009.277237	939.615587	56.000000	50.931000
1009.277241	939.620591	56.000000	50.933000
1009.277237	939.625774	56.000000	50.936000
1009.277241	939.630585	56.000000	50.937000
1009.277241	939.635580	56.000001	50.938000
1009.277241	939.640588	55.999999	50.938000
1009.277239	939.645587	56.000001	50.937000
1009.277240	939.650383	56.000000	50.936000
1009.277238	939.655582	56.000001	50.935000
1009.277241	939.660393	55.999999	50.933000
1009.277238	939.665390	56.000001	50.930000
1009.277240	939.670384	56.000000	50.927000
1009.277238	939.675985	55.999999	50.924000
1009.277241	939.680787	56.000000	50.921000
1009.277239	939.685786	55.999999	50.918000
1009.277237	939.690780	56.000000	50.914000
1009.277242	939.695782	56.000001	50.908000
1009.277236	939.700785	56.000000	50.902000
1009.277238	939.705779	55.999998	50.897000
1009.277237	939.710776	55.999997	50.891000
1009.277237	939.715779	55.999998	50.887000
1009.277237	939.720983	56.000002	50.882000
1009.277239	939.725581	56.000001	50.878000
1009.277243	939.730790	55.999997	50.873000
1009.277237	939.735590	56.000003	50.868000
1009.277242	939.740593	56.000003	50.863000
1009.277240	939.745583	56.000001	50.857000
1009.277241	939.750990	56.000002	50.851000
1009.277239	939.755981	55.999999	50.845000
1009.277240	939.761181	55.999998	50.838000
1009.277236	939.765978	55.999998	50.831000
1009.277240	939.770980	55.999999	50.823000
1009.277236	939.775978	56.000002	50.816000
1009.277241	939.780984	56.000000	50.809000
1009.277240	939.785979	55.999999	50.803000
1009.277242	939.790974	56.000001	50.797000
1009.277240	939.795972	56.000000	50.791000
1009.277238	939.800973	56.000001	50.785000
1009.277240	939.805765	55.999999	50.780000
1009.277236	939.810779	56.000003	50.774000
1009.277239	939.815779	56.000002	50.769000
1009.277240	939.820778	56.000000	50.763000
1009.277241	939.825782	55.999998	50.759000
1009.277238	939.830985	56.000000	50.755000
1009.277241	939.835974	55.999998	50.751000
1009.277241	939.840984	55.999998	50.747000
1009.277243	939.845986	56.000001	50.743000
1009.277243	939.850983	56.000001	50.740000
1009.277239	939.855984	56.000003	50.736000
1009.277242	939.860990	56.000002	50.732000
1009.277241	939.865984	56.000000	50.728000
1009.277240	939.870980	55.999997	50.724000
1009.277242	939.875777	56.000002	50.720000
1009.277242	939.881180	56.000002	50.717000
1009.277242	939.885781	55.999997	50.714000
1009.277241	939.890784	55.999998	50.710000
1009.277239	939.895787	55.999999	50.704000
1009.277241	939.901389	56.000003	50.696000
1009.277243	939.906180	56.000001	50.690000
1009.277243	939.911186	56.000002	50.685000
1009.277239	939.915980	56.000002	50.680000
1009.277241	939.921184	55.999997	50.675000
1009.277238	939.925985	55.999999	50.671000
1009.277243	939.931183	56.000002	50.711000
1009.277241	939.935983	56.000003	50.879000
1009.277236	939.941188	56.000000	51.593000
1009.277243	939.945991	56.000000	56.274000
1009.277240	939.950993	55.999999	61.122000
1009.277238	939.955984	55.999999	61.671000
1009.277240	939.960985	56.000001	61.667000
1009.277240	939.965985	56.000000	61.662000
1009.277240	939.970979	55.999999	61.658000
1009.277241	939.976380	56.000000	61.655000
1009.277240	939.981387	56.000000	61.653000
1009.277241	939.986379	55.999999	61.651000
1009.277240	939.991394	56.000001	61.648000
1009.277240	939.996385	55.999999	61.644000
1009.277239	940.001379	56.000001	61.639000
1009.277237	940.006582	56.000002	61.633000
1009.277239	940.011385	56.000003	61.627000
1009.277239	940.016183	56.000000	61.621000
1009.277241	940.021383	55.999998	61.616000
1009.277239	940.026186	55.999998	61.614000
1009.277240	940.031388	56.000003	61.615000
1009.277239	940.036178	56.000001	61.621000
1009.277239	940.041179	56.000003	61.629000
1009.277243	940.046179	56.000002	61.638000
1009.277246	940.051577	56.000003	61.644000
1009.277243	940.056580	56.000002	61.648000
1009.277241	940.061773	55.999997	61.650000
1009.277245	940.066578	55.999997	61.651000
1009.277245	940.071787	56.000002	61.650000
1009.277242	940.076582	55.999998	61.648000
1009.277240	940.081579	56.000001	61.645000
1009.277240	940.086778	55.999998	61.641000
1009.277242	940.091583	55.999998	61.636000
1009.277241	940.096373	55.999998	61.632000
1009.277243	940.101380	56.000001	61.629000
1009.277239	940.106375	55.999999	61.627000
1009.277240	940.111377	56.000002	61.626000
1009.277237	940.116365	56.000000	61.625000
1009.277239	940.121381	55.999998	61.624000
1009.277241	940.126972	56.000001	61.623000
1009.277242	940.131987	55.999999	61.622000
1009.277239	940.136982	56.000000	61.621000
1009.277242	940.141986	55.999997	61.621000
1009.277239	940.146980	56.000002	61.622000
1009.277238	940.151990	56.000000	61.623000
1009.277239	940.156980	55.999997	61.625000
1009.277242	940.161989	56.000001	61.627000
1009.277240	940.166980	56.000000	61.629000
1009.277240	940.171988	55.999999	61.630000
1009.277239	940.176979	56.000001	61.629000
1009.277241	940.181983	55.999997	61.627000
1009.277238	940.186974	56.000003	61.624000
1009.277238	940.191780	56.000002	61.621000
1009.277240	940.196773	56.000000	61.622000
1009.277237	940.202179	55.999998	61.626000
1009.277243	940.207379	56.000003	61.631000
1009.277236	940.212189	56.000002	61.637000
1009.277239	940.217177	55.999999	61.641000
1009.277238	940.222181	55.999999	61.643000
1009.277239	940.227182	56.000003	61.642000
1009.277245	940.232194	55.999998	61.641000
1009.277241	940.237183	55.999999	61.639000
1009.277240	940.242183	56.000003	61.636000
1009.277243	940.247179	55.999999	61.633000
1009.277237	940.252187	55.999998	61.628000
1009.277238	940.256976	55.999998	61.623000
1009.277241	940.261986	56.000003	61.618000
1009.277241	940.266982	56.000000	61.615000
1009.277239	940.272194	56.000002	61.614000
1009.277241	940.277192	56.000001	61.617000
1009.277237	940.282388	56.000001	61.621000
1009.277241	940.287388	56.000002	61.626000
1009.277239	940.292598	56.000001	61.627000
1009.277240	940.297586	56.000002	61.627000
1009.277242	940.302383	56.000003	61.624000
1009.277239	940.307384	56.000001	61.621000
1009.277238	940.312598	56.000003	61.619000
1009.277240	940.317390	56.000001	61.618000
1009.277239	940.322188	55.999999	61.618000
1009.277240	940.327385	56.000000	61.619000
1009.277239	940.332188	56.000003	61.621000
1009.277239	940.337188	55.999998	61.621000
1009.277236	940.342189	55.999997	61.619000
1009.277241	940.347189	55.999999	61.616000
1009.277238	940.352190	56.000004	61.613000
1009.277240	940.357596	56.000002	61.611000
1009.277241	940.362602	56.000002	61.612000
1009.277241	940.367591	55.999997	61.617000
1009.277237	940.372602	56.000001	61.624000
1009.277239	940.377590	56.000002	61.630000
1009.277238	940.382592	55.999998	61.633000
1009.277238	940.387594	55.999999	61.633000
1009.277244	940.392595	56.000002	61.630000
1009.277238	940.397387	56.000003	61.627000
1009.277236	940.402388	55.999999	61.625000
1009.277239	940.407585	56.000001	61.623000
1009.277239	940.412390	55.999997	61.621000
1009.277241	940.417386	56.000002	61.620000
1009.277237	940.422382	56.000002	61.620000
1009.277240	940.427383	55.999999	61.623000
1009.277240	940.432594	56.000003	61.628000
1009.277239	940.437794	55.999997	61.633000
1009.277238	940.442793	55.999999	61.636000
1009.277239	940.447786	56.000002	61.637000
1009.277237	940.452594	56.000000	61.636000
1009.277240	940.457992	56.000001	61.633000
1009.277238	940.462590	55.999998	61.631000
1009.277235	940.467784	56.000002	61.628000
1009.277243	940.472804	55.999998	61.628000
1009.277244	940.477997	56.000003	61.628000
1009.277238	940.482584	55.999999	61.628000
1009.277244	940.487786	55.999999	61.627000
1009.277241	940.492595	56.000002	61.625000
1009.277237	940.497590	56.000000	61.623000
1009.277237	940.502583	55.999998	61.620000
1009.277240	940.508185	56.000002	61.617000
1009.277243	940.513009	56.000002	61.615000
1009.277243	940.518004	56.000002	61.615000
1009.277241	940.522796	56.000002	61.615000
1009.277241	940.527996	55.999999	61.614000
1009.277242	940.533013	56.000003	61.613000
1009.277244	940.538007	56.000000	61.611000
1009.277239	940.542999	55.999997	61.609000
1009.277241	940.547995	55.999998	61.606000
1009.277239	940.553008	56.000002	61.605000
1009.277238	940.557804	55.999999	61.604000
1009.277243	940.562797	56.000002	61.604000
1009.277243	940.567798	55.999997	61.604000
1009.277239	940.572809	56.000000	61.604000
1009.277239	940.577800	56.000002	61.605000
1009.277241	940.583199	56.000001	61.607000
1009.277238	940.588196	56.000000	61.612000
1009.277241	940.593201	56.000002	61.619000
1009.277239	940.598200	55.999999	61.625000
1009.277244	940.603191	55.999998	61.630000
1009.277243	940.608185	56.000002	61.632000
1009.277242	940.613200	56.000001	61.632000
1009.277240	940.618190	55.999998	61.630000
1009.277235	940.622984	56.000000	61.628000
1009.277239	940.628185	56.000002	61.627000
1009.277244	940.633204	56.000002	61.626000
1009.277237	940.638203	55.999999	61.626000
1009.277243	940.642993	56.000000	61.625000
1009.277241	940.647998	56.000000	61.624000
1009.277243	940.653007	56.000002	61.622000
1009.277243	940.658603	55.999999	61.618000
1009.277240	940.663190	55.999999	61.613000
1009.277240	940.668390	56.000000	61.610000
1009.277242	940.673402	56.000000	61.609000
1009.277243	940.678400	56.000003	61.609000
1009.277243	940.683390	56.000002	61.612000
1009.277241	940.688393	56.000000	61.614000
1009.277243	940.693397	55.999998	61.615000
1009.277241	940.698392	56.000001	61.614000
1009.277244	940.703189	56.000001	61.613000
1009.277240	940.708594	56.000003	61.612000
1009.277244	940.713200	55.999997	61.612000
1009.277239	940.718194	55.999997	61.615000
1009.277241	940.723190	55.999999	61.619000
1009.277240	940.728183	56.000002	61.624000
1009.277242	940.733398	55.999998	61.630000
1009.277243	940.738791	55.999998	61.634000
1009.277239	940.743789	55.999997	61.636000
1009.277242	940.748783	55.999999	61.637000
1009.277239	940.753803	56.000001	61.636000
1009.277241	940.758789	56.000003	61.634000
1009.277243	940.763787	56.000003	61.630000
1009.277243	940.768778	56.000002	61.625000
1009.277244	940.773800	56.000000	61.619000
1009.277242	940.778794	55.999999	61.614000
1009.277240	940.783788	55.999998	61.610000
1009.277241	940.788580	55.999998	61.607000
1009.277242	940.793597	55.999999	61.607000
1009.277242	940.798600	56.000002	61.611000
1009.277240	940.803598	56.000002	61.619000
1009.277238	940.808990	56.000002	61.628000
1009.277241	940.814015	55.999998	61.635000
1009.277235	940.819008	56.000002	61.639000
1009.277237	940.824002	55.999997	61.639000
1009.277237	940.828990	55.999997	61.637000
1009.277241	940.834004	56.000000	61.632000
1009.277237	940.839004	56.000002	61.627000
1009.277239	940.844000	56.000000	61.622000
1009.277240	940.848997	55.999998	61.619000
1009.277240	940.853805	56.000002	61.616000
1009.277239	940.859004	55.999998	61.614000
1009.277242	940.863801	55.999998	61.614000
1009.277242	940.868803	56.000000	61.614000
1009.277237	940.874010	56.000000	61.616000
1009.277240	940.878807	56.000000	61.618000
1009.277239	940.884203	56.000002	61.621000
1009.277241	940.889192	56.000000	61.623000
1009.277242	940.894405	56.000002	61.625000
1009.277243	940.899203	56.000001	61.626000
1009.277239	940.904396	55.999999	61.627000
1009.277238	940.909190	56.000001	61.627000
1009.277238	940.914402	56.000000	61.626000
1009.277239	940.919204	56.000000	61.623000
1009.277242	940.924397	56.000001	61.621000
1009.277240	940.929388	55.999998	61.618000
1009.277238	940.934397	56.000001	61.617000
1009.277239	940.939201	56.000000	61.617000
1009.277240	940.944186	56.000000	61.619000
1009.277242	940.949185	56.000000	61.621000
1009.277238	940.954393	56.000001	61.622000
1009.277238	940.959199	56.000000	61.622000
1009.277240	940.964588	56.000000	61.620000
1009.277240	940.969584	56.000001	61.618000
1009.277241	940.974794	56.000001	61.618000
1009.277240	940.979597	56.000000	61.618000
1009.277239	940.984593	56.000000	61.619000
1009.277240	940.989793	56.000001	61.618000
1009.277237	940.994598	56.000001	61.616000
1009.277242	940.999602	55.999999	61.613000
1009.277237	941.004597	56.000002	61.611000
1009.277238	941.009390	56.000001	61.610000
1009.277240	941.014590	55.999999	61.610000
1009.277239	941.019604	55.999999	61.612000
1009.277239	941.024395	55.999998	61.614000
1009.277237	941.029593	55.999998	61.616000
1009.277241	941.034394	56.000000	61.617000
1009.277240	941.039797	56.000000	61.618000
1009.277243	941.044788	55.999998	61.619000
1009.277242	941.049992	55.999999	61.620000
1009.277237	941.054795	56.000001	61.620000
1009.277235	941.059803	55.999998	61.619000
1009.277239	941.064791	55.999997	61.617000
1009.277240	941.069784	55.999998	61.613000
1009.277240	941.074792	55.999998	61.609000
1009.277239	941.079796	56.000000	61.606000
1009.277240	941.084787	55.999999	61.605000
1009.277238	941.089586	55.999998	61.607000
1009.277238	941.094590	55.999997	61.611000
1009.277239	941.099597	56.000001	61.616000
1009.277239	941.104590	56.000002	61.620000
1009.277244	941.109783	55.999998	61.621000
1009.277243	941.115183	55.999998	61.620000
1009.277238	941.119982	56.000002	61.618000
1009.277241	941.124981	56.000001	61.616000
1009.277241	941.129981	55.999999	61.615000
1009.277241	941.134982	55.999998	61.615000
1009.277238	941.139994	55.999998	61.615000
1009.277239	941.144987	56.000000	61.615000
1009.277239	941.149990	56.000000	61.614000
1009.277240	941.154995	55.999999	61.612000
1009.277244	941.159793	55.999999	61.610000
1009.277241	941.164989	55.999999	61.609000
1009.277241	941.169789	55.999999	61.608000
1009.277243	941.174994	55.999999	61.607000
1009.277241	941.179801	55.999999	61.607000
1009.277237	941.184798	56.000001	61.606000
1009.277242	941.189989	55.999999	61.607000
1009.277240	941.195388	56.000001	61.608000
1009.277244	941.200201	55.999998	61.610000
1009.277240	941.204985	55.999999	61.613000
1009.277239	941.209991	55.999999	61.617000
1009.277239	941.214983	56.000002	61.620000
1009.277240	941.219995	56.000000	61.621000
1009.277242	941.224980	56.000001	61.621000
1009.277240	941.229987	56.000002	61.619000
1009.277241	941.234987	56.000003	61.617000
1009.277241	941.239992	56.000002	61.617000
1009.277239	941.244792	55.999999	61.620000
1009.277238	941.249785	56.000000	61.624000
1009.277238	941.254794	56.000001	61.628000
1009.277241	941.259996	56.000002	61.631000
1009.277238	941.265188	55.999997	61.631000
1009.277242	941.270186	55.999998	61.629000
1009.277239	941.275192	55.999998	61.626000
1009.277243	941.280196	55.999999	61.625000
1009.277241	941.285187	56.000001	61.625000
1009.277242	941.290187	56.000001	61.628000
1009.277244	941.295187	56.000000	61.632000
1009.277245	941.300189	55.999999	61.635000
1009.277242	941.305183	55.999998	61.634000
1009.277243	941.309984	56.000001	61.632000
1009.277241	941.315183	55.999998	61.628000
1009.277241	941.319990	56.000000	61.625000
1009.277241	941.325189	55.999999	61.624000
1009.277241	941.329979	55.999999	61.627000
1009.277241	941.334993	55.999999	61.631000
1009.277240	941.340391	55.999999	61.633000
1009.277242	941.345388	56.000001	61.631000
1009.277238	941.350385	56.000001	61.624000
1009.277240	941.355384	55.999999	61.616000
1009.277240	941.360394	56.000002	61.608000
1009.277242	941.365386	56.000001	61.602000
1009.277240	941.370386	56.000001	61.600000
1009.277240	941.375385	55.999999	61.602000
1009.277238	941.380390	56.000000	61.606000
1009.277238	941.385391	55.999998	61.607000
1009.277244	941.390183	56.000002	61.606000
1009.277240	941.395187	56.000002	61.603000
1009.277241	941.400190	56.000003	61.600000
1009.277241	941.405188	56.000002	61.598000
1009.277245	941.410184	56.000002	61.599000
1009.277237	941.415586	56.000002	61.602000
1009.277238	941.420580	56.000002	61.605000
1009.277240	941.425582	56.000003	61.609000
1009.277241	941.430776	55.999998	61.613000
1009.277237	941.435773	55.999997	61.616000
1009.277237	941.440780	55.999998	61.617000
1009.277239	941.445784	55.999999	61.617000
1009.277241	941.450784	56.000000	61.616000
1009.277239	941.455781	56.000001	61.614000
1009.277240	941.460590	56.000000	61.613000
1009.277241	941.465593	56.000001	61.614000
1009.277241	941.470590	55.999998	61.617000
1009.277241	941.475792	56.000000	61.621000
1009.277238	941.480790	55.999998	61.626000
1009.277236	941.485592	56.000000	61.629000
1009.277241	941.490787	56.000000	61.630000
1009.277239	941.495790	56.000001	61.630000
1009.277236	941.500791	56.000001	61.629000
1009.277238	941.505790	55.999998	61.628000
1009.277239	941.510790	56.000000	61.626000
1009.277242	941.515784	56.000001	61.626000
1009.277239	941.520794	55.999999	61.626000
1009.277239	941.525986	56.000001	61.627000
1009.277239	941.530792	56.000001	61.627000
1009.277239	941.535588	56.000001	61.627000
1009.277240	941.540985	56.000002	61.626000
1009.277243	941.545587	55.999999	61.624000
1009.277241	941.550584	55.999999	61.619000
1009.277239	941.555575	55.999999	61.612000
1009.277241	941.560587	55.999999	61.606000
1009.277237	941.565978	56.000001	61.599000
1009.277240	941.570977	56.000002	61.597000
1009.277238	941.575972	56.000003	61.601000
1009.277239	941.580985	56.000003	61.611000
1009.277237	941.585974	56.000001	61.622000
1009.277240	941.590978	56.000001	61.631000
1009.277238	941.595970	56.000001	61.635000
1009.277238	941.600979	56.000000	61.635000
1009.277239	941.605976	55.999998	61.632000
1009.277239	941.610977	55.999998	61.628000
1009.277240	941.615778	56.000001	61.623000
1009.277242	941.620978	55.999999	61.616000
1009.277241	941.625974	55.999999	61.609000
1009.277235	941.630777	55.999998	61.603000
1009.277239	941.635777	55.999998	61.599000
1009.277242	941.641177	56.000001	61.601000
1009.277242	941.646180	55.999998	61.608000
1009.277239	941.651174	55.999999	61.618000
1009.277238	941.656170	56.000002	61.626000
1009.277240	941.661178	56.000003	61.631000
1009.277239	941.666176	56.000003	61.631000
1009.277242	941.671181	56.000001	61.628000
1009.277239	941.676171	55.999999	61.626000
1009.277240	941.681177	55.999998	61.625000
1009.277240	941.686176	56.000002	61.625000
1009.277238	941.691579	56.000000	61.625000
1009.277239	941.696174	56.000002	61.623000
1009.277241	941.701182	55.999998	61.619000
1009.277241	941.706181	55.999999	61.615000
1009.277239	941.711177	56.000002	61.612000
1009.277242	941.716171	56.000000	61.609000
1009.277245	941.721579	55.999998	61.608000
1009.277242	941.726577	56.000001	61.608000
1009.277238	941.731585	56.000001	61.607000
1009.277243	941.736373	56.000002	61.607000
1009.277240	941.741580	56.000000	61.608000
1009.277239	941.746580	56.000001	61.610000
1009.277240	941.751589	55.999998	61.613000
1009.277240	941.756585	56.000001	61.618000
1009.277241	941.761588	55.999999	61.622000
1009.277236	941.766387	55.999999	61.626000
1009.277242	941.771591	55.999999	61.627000
1009.277241	941.776380	56.000000	61.627000
1009.277238	941.781388	56.000000	61.625000
1009.277241	941.786381	56.000001	61.623000
1009.277240	941.791393	55.999999	61.623000
1009.277240	941.796785	55.999999	61.626000
1009.277240	941.801780	56.000001	61.630000
1009.277242	941.806788	55.999998	61.635000
1009.277240	941.811787	56.000001	61.637000
1009.277240	941.816785	55.999999	61.635000
1009.277241	941.821782	56.000000	61.631000
1009.277243	941.826785	56.000001	61.625000
1009.277238	941.831793	55.999998	61.622000
1009.277241	941.836790	56.000001	61.621000
1009.277245	941.841787	55.999999	61.622000
1009.277244	941.846789	56.000000	61.622000
1009.277240	941.851591	56.000000	61.621000
1009.277242	941.856581	56.000000	61.617000
1009.277241	941.861593	56.000000	61.612000
1009.277242	941.866590	55.999998	61.607000
1009.277240	941.872001	56.000001	61.603000
1009.277241	941.876786	56.000000	61.604000
1009.277241	941.881783	56.000000	61.608000
1009.277243	941.886787	56.000000	61.615000
1009.277245	941.891781	56.000000	61.621000
1009.277238	941.896783	56.000001	61.625000
1009.277240	941.901772	55.999998	61.626000
1009.277243	941.906979	55.999999	61.626000
1009.277242	941.911580	55.999999	61.626000
1009.277244	941.916774	56.000000	61.627000
1009.277239	941.921778	55.999998	61.627000
1009.277239	941.926579	55.999999	61.628000
1009.277242	941.931581	56.000001	61.630000
1009.277241	941.936571	55.999997	61.633000
1009.277239	941.941981	55.999999	61.636000
1009.277243	941.946981	56.000001	61.639000
1009.277239	941.951990	55.999999	61.640000
1009.277240	941.956983	56.000002	61.640000
1009.277241	941.961987	55.999998	61.639000
1009.277243	941.966984	56.000001	61.638000
1009.277239	941.971994	56.000000	61.637000
1009.277242	941.976981	56.000000	61.638000
1009.277243	941.981984	56.000002	61.641000
1009.277242	941.986981	55.999998	61.647000
1009.277239	941.992192	56.000001	61.653000
1009.277242	941.996979	55.999999	61.658000
1009.277241	942.001779	55.999998	61.662000
1009.277243	942.006783	56.000000	61.664000
1009.277241	942.011780	56.000002	61.665000
1009.277242	942.016984	56.000002	61.665000
1009.277241	942.022177	55.999998	61.664000
1009.277240	942.027184	56.000003	61.661000
1009.277241	942.032186	55.999999	61.660000
1009.277238	942.037180	55.999999	61.658000
1009.277242	942.042179	56.000001	61.656000
1009.277246	942.046977	56.000002	61.653000
1009.277242	942.051981	55.999997	61.648000
1009.277238	942.057579	56.000003	61.644000
1009.277243	942.061969	55.999998	61.645000
1009.277241	942.066972	56.000002	61.651000
1009.277242	942.071983	56.000001	61.661000
1009.277243	942.076973	55.999998	61.669000
1009.277241	942.081978	56.000001	61.674000
1009.277240	942.086984	56.000002	61.674000
1009.277240	942.091993	55.999998	61.669000
1009.277236	942.097390	55.999998	61.661000
1009.277237	942.102389	56.000002	61.651000
1009.277238	942.107388	56.000001	61.640000
1009.277242	942.112396	55.999999	61.629000
1009.277239	942.117398	56.000002	61.620000
1009.277243	942.122193	56.000002	61.615000
1009.277240	942.127195	55.999999	61.613000
1009.277244	942.132400	56.000003	61.614000
1009.277238	942.137600	55.999997	61.616000
1009.277241	942.142397	55.999997	61.618000
1009.277240	942.147191	55.999998	61.620000
1009.277242	942.152204	55.999998	61.620000
1009.277237	942.157192	56.000002	61.620000
1009.277241	942.162194	55.999999	61.619000
1009.277239	942.167175	55.999999	61.617000
1009.277237	942.172402	55.999999	61.615000
1009.277237	942.177394	55.999998	61.616000
1009.277239	942.182394	56.000002	61.619000
1009.277239	942.187588	55.999998	61.624000
1009.277238	942.192594	56.000003	61.631000
1009.277236	942.197391	56.000003	61.638000
1009.277241	942.202389	56.000003	61.644000
1009.277236	942.207587	56.000000	61.646000
1009.277241	942.212396	56.000000	61.645000
1009.277239	942.217394	56.000002	61.643000
1009.277242	942.222196	56.000003	61.639000
1009.277240	942.227194	56.000001	61.636000
1009.277240	942.232207	55.999997	61.634000
1009.277238	942.237200	56.000002	61.632000
1009.277242	942.242208	55.999998	61.630000
1009.277238	942.247596	55.999998	61.629000
1009.277241	942.252616	56.000002	61.627000
1009.277239	942.257806	56.000002	61.625000
1009.277240	942.262603	56.000002	61.623000
1009.277243	942.267587	55.999997	61.623000
1009.277238	942.272817	55.999997	61.626000
1009.277240	942.277798	56.000002	61.631000
1009.277238	942.282592	56.000001	61.635000
1009.277238	942.287585	56.000001	61.637000
1009.277241	942.292399	56.000001	61.636000
1009.277238	942.297592	55.999999	61.633000
1009.277241	942.302390	56.000001	61.630000
1009.277241	942.307389	56.000001	61.629000
1009.277237	942.312411	55.999998	61.630000
1009.277240	942.317398	56.000001	61.633000
1009.277241	942.322596	55.999998	61.635000
1009.277239	942.327787	55.999999	61.636000
1009.277238	942.332812	56.000001	61.636000
1009.277240	942.337992	56.000002	61.634000
1009.277241	942.342795	55.999999	61.634000
1009.277239	942.347788	56.000002	61.633000
1009.277241	942.352811	55.999999	61.633000
1009.277237	942.357799	55.999999	61.631000
1009.277240	942.362592	55.999999	61.628000
1009.277241	942.367789	56.000001	61.624000
1009.277240	942.372601	55.999999	61.619000
1009.277237	942.377797	56.000001	61.614000
1009.277240	942.382795	56.000001	61.610000
1009.277240	942.387580	56.000000	61.606000
1009.277238	942.392598	56.000000	61.604000
1009.277241	942.397988	56.000000	61.603000
1009.277236	942.402985	56.000001	61.604000
1009.277242	942.407987	55.999999	61.605000
1009.277240	942.413006	56.000000	61.606000
1009.277240	942.417990	56.000000	61.608000
1009.277243	942.423195	56.000000	61.611000
1009.277240	942.427986	55.999999	61.614000
1009.277239	942.433003	56.000000	61.616000
1009.277239	942.437994	56.000001	61.618000
1009.277239	942.442787	56.000000	61.619000
1009.277239	942.447787	56.000000	61.619000
1009.277242	942.452802	55.999999	61.619000
1009.277240	942.457786	56.000000	61.619000
1009.277240	942.462787	56.000000	61.619000
1009.277241	942.467783	55.999999	61.619000
1009.277238	942.473201	55.999998	61.618000
1009.277240	942.478186	56.000001	61.616000
1009.277241	942.483188	56.000000	61.613000
1009.277242	942.488179	56.000000	61.610000
1009.277240	942.493397	56.000001	61.608000
1009.277240	942.498187	56.000000	61.609000
1009.277242	942.503188	55.999999	61.611000
1009.277242	942.508186	56.000002	61.617000
1009.277241	942.513200	55.999998	61.625000
1009.277240	942.518195	56.000003	61.631000
1009.277242	942.522986	56.000001	61.634000
1009.277243	942.527993	55.999998	61.632000
1009.277238	942.533007	56.000003	61.629000
1009.277241	942.537995	55.999997	61.624000
1009.277240	942.542992	56.000003	61.619000
1009.277243	942.548587	55.999998	61.615000
1009.277246	942.553402	55.999999	61.614000
1009.277242	942.558398	56.000003	61.615000
1009.277238	942.563391	55.999997	61.617000
1009.277241	942.568587	55.999999	61.618000
1009.277244	942.573403	55.999997	61.617000
1009.277238	942.578595	56.000001	61.615000
1009.277240	942.583386	55.999998	61.612000
1009.277239	942.588593	56.000002	61.610000
1009.277243	942.593207	56.000001	61.608000
1009.277240	942.598407	55.999997	61.608000
1009.277240	942.603199	55.999997	61.609000
1009.277238	942.608192	56.000002	61.611000
1009.277239	942.613209	56.000000	61.612000
1009.277236	942.618209	55.999999	61.613000
1009.277242	942.623600	55.999998	61.613000
1009.277238	942.628598	55.999999	61.614000
1009.277239	942.633612	56.000002	61.616000
1009.277241	942.638611	55.999998	61.619000
1009.277238	942.643602	56.000003	61.622000
1009.277244	942.648597	55.999997	61.624000
1009.277244	942.653612	56.000002	61.624000
1009.277241	942.658607	55.999998	61.623000
1009.277241	942.663598	56.000002	61.621000
1009.277242	942.668593	55.999999	61.620000
1009.277242	942.673611	56.000001	61.620000
1009.277239	942.678413	56.000002	61.620000
1009.277240	942.683394	55.999999	61.622000
1009.277239	942.688399	55.999999	61.622000
1009.277241	942.693418	55.999999	61.621000
1009.277242	942.698815	55.999998	61.618000
1009.277241	942.703794	56.000003	61.615000
1009.277240	942.708793	55.999999	61.613000
1009.277239	942.713807	55.999997	61.613000
1009.277241	942.718801	56.000002	61.617000
1009.277241	942.723792	56.000000	61.622000
1009.277244	942.728792	55.999997	61.627000
1009.277239	942.733804	56.000003	61.632000
1009.277238	942.738804	56.000002	61.635000
1009.277241	942.743802	55.999998	61.638000
1009.277240	942.748593	55.999997	61.638000
1009.277238	942.753609	56.000002	61.638000
1009.277243	942.758598	56.000000	61.636000
1009.277242	942.763592	56.000000	61.633000
1009.277239	942.768592	56.000001	61.630000
1009.277241	942.773807	56.000004	61.631000
1009.277241	942.779008	56.000001	61.634000
1009.277237	942.783989	56.000002	61.637000
1009.277239	942.788991	55.999997	61.637000
1009.277241	942.794199	55.999999	61.634000
1009.277240	942.798998	55.999998	61.627000
1009.277239	942.803992	55.999999	61.619000
1009.277239	942.808992	56.000002	61.613000
1009.277237	942.814005	55.999997	61.608000
1009.277238	942.819004	56.000002	61.607000
1009.277238	942.823995	55.999999	61.608000
1009.277241	942.828789	55.999998	61.609000
1009.277240	942.833804	56.000002	61.610000
1009.277241	942.838797	56.000000	61.610000
1009.277242	942.843797	55.999998	61.609000
1009.277238	942.849186	56.000000	61.611000
1009.277242	942.854200	56.000002	61.615000
1009.277241	942.859197	55.999997	61.620000
1009.277239	942.864192	55.999999	61.623000
1009.277240	942.869179	56.000001	61.623000
1009.277240	942.874396	56.000002	61.619000
1009.277240	942.878991	56.000001	61.614000
1009.277237	942.884184	55.999999	61.610000
1009.277238	942.888988	56.000001	61.607000
1009.277243	942.894203	55.999999	61.606000
1009.277241	942.898997	56.000001	61.609000
1009.277238	942.904192	56.000001	61.613000
1009.277237	942.908989	56.000002	61.617000
1009.277238	942.914006	55.999998	61.621000
1009.277243	942.919003	56.000000	61.623000
1009.277238	942.924390	56.000001	61.625000
1009.277238	942.929386	56.000001	61.626000
1009.277239	942.934403	55.999998	61.627000
1009.277239	942.939199	56.000000	61.626000
1009.277241	942.944595	56.000000	61.625000
1009.277238	942.949191	56.000003	61.623000
1009.277240	942.954405	56.000002	61.622000
1009.277242	942.959208	55.999999	61.623000
1009.277240	942.964395	55.999999	61.625000
1009.277242	942.969187	56.000001	61.627000
1009.277238	942.974403	55.999999	61.627000
1009.277241	942.979200	55.999999	61.625000
1009.277238	942.984192	56.000001	61.621000
1009.277239	942.989184	55.999999	61.618000
1009.277242	942.994193	55.999999	61.616000
1009.277240	942.999592	56.000001	61.615000
1009.277241	943.004787	56.000001	61.614000
1009.277242	943.009575	55.999999	61.613000
1009.277238	943.014593	56.000000	61.611000
1009.277240	943.019587	56.000002	61.609000
1009.277242	943.024590	55.999999	61.608000
1009.277237	943.029387	55.999998	61.608000
1009.277238	943.034592	55.999999	61.609000
1009.277241	943.039798	55.999998	61.611000
1009.277237	943.044593	55.999999	61.613000
1009.277237	943.049394	56.000002	61.613000
1009.277242	943.054411	55.999998	61.612000
1009.277239	943.059406	56.000000	61.611000
1009.277239	943.064399	56.000000	61.610000
1009.277237	943.069389	55.999998	61.610000
1009.277241	943.074799	55.999999	61.611000
1009.277241	943.079995	55.999998	61.613000
1009.277238	943.084789	56.000002	61.617000
1009.277239	943.089987	56.000001	61.620000
1009.277240	943.094801	56.000000	61.623000
1009.277241	943.099995	56.000001	61.623000
1009.277241	943.104795	55.999999	61.622000
1009.277241	943.109991	55.999998	61.621000
1009.277238	943.114796	56.000000	61.621000
1009.277243	943.119797	55.999998	61.622000
1009.277239	943.124787	56.000001	61.623000
1009.277240	943.129595	55.999999	61.624000
1009.277239	943.134600	55.999999	61.623000
1009.277240	943.139796	56.000000	61.622000
1009.277238	943.144590	56.000001	61.621000
1009.277240	943.149983	56.000000	61.619000
1009.277240	943.155184	56.000001	61.617000
1009.277238	943.159987	56.000000	61.615000
1009.277238	943.164983	56.000002	61.614000
1009.277240	943.169989	55.999999	61.614000
1009.277242	943.174990	55.999999	61.616000
1009.277242	943.179993	56.000000	61.619000
1009.277238	943.184978	56.000001	61.624000
1009.277239	943.189994	56.000000	61.629000
1009.277243	943.194985	56.000000	61.634000
1009.277242	943.199784	56.000000	61.639000
1009.277242	943.204780	56.000000	61.643000
1009.277239	943.209773	56.000000	61.645000
1009.277238	943.214782	55.999999	61.647000
1009.277241	943.219784	56.000000	61.646000
1009.277241	943.225172	56.000000	61.642000
1009.277242	943.230178	55.999999	61.637000
1009.277242	943.235177	56.000000	61.631000
1009.277242	943.240182	56.000000	61.624000
1009.277242	943.245173	56.000000	61.617000
1009.277238	943.250178	55.999999	61.611000
1009.277239	943.255178	56.000000	61.607000
1009.277241	943.260181	56.000001	61.606000
1009.277243	943.265179	56.000000	61.608000
1009.277241	943.270177	56.000000	61.613000
1009.277237	943.275192	55.999999	61.618000
1009.277244	943.280189	56.000001	61.621000
1009.277242	943.285185	56.000000	61.624000
1009.277239	943.289990	56.000000	61.626000
1009.277239	943.294990	56.000001	61.627000
1009.277240	943.299994	56.000000	61.628000
1009.277241	943.305596	56.000000	61.628000
1009.277240	943.310394	56.000000	61.628000
1009.277244	943.315389	56.000001	61.628000
1009.277241	943.320396	56.000000	61.631000
1009.277240	943.325389	56.000000	61.636000
1009.277245	943.330393	56.000000	61.642000
1009.277244	943.335392	56.000000	61.647000
1009.277246	943.340399	55.999999	61.651000
1009.277244	943.345392	56.000001	61.651000
1009.277244	943.350395	56.000000	61.648000
1009.277241	943.355189	56.000000	61.643000
1009.277240	943.360197	56.000000	61.637000
1009.277240	943.365199	56.000000	61.631000
1009.277243	943.370391	56.000000	61.625000
1009.277239	943.375789	56.000000	61.622000
1009.277238	943.380597	56.000000	61.621000
1009.277240	943.385596	55.999999	61.623000
1009.277238	943.390795	55.999999	61.624000
1009.277241	943.395594	56.000000	61.625000
1009.277239	943.400592	56.000000	61.623000
1009.277243	943.405595	56.000000	61.621000
1009.277237	943.410592	56.000000	61.618000
1009.277242	943.415599	55.999999	61.616000
1009.277240	943.420399	56.000000	61.615000
1009.277242	943.425600	56.000000	61.616000
1009.277242	943.430400	55.999999	61.617000
1009.277240	943.435393	56.000000	61.619000
1009.277239	943.440398	56.000000	61.621000
1009.277243	943.445398	56.000000	61.622000
1009.277239	943.450797	56.000000	61.622000
1009.277238	943.455795	55.999999	61.622000
1009.277237	943.460991	56.000000	61.623000
1009.277240	943.465794	56.000000	61.625000
1009.277239	943.470784	56.000000	61.629000
1009.277243	943.475790	56.000000	61.632000
1009.277240	943.480786	56.000000	61.631000
1009.277241	943.485788	55.999999	61.626000
1009.277240	943.490584	56.000000	61.619000
1009.277237	943.495786	56.000000	61.611000
1009.277239	943.500586	56.000001	61.603000
1009.277243	943.505592	55.999999	61.596000
1009.277237	943.510781	55.999999	61.592000
1009.277237	943.515587	55.999998	61.590000
1009.277240	943.520779	55.999999	61.593000
1009.277242	943.525786	56.000002	61.601000
1009.277238	943.530987	56.000000	61.611000
1009.277238	943.535772	55.999998	61.619000
1009.277239	943.541369	56.000001	61.623000
1009.277240	943.545779	56.000001	61.624000
1009.277241	943.551181	55.999999	61.621000
1009.277241	943.555776	56.000002	61.618000
1009.277239	943.560979	56.000001	61.615000
1009.277239	943.565781	55.999998	61.615000
1009.277238	943.570986	56.000000	61.619000
1009.277240	943.575780	56.000002	61.627000
1009.277240	943.580782	55.999998	61.639000
1009.277240	943.585776	55.999997	61.649000
1009.277240	943.590786	55.999997	61.655000
1009.277240	943.595774	55.999999	61.656000
1009.277240	943.601169	55.999998	61.652000
1009.277237	943.605982	55.999997	61.646000
1009.277238	943.611177	56.000003	61.637000
1009.277239	943.616175	56.000001	61.628000
1009.277242	943.621174	56.000000	61.619000
1009.277239	943.626178	55.999998	61.611000
1009.277240	943.631181	55.999998	61.607000
1009.277240	943.635979	56.000001	61.605000
1009.277238	943.641183	56.000000	61.606000
1009.277237	943.645981	55.999997	61.609000
1009.277238	943.651187	56.000003	61.611000
1009.277240	943.655978	55.999998	61.611000
1009.277238	943.660989	55.999999	61.611000
1009.277238	943.665983	55.999999	61.611000
1009.277235	943.670984	56.000000	61.611000
1009.277239	943.676375	55.999998	61.615000
1009.277239	943.681380	55.999997	61.623000
1009.277239	943.686377	55.999999	61.633000
1009.277241	943.691586	56.000002	61.640000
1009.277241	943.696378	56.000001	61.643000
1009.277239	943.701387	56.000002	61.640000
1009.277241	943.706380	56.000003	61.635000
1009.277241	943.711387	56.000001	61.629000
1009.277240	943.716378	56.000002	61.623000
1009.277240	943.721388	56.000001	61.618000
1009.277243	943.726183	56.000000	61.616000
1009.277240	943.731400	56.000002	61.615000
1009.277240	943.736183	55.999998	61.616000
1009.277234	943.741194	55.999998	61.619000
1009.277242	943.746386	56.000003	61.621000
1009.277239	943.751599	55.999998	61.623000
1009.277242	943.756990	56.000002	61.624000
1009.277243	943.761596	55.999998	61.625000
1009.277238	943.766780	55.999997	61.625000
1009.277239	943.771590	55.999999	61.625000
1009.277242	943.776582	56.000000	61.625000
1009.277238	943.781581	56.000000	61.624000
1009.277240	943.786583	56.000002	61.624000
1009.277240	943.791592	56.000002	61.623000
1009.277239	943.796577	56.000001	61.621000
1009.277240	943.801390	56.000001	61.620000
1009.277238	943.806584	56.000000	61.620000
1009.277239	943.811394	56.000002	61.620000
1009.277239	943.816382	56.000003	61.618000
1009.277238	943.821390	56.000001	61.616000
1009.277239	943.826788	55.999997	61.613000
1009.277240	943.831796	55.999999	61.609000
1009.277239	943.836783	55.999999	61.608000
1009.277236	943.841797	56.000001	61.608000
1009.277238	943.847988	56.000002	61.609000
1009.277237	943.851591	55.999998	61.611000
1009.277240	943.856780	56.000002	61.612000
1009.277241	943.861783	56.000000	61.610000
1009.277240	943.866783	55.999998	61.606000
1009.277239	943.871596	56.000001	61.601000
1009.277236	943.876784	55.999997	61.597000
1009.277240	943.881786	55.999998	61.595000
1009.277240	943.886586	56.000000	61.596000
1009.277236	943.891603	56.000000	61.600000
1009.277242	943.896584	56.000001	61.605000
1009.277241	943.902001	56.000001	61.610000
1009.277242	943.906992	56.000001	61.611000
1009.277241	943.912002	56.000000	61.611000
1009.277238	943.916992	56.000002	61.610000
1009.277241	943.921997	56.000002	61.613000
1009.277239	943.926987	56.000002	61.617000
1009.277239	943.932004	56.000002	61.623000
1009.277239	943.936989	56.000002	61.627000
1009.277242	943.941990	56.000002	61.628000
1009.277241	943.946986	56.000000	61.627000
1009.277240	943.951997	56.000002	61.626000
1009.277241	943.956783	55.999998	61.626000
1009.277238	943.961789	55.999999	61.628000
1009.277239	943.966782	55.999998	61.629000
1009.277240	943.971793	55.999999	61.629000
1009.277244	943.977188	55.999998	61.629000
1009.277242	943.982196	55.999998	61.627000
1009.277240	943.987190	55.999997	61.625000
1009.277242	943.992197	55.999997	61.624000
1009.277240	943.997193	55.999998	61.623000
1009.277243	944.002191	55.999998	61.621000
1009.277243	944.007193	55.999998	61.619000
1009.277242	944.012191	55.999998	61.616000
1009.277238	944.017589	56.000000	61.614000
1009.277239	944.021988	56.000003	61.614000
1009.277242	944.027203	55.999998	61.616000
1009.277240	944.032001	56.000003	61.620000
1009.277238	944.036989	56.000003	61.625000
1009.277239	944.041986	56.000002	61.628000
1009.277244	944.046988	56.000002	61.629000
1009.277244	944.052409	55.999999	61.630000
1009.277240	944.057398	56.000000	61.629000
1009.277239	944.062390	56.000001	61.629000
1009.277242	944.067385	55.999999	61.629000
1009.277239	944.072400	55.999998	61.628000
1009.277238	944.077396	55.999999	61.626000
1009.277241	944.082389	55.999999	61.622000
1009.277236	944.087781	55.999998	61.617000
1009.277243	944.092388	55.999998	61.612000
1009.277240	944.097391	55.999999	61.608000
1009.277237	944.102394	56.000001	61.608000
1009.277240	944.107592	56.000001	61.611000
1009.277239	944.112193	55.999997	61.615000
1009.277241	944.117188	56.000001	61.619000
1009.277244	944.122183	55.999999	61.621000
1009.277240	944.127586	56.000002	61.623000
1009.277238	944.132403	55.999997	61.622000
1009.277240	944.137595	56.000001	61.619000
1009.277240	944.142393	56.000000	61.616000
1009.277242	944.147580	56.000000	61.613000
1009.277241	944.152396	56.000000	61.611000
1009.277238	944.157589	56.000002	61.611000
1009.277239	944.162387	55.999999	61.613000
1009.277240	944.167783	56.000000	61.616000
1009.277242	944.172393	55.999998	61.621000
1009.277242	944.177586	56.000002	61.624000
1009.277240	944.182376	56.000000	61.627000
1009.277241	944.187373	56.000002	61.629000
1009.277243	944.192387	56.000002	61.630000
1009.277237	944.197381	56.000001	61.632000
1009.277241	944.202382	55.999999	61.634000
1009.277240	944.207780	55.999998	61.636000
1009.277238	944.212786	55.999999	61.638000
1009.277239	944.217779	55.999998	61.639000
1009.277239	944.222779	55.999999	61.640000
1009.277242	944.227784	55.999998	61.640000
1009.277241	944.232994	56.000002	61.639000
1009.277240	944.237790	55.999998	61.636000
1009.277243	944.242993	56.000001	61.633000
1009.277242	944.247780	55.999999	61.629000
1009.277239	944.252795	55.999999	61.624000
1009.277240	944.257796	56.000000	61.619000
1009.277238	944.262795	56.000001	61.614000
1009.277238	944.267580	56.000001	61.608000
1009.277242	944.272600	56.000000	61.604000
1009.277240	944.277590	55.999999	61.600000
1009.277240	944.283003	56.000000	61.598000
1009.277240	944.287998	56.000000	61.598000
1009.277238	944.292990	56.000000	61.599000
1009.277239	944.297973	55.999999	61.601000
1009.277242	944.302791	55.999999	61.602000
1009.277239	944.307993	56.000000	61.604000
1009.277241	944.313206	55.999999	61.607000
1009.277237	944.318198	55.999998	61.611000
1009.277238	944.322777	56.000001	61.616000
1009.277245	944.327771	56.000000	61.621000
1009.277243	944.332786	56.000000	61.624000
1009.277236	944.337779	56.000000	61.624000
1009.277239	944.342791	56.000002	61.620000
1009.277240	944.347781	56.000001	61.615000
1009.277242	944.352983	56.000001	61.607000
1009.277240	944.358179	56.000000	61.600000
1009.277243	944.363597	56.000000	61.594000
1009.277237	944.368177	55.999999	61.593000
1009.277240	944.373395	55.999999	61.597000
1009.277241	944.378189	55.999999	61.603000
1009.277240	944.383194	55.999999	61.610000
1009.277241	944.388192	56.000000	61.614000
1009.277241	944.393194	56.000001	61.614000
1009.277238	944.398183	55.999999	61.611000
1009.277239	944.403185	55.999999	61.605000
1009.277241	944.407976	55.999999	61.599000
1009.277242	944.413193	55.999999	61.593000
1009.277242	944.417991	56.000000	61.591000
1009.277238	944.422976	56.000000	61.591000
1009.277239	944.428167	56.000000	61.593000
1009.277244	944.433583	56.000000	61.595000
1009.277244	944.438380	56.000001	61.594000
1009.277239	944.443384	56.000000	61.592000
1009.277240	944.448578	56.000000	61.590000
1009.277240	944.453395	56.000000	61.590000
1009.277239	944.458393	56.000000	61.592000
1009.277244	944.463387	56.000000	61.598000
1009.277244	944.468381	56.000001	61.604000
1009.277243	944.473401	56.000002	61.609000
1009.277240	944.478406	56.000002	61.613000
1009.277239	944.483401	56.000002	61.615000
1009.277242	944.488389	56.000001	61.616000
1009.277243	944.493195	55.999999	61.616000
1009.277239	944.498187	55.999998	61.614000
1009.277242	944.503192	55.999999	61.612000
1009.277235	944.508602	55.999999	61.608000
1009.277239	944.513606	55.999999	61.605000
1009.277245	944.518780	56.000000	61.602000
1009.277240	944.523585	56.000001	61.601000
1009.277238	944.528598	56.000001	61.602000
1009.277244	944.533807	55.999998	61.605000
1009.277241	944.538603	56.000000	61.610000
1009.277237	944.543604	56.000000	61.613000
1009.277244	944.548584	56.000000	61.614000
1009.277243	944.553598	56.000000	61.612000
1009.277242	944.558577	55.999999	61.609000
1009.277243	944.563397	56.000000	61.608000
1009.277238	944.568612	56.000000	61.610000
1009.277243	944.573399	56.000001	61.616000
1009.277240	944.578392	56.000001	61.624000
1009.277241	944.583791	55.999999	61.630000
1009.277242	944.588782	55.999999	61.633000
1009.277241	944.593807	55.999999	61.632000
1009.277242	944.599013	56.000001	61.630000
1009.277244	944.603801	55.999998	61.627000
1009.277242	944.608798	55.999999	61.624000
1009.277241	944.613798	55.999998	61.621000
1009.277242	944.618802	55.999999	61.616000
1009.277240	944.623799	56.000000	61.610000
1009.277240	944.628790	56.000002	61.604000
1009.277244	944.633802	55.999999	61.600000
1009.277244	944.638604	56.000001	61.600000
1009.277243	944.643590	56.000001	61.605000
1009.277241	944.648581	55.999999	61.613000
1009.277241	944.653601	55.999998	61.619000
1009.277241	944.659008	56.000000	61.622000
1009.277242	944.663991	55.999999	61.621000
1009.277242	944.668990	56.000001	61.619000
1009.277240	944.673990	56.000001	61.618000
1009.277237	944.679189	55.999999	61.617000
1009.277244	944.683995	56.000001	61.617000
1009.277242	944.688997	56.000000	61.618000
1009.277241	944.694192	56.000000	61.619000
1009.277244	944.698997	56.000001	61.619000
1009.277238	944.703989	56.000000	61.619000
1009.277242	944.708796	56.000001	61.618000
1009.277241	944.713798	55.999999	61.616000
1009.277238	944.718995	55.999999	61.614000
1009.277242	944.723792	55.999998	61.611000
1009.277243	944.728796	56.000000	61.610000
1009.277240	944.734197	56.000000	61.609000
1009.277241	944.739185	55.999999	61.608000
1009.277239	944.744184	55.999999	61.608000
1009.277238	944.749385	55.999999	61.608000
1009.277241	944.754203	55.999999	61.608000
1009.277240	944.758994	55.999999	61.607000
1009.277237	944.764182	56.000000	61.605000
1009.277240	944.768981	56.000000	61.604000
1009.277239	944.774189	56.000001	61.603000
1009.277241	944.778995	56.000001	61.602000
1009.277237	944.784383	56.000001	61.602000
1009.277240	944.788972	56.000000	61.602000
1009.277242	944.793997	56.000002	61.601000
1009.277242	944.799186	55.999999	61.601000
1009.277240	944.804177	55.999998	61.602000
1009.277244	944.809173	55.999999	61.605000
1009.277239	944.814180	55.999999	61.608000
1009.277242	944.819184	56.000001	61.610000
1009.277239	944.824381	55.999998	61.610000
1009.277240	944.828978	56.000002	61.607000
1009.277237	944.834380	55.999998	61.603000
1009.277238	944.838987	56.000002	61.599000
1009.277236	944.844380	55.999999	61.597000
1009.277242	944.848988	56.000002	61.598000
1009.277237	944.854181	55.999999	61.602000
1009.277239	944.858995	56.000002	61.607000
1009.277237	944.864185	55.999997	61.611000
1009.277241	944.868983	56.000002	61.613000
1009.277243	944.873996	56.000000	61.613000
1009.277241	944.878996	56.000000	61.613000
1009.277239	944.883994	55.999999	61.613000
1009.277238	944.889386	56.000000	61.613000
1009.277238	944.894393	55.999997	61.615000
1009.277238	944.899196	56.000000	61.617000
1009.277239	944.904398	55.999999	61.619000
1009.277237	944.909390	56.000000	61.621000
1009.277238	944.914405	56.000001	61.623000
1009.277238	944.919394	55.999999	61.624000
1009.277240	944.924404	55.999998	61.625000
1009.277238	944.929396	56.000001	61.627000
1009.277238	944.934407	56.000001	61.630000
1009.277239	944.939401	56.000000	61.632000
1009.277238	944.944400	55.999999	61.634000
1009.277237	944.949194	55.999998	61.634000
1009.277235	945.008192	56.000000	61.618000
1009.277241	945.013609	55.999999	61.621000
1009.277243	945.018607	56.000000	61.625000
1009.277242	945.023612	55.999999	61.628000
1009.277238	945.028600	56.000000	61.629000
1009.277241	945.034007	56.000000	61.627000
1009.277240	945.039008	56.000000	61.624000
1009.277241	945.044000	56.000000	61.622000
1009.277243	945.049000	56.000000	61.620000
1009.277242	945.054001	56.000001	61.619000
1009.277241	945.059003	56.000000	61.619000
1009.277242	945.063996	56.000000	61.620000
1009.277243	945.068988	56.000000	61.621000
1009.277238	945.073987	56.000000	61.624000
1009.277240	945.079192	56.000000	61.628000
1009.277237	945.083996	56.000001	61.631000
1009.277241	945.088990	55.999999	61.633000
1009.277235	945.093990	56.000000	61.632000
1009.277244	945.098790	55.999999	61.632000
1009.277244	945.103794	56.000000	61.633000
1009.277233	945.109189	56.000000	61.635000
1009.277239	945.114394	56.000000	61.637000
1009.277240	945.119002	56.000000	61.638000
1009.277240	945.124196	56.000000	61.637000
1009.277242	945.128993	55.999999	61.635000
1009.277242	945.134194	56.000000	61.631000
1009.277241	945.139195	55.999999	61.629000
1009.277239	945.144185	55.999999	61.628000
1009.277239	945.148992	56.000000	61.631000
1009.277236	945.154194	56.000000	61.638000
1009.277241	945.158996	56.000000	61.647000
1009.277238	945.164190	55.999999	61.656000
1009.277243	945.168986	56.000001	61.661000
1009.277243	945.173995	56.000000	61.661000
1009.277242	945.178991	56.000001	61.659000
1009.277237	945.184580	55.999999	61.659000
1009.277240	945.189380	56.000000	61.663000
1009.277240	945.194382	56.000000	61.667000
1009.277240	945.199400	55.999998	61.669000
1009.277239	945.204391	55.999999	61.666000
1009.277236	945.209380	56.000001	61.662000
1009.277239	945.214395	55.999999	61.660000
1009.277238	945.219194	55.999999	61.663000
1009.277238	945.224393	56.000000	61.667000
1009.277238	945.229179	56.000000	61.669000
1009.277237	945.234397	56.000002	61.668000
1009.277241	945.239395	56.000000	61.663000
1009.277242	945.244390	56.000000	61.656000
1009.277241	945.249183	56.000000	61.647000
1009.277241	945.254192	56.000000	61.637000
1009.277241	945.259592	56.000000	61.626000
1009.277241	945.264581	55.999999	61.615000
1009.277240	945.269581	56.000001	61.605000
1009.277240	945.274585	56.000000	61.600000
1009.277243	945.279588	55.999999	61.600000
1009.277237	945.284584	55.999999	61.605000
1009.277239	945.289581	56.000001	61.612000
1009.277238	945.294596	56.000000	61.618000
1009.277240	945.299594	55.999999	61.621000
1009.277240	945.304588	56.000002	61.621000
1009.277239	945.309589	55.999999	61.619000
1009.277239	945.314400	55.999998	61.615000
1009.277239	945.319396	56.000002	61.609000
1009.277239	945.324394	55.999998	61.604000
1009.277241	945.329392	56.000000	61.601000
1009.277243	945.334800	56.000000	61.600000
1009.277242	945.339793	56.000000	61.601000
1009.277240	945.344790	56.000001	61.603000
1009.277240	945.349790	55.999999	61.603000
1009.277240	945.354796	55.999999	61.602000
1009.277243	945.359788	56.000001	61.601000
1009.277240	945.364991	56.000001	61.601000
1009.277239	945.369788	56.000001	61.602000
1009.277240	945.374791	56.000001	61.604000
1009.277242	945.379790	55.999998	61.606000
1009.277240	945.384785	56.000001	61.609000
1009.277242	945.389785	55.999999	61.610000
1009.277239	945.394585	56.000001	61.611000
1009.277237	945.399584	55.999999	61.611000
1009.277239	945.404582	56.000000	61.611000
1009.277241	945.409977	56.000000	61.610000
1009.277242	945.414987	55.999999	61.608000
1009.277241	945.419984	56.000002	61.605000
1009.277240	945.424987	55.999998	61.603000
1009.277243	945.429980	56.000000	61.601000
1009.277240	945.434985	56.000002	61.602000
1009.277237	945.439986	55.999999	61.606000
1009.277242	945.444977	56.000000	61.613000
1009.277243	945.449991	56.000000	61.620000
1009.277240	945.455189	56.000000	61.625000
1009.277240	945.459987	56.000001	61.627000
1009.277240	945.464786	55.999999	61.627000
1009.277242	945.469789	56.000000	61.626000
1009.277239	945.474797	55.999998	61.624000
1009.277243	945.479790	56.000001	61.621000
1009.277242	945.485184	55.999998	61.620000
1009.277240	945.490194	56.000002	61.620000
1009.277240	945.495186	55.999999	61.621000
1009.277243	945.500190	55.999999	61.623000
1009.277239	945.505186	56.000000	61.625000
1009.277245	945.510385	55.999999	61.626000
1009.277241	945.515191	56.000001	61.627000
1009.277245	945.520190	56.000001	61.627000
1009.277243	945.525183	55.999999	61.627000
1009.277240	945.530388	56.000000	61.626000
1009.277243	945.535197	56.000000	61.626000
1009.277238	945.540195	56.000000	61.624000
1009.277239	945.545190	56.000000	61.621000
1009.277240	945.550188	56.000000	61.618000
1009.277242	945.554988	56.000001	61.615000
1009.277239	945.560380	56.000000	61.612000
1009.277243	945.565398	56.000002	61.610000
1009.277238	945.570587	56.000002	61.609000
1009.277242	945.575375	55.999999	61.609000
1009.277241	945.580382	56.000001	61.610000
1009.277236	945.585378	56.000001	61.610000
1009.277244	945.590389	55.999998	61.611000
1009.277244	945.595379	55.999999	61.612000
1009.277240	945.600388	55.999998	61.613000
1009.277239	945.605392	56.000001	61.615000
1009.277241	945.610194	55.999999	61.616000
1009.277245	945.615371	56.000000	61.618000
1009.277242	945.620180	56.000000	61.619000
1009.277244	945.625172	56.000000	61.619000
1009.277243	945.630184	55.999999	61.619000
1009.277240	945.635572	56.000000	61.618000
1009.277241	945.640573	56.000000	61.617000
1009.277243	945.645576	56.000001	61.616000
1009.277242	945.650571	55.999999	61.614000
1009.277238	945.655377	56.000001	61.612000
1009.277243	945.660379	56.000001	61.610000
1009.277240	945.665578	56.000001	61.608000
1009.277240	945.670573	56.000001	61.609000
1009.277244	945.675763	55.999999	61.612000
1009.277240	945.680572	56.000002	61.618000
1009.277239	945.685572	55.999998	61.625000
1009.277239	945.690580	56.000000	61.630000
1009.277238	945.695578	56.000001	61.632000
1009.277242	945.700376	55.999998	61.631000
1009.277241	945.705369	56.000000	61.629000
1009.277237	945.710782	56.000000	61.624000
1009.277237	945.715780	55.999999	61.620000
1009.277235	945.720778	55.999999	61.616000
1009.277240	945.725776	56.000001	61.613000
1009.277241	945.730791	56.000000	61.612000
1009.277237	945.735787	55.999999	61.614000
1009.277239	945.740789	55.999999	61.619000
1009.277239	945.745785	56.000000	61.623000
1009.277236	945.750793	56.000000	61.624000
1009.277241	945.755788	56.000000	61.622000
1009.277241	945.760588	56.000000	61.617000
1009.277239	945.765579	56.000000	61.610000
1009.277242	945.770591	55.999999	61.604000
1009.277238	945.775587	56.000000	61.600000
1009.277239	945.780591	56.000001	61.599000
1009.277239	945.785985	55.999999	61.603000
1009.277238	945.790993	55.999999	61.609000
1009.277236	945.795985	56.000000	61.615000
1009.277240	945.800989	56.000001	61.619000
1009.277242	945.806184	56.000000	61.620000
1009.277239	945.810986	55.999999	61.618000
1009.277238	945.815982	56.000000	61.615000
1009.277238	945.820981	56.000000	61.611000
1009.277240	945.825776	56.000000	61.607000
1009.277238	945.830795	56.000000	61.602000
1009.277238	945.835783	55.999999	61.598000
1009.277240	945.840981	56.000000	61.595000
1009.277237	945.845784	56.000000	61.594000
1009.277240	945.850796	55.999999	61.596000
1009.277238	945.855786	56.000000	61.600000
1009.277240	945.861188	56.000000	61.606000
1009.277239	945.865982	55.999999	61.609000
1009.277237	945.871190	56.000000	61.611000
1009.277236	945.876197	55.999999	61.610000
1009.277241	945.881195	55.999999	61.607000
1009.277239	945.886196	55.999999	61.603000
1009.277241	945.891202	56.000000	61.599000
1009.277239	945.896187	55.999999	61.595000
1009.277238	945.901190	55.999998	61.591000
1009.277238	945.905987	56.000000	61.589000
1009.277240	945.911392	56.000000	61.589000
1009.277239	945.915987	56.000000	61.592000
1009.277239	945.920986	56.000002	61.598000
1009.277240	945.925978	55.999997	61.606000
1009.277242	945.930983	55.999999	61.614000
1009.277238	945.936383	56.000001	61.622000
1009.277243	945.941591	56.000002	61.626000
1009.277240	945.946370	55.999999	61.626000
1009.277241	945.951375	56.000001	61.624000
1009.277241	945.956375	56.000000	61.619000
1009.277237	945.961592	56.000002	61.615000
1009.277242	945.966383	56.000002	61.613000
1009.277240	945.971376	56.000002	61.613000
1009.277238	945.976373	55.999998	61.614000
1009.277242	945.981575	55.999998	61.616000
1009.277239	945.986379	56.000002	61.618000
1009.277240	945.991386	55.999999	61.620000
1009.277241	945.996379	56.000003	61.622000
1009.277241	946.001376	55.999999	61.624000
1009.277237	946.006168	55.999998	61.625000
1009.277240	946.011578	56.000002	61.626000
1009.277242	946.016589	55.999997	61.625000
1009.277240	946.021780	55.999998	61.623000
1009.277241	946.026585	55.999997	61.620000
1009.277240	946.031588	56.000002	61.619000
1009.277241	946.036585	55.999997	61.620000
1009.277237	946.041583	56.000002	61.624000
1009.277239	946.046778	56.000002	61.630000
1009.277240	946.051580	56.000003	61.635000
1009.277240	946.056583	55.999998	61.637000
1009.277242	946.061579	56.000003	61.635000
1009.277239	946.066381	56.000003	61.631000
1009.277242	946.071580	56.000002	61.626000
1009.277238	946.076376	56.000003	61.620000
1009.277240	946.081383	55.999997	61.615000
1009.277238	946.086774	55.999999	61.611000
1009.277240	946.091990	56.000001	61.608000
1009.277241	946.096785	56.000002	61.607000
1009.277238	946.101783	55.999998	61.608000
1009.277239	946.106780	56.000000	61.611000
1009.277240	946.111786	55.999998	61.616000
1009.277240	946.116781	56.000001	61.621000
1009.277240	946.121786	55.999999	61.625000
1009.277239	946.126779	56.000001	61.627000
1009.277243	946.131796	55.999998	61.628000
1009.277240	946.136789	56.000001	61.627000
1009.277239	946.141783	55.999999	61.626000
1009.277241	946.146787	56.000002	61.626000
1009.277240	946.151589	56.000001	61.627000
1009.277240	946.156585	56.000000	61.630000
1009.277238	946.161984	56.000001	61.631000
1009.277241	946.167180	56.000001	61.631000
1009.277240	946.171996	55.999998	61.629000
1009.277239	946.176990	56.000002	61.624000
1009.277241	946.181984	56.000000	61.618000
1009.277242	946.186985	55.999998	61.612000
1009.277239	946.191991	56.000003	61.607000
1009.277238	946.196992	55.999999	61.605000
1009.277241	946.201982	56.000000	61.607000
1009.277241	946.206983	56.000001	61.610000
1009.277241	946.211992	55.999998	61.611000
1009.277240	946.216787	55.999998	61.609000
1009.277240	946.221773	56.000001	61.605000
1009.277243	946.226763	56.000002	61.599000
1009.277237	946.231787	56.000001	61.594000
1009.277238	946.237191	56.000000	61.592000
1009.277239	946.242194	56.000000	61.591000
1009.277243	946.247166	55.999999	61.591000
1009.277244	946.252187	56.000001	61.591000
1009.277239	946.257381	56.000002	61.590000
1009.277240	946.262390	55.999998	61.587000
1009.277237	946.267181	55.999999	61.583000
1009.277244	946.272181	56.000000	61.580000
1009.277241	946.277175	56.000002	61.581000
1009.277238	946.282181	55.999998	61.584000
1009.277245	946.287187	55.999999	61.590000
1009.277239	946.292210	56.000000	61.596000
1009.277239	946.297380	56.000002	61.603000
1009.277246	946.301974	56.000002	61.607000
1009.277241	946.306969	56.000000	61.610000
1009.277245	946.312394	56.000000	61.612000
1009.277232	946.317594	56.000000	61.613000
1009.277237	946.322384	55.999999	61.613000
1009.277244	946.327590	55.999999	61.614000
1009.277240	946.332388	55.999999	61.615000
1009.277239	946.337369	56.000000	61.614000
1009.277238	946.342575	55.999998	61.613000
1009.277238	946.347407	55.999999	61.612000
1009.277236	946.352407	56.000000	61.610000
1009.277240	946.357385	56.000001	61.609000
1009.277239	946.362390	55.999998	61.608000
1009.277241	946.367187	55.999998	61.607000
1009.277241	946.372211	56.000001	61.607000
1009.277240	946.377185	55.999999	61.607000
1009.277239	946.382199	56.000001	61.608000
1009.277238	946.387185	56.000002	61.610000
1009.277242	946.392597	55.999999	61.613000
1009.277238	946.397588	56.000001	61.615000
1009.277236	946.402598	56.000000	61.617000
1009.277238	946.407596	56.000001	61.618000
1009.277239	946.412806	56.000002	61.617000
1009.277237	946.417581	56.000003	61.616000
1009.277238	946.422593	55.999998	61.615000
1009.277236	946.427589	56.000002	61.615000
1009.277234	946.432602	55.999998	61.615000
1009.277234	946.437584	56.000001	61.613000
1009.277239	946.442381	56.000002	61.612000
1009.277236	946.447597	56.000001	61.610000
1009.277240	946.452401	56.000000	61.610000
1009.277238	946.457387	55.999999	61.611000
1009.277238	946.462395	56.000001	61.612000
1009.277236	946.467804	56.000000	61.613000
1009.277238	946.472801	55.999998	61.612000
1009.277240	946.477988	55.999998	61.609000
1009.277240	946.482797	55.999997	61.606000
1009.277239	946.487796	56.000000	61.603000
1009.277239	946.493012	55.999999	61.602000
1009.277239	946.497802	55.999999	61.603000
1009.277242	946.502598	56.000001	61.606000
1009.277237	946.507784	55.999997	61.612000
1009.277241	946.512801	56.000002	61.618000
1009.277241	946.517804	55.999998	61.624000
1009.277241	946.522799	56.000001	61.629000
1009.277239	946.527782	56.000002	61.632000
1009.277240	946.532594	56.000003	61.632000
1009.277237	946.537605	56.000000	61.631000
1009.277242	946.542999	55.999997	61.627000
1009.277243	946.547988	55.999998	61.624000
1009.277242	946.552997	56.000003	61.620000
1009.277239	946.558203	55.999998	61.617000
1009.277237	946.562803	55.999999	61.615000
1009.277240	946.567985	56.000002	61.613000
1009.277241	946.572993	56.000000	61.612000
1009.277240	946.577995	55.999997	61.611000
1009.277236	946.582791	55.999997	61.610000
1009.277239	946.587989	56.000002	61.608000
1009.277240	946.592789	56.000001	61.606000
1009.277243	946.597991	56.000002	61.603000
1009.277241	946.602985	55.999999	61.601000
1009.277241	946.607785	55.999999	61.599000
1009.277238	946.612792	55.999997	61.600000
1009.277238	946.617783	56.000002	61.603000
1009.277239	946.623181	56.000003	61.611000
1009.277237	946.628184	55.999999	61.619000
1009.277240	946.633199	55.999997	61.625000
1009.277239	946.638195	56.000002	61.626000
1009.277240	946.643184	55.999998	61.624000
1009.277238	946.648192	56.000000	61.620000
1009.277238	946.653202	56.000001	61.617000
1009.277241	946.658390	56.000002	61.617000
1009.277240	946.663192	56.000002	61.620000
1009.277238	946.668187	55.999999	61.626000
1009.277239	946.672998	55.999999	61.632000
1009.277244	946.678194	55.999999	61.633000
1009.277239	946.682985	55.999998	61.630000
1009.277241	946.687983	56.000002	61.625000
1009.277238	946.693007	56.000003	61.620000
1009.277240	946.698399	56.000001	61.617000
1009.277242	946.703393	55.999997	61.616000
1009.277242	946.708798	55.999998	61.617000
1009.277241	946.713401	55.999999	61.619000
1009.277243	946.718404	55.999998	61.618000
1009.277244	946.723382	56.000002	61.616000
1009.277243	946.728386	55.999997	61.611000
1009.277242	946.733407	56.000002	61.607000
1009.277239	946.738404	55.999999	61.603000
1009.277239	946.743195	55.999999	61.602000
1009.277239	946.748394	56.000001	61.603000
1009.277242	946.753401	55.999999	61.607000
1009.277236	946.758199	56.000000	61.613000
1009.277239	946.763199	56.000000	61.618000
1009.277242	946.768191	55.999998	61.622000
1009.277241	946.773805	56.000001	61.622000
1009.277242	946.778594	56.000000	61.620000
1009.277245	946.783596	55.999998	61.617000
1009.277239	946.788590	56.000000	61.614000
1009.277242	946.793605	56.000003	61.611000
1009.277242	946.798595	55.999999	61.610000
1009.277244	946.803601	56.000001	61.609000
1009.277241	946.808591	56.000000	61.608000
1009.277242	946.813609	55.999998	61.608000
1009.277241	946.818595	56.000000	61.610000
1009.277245	946.823591	56.000001	61.612000
1009.277244	946.828389	56.000001	61.615000
1009.277242	946.833609	56.000001	61.618000
1009.277237	946.838392	56.000002	61.619000
1009.277239	946.843392	55.999999	61.619000
1009.277242	946.848791	55.999998	61.618000
1009.277241	946.853798	56.000000	61.615000
1009.277243	946.858792	56.000003	61.613000
1009.277240	946.863795	56.000001	61.612000
1009.277241	946.868786	55.999998	61.612000
1009.277239	946.873798	56.000001	61.613000
1009.277242	946.878797	56.000001	61.616000
1009.277240	946.883988	56.000001	61.618000
1009.277241	946.888786	56.000001	61.621000
1009.277241	946.893796	56.000001	61.624000
1009.277238	946.898794	55.999996	61.627000
1009.277239	946.903584	55.999999	61.628000
1009.277243	946.908780	56.000004	61.628000
1009.277242	946.913600	56.000000	61.626000
1009.277242	946.918596	56.000000	61.623000
1009.277238	946.923990	55.999999	61.617000
1009.277239	946.928981	56.000002	61.612000
1009.277241	946.933801	56.000000	61.607000
1009.277242	946.938994	55.999997	61.604000
1009.277240	946.943986	55.999997	61.603000
1009.277241	946.948988	55.999999	61.604000
1009.277242	946.954003	56.000002	61.608000
1009.277241	946.958990	55.999997	61.613000
1009.277241	946.963987	55.999996	61.619000
1009.277242	946.969180	56.000003	61.624000
1009.277240	946.973993	56.000000	61.628000
1009.277240	946.978995	56.000002	61.629000
1009.277237	946.983985	56.000003	61.628000
1009.277241	946.989178	55.999997	61.626000
1009.277236	946.993792	56.000003	61.622000
1009.277241	946.999190	56.000002	61.620000
1009.277237	947.004184	56.000003	61.620000
1009.277240	947.009176	55.999998	61.622000
1009.277239	947.014187	55.999997	61.625000
1009.277239	947.018991	56.000001	61.628000
1009.277238	947.024189	56.000002	61.629000
1009.277245	947.028985	56.000002	61.627000
1009.277238	947.034193	56.000000	61.623000
1009.277241	947.039194	56.000001	61.618000
1009.277238	947.044187	55.999999	61.613000
1009.277238	947.048986	55.999999	61.610000
1009.277238	947.054390	55.999999	61.610000
1009.277240	947.059189	55.999998	61.612000
1009.277240	947.063981	55.999997	61.614000
1009.277240	947.068984	56.000000	61.617000
1009.277241	947.074385	56.000001	61.619000
1009.277238	947.079395	55.999998	61.621000
1009.277240	947.084384	56.000000	61.621000
1009.277236	947.089382	56.000001	61.621000
1009.277242	947.094383	55.999998	61.619000
1009.277242	947.099394	56.000002	61.616000
1009.277238	947.104383	56.000000	61.612000
1009.277240	947.109385	55.999998	61.607000
1009.277238	947.114393	56.000000	61.604000
1009.277237	947.119591	56.000001	61.602000
1009.277239	947.124389	56.000001	61.602000
1009.277237	947.129188	56.000001	61.603000
1009.277236	947.134399	56.000001	61.605000
1009.277235	947.139398	55.999999	61.607000
1009.277240	947.144190	55.999999	61.609000
1009.277242	947.149587	55.999999	61.611000
1009.277240	947.154598	55.999999	61.612000
1009.277239	947.159789	56.000000	61.612000
1009.277237	947.164588	56.000000	61.611000
1009.277237	947.169594	56.000000	61.609000
1009.277240	947.174596	56.000001	61.606000
1009.277240	947.179407	56.000001	61.604000
1009.277241	947.184593	56.000000	61.603000
1009.277241	947.189595	55.999999	61.602000
1009.277239	947.194597	56.000001	61.601000
1009.277242	947.199600	55.999999	61.598000
1009.277238	947.204788	56.000000	61.595000
1009.277239	947.209396	56.000000	61.591000
1009.277238	947.214405	56.000000	61.587000
1009.277240	947.219400	56.000000	61.585000
1009.277244	947.224791	56.000000	61.583000
1009.277239	947.229800	56.000000	61.584000
1009.277243	947.234993	56.000000	61.586000
1009.277243	947.239799	56.000000	61.591000
1009.277242	947.244779	56.000000	61.596000
1009.277237	947.249788	55.999999	61.603000
1009.277239	947.254790	56.000001	61.608000
1009.277239	947.259797	56.000001	61.612000
1009.277242	947.264786	56.000000	61.613000
1009.277246	947.269787	56.000000	61.613000
1009.277239	947.274791	55.999998	61.612000
1009.277238	947.279799	55.999998	61.610000
1009.277241	947.284796	55.999998	61.609000
1009.277241	947.289794	55.999997	61.607000
1009.277241	947.294590	56.000003	61.606000
1009.277243	947.299995	56.000000	61.604000
1009.277241	947.305388	55.999998	61.602000
1009.277239	947.310388	55.999998	61.599000
1009.277239	947.315782	55.999998	61.598000
1009.277235	947.320583	56.000003	61.597000
1009.277240	947.325583	56.000002	61.599000
1009.277240	947.330589	56.000002	61.602000
1009.277239	947.335590	56.000003	61.605000
1009.277237	947.340586	56.000002	61.607000
1009.277239	947.345582	56.000002	61.607000
1009.277238	947.350582	56.000001	61.606000
1009.277242	947.355382	56.000000	61.605000
1009.277240	947.360785	56.000000	61.606000
1009.277241	947.365387	56.000000	61.609000
1009.277239	947.370394	56.000001	61.614000
1009.277234	947.375789	56.000001	61.618000
1009.277237	947.380780	55.999999	61.620000
1009.277239	947.385779	56.000000	61.620000
1009.277240	947.390788	56.000000	61.617000
1009.277239	947.395585	55.999999	61.612000
1009.277240	947.400790	55.999999	61.605000
1009.277240	947.405588	56.000000	61.598000
1009.277237	947.410785	55.999999	61.591000
1009.277240	947.415589	55.999999	61.586000
1009.277240	947.420789	56.000000	61.583000
1009.277238	947.425579	55.999999	61.583000
1009.277237	947.430579	56.000000	61.586000
1009.277239	947.435580	56.000000	61.591000
1009.277239	947.440584	56.000000	61.597000
1009.277237	947.445576	56.000001	61.602000
1009.277238	947.450976	56.000002	61.610000
1009.277237	947.455975	56.000000	61.619000
1009.277239	947.460977	56.000000	61.629000
1009.277238	947.465776	55.999999	61.636000
1009.277239	947.470978	55.999999	61.640000
1009.277240	947.475979	56.000000	61.640000
1009.277240	947.480979	56.000001	61.636000
1009.277239	947.485979	56.000001	61.633000
1009.277239	947.490981	56.000000	61.631000
1009.277238	947.495981	56.000002	61.631000
1009.277239	947.501175	56.000000	61.632000
1009.277241	947.505780	55.999997	61.633000
1009.277239	947.510785	55.999998	61.632000
1009.277238	947.515777	55.999997	61.630000
1009.277241	947.520781	55.999998	61.628000
1009.277239	947.526181	55.999999	61.626000
1009.277241	947.531181	55.999999	61.624000
1009.277239	947.536174	56.000001	61.619000
1009.277240	947.541180	55.999999	61.615000
1009.277237	947.546175	55.999999	61.611000
1009.277238	947.551180	55.999999	61.612000
1009.277239	947.556178	55.999999	61.617000
1009.277243	947.561183	55.999999	61.625000
1009.277242	947.566175	56.000001	61.633000
1009.277240	947.571188	55.999998	61.636000
1009.277241	947.576183	55.999998	61.635000
1009.277238	947.581179	56.000000	61.630000
1009.277238	947.585977	56.000001	61.624000
1009.277238	947.590981	56.000000	61.617000
1009.277240	947.595985	56.000001	61.610000
1009.277244	947.601392	56.000001	61.604000
1009.277240	947.606380	56.000000	61.601000
1009.277244	947.611384	56.000001	61.599000
1009.277237	947.616391	55.999999	61.599000
1009.277236	947.621394	56.000000	61.600000
1009.277238	947.626385	56.000000	61.603000
1009.277242	947.631391	56.000000	61.608000
1009.277242	947.636379	56.000000	61.610000
1009.277243	947.641384	56.000001	61.611000
1009.277241	947.646384	56.000000	61.610000
1009.277238	947.651385	56.000000	61.608000
1009.277240	947.656182	55.999999	61.607000
1009.277237	947.661174	56.000000	61.607000
1009.277240	947.666170	55.999999	61.608000
1009.277242	947.671175	56.000000	61.609000
1009.277238	947.676374	55.999999	61.610000
1009.277239	947.681381	55.999999	61.613000
1009.277241	947.686377	56.000000	61.616000
1009.277238	947.691383	56.000003	61.618000
1009.277244	947.696376	56.000001	61.619000
1009.277240	947.701382	56.000000	61.619000
1009.277240	947.706788	55.999998	61.618000
1009.277241	947.711389	56.000002	61.616000
1009.277241	947.716584	56.000000	61.615000
1009.277242	947.721385	56.000000	61.614000
1009.277240	947.726177	55.999998	61.614000
1009.277240	947.731380	56.000002	61.615000
1009.277243	947.736181	56.000002	61.617000
1009.277244	947.741186	56.000000	61.622000
1009.277243	947.746188	55.999998	61.627000
1009.277240	947.751583	55.999998	61.631000
1009.277242	947.756581	56.000000	61.633000
1009.277241	947.761584	56.000000	61.631000
1009.277240	947.766578	55.999999	61.627000
1009.277242	947.771582	56.000001	61.622000
1009.277240	947.776581	56.000000	61.617000
1009.277240	947.781582	56.000000	61.612000
1009.277241	947.786578	55.999999	61.609000
1009.277241	947.791589	56.000001	61.608000
1009.277241	947.796592	55.999998	61.608000
1009.277243	947.801594	56.000001	61.607000
1009.277239	947.806383	56.000000	61.606000
1009.277239	947.811392	56.000001	61.605000
1009.277241	947.816395	56.000002	61.605000
1009.277240	947.821397	55.999999	61.605000
1009.277244	947.826787	55.999997	61.605000
1009.277239	947.831796	55.999997	61.606000
1009.277243	947.836802	55.999997	61.606000
1009.277236	947.841796	55.999997	61.606000
1009.277241	947.846792	55.999997	61.606000
1009.277237	947.851802	55.999998	61.605000
1009.277240	947.857002	56.000001	61.604000
1009.277241	947.861798	56.000002	61.602000
1009.277238	947.866796	56.000000	61.600000
1009.277239	947.872002	56.000002	61.599000
1009.277242	947.876791	55.999997	61.598000
1009.277242	947.881792	55.999997	61.596000
1009.277245	947.886782	55.999999	61.595000
1009.277240	947.891598	55.999999	61.592000
1009.277241	947.896596	55.999997	61.589000
1009.277244	947.901998	56.000001	61.586000
1009.277239	947.906982	55.999999	61.587000
1009.277241	947.911995	55.999997	61.592000
1009.277240	947.916996	55.999997	61.599000
1009.277238	947.921788	55.999999	61.607000
1009.277240	947.926989	56.000000	61.612000
1009.277242	947.932005	56.000002	61.613000
1009.277236	947.937198	55.999996	61.611000
1009.277235	947.942403	56.000001	61.608000
1009.277240	947.946991	56.000000	61.606000
1009.277245	947.952011	55.999998	61.605000
1009.277243	947.957003	55.999998	61.607000
1009.277242	947.961795	55.999999	61.609000
1009.277244	947.966793	55.999997	61.610000
1009.277238	947.971799	56.000000	61.610000
1009.277240	947.977195	56.000000	61.607000
1009.277240	947.982195	56.000003	61.603000
1009.277239	947.987192	56.000002	61.601000
1009.277239	947.992198	56.000001	61.600000
1009.277237	947.997194	55.999998	61.601000
1009.277238	948.002193	55.999998	61.605000
1009.277235	948.007182	56.000001	61.611000
1009.277238	948.012185	56.000002	61.618000
1009.277237	948.017188	56.000000	61.624000
1009.277238	948.022177	55.999998	61.628000
1009.277236	948.027179	56.000000	61.630000
1009.277239	948.032184	56.000002	61.629000
1009.277237	948.037182	55.999997	61.626000
1009.277240	948.041982	56.000002	61.622000
1009.277237	948.046971	55.999999	61.618000
1009.277240	948.051981	55.999997	61.615000
1009.277235	948.057183	56.000002	61.613000
1009.277243	948.062180	55.999998	61.612000
1009.277239	948.067177	55.999997	61.612000
1009.277239	948.072175	56.000000	61.612000
1009.277241	948.077174	56.000002	61.612000
1009.277239	948.082168	55.999997	61.611000
1009.277239	948.087573	55.999999	61.611000
1009.277240	948.092180	56.000002	61.612000
1009.277236	948.097176	55.999998	61.616000
1009.277240	948.102177	56.000000	61.622000
1009.277239	948.107176	56.000002	61.628000
1009.277238	948.111984	56.000002	61.633000
1009.277240	948.117382	56.000002	61.636000
1009.277239	948.122178	56.000002	61.637000
1009.277242	948.127182	55.999998	61.635000
1009.277243	948.132584	55.999998	61.631000
1009.277240	948.135555	56.000000	61.628000
