720.238651	828.480438	55.451901	50.514000
720.238621	828.480419	55.451900	50.540000
720.241292	828.480413	55.451900	50.541000
720.244096	828.480423	55.451900	50.542000
720.246690	828.480415	55.451900	50.542000
720.249444	828.480419	55.451900	50.541000
720.252023	828.480414	55.451900	50.541000
720.254633	828.480419	55.451900	50.541000
720.257116	828.480421	55.451900	50.541000
720.259690	828.480421	55.451900	50.540000
720.262186	828.480419	55.451900	50.540000
720.264979	828.480417	55.451900	50.540000
720.267457	828.480421	55.451900	50.540000
720.270026	828.480421	55.451900	50.540000
720.272555	828.480423	55.451900	50.540000
720.274973	828.480422	55.451900	50.539000
720.277555	828.480417	55.451899	50.539000
720.280007	828.480417	55.451900	50.539000
720.282590	828.480418	55.451900	50.539000
720.285046	828.480417	55.451900	50.539000
720.287525	828.480418	55.451900	50.538000
720.290084	828.480422	55.451900	50.538000
720.292610	828.480420	55.451900	50.538000
720.295094	828.480417	55.451900	50.538000
720.297566	828.480421	55.451899	50.538000
720.300115	828.480417	55.451900	50.538000
720.302813	828.480418	55.451900	50.537000
720.305332	828.480421	55.451900	50.537000
720.307910	828.480418	55.451900	50.537000
720.310355	828.480423	55.451900	50.537000
720.312857	828.480416	55.451900	50.536000
720.315434	828.480421	55.451899	50.536000
720.317728	828.480418	55.451900	50.536000
720.320258	828.480420	55.451900	50.535000
720.322758	828.480422	55.451900	50.535000
720.325277	828.480421	55.451900	50.535000
720.327746	828.480421	55.451900	50.534000
720.330387	828.480420	55.451900	50.534000
720.332782	828.480420	55.451900	50.533000
720.335257	828.480422	55.451900	50.533000
720.337845	828.480419	55.451899	50.532000
720.340561	828.480418	55.451900	50.532000
720.342960	828.480417	55.451900	50.531000
720.345477	828.480419	55.451900	50.531000
720.348046	828.480426	55.451900	50.531000
720.350487	828.480421	55.451901	50.530000
720.352982	828.480422	55.451900	50.530000
720.355453	828.480421	55.451900	50.530000
720.358137	828.480416	55.451900	50.529000
720.360378	828.480419	55.451900	50.529000
720.362867	828.480415	55.451900	50.529000
720.365372	828.480417	55.451900	50.529000
720.367850	828.480417	55.451900	50.529000
720.370391	828.480420	55.451900	50.528000
720.372886	828.480420	55.451900	50.528000
720.375356	828.480419	55.451900	50.528000
720.378036	828.480421	55.451900	50.528000
720.380553	828.480423	55.451900	50.527000
720.383066	828.480419	55.451900	50.527000
720.385563	828.480421	55.451900	50.527000
720.388056	828.480422	55.451900	50.527000
720.390592	828.480417	55.451900	50.527000
720.393086	828.480420	55.451900	50.526000
720.395544	828.480418	55.451900	50.526000
720.397933	828.480417	55.451900	50.526000
720.400473	828.480416	55.451900	50.525000
720.402970	828.480419	55.451900	50.525000
720.405483	828.480420	55.451900	50.524000
720.407947	828.480421	55.451900	50.523000
720.410496	828.480421	55.451900	50.523000
720.412977	828.480418	55.451900	50.522000
720.415453	828.480424	55.451900	50.522000
720.418133	828.480415	55.451900	50.522000
720.420665	828.480420	55.451900	50.521000
720.423169	828.480422	55.451900	50.521000
720.425668	828.480420	55.451900	50.520000
720.428152	828.480421	55.451900	50.520000
720.430693	828.480417	55.451900	50.520000
720.433169	828.480417	55.451900	50.520000
720.435546	828.480420	55.451900	50.520000
720.438031	828.480421	55.451899	50.520000
720.440569	828.480423	55.451901	50.519000
720.443072	828.480420	55.451900	50.519000
720.445568	828.480418	55.451900	50.519000
720.448053	828.480418	55.451900	50.519000
720.450587	828.480418	55.451900	50.519000
720.453182	828.480417	55.451900	50.518000
720.455548	828.480417	55.451900	50.518000
720.458238	828.480419	55.451900	50.518000
720.460846	828.480421	55.451900	50.518000
720.463364	828.480418	55.451900	50.517000
720.465749	828.480416	55.451900	50.517000
720.468356	828.480419	55.451900	50.517000
720.470783	828.480415	55.451900	50.517000
720.473276	828.480417	55.451900	50.517000
720.475736	828.480418	55.451900	50.516000
720.478136	828.480419	55.451900	50.516000
720.480660	828.480418	55.451900	50.516000
720.483164	828.480420	55.451900	50.515000
720.485663	828.480422	55.451900	50.515000
720.488138	828.480418	55.451900	50.514000
720.490694	828.480420	55.451899	50.514000
720.493170	828.480420	55.451900	50.513000
720.495843	828.480420	55.451900	50.513000
720.498325	828.480421	55.451900	50.513000
720.500853	828.480422	55.451900	50.513000
720.503362	828.480419	55.451900	50.512000
720.505849	828.480421	55.451900	50.512000
720.508440	828.480419	55.451900	50.512000
720.510892	828.480421	55.451900	50.511000
720.513369	828.480419	55.451900	50.511000
720.515739	828.480419	55.451900	50.511000
720.518233	828.480417	55.451900	50.511000
720.520752	828.480419	55.451900	50.511000
720.523275	828.480420	55.451900	50.511000
720.525758	828.480421	55.451900	50.511000
720.528252	828.480420	55.451900	50.510000
720.530781	828.480420	55.451900	50.510000
720.533471	828.480419	55.451900	50.510000
720.535933	828.480424	55.451900	50.510000
720.538439	828.480419	55.451900	50.510000
720.541044	828.480418	55.451900	50.509000
720.543471	828.480418	55.451900	50.509000
720.545933	828.480422	55.451900	50.509000
720.548451	828.480421	55.451900	50.508000
720.550989	828.480418	55.451900	50.508000
720.553370	828.480419	55.451900	50.507000
720.555845	828.480418	55.451900	50.507000
720.558333	828.480421	55.451900	50.506000
720.560848	828.480420	55.451900	50.505000
720.563461	828.480420	55.451900	50.505000
720.565858	828.480419	55.451900	50.504000
720.568346	828.480423	55.451900	50.502000
720.571099	828.480419	55.451900	50.502000
720.573566	828.480418	55.451900	50.501000
720.576045	828.480419	55.451900	50.500000
720.578532	828.480418	55.451900	50.500000
720.581052	828.480421	55.451900	50.500000
720.583556	828.480418	55.451900	50.500000
720.586042	828.480419	55.451900	50.500000
720.588549	828.480415	55.451900	50.499000
720.591094	828.480418	55.451900	50.499000
720.593473	828.480415	55.451900	50.499000
720.595935	828.480422	55.451900	50.499000
720.598437	828.480419	55.451900	50.498000
720.600936	828.480423	55.451900	50.498000
720.603670	828.480416	55.451900	50.497000
720.605935	828.480420	55.451900	50.496000
720.608652	828.480423	55.451900	50.496000
720.611293	828.480422	55.451900	50.495000
720.613774	828.480416	55.451900	50.494000
720.616325	828.480424	55.451900	50.493000
720.618834	828.480423	55.451900	50.491000
720.621246	828.480420	55.451900	50.490000
720.623755	828.480423	55.451900	50.489000
720.626242	828.480423	55.451900	50.488000
720.628646	828.480418	55.451900	50.487000
720.631190	828.480419	55.451900	50.486000
720.633662	828.480420	55.451900	50.485000
720.636138	828.480422	55.451900	50.485000
720.638624	828.480420	55.451900	50.484000
720.641141	828.480416	55.451900	50.484000
720.643654	828.480420	55.451900	50.484000
720.646139	828.480418	55.451900	50.484000
720.648837	828.480419	55.451900	50.484000
720.651396	828.480421	55.451900	50.483000
720.653862	828.480420	55.451900	50.483000
720.656339	828.480421	55.451900	50.482000
720.658827	828.480417	55.451900	50.481000
720.661354	828.480422	55.451900	50.480000
720.663842	828.480422	55.451900	50.479000
720.666342	828.480421	55.451900	50.478000
720.668845	828.480421	55.451900	50.476000
720.671287	828.480418	55.451900	50.475000
720.673761	828.480421	55.451900	50.473000
720.676228	828.480424	55.451900	50.472000
720.678738	828.480417	55.451900	50.470000
720.681253	828.480419	55.451900	50.469000
720.683760	828.480421	55.451900	50.468000
720.686236	828.480421	55.451900	50.467000
720.688942	828.480420	55.451900	50.466000
720.691479	828.480423	55.451900	50.465000
720.693868	828.480418	55.451900	50.464000
720.696420	828.480422	55.451900	50.463000
720.698920	828.480417	55.451900	50.463000
720.701555	828.480419	55.451900	50.462000
720.703848	828.480422	55.451900	50.461000
720.706442	828.480422	55.451900	50.461000
720.708946	828.480420	55.451900	50.460000
720.711391	828.480420	55.451900	50.459000
720.713865	828.480422	55.451900	50.458000
720.716335	828.480418	55.451900	50.457000
720.718916	828.480418	55.451900	50.456000
720.721364	828.480423	55.451900	50.455000
720.723849	828.480418	55.451900	50.454000
720.726356	828.480419	55.451900	50.452000
720.729162	828.480419	55.451900	50.451000
720.731599	828.480418	55.451900	50.450000
720.734064	828.480419	55.451900	50.449000
720.736638	828.480417	55.451900	50.448000
720.739031	828.480417	55.451900	50.447000
720.741560	828.480422	55.451900	50.446000
720.744055	828.480414	55.451900	50.445000
720.746550	828.480420	55.451900	50.445000
720.748947	828.480417	55.451900	50.444000
720.751490	828.480421	55.451900	50.443000
720.753963	828.480421	55.451900	50.442000
720.756426	828.480422	55.451900	50.441000
720.758936	828.480420	55.451900	50.440000
720.761457	828.480423	55.451900	50.440000
720.763957	828.480424	55.451900	50.439000
720.766647	828.480422	55.451900	50.438000
720.769154	828.480419	55.451900	50.437000
720.771689	828.480418	55.451900	50.437000
720.774168	828.480423	55.451900	50.436000
720.776730	828.480419	55.451900	50.435000
720.779140	828.480420	55.451900	50.434000
720.781569	828.480418	55.451900	50.433000
720.784165	828.480421	55.451900	50.432000
720.786558	828.480414	55.451900	50.431000
720.789054	828.480419	55.451900	50.430000
720.791597	828.480416	55.451900	50.430000
720.794064	828.480419	55.451900	50.430000
720.796542	828.480418	55.451900	50.429000
720.799031	828.480416	55.451900	50.429000
720.801570	828.480417	55.451900	50.428000
720.804268	828.480423	55.451900	50.428000
720.806754	828.480420	55.451900	50.427000
720.809260	828.480421	55.451900	50.426000
720.811909	828.480419	55.451900	50.425000
720.814266	828.480418	55.451900	50.424000
720.816738	828.480420	55.451900	50.423000
720.819245	828.480423	55.451900	50.422000
720.821669	828.480421	55.451900	50.422000
720.824171	828.480417	55.451900	50.421000
720.826655	828.480421	55.451900	50.420000
720.829161	828.480419	55.451900	50.419000
720.831691	828.480420	55.451900	50.418000
720.834165	828.480421	55.451900	50.417000
720.836626	828.480421	55.451900	50.416000
720.839134	828.480416	55.451900	50.415000
720.841860	828.480423	55.451900	50.414000
720.844378	828.480420	55.451900	50.412000
720.846848	828.480421	55.451900	50.411000
720.849362	828.480417	55.451900	50.411000
720.851994	828.480418	55.451900	50.410000
720.854364	828.480419	55.451900	50.409000
720.856829	828.480418	55.451900	50.409000
720.859237	828.480418	55.451900	50.408000
720.861857	828.480419	55.451900	50.408000
720.864267	828.480422	55.451900	50.408000
720.866746	828.480422	55.451900	50.407000
720.869362	828.480420	55.451900	50.406000
720.871793	828.480420	55.451900	50.406000
720.874261	828.480423	55.451900	50.405000
720.876730	828.480420	55.451900	50.405000
720.879447	828.480418	55.451900	50.404000
720.881958	828.480413	55.451900	50.404000
720.884580	828.480418	55.451900	50.403000
720.886945	828.480418	55.451900	50.402000
720.889470	828.480418	55.451900	50.402000
720.891991	828.480419	55.451900	50.401000
720.894460	828.480421	55.451900	50.400000
720.896826	828.480423	55.451900	50.400000
720.899552	828.480420	55.451900	50.399000
720.901860	828.480419	55.451900	50.398000
720.904375	828.480421	55.451900	50.397000
720.906836	828.480421	55.451900	50.396000
720.909361	828.480419	55.451900	50.395000
720.911890	828.480420	55.451900	50.394000
720.914363	828.480419	55.451900	50.394000
720.917030	828.480419	55.451900	50.393000
720.919673	828.480422	55.451900	50.392000
720.922067	828.480422	55.451900	50.391000
720.924587	828.480417	55.451900	50.390000
720.927146	828.480420	55.451900	50.389000
720.929580	828.480420	55.451900	50.388000
720.932086	828.480421	55.451900	50.387000
720.934464	828.480418	55.451900	50.385000
720.936936	828.480420	55.451900	50.384000
720.939448	828.480416	55.451900	50.383000
720.942052	828.480421	55.451900	50.382000
720.944471	828.480419	55.451900	50.380000
720.946941	828.480419	55.451900	50.379000
720.949468	828.480418	55.451900	50.378000
720.952090	828.480423	55.451900	50.376000
720.954658	828.480422	55.451900	50.375000
720.957131	828.480420	55.451900	50.374000
720.959671	828.480423	55.451900	50.373000
720.962261	828.480420	55.451900	50.372000
720.964689	828.480422	55.451900	50.371000
720.967143	828.480418	55.451900	50.370000
720.969684	828.480420	55.451900	50.369000
720.972193	828.480419	55.451900	50.368000
720.974555	828.480420	55.451900	50.368000
720.977036	828.480424	55.451900	50.368000
720.979550	828.480419	55.451900	50.367000
720.982065	828.480419	55.451900	50.367000
720.984585	828.480416	55.451900	50.366000
720.987048	828.480415	55.451900	50.365000
720.989575	828.480418	55.451900	50.364000
720.992092	828.480419	55.451900	50.363000
720.994761	828.480423	55.451900	50.362000
720.997239	828.480416	55.451900	50.361000
720.999767	828.480423	55.451900	50.361000
721.002269	828.480420	55.451900	50.360000
721.004796	828.480415	55.451900	50.359000
721.007243	828.480424	55.451900	50.358000
721.009691	828.480420	55.451900	50.357000
721.012385	828.480422	55.451900	50.356000
721.014668	828.480422	55.451900	50.356000
721.017135	828.480418	55.451900	50.355000
721.019669	828.480422	55.451900	50.354000
721.022154	828.480422	55.451900	50.354000
721.024699	828.480425	55.451900	50.353000
721.027146	828.480421	55.451900	50.352000
721.029694	828.480422	55.451900	50.352000
721.032391	828.480421	55.451900	50.351000
721.034856	828.480421	55.451900	50.350000
721.037333	828.480413	55.451900	50.350000
721.039869	828.480419	55.451900	50.349000
721.042367	828.480420	55.451900	50.348000
721.044983	828.480421	55.451900	50.348000
721.047341	828.480419	55.451900	50.348000
721.049885	828.480420	55.451900	50.347000
721.052293	828.480423	55.451900	50.347000
721.054752	828.480425	55.451900	50.347000
721.057241	828.480421	55.451900	50.347000
721.059760	828.480421	55.451900	50.347000
721.062261	828.480423	55.451900	50.347000
721.064788	828.480419	55.451900	50.347000
721.067245	828.480416	55.451900	50.346000
721.069992	828.480417	55.451900	50.346000
721.072489	828.480420	55.451900	50.346000
721.074951	828.480420	55.451900	50.345000
721.077434	828.480417	55.451900	50.345000
721.079971	828.480417	55.451900	50.345000
721.082465	828.480420	55.451900	50.344000
721.085090	828.480420	55.451900	50.344000
721.087439	828.480418	55.451900	50.343000
721.089895	828.480421	55.451900	50.343000
721.092387	828.480418	55.451900	50.342000
721.094871	828.480420	55.451900	50.341000
721.097335	828.480419	55.451900	50.341000
721.099877	828.480423	55.451900	50.340000
721.102366	828.480422	55.451900	50.340000
721.104895	828.480418	55.451900	50.339000
721.107545	828.480421	55.451900	50.339000
721.110092	828.480417	55.451900	50.338000
721.112684	828.480418	55.451900	50.338000
721.115062	828.480422	55.451900	50.338000
721.117533	828.480424	55.451900	50.338000
721.120173	828.480419	55.451900	50.337000
721.122468	828.480417	55.451900	50.337000
721.125087	828.480423	55.451900	50.336000
721.127552	828.480420	55.451900	50.336000
721.129994	828.480418	55.451900	50.336000
721.132500	828.480419	55.451900	50.336000
721.134948	828.480417	55.451900	50.335000
721.137437	828.480418	55.451900	50.335000
721.139971	828.480415	55.451900	50.335000
721.142468	828.480421	55.451900	50.335000
721.145187	828.480418	55.451900	50.335000
721.147641	828.480420	55.451900	50.335000
721.150195	828.480419	55.451900	50.335000
721.152693	828.480422	55.451900	50.335000
721.155349	828.480421	55.451900	50.335000
721.157630	828.480418	55.451900	50.334000
721.160181	828.480414	55.451900	50.334000
721.162759	828.480419	55.451900	50.333000
721.165190	828.480418	55.451900	50.333000
721.167540	828.480424	55.451900	50.333000
721.170095	828.480419	55.451900	50.333000
721.172583	828.480417	55.451900	50.333000
721.175063	828.480421	55.451900	50.333000
721.177534	828.480417	55.451900	50.333000
721.180077	828.480417	55.451900	50.333000
721.182562	828.480419	55.451900	50.333000
721.185284	828.480420	55.451900	50.333000
721.187747	828.480420	55.451900	50.333000
721.190294	828.480420	55.451900	50.334000
721.192785	828.480413	55.451900	50.334000
721.195255	828.480419	55.451900	50.335000
721.197736	828.480420	55.451900	50.335000
721.200275	828.480419	55.451900	50.336000
721.202774	828.480417	55.451900	50.337000
721.205282	828.480418	55.451900	50.337000
721.207647	828.480420	55.451900	50.338000
721.210188	828.480421	55.451900	50.339000
721.212691	828.480418	55.451900	50.340000
721.215160	828.480419	55.451900	50.340000
721.217738	828.480424	55.451900	50.341000
721.220182	828.480419	55.451900	50.341000
721.222875	828.480419	55.451900	50.342000
721.225382	828.480420	55.451900	50.342000
721.227854	828.480422	55.451900	50.343000
721.230397	828.480420	55.451900	50.344000
721.232890	828.480422	55.451900	50.344000
721.235358	828.480420	55.451900	50.345000
721.237731	828.480420	55.451900	50.346000
721.240277	828.480424	55.451900	50.346000
721.242748	828.480419	55.451900	50.347000
721.245284	828.480417	55.451900	50.347000
721.247746	828.480420	55.451900	50.348000
721.250291	828.480417	55.451900	50.348000
721.252780	828.480417	55.451900	50.349000
721.255253	828.480423	55.451899	50.349000
721.257827	828.480416	55.451900	50.350000
721.260470	828.480422	55.451900	50.350000
721.262962	828.480419	55.451900	50.351000
721.265484	828.480424	55.451900	50.352000
721.267944	828.480422	55.451900	50.353000
721.270578	828.480419	55.451900	50.354000
721.272987	828.480416	55.451900	50.355000
721.275445	828.480423	55.451900	50.355000
721.278030	828.480416	55.451900	50.356000
721.280465	828.480422	55.451900	50.357000
721.282873	828.480420	55.451900	50.359000
721.285381	828.480419	55.451900	50.360000
721.287847	828.480417	55.451900	50.361000
721.290386	828.480422	55.451900	50.361000
721.292892	828.480420	55.451900	50.362000
721.295346	828.480420	55.451900	50.362000
721.297826	828.480421	55.451900	50.363000
721.300562	828.480416	55.451900	50.362000
721.303070	828.480419	55.451900	50.362000
721.305582	828.480418	55.451900	50.362000
721.308038	828.480420	55.451900	50.362000
721.310580	828.480419	55.451900	50.361000
721.313088	828.480419	55.451900	50.361000
721.315548	828.480419	55.451900	50.361000
721.317930	828.480426	55.451900	50.361000
721.320472	828.480420	55.451900	50.361000
721.322959	828.480420	55.451900	50.361000
721.325480	828.480421	55.451900	50.361000
721.327940	828.480421	55.451900	50.361000
721.330485	828.480418	55.451900	50.361000
721.332982	828.480419	55.451900	50.361000
721.335452	828.480420	55.451900	50.361000
721.338121	828.480419	55.451900	50.361000
721.340658	828.480419	55.451900	50.361000
721.343161	828.480419	55.451900	50.360000
721.345672	828.480416	55.451900	50.360000
721.348247	828.480418	55.451900	50.359000
721.350583	828.480419	55.451900	50.359000
721.353189	828.480416	55.451900	50.358000
721.355648	828.480419	55.451900	50.357000
721.358034	828.480419	55.451900	50.357000
721.360665	828.480423	55.451900	50.357000
721.363072	828.480415	55.451900	50.356000
721.365582	828.480421	55.451900	50.356000
721.368047	828.480419	55.451900	50.356000
721.370590	828.480423	55.451900	50.356000
721.373087	828.480416	55.451900	50.357000
721.375746	828.480420	55.451900	50.357000
721.378235	828.480419	55.451900	50.357000
721.380758	828.480418	55.451900	50.357000
721.383268	828.480422	55.451900	50.357000
721.385769	828.480419	55.451900	50.357000
721.388250	828.480418	55.451900	50.357000
721.390786	828.480421	55.451900	50.356000
721.393276	828.480421	55.451900	50.356000
721.395654	828.480419	55.451900	50.355000
721.398134	828.480419	55.451900	50.354000
721.400673	828.480417	55.451900	50.353000
721.403273	828.480419	55.451900	50.353000
721.405678	828.480419	55.451900	50.352000
721.408144	828.480417	55.451900	50.352000
721.410791	828.480422	55.451900	50.352000
721.413486	828.480420	55.451900	50.351000
721.415840	828.480421	55.451900	50.351000
721.418326	828.480420	55.451900	50.351000
721.420961	828.480421	55.451900	50.351000
721.423370	828.480423	55.451900	50.351000
721.425872	828.480418	55.451900	50.351000
721.428348	828.480418	55.451900	50.350000
721.430792	828.480420	55.451900	50.350000
721.433285	828.480417	55.451900	50.350000
721.435755	828.480420	55.451900	50.349000
721.438235	828.480421	55.451900	50.349000
721.440766	828.480417	55.451900	50.349000
721.443271	828.480422	55.451900	50.349000
721.445777	828.480419	55.451900	50.349000
721.448248	828.480422	55.451900	50.349000
721.451002	828.480422	55.451900	50.349000
721.453491	828.480420	55.451900	50.350000
721.455944	828.480422	55.451900	50.350000
721.458441	828.480422	55.451900	50.350000
721.460951	828.480420	55.451900	50.350000
721.463467	828.480420	55.451900	50.350000
721.465958	828.480421	55.451900	50.350000
721.468459	828.480422	55.451900	50.350000
721.470994	828.480418	55.451900	50.351000
721.473487	828.480420	55.451900	50.351000
721.475850	828.480421	55.451900	50.352000
721.478335	828.480417	55.451900	50.352000
721.480852	828.480421	55.451900	50.353000
721.483373	828.480420	55.451900	50.353000
721.485873	828.480419	55.451900	50.354000
721.488348	828.480420	55.451900	50.354000
721.491101	828.480420	55.451900	50.355000
721.493685	828.480423	55.451900	50.356000
721.496048	828.480419	55.451899	50.357000
721.498535	828.480422	55.451900	50.358000
721.501051	828.480416	55.451900	50.359000
721.503568	828.480421	55.451900	50.361000
721.506053	828.480421	55.451900	50.362000
721.508448	828.480416	55.451900	50.364000
721.511000	828.480421	55.451900	50.365000
721.513476	828.480420	55.451900	50.366000
721.516046	828.480422	55.451900	50.368000
721.518433	828.480421	55.451900	50.368000
721.520951	828.480419	55.451900	50.369000
721.523562	828.480418	55.451900	50.370000
721.525956	828.480419	55.451900	50.371000
721.528646	828.480419	55.451900	50.372000
721.531196	828.480420	55.451900	50.373000
721.533776	828.480416	55.451900	50.374000
721.536137	828.480422	55.451900	50.375000
721.538634	828.480418	55.451900	50.376000
721.541149	828.480424	55.451900	50.376000
721.543665	828.480421	55.451900	50.377000
721.546038	828.480418	55.451900	50.377000
721.548655	828.480420	55.451900	50.378000
721.551086	828.480420	55.451900	50.378000
721.553580	828.480419	55.451900	50.379000
721.556034	828.480417	55.451900	50.379000
721.558537	828.480420	55.451900	50.380000
721.561040	828.480418	55.451900	50.380000
721.563568	828.480416	55.451900	50.381000
721.566244	828.480424	55.451900	50.382000
721.568756	828.480421	55.451900	50.383000
721.571299	828.480420	55.451900	50.383000
721.573767	828.480422	55.451900	50.384000
721.576242	828.480419	55.451900	50.386000
721.578735	828.480421	55.451900	50.387000
721.581258	828.480421	55.451900	50.389000
721.583661	828.480421	55.451900	50.391000
721.586254	828.480421	55.451900	50.393000
721.588649	828.480420	55.451900	50.395000
721.591301	828.480422	55.451900	50.397000
721.593767	828.480420	55.451900	50.398000
721.596147	828.480422	55.451900	50.400000
721.598645	828.480421	55.451900	50.401000
721.601158	828.480422	55.451900	50.402000
721.603855	828.480420	55.451900	50.403000
721.606353	828.480424	55.451900	50.405000
721.608853	828.480421	55.451900	50.406000
721.611398	828.480424	55.451900	50.408000
721.613879	828.480420	55.451900	50.409000
721.616342	828.480422	55.451900	50.411000
721.618937	828.480417	55.451900	50.413000
721.621354	828.480424	55.451900	50.415000
721.623866	828.480418	55.451899	50.416000
721.626345	828.480419	55.451900	50.417000
721.628755	828.480422	55.451900	50.418000
721.631292	828.480417	55.451900	50.419000
721.633781	828.480420	55.451900	50.419000
721.636232	828.480423	55.451900	50.420000
721.638735	828.480424	55.451900	50.420000
721.641251	828.480421	55.451900	50.421000
721.643960	828.480423	55.451900	50.422000
721.646444	828.480417	55.451900	50.423000
721.648954	828.480418	55.451900	50.424000
721.651506	828.480417	55.451901	50.424000
721.653974	828.480421	55.451900	50.425000
721.656535	828.480422	55.451900	50.426000
721.658839	828.480423	55.451900	50.426000
721.661465	828.480416	55.451900	50.427000
721.663864	828.480420	55.451900	50.427000
721.666344	828.480416	55.451900	50.427000
721.668850	828.480417	55.451900	50.428000
721.671401	828.480419	55.451900	50.428000
721.673870	828.480420	55.451900	50.429000
721.676335	828.480420	55.451900	50.430000
721.678832	828.480424	55.451900	50.430000
721.681565	828.480419	55.451900	50.430000
721.684056	828.480419	55.451900	50.430000
721.686542	828.480425	55.451900	50.430000
721.689042	828.480419	55.451900	50.430000
721.691593	828.480420	55.451900	50.430000
721.694072	828.480413	55.451900	50.430000
721.696539	828.480414	55.451900	50.430000
721.699032	828.480417	55.451900	50.431000
721.701454	828.480420	55.451900	50.431000
721.703956	828.480416	55.451900	50.432000
721.706453	828.480422	55.451900	50.433000
721.708954	828.480422	55.451900	50.433000
721.711496	828.480423	55.451900	50.433000
721.713973	828.480421	55.451900	50.433000
721.716432	828.480418	55.451900	50.433000
721.719127	828.480421	55.451900	50.433000
721.721663	828.480419	55.451900	50.433000
721.724159	828.480423	55.451900	50.433000
721.726651	828.480425	55.451900	50.433000
721.729263	828.480419	55.451900	50.433000
721.731704	828.480420	55.451900	50.434000
721.734177	828.480421	55.451900	50.435000
721.736635	828.480423	55.451900	50.435000
721.739234	828.480426	55.451900	50.436000
721.741770	828.480417	55.451900	50.437000
721.744171	828.480421	55.451900	50.437000
721.746557	828.480420	55.451900	50.438000
721.749047	828.480417	55.451900	50.438000
721.751601	828.480424	55.451900	50.438000
721.753985	828.480417	55.451900	50.438000
721.756538	828.480419	55.451900	50.438000
721.759229	828.480420	55.451900	50.439000
721.761763	828.480424	55.451900	50.439000
721.764262	828.480423	55.451900	50.439000
721.766752	828.480420	55.451900	50.440000
721.769355	828.480418	55.451900	50.440000
721.771800	828.480420	55.451900	50.440000
721.774266	828.480424	55.451900	50.441000
721.776640	828.480427	55.451900	50.441000
721.779229	828.480422	55.451900	50.442000
721.781673	828.480415	55.451900	50.442000
721.784261	828.480418	55.451900	50.443000
721.786635	828.480421	55.451900	50.444000
721.789132	828.480423	55.451900	50.444000
721.791703	828.480425	55.451900	50.444000
721.794184	828.480423	55.451900	50.444000
721.796838	828.480421	55.451900	50.444000
721.799323	828.480418	55.451900	50.444000
721.801852	828.480420	55.451900	50.444000
721.804365	828.480423	55.451900	50.444000
721.806848	828.480415	55.451900	50.443000
721.809375	828.480419	55.451900	50.443000
721.811894	828.480424	55.451900	50.443000
721.814260	828.480423	55.451900	50.444000
721.816832	828.480419	55.451900	50.444000
721.819331	828.480413	55.451900	50.444000
721.821761	828.480412	55.451900	50.444000
721.824257	828.480424	55.451900	50.443000
721.826750	828.480422	55.451900	50.443000
721.829251	828.480424	55.451900	50.442000
721.831799	828.480418	55.451900	50.441000
721.834471	828.480425	55.451900	50.439000
721.836937	828.480422	55.451899	50.438000
721.839444	828.480421	55.451900	50.437000
721.841961	828.480421	55.451900	50.436000
721.844471	828.480417	55.451900	50.435000
721.846947	828.480422	55.451900	50.434000
721.849464	828.480417	55.451900	50.433000
721.851905	828.480419	55.451900	50.433000
721.854462	828.480422	55.451900	50.432000
721.856945	828.480421	55.451900	50.432000
721.859338	828.480419	55.451900	50.432000
721.861863	828.480418	55.451900	50.432000
721.864365	828.480417	55.451900	50.432000
721.866855	828.480417	55.451900	50.433000
721.869472	828.480420	55.451900	50.433000
721.871904	828.480425	55.451900	50.434000
721.874560	828.480421	55.451900	50.435000
721.877034	828.480418	55.451900	50.436000
721.879542	828.480418	55.451900	50.436000
721.882056	828.480423	55.451900	50.437000
721.884685	828.480419	55.451900	50.437000
721.887050	828.480422	55.451900	50.438000
721.889585	828.480419	55.451900	50.439000
721.892103	828.480422	55.451900	50.440000
721.894471	828.480420	55.451900	50.441000
721.896933	828.480422	55.451900	50.442000
721.899444	828.480420	55.451900	50.443000
721.901957	828.480418	55.451900	50.444000
721.904475	828.480423	55.451900	50.446000
721.906952	828.480418	55.451900	50.447000
721.909477	828.480419	55.451900	50.447000
721.912196	828.480419	55.451900	50.448000
721.914672	828.480420	55.451900	50.449000
721.917142	828.480416	55.451900	50.449000
721.919661	828.480423	55.451900	50.449000
721.922265	828.480414	55.451900	50.450000
721.924684	828.480421	55.451900	50.450000
721.927153	828.480421	55.451900	50.451000
721.929668	828.480424	55.451900	50.451000
721.932092	828.480421	55.451900	50.452000
721.934662	828.480417	55.451900	50.452000
721.937038	828.480422	55.451900	50.453000
721.939546	828.480420	55.451900	50.454000
721.942059	828.480425	55.451900	50.454000
721.944573	828.480422	55.451900	50.455000
721.947051	828.480423	55.451900	50.456000
721.949781	828.480415	55.451900	50.457000
721.952299	828.480421	55.451900	50.458000
721.954754	828.480419	55.451900	50.460000
721.957230	828.480419	55.451900	50.461000
721.959754	828.480421	55.451900	50.462000
721.962261	828.480421	55.451900	50.463000
721.964791	828.480413	55.451899	50.463000
721.967147	828.480423	55.451900	50.464000
721.969675	828.480419	55.451900	50.464000
721.972190	828.480419	55.451900	50.464000
721.974665	828.480420	55.451900	50.463000
721.977228	828.480422	55.451900	50.463000
721.979651	828.480424	55.451900	50.462000
721.982151	828.480421	55.451900	50.462000
721.984680	828.480423	55.451900	50.461000
721.987438	828.480420	55.451900	50.461000
721.989893	828.480421	55.451900	50.460000
721.992390	828.480417	55.451900	50.460000
721.994857	828.480420	55.451900	50.460000
721.997324	828.480420	55.451900	50.460000
721.999860	828.480418	55.451900	50.460000
722.002367	828.480416	55.451900	50.461000
722.004888	828.480417	55.451900	50.461000
722.007239	828.480417	55.451900	50.462000
722.009774	828.480418	55.451900	50.462000
722.012293	828.480417	55.451900	50.462000
722.014756	828.480418	55.451900	50.463000
722.017331	828.480421	55.451900	50.463000
722.019754	828.480419	55.451900	50.464000
722.022264	828.480421	55.451900	50.464000
722.024785	828.480418	55.451900	50.465000
722.027554	828.480419	55.451900	50.465000
722.029997	828.480424	55.451900	50.466000
722.032501	828.480423	55.451901	50.467000
722.035065	828.480422	55.451899	50.468000
722.037434	828.480423	55.451900	50.468000
722.039969	828.480420	55.451900	50.469000
722.042477	828.480422	55.451900	50.469000
722.044995	828.480420	55.451900	50.469000
722.047442	828.480421	55.451900	50.469000
722.049883	828.480418	55.451900	50.469000
722.052394	828.480422	55.451900	50.470000
722.054865	828.480421	55.451900	50.470000
722.057327	828.480421	55.451900	50.470000
722.059862	828.480420	55.451900	50.470000
722.062462	828.480418	55.451900	50.471000
722.065096	828.480419	55.451900	50.472000
722.067550	828.480421	55.451900	50.473000
722.070098	828.480421	55.451900	50.474000
722.072591	828.480419	55.451899	50.475000
722.075060	828.480423	55.451900	50.476000
722.077436	828.480424	55.451900	50.476000
722.080073	828.480418	55.451900	50.477000
722.082564	828.480419	55.451900	50.478000
722.084995	828.480420	55.451900	50.478000
722.087450	828.480419	55.451900	50.479000
722.089987	828.480422	55.451900	50.480000
722.092489	828.480419	55.451900	50.480000
722.094952	828.480423	55.451900	50.481000
722.097431	828.480417	55.451900	50.481000
722.099967	828.480420	55.451900	50.481000
722.102667	828.480420	55.451900	50.481000
722.105194	828.480417	55.451899	50.481000
722.107643	828.480419	55.451900	50.480000
722.110183	828.480420	55.451900	50.479000
722.112694	828.480421	55.451900	50.478000
722.115164	828.480418	55.451899	50.478000
722.117630	828.480420	55.451900	50.477000
722.120163	828.480421	55.451900	50.476000
722.122561	828.480423	55.451900	50.475000
722.125091	828.480423	55.451900	50.475000
722.127547	828.480419	55.451900	50.475000
722.130086	828.480421	55.451900	50.475000
722.132604	828.480424	55.451900	50.476000
722.135067	828.480421	55.451900	50.476000
722.137637	828.480422	55.451900	50.477000
722.140268	828.480419	55.451900	50.478000
722.142768	828.480422	55.451900	50.479000
722.145293	828.480421	55.451900	50.480000
722.147853	828.480423	55.451900	50.480000
722.150306	828.480418	55.451900	50.481000
722.152793	828.480420	55.451900	50.482000
722.155268	828.480424	55.451900	50.482000
722.157735	828.480424	55.451900	50.482000
722.160278	828.480422	55.451900	50.482000
722.162666	828.480422	55.451900	50.482000
722.165201	828.480425	55.451900	50.482000
722.167736	828.480418	55.451900	50.482000
722.170199	828.480420	55.451900	50.482000
722.172691	828.480419	55.451900	50.482000
722.175167	828.480419	55.451900	50.483000
722.177735	828.480424	55.451900	50.483000
722.180475	828.480424	55.451900	50.483000
722.182865	828.480424	55.451900	50.483000
722.185389	828.480424	55.451899	50.483000
722.187848	828.480417	55.451900	50.483000
722.190388	828.480419	55.451900	50.483000
722.192799	828.480420	55.451900	50.483000
722.195253	828.480418	55.451900	50.483000
722.197933	828.480414	55.451900	50.483000
722.200267	828.480424	55.451900	50.483000
722.202774	828.480424	55.451900	50.483000
722.205287	828.480422	55.451900	50.483000
722.207748	828.480424	55.451900	50.483000
722.210287	828.480419	55.451899	50.482000
722.212800	828.480420	55.451900	50.482000
722.215257	828.480423	55.451899	50.481000
722.217931	828.480419	55.451900	50.481000
722.220458	828.480418	55.451900	50.481000
722.222967	828.480422	55.451900	50.482000
722.225482	828.480418	55.451900	50.482000
722.227938	828.480421	55.451900	50.482000
722.230492	828.480417	55.451900	50.483000
722.232986	828.480422	55.451900	50.483000
722.235462	828.480423	55.451900	50.483000
722.237826	828.480421	55.451900	50.483000
722.240371	828.480418	55.451900	50.483000
722.242864	828.480425	55.451900	50.483000
722.245392	828.480421	55.451900	50.484000
722.247843	828.480421	55.451900	50.485000
722.250390	828.480420	55.451900	50.486000
722.252887	828.480422	55.451900	50.487000
722.255557	828.480418	55.451900	50.487000
722.258032	828.480419	55.451900	50.488000
722.260571	828.480425	55.451900	50.488000
722.263062	828.480417	55.451900	50.488000
722.265577	828.480421	55.451900	50.488000
722.268049	828.480420	55.451900	50.488000
722.270485	828.480422	55.451900	50.488000
722.273099	828.480416	55.451900	50.489000
722.275448	828.480417	55.451900	50.489000
722.277939	828.480420	55.451900	50.490000
722.280467	828.480424	55.451900	50.490000
722.282969	828.480417	55.451900	50.491000
722.285484	828.480415	55.451900	50.491000
722.287949	828.480420	55.451900	50.491000
722.290485	828.480417	55.451900	50.491000
722.293197	828.480423	55.451900	50.491000
722.295650	828.480419	55.451899	50.491000
722.298231	828.480419	55.451901	50.491000
722.300656	828.480420	55.451900	50.491000
722.303264	828.480423	55.451900	50.492000
722.305679	828.480423	55.451900	50.493000
722.308138	828.480416	55.451900	50.494000
722.310584	828.480417	55.451900	50.495000
722.313083	828.480419	55.451900	50.495000
722.315554	828.480415	55.451901	50.495000
722.318031	828.480420	55.451900	50.495000
722.320560	828.480415	55.451900	50.494000
722.323062	828.480415	55.451900	50.494000
722.325591	828.480419	55.451900	50.494000
722.328045	828.480419	55.451900	50.494000
722.330786	828.480421	55.451901	50.494000
722.333287	828.480422	55.451901	50.495000
722.335751	828.480419	55.451900	50.495000
722.338229	828.480419	55.451899	50.495000
722.340951	828.480418	55.451900	50.495000
722.343272	828.480417	55.451900	50.495000
722.345777	828.480420	55.451900	50.494000
722.348255	828.480420	55.451900	50.493000
722.350695	828.480423	55.451900	50.493000
722.353197	828.480421	55.451900	50.493000
722.355661	828.480421	55.451900	50.494000
722.358130	828.480421	55.451900	50.495000
722.360669	828.480420	55.451899	50.495000
722.363172	828.480420	55.451900	50.495000
722.365689	828.480417	55.451899	50.495000
722.368357	828.480418	55.451900	50.493000
722.370907	828.480418	55.451900	50.491000
722.373393	828.480424	55.451900	50.489000
722.375858	828.480420	55.451900	50.487000
722.378335	828.480422	55.451900	50.486000
722.380860	828.480420	55.451900	50.486000
722.383379	828.480420	55.451899	50.487000
722.385873	828.480419	55.451900	50.488000
722.388363	828.480420	55.451900	50.489000
722.390784	828.480420	55.451900	50.488000
722.393276	828.480422	55.451899	50.487000
722.395756	828.480422	55.451900	50.483000
722.398339	828.480421	55.451900	50.479000
722.400764	828.480419	55.451900	50.475000
722.403266	828.480423	55.451900	50.470000
722.406053	828.480420	55.451900	50.467000
722.408451	828.480420	55.451900	50.465000
722.410992	828.480421	55.451901	50.465000
722.413486	828.480418	55.451900	50.465000
722.415951	828.480420	55.451900	50.466000
722.418431	828.480421	55.451900	50.466000
722.420861	828.480422	55.451900	50.464000
722.423461	828.480423	55.451900	50.460000
722.425960	828.480421	55.451900	50.454000
722.428355	828.480422	55.451900	50.447000
722.430898	828.480419	55.451900	50.439000
722.433381	828.480422	55.451899	50.433000
722.435956	828.480422	55.451900	50.428000
722.438332	828.480423	55.451900	50.425000
722.440866	828.480422	55.451900	50.424000
722.443567	828.480422	55.451901	50.423000
722.446150	828.480420	55.451900	50.422000
722.448547	828.480419	55.451900	50.420000
722.451094	828.480425	55.451900	50.417000
722.453584	828.480419	55.451900	50.413000
722.456045	828.480420	55.451899	50.408000
722.458539	828.480421	55.451900	50.404000
722.460951	828.480420	55.451900	50.400000
722.463568	828.480418	55.451900	50.397000
722.465958	828.480420	55.451900	50.395000
722.468446	828.480424	55.451900	50.394000
722.470983	828.480421	55.451900	50.394000
722.473489	828.480419	55.451900	50.395000
722.475943	828.480420	55.451900	50.397000
722.478428	828.480418	55.451900	50.398000
722.481137	828.480420	55.451900	50.399000
722.483663	828.480422	55.451900	50.400000
722.486140	828.480421	55.451900	50.400000
722.488651	828.480422	55.451899	50.399000
722.491192	828.480417	55.451900	50.399000
722.493689	828.480425	55.451899	50.398000
722.496145	828.480419	55.451900	50.398000
722.498634	828.480421	55.451900	50.398000
722.501047	828.480419	55.451900	50.400000
722.503575	828.480421	55.451899	50.401000
722.506062	828.480420	55.451900	50.404000
722.508551	828.480421	55.451900	50.407000
722.511107	828.480423	55.451900	50.411000
722.513684	828.480422	55.451900	50.415000
722.516056	828.480418	55.451900	50.420000
722.518737	828.480419	55.451900	50.424000
722.521257	828.480416	55.451900	50.428000
722.523862	828.480418	55.451900	50.431000
722.526252	828.480422	55.451900	50.434000
722.528753	828.480420	55.451900	50.436000
722.531305	828.480422	55.451899	50.438000
722.533780	828.480421	55.451900	50.438000
722.536241	828.480422	55.451900	50.439000
722.538736	828.480417	55.451901	50.439000
722.541140	828.480421	55.451899	50.439000
722.543674	828.480419	55.451900	50.439000
722.546146	828.480422	55.451900	50.439000
722.548654	828.480417	55.451900	50.440000
722.551197	828.480420	55.451901	50.440000
722.553690	828.480418	55.451901	50.441000
722.556339	828.480423	55.451900	50.441000
722.558939	828.480419	55.451900	50.441000
722.561362	828.480419	55.451900	50.440000
722.563877	828.480415	55.451900	50.439000
722.566342	828.480415	55.451901	50.437000
722.568844	828.480418	55.451900	50.435000
722.571394	828.480417	55.451900	50.431000
722.573785	828.480421	55.451900	50.427000
722.576346	828.480418	55.451900	50.422000
722.578936	828.480417	55.451900	50.417000
722.581250	828.480422	55.451900	50.413000
722.583769	828.480421	55.451899	50.408000
722.586248	828.480421	55.451900	50.404000
722.588849	828.480421	55.451900	50.400000
722.591300	828.480418	55.451899	50.398000
722.593786	828.480417	55.451900	50.396000
722.596439	828.480420	55.451900	50.394000
722.598931	828.480422	55.451901	50.394000
722.601460	828.480423	55.451900	50.394000
722.603964	828.480416	55.451900	50.395000
722.606558	828.480420	55.451900	50.396000
722.608959	828.480418	55.451900	50.397000
722.611397	828.480420	55.451900	50.397000
722.614081	828.480417	55.451900	50.398000
722.616344	828.480422	55.451900	50.398000
722.618834	828.480421	55.451900	50.399000
722.621453	828.480419	55.451900	50.400000
722.623873	828.480419	55.451900	50.402000
722.626356	828.480423	55.451900	50.404000
722.628851	828.480418	55.451900	50.408000
722.631390	828.480419	55.451900	50.412000
722.634089	828.480421	55.451900	50.416000
722.636545	828.480421	55.451900	50.420000
722.639027	828.480417	55.451900	50.423000
722.641551	828.480419	55.451900	50.426000
722.644056	828.480422	55.451900	50.427000
722.646549	828.480418	55.451900	50.429000
722.648953	828.480420	55.451900	50.430000
722.651506	828.480421	55.451900	50.432000
722.654075	828.480420	55.451900	50.435000
722.656432	828.480418	55.451900	50.439000
722.658933	828.480420	55.451899	50.444000
722.661449	828.480418	55.451900	50.451000
722.664059	828.480421	55.451900	50.458000
722.666557	828.480420	55.451901	50.466000
722.668956	828.480420	55.451900	50.472000
722.671697	828.480421	55.451900	50.477000
722.674175	828.480420	55.451899	50.481000
722.676636	828.480422	55.451900	50.484000
722.679126	828.480416	55.451900	50.486000
722.681657	828.480419	55.451900	50.488000
722.684162	828.480425	55.451900	50.490000
722.686552	828.480418	55.451900	50.494000
722.689154	828.480422	55.451899	50.499000
722.691695	828.480418	55.451900	50.505000
722.694075	828.480417	55.451900	50.509000
722.696538	828.480420	55.451899	50.514000
722.699131	828.480418	55.451901	50.516000
722.701563	828.480420	55.451899	50.518000
722.704061	828.480421	55.451900	50.519000
722.706665	828.480420	55.451899	50.520000
722.709248	828.480422	55.451900	50.520000
722.711795	828.480420	55.451900	50.522000
722.714271	828.480420	55.451900	50.524000
722.716753	828.480422	55.451900	50.528000
722.719323	828.480420	55.451900	50.531000
722.721760	828.480424	55.451900	50.535000
722.724259	828.480419	55.451900	50.538000
722.726755	828.480421	55.451899	50.541000
722.729253	828.480414	55.451900	50.543000
722.731696	828.480418	55.451900	50.545000
722.734184	828.480419	55.451900	50.546000
722.736642	828.480419	55.451900	50.546000
722.739232	828.480423	55.451900	50.547000
722.741657	828.480418	55.451900	50.547000
722.744155	828.480416	55.451900	50.548000
722.746653	828.480419	55.451900	50.550000
722.749475	828.480424	55.451900	50.551000
722.751898	828.480421	55.451900	50.552000
722.754387	828.480426	55.451900	50.553000
722.756839	828.480423	55.451899	50.554000
722.759328	828.480418	55.451899	50.554000
722.761849	828.480418	55.451900	50.554000
722.764364	828.480423	55.451900	50.554000
722.766757	828.480420	55.451900	50.554000
722.769256	828.480426	55.451900	50.555000
722.771802	828.480421	55.451900	50.555000
722.774272	828.480422	55.451901	50.556000
722.776738	828.480422	55.451900	50.557000
722.779230	828.480421	55.451900	50.557000
722.781876	828.480421	55.451899	50.558000
722.784259	828.480417	55.451901	50.558000
722.786960	828.480417	55.451900	50.558000
722.789464	828.480419	55.451900	50.558000
722.792007	828.480418	55.451900	50.559000
722.794466	828.480420	55.451900	50.559000
722.796942	828.480422	55.451900	50.559000
722.799431	828.480418	55.451900	50.560000
722.801862	828.480417	55.451900	50.560000
722.804357	828.480417	55.451900	50.560000
722.806863	828.480423	55.451900	50.560000
722.809366	828.480418	55.451900	50.561000
722.811913	828.480422	55.451901	50.561000
722.814382	828.480422	55.451901	50.561000
722.816933	828.480423	55.451900	50.561000
722.819335	828.480419	55.451900	50.561000
722.821858	828.480423	55.451900	50.561000
722.824581	828.480422	55.451900	50.561000
722.827056	828.480421	55.451900	50.561000
722.829571	828.480418	55.451900	50.561000
722.832107	828.480418	55.451900	50.562000
722.834570	828.480418	55.451900	50.562000
722.836932	828.480419	55.451900	50.562000
722.839437	828.480420	55.451901	50.562000
722.841962	828.480420	55.451900	50.562000
722.844578	828.480419	55.451900	50.562000
722.846959	828.480417	55.451901	50.562000
722.849456	828.480425	55.451900	50.563000
722.852008	828.480417	55.451900	50.563000
722.854475	828.480423	55.451900	50.563000
722.856938	828.480418	55.451900	50.563000
722.859432	828.480419	55.451900	50.563000
722.862160	828.480416	55.451900	50.563000
722.864680	828.480419	55.451900	50.564000
722.867253	828.480418	55.451900	50.564000
722.869673	828.480421	55.451900	50.564000
722.872302	828.480418	55.451899	50.565000
722.874657	828.480419	55.451900	50.565000
722.877133	828.480422	55.451900	50.566000
722.879533	828.480420	55.451900	50.566000
722.882055	828.480421	55.451900	50.566000
722.884574	828.480418	55.451900	50.567000
722.887053	828.480424	55.451900	50.567000
722.889561	828.480414	55.451900	50.568000
722.892094	828.480422	55.451900	50.568000
722.894578	828.480420	55.451899	50.569000
722.897029	828.480423	55.451901	50.570000
722.899734	828.480415	55.451900	50.570000
722.902154	828.480416	55.451900	50.571000
722.904778	828.480423	55.451900	50.572000
722.907253	828.480421	55.451901	50.572000
722.909877	828.480420	55.451900	50.573000
722.912299	828.480418	55.451900	50.574000
722.914762	828.480420	55.451899	50.575000
722.917130	828.480419	55.451900	50.575000
722.919639	828.480417	55.451900	50.576000
722.922165	828.480420	55.451901	50.577000
722.924667	828.480419	55.451901	50.577000
722.927148	828.480418	55.451900	50.578000
722.929664	828.480423	55.451900	50.579000
722.932191	828.480422	55.451900	50.579000
722.934668	828.480420	55.451900	50.579000
722.937334	828.480421	55.451900	50.580000
722.939849	828.480419	55.451900	50.580000
722.942459	828.480422	55.451900	50.580000
722.944989	828.480418	55.451900	50.581000
722.947341	828.480424	55.451900	50.581000
722.949882	828.480421	55.451900	50.582000
722.952396	828.480422	55.451900	50.582000
722.954768	828.480420	55.451900	50.583000
722.957236	828.480425	55.451900	50.583000
722.959749	828.480418	55.451900	50.584000
722.962254	828.480418	55.451900	50.584000
722.964783	828.480418	55.451900	50.585000
722.967251	828.480421	55.451900	50.586000
722.969776	828.480421	55.451900	50.586000
722.972303	828.480422	55.451900	50.587000
722.975155	828.480420	55.451900	50.587000
722.977432	828.480420	55.451900	50.588000
722.979969	828.480418	55.451900	50.588000
722.982463	828.480422	55.451900	50.588000
722.985092	828.480418	55.451900	50.588000
722.987553	828.480419	55.451900	50.589000
722.989986	828.480416	55.451900	50.589000
722.992504	828.480419	55.451900	50.589000
722.994959	828.480418	55.451900	50.589000
722.997342	828.480421	55.451900	50.589000
722.999856	828.480422	55.451900	50.589000
723.002355	828.480423	55.451900	50.590000
723.004997	828.480423	55.451900	50.590000
723.007355	828.480423	55.451900	50.590000
723.009888	828.480416	55.451899	50.590000
723.012407	828.480425	55.451900	50.590000
723.015168	828.480417	55.451900	50.590000
723.017538	828.480424	55.451900	50.590000
723.020069	828.480418	55.451900	50.590000
723.022563	828.480416	55.451900	50.590000
723.025097	828.480420	55.451901	50.590000
723.027538	828.480418	55.451900	50.590000
723.029986	828.480421	55.451901	50.590000
723.032599	828.480418	55.451899	50.590000
723.034965	828.480421	55.451900	50.590000
723.037438	828.480417	55.451900	50.590000
723.039961	828.480419	55.451900	50.591000
723.042463	828.480418	55.451900	50.591000
723.044994	828.480419	55.451900	50.591000
723.047446	828.480417	55.451900	50.591000
723.049982	828.480421	55.451900	50.592000
723.052790	828.480422	55.451900	50.592000
723.055157	828.480423	55.451900	50.592000
723.057632	828.480422	55.451900	50.593000
723.060152	828.480417	55.451900	50.593000
723.062569	828.480423	55.451900	50.593000
723.065192	828.480419	55.451900	50.593000
723.067643	828.480418	55.451900	50.593000
723.070084	828.480421	55.451900	50.593000
723.072596	828.480422	55.451900	50.594000
723.075060	828.480419	55.451900	50.594000
723.077532	828.480421	55.451900	50.594000
723.080059	828.480417	55.451900	50.594000
723.082562	828.480420	55.451900	50.594000
723.085200	828.480419	55.451899	50.594000
723.087547	828.480422	55.451900	50.593000
723.090294	828.480419	55.451900	50.593000
723.092798	828.480424	55.451900	50.593000
723.095255	828.480422	55.451900	50.592000
723.097826	828.480421	55.451899	50.592000
723.100271	828.480419	55.451900	50.592000
723.102760	828.480421	55.451900	50.592000
723.105202	828.480423	55.451900	50.592000
723.107749	828.480423	55.451900	50.592000
723.110301	828.480420	55.451900	50.592000
723.112698	828.480421	55.451900	50.592000
723.115169	828.480420	55.451900	50.592000
723.117641	828.480420	55.451900	50.591000
723.120169	828.480424	55.451900	50.591000
723.122665	828.480420	55.451900	50.591000
723.125292	828.480426	55.451900	50.591000
723.127645	828.480420	55.451900	50.591000
723.130190	828.480416	55.451900	50.590000
723.132900	828.480417	55.451900	50.590000
723.135457	828.480418	55.451900	50.589000
723.137933	828.480417	55.451900	50.589000
723.140368	828.480420	55.451900	50.589000
723.142872	828.480415	55.451900	50.589000
723.145397	828.480418	55.451900	50.588000
723.147746	828.480420	55.451900	50.588000
723.150391	828.480420	55.451900	50.588000
723.152900	828.480421	55.451900	50.588000
723.155258	828.480421	55.451900	50.587000
723.157744	828.480418	55.451900	50.587000
723.160265	828.480415	55.451900	50.586000
723.162762	828.480421	55.451900	50.586000
723.165294	828.480417	55.451900	50.585000
723.167848	828.480423	55.451900	50.585000
723.170496	828.480417	55.451900	50.584000
723.172996	828.480424	55.451900	50.584000
723.175462	828.480420	55.451900	50.583000
723.178028	828.480424	55.451900	50.583000
723.180464	828.480417	55.451900	50.583000
723.182963	828.480420	55.451900	50.583000
723.185478	828.480419	55.451900	50.582000
723.187942	828.480419	55.451900	50.582000
723.190483	828.480421	55.451900	50.582000
723.192884	828.480415	55.451900	50.581000
723.195355	828.480424	55.451900	50.581000
723.197834	828.480418	55.451900	50.580000
723.200368	828.480418	55.451900	50.580000
723.202852	828.480422	55.451900	50.579000
723.205378	828.480421	55.451900	50.579000
723.208037	828.480419	55.451899	50.579000
723.210693	828.480421	55.451900	50.578000
723.213089	828.480420	55.451900	50.578000
723.215565	828.480420	55.451900	50.578000
723.218021	828.480414	55.451900	50.578000
723.220560	828.480421	55.451900	50.578000
723.223061	828.480418	55.451900	50.578000
723.225490	828.480418	55.451900	50.577000
723.227938	828.480420	55.451900	50.577000
723.230488	828.480422	55.451900	50.576000
723.232994	828.480420	55.451900	50.576000
723.235464	828.480416	55.451900	50.575000
723.237942	828.480418	55.451900	50.575000
723.240565	828.480418	55.451900	50.574000
723.243073	828.480420	55.451900	50.574000
723.245686	828.480418	55.451900	50.573000
723.248152	828.480422	55.451900	50.573000
723.250801	828.480423	55.451900	50.572000
723.253393	828.480419	55.451900	50.571000
723.255663	828.480420	55.451900	50.571000
723.258134	828.480417	55.451900	50.570000
723.260673	828.480423	55.451900	50.570000
723.263176	828.480419	55.451900	50.569000
723.265579	828.480422	55.451900	50.569000
723.268055	828.480421	55.451900	50.569000
723.270593	828.480424	55.451900	50.569000
723.273089	828.480421	55.451900	50.568000
723.275559	828.480420	55.451900	50.568000
723.278033	828.480418	55.451900	50.567000
723.280568	828.480420	55.451900	50.566000
723.283071	828.480422	55.451900	50.565000
723.285783	828.480423	55.451900	50.564000
723.288249	828.480423	55.451900	50.563000
723.290791	828.480420	55.451900	50.562000
723.293292	828.480419	55.451900	50.562000
723.295762	828.480418	55.451900	50.561000
723.298328	828.480419	55.451900	50.560000
723.300770	828.480421	55.451900	50.560000
723.303267	828.480421	55.451900	50.560000
723.305682	828.480419	55.451900	50.559000
723.308142	828.480422	55.451900	50.559000
723.310690	828.480419	55.451900	50.558000
723.313189	828.480421	55.451900	50.558000
723.315656	828.480421	55.451900	50.557000
723.318137	828.480420	55.451900	50.556000
723.320669	828.480420	55.451900	50.556000
723.323373	828.480416	55.451900	50.555000
723.325873	828.480420	55.451900	50.555000
723.328356	828.480417	55.451900	50.554000
723.330897	828.480422	55.451899	50.554000
723.333392	828.480424	55.451900	50.553000
723.335856	828.480423	55.451900	50.553000
723.338432	828.480422	55.451900	50.552000
723.340762	828.480420	55.451900	50.552000
723.343272	828.480420	55.451900	50.551000
723.345777	828.480419	55.451899	50.551000
723.348253	828.480416	55.451900	50.550000
723.350794	828.480420	55.451900	50.550000
723.353296	828.480420	55.451900	50.550000
723.355756	828.480421	55.451900	50.550000
723.358237	828.480422	55.451900	50.550000
723.360958	828.480419	55.451900	50.550000
723.363467	828.480422	55.451900	50.550000
723.365969	828.480420	55.451900	50.550000
723.368437	828.480422	55.451900	50.550000
723.370997	828.480419	55.451900	50.550000
723.373484	828.480423	55.451900	50.550000
723.375957	828.480416	55.451900	50.550000
723.378424	828.480418	55.451900	50.549000
723.380854	828.480417	55.451900	50.549000
723.383460	828.480422	55.451900	50.548000
723.385874	828.480423	55.451900	50.548000
723.388339	828.480421	55.451900	50.547000
723.390886	828.480423	55.451900	50.547000
723.393384	828.480421	55.451900	50.546000
723.395854	828.480420	55.451900	50.546000
723.398523	828.480422	55.451900	50.545000
723.401046	828.480425	55.451899	50.545000
723.403566	828.480420	55.451900	50.545000
723.406151	828.480420	55.451900	50.545000
723.408552	828.480421	55.451900	50.545000
723.411091	828.480422	55.451900	50.544000
723.413679	828.480422	55.451900	50.544000
723.415950	828.480422	55.451900	50.544000
723.418425	828.480420	55.451900	50.544000
723.420952	828.480421	55.451900	50.544000
723.423466	828.480418	55.451900	50.543000
723.425959	828.480422	55.451900	50.543000
723.428444	828.480424	55.451900	50.542000
723.430991	828.480422	55.451900	50.541000
723.433487	828.480420	55.451900	50.540000
723.436152	828.480418	55.451900	50.539000
723.438623	828.480417	55.451900	50.538000
723.441142	828.480421	55.451900	50.537000
723.443666	828.480419	55.451900	50.535000
723.446159	828.480419	55.451900	50.535000
723.448757	828.480420	55.451900	50.534000
723.451198	828.480416	55.451900	50.533000
723.453688	828.480418	55.451900	50.532000
723.456151	828.480417	55.451900	50.532000
723.458533	828.480420	55.451900	50.531000
723.461054	828.480423	55.451900	50.531000
723.463564	828.480416	55.451900	50.530000
723.466064	828.480418	55.451900	50.529000
723.468546	828.480420	55.451900	50.529000
723.471097	828.480424	55.451900	50.528000
723.473788	828.480417	55.451900	50.527000
723.476242	828.480419	55.451900	50.527000
723.478716	828.480418	55.451900	50.526000
723.481240	828.480420	55.451900	50.526000
723.483772	828.480416	55.451900	50.525000
723.486256	828.480421	55.451900	50.525000
723.488756	828.480419	55.451900	50.524000
723.491207	828.480417	55.451900	50.524000
723.493789	828.480413	55.451900	50.523000
723.496159	828.480421	55.451900	50.522000
723.498639	828.480417	55.451900	50.521000
723.501151	828.480416	55.451900	50.521000
723.503673	828.480418	55.451900	50.519000
723.506169	828.480417	55.451900	50.519000
723.508759	828.480418	55.451900	50.518000
723.511407	828.480418	55.451900	50.517000
723.513893	828.480417	55.451900	50.516000
723.516452	828.480423	55.451900	50.516000
723.518933	828.480422	55.451900	50.515000
723.521350	828.480415	55.451900	50.515000
723.523973	828.480419	55.451900	50.515000
723.526451	828.480422	55.451900	50.515000
723.528858	828.480422	55.451900	50.515000
723.531401	828.480420	55.451900	50.515000
723.533788	828.480417	55.451900	50.515000
723.536248	828.480416	55.451900	50.515000
723.538738	828.480416	55.451900	50.514000
723.541241	828.480423	55.451900	50.514000
723.543772	828.480417	55.451900	50.513000
723.546248	828.480422	55.451900	50.513000
723.548965	828.480421	55.451900	50.512000
723.551497	828.480421	55.451900	50.510000
723.553987	828.480420	55.451900	50.509000
723.556445	828.480420	55.451900	50.508000
723.558931	828.480420	55.451900	50.507000
723.561446	828.480419	55.451900	50.506000
723.563961	828.480421	55.451900	50.505000
723.566352	828.480419	55.451900	50.504000
723.568851	828.480419	55.451900	50.504000
723.571396	828.480419	55.451900	50.503000
723.573981	828.480423	55.451900	50.503000
723.576350	828.480420	55.451900	50.502000
723.578828	828.480418	55.451900	50.502000
723.581342	828.480422	55.451900	50.502000
723.583870	828.480421	55.451900	50.501000
723.586554	828.480421	55.451900	50.501000
723.589058	828.480418	55.451900	50.500000
723.591606	828.480421	55.451900	50.500000
723.594082	828.480421	55.451900	50.499000
723.596545	828.480419	55.451900	50.498000
723.599029	828.480415	55.451900	50.498000
723.601547	828.480423	55.451900	50.497000
723.604062	828.480418	55.451900	50.497000
723.606445	828.480420	55.451900	50.496000
723.608960	828.480418	55.451900	50.496000
723.611497	828.480422	55.451900	50.496000
723.613996	828.480417	55.451900	50.495000
723.616441	828.480418	55.451900	50.495000
723.618936	828.480419	55.451900	50.494000
723.621449	828.480419	55.451900	50.494000
723.624156	828.480421	55.451900	50.493000
723.626655	828.480420	55.451900	50.493000
723.629165	828.480420	55.451900	50.493000
723.631700	828.480421	55.451900	50.492000
723.634190	828.480420	55.451900	50.492000
723.636636	828.480420	55.451900	50.491000
723.639123	828.480417	55.451900	50.491000
723.641655	828.480419	55.451900	50.490000
723.644056	828.480421	55.451900	50.490000
723.646552	828.480421	55.451900	50.489000
723.649167	828.480420	55.451900	50.489000
723.651708	828.480421	55.451900	50.489000
723.654070	828.480420	55.451900	50.489000
723.656544	828.480423	55.451900	50.488000
723.659035	828.480421	55.451900	50.489000
723.661857	828.480423	55.451900	50.489000
723.664244	828.480420	55.451900	50.489000
723.666750	828.480420	55.451900	50.489000
723.669246	828.480425	55.451900	50.489000
723.671795	828.480423	55.451900	50.489000
723.674185	828.480419	55.451900	50.489000
723.676731	828.480420	55.451900	50.489000
723.679229	828.480418	55.451900	50.489000
723.681657	828.480419	55.451900	50.489000
723.684251	828.480419	55.451900	50.488000
723.686643	828.480419	55.451900	50.488000
723.689173	828.480419	55.451900	50.488000
723.691689	828.480420	55.451900	50.488000
723.694188	828.480418	55.451900	50.488000
723.696626	828.480417	55.451900	50.488000
723.699329	828.480420	55.451900	50.488000
723.701872	828.480420	55.451900	50.487000
723.704360	828.480421	55.451900	50.487000
723.706856	828.480418	55.451900	50.487000
723.709356	828.480418	55.451900	50.487000
723.711901	828.480418	55.451900	50.487000
723.714383	828.480418	55.451900	50.487000
723.716748	828.480419	55.451900	50.486000
723.719226	828.480420	55.451900	50.486000
723.721757	828.480419	55.451900	50.486000
723.724259	828.480423	55.451900	50.486000
723.726762	828.480420	55.451900	50.486000
723.729255	828.480418	55.451900	50.486000
723.731907	828.480422	55.451900	50.486000
723.734295	828.480423	55.451900	50.487000
723.736939	828.480421	55.451900	50.487000
723.739418	828.480422	55.451900	50.487000
723.741960	828.480420	55.451900	50.487000
723.744453	828.480419	55.451900	50.487000
723.746958	828.480418	55.451900	50.487000
723.749457	828.480423	55.451900	50.487000
723.751899	828.480419	55.451900	50.487000
723.754478	828.480417	55.451900	50.487000
723.756842	828.480423	55.451900	50.487000
723.759325	828.480417	55.451900	50.486000
723.761860	828.480423	55.451900	50.486000
723.764356	828.480420	55.451900	50.486000
723.766855	828.480421	55.451900	50.486000
723.769454	828.480418	55.451900	50.486000
723.772001	828.480420	55.451900	50.485000
723.774575	828.480416	55.451900	50.485000
723.777134	828.480419	55.451900	50.485000
723.779744	828.480424	55.451900	50.485000
723.782160	828.480421	55.451900	50.484000
723.785589	828.480422	55.451900	50.484000
723.788044	828.480417	55.451900	50.483000
723.790590	828.480418	55.451900	50.483000
723.793102	828.480420	55.451900	50.483000
723.795558	828.480420	55.451900	50.482000
723.798031	828.480420	55.451900	50.482000
723.800547	828.480422	55.451900	50.481000
723.803056	828.480422	55.451900	50.481000
723.805585	828.480420	55.451900	50.481000
723.808044	828.480422	55.451900	50.481000
723.810581	828.480421	55.451900	50.480000
723.813090	828.480423	55.451900	50.480000
723.815753	828.480422	55.451900	50.480000
723.818233	828.480418	55.451900	50.479000
723.820762	828.480419	55.451900	50.479000
723.823276	828.480420	55.451900	50.478000
723.825788	828.480416	55.451900	50.478000
723.828242	828.480423	55.451900	50.477000
723.830788	828.480416	55.451900	50.477000
723.833389	828.480420	55.451900	50.476000
723.835650	828.480419	55.451900	50.475000
723.838129	828.480418	55.451900	50.475000
723.840668	828.480418	55.451900	50.475000
723.843275	828.480422	55.451900	50.474000
723.845691	828.480419	55.451900	50.474000
723.848156	828.480422	55.451900	50.473000
723.850898	828.480419	55.451900	50.472000
723.853395	828.480418	55.451900	50.472000
723.855861	828.480421	55.451900	50.471000
723.858338	828.480418	55.451900	50.471000
723.860866	828.480422	55.451900	50.471000
723.863364	828.480419	55.451900	50.470000
723.865886	828.480419	55.451900	50.470000
723.868241	828.480421	55.451900	50.470000
723.870894	828.480420	55.451900	50.469000
723.873389	828.480418	55.451900	50.469000
723.875853	828.480420	55.451900	50.469000
723.878328	828.480422	55.451900	50.469000
723.880762	828.480421	55.451900	50.468000
723.883266	828.480419	55.451900	50.468000
723.885785	828.480415	55.451900	50.468000
723.888344	828.480423	55.451900	50.467000
723.890997	828.480423	55.451900	50.467000
723.893482	828.480419	55.451900	50.467000
723.895953	828.480420	55.451900	50.466000
723.898522	828.480421	55.451900	50.466000
723.900949	828.480420	55.451900	50.466000
723.903460	828.480420	55.451900	50.465000
723.905971	828.480421	55.451900	50.465000
723.908348	828.480419	55.451900	50.464000
723.911496	828.480422	55.451899	50.464000
723.913491	828.480418	55.451900	50.464000
723.915854	828.480421	55.451899	50.463000
723.918325	828.480423	55.451900	50.463000
723.920857	828.480422	55.451900	50.463000
723.923359	828.480420	55.451900	50.463000
723.925873	828.480422	55.451900	50.462000
723.928548	828.480423	55.451900	50.462000
723.931098	828.480423	55.451900	50.462000
723.933588	828.480420	55.451900	50.462000
723.936153	828.480415	55.451900	50.462000
723.938521	828.480417	55.451900	50.462000
723.941062	828.480419	55.451900	50.461000
723.943574	828.480419	55.451900	50.461000
723.946167	828.480422	55.451900	50.461000
723.948546	828.480421	55.451900	50.460000
723.951108	828.480416	55.451900	50.459000
723.953595	828.480419	55.451900	50.459000
723.955960	828.480420	55.451900	50.458000
723.958437	828.480423	55.451900	50.458000
723.960974	828.480420	55.451900	50.457000
723.963472	828.480416	55.451900	50.456000
723.966175	828.480422	55.451900	50.456000
723.968648	828.480417	55.451900	50.455000
723.971206	828.480418	55.451900	50.455000
723.973688	828.480418	55.451900	50.454000
723.976251	828.480417	55.451900	50.454000
723.978628	828.480420	55.451900	50.453000
723.981240	828.480421	55.451900	50.453000
723.983577	828.480419	55.451900	50.452000
723.986167	828.480420	55.451900	50.452000
723.988653	828.480416	55.451900	50.451000
723.991202	828.480422	55.451900	50.451000
723.993691	828.480416	55.451900	50.450000
723.996144	828.480421	55.451900	50.450000
723.998525	828.480422	55.451900	50.449000
724.001046	828.480417	55.451900	50.449000
724.003566	828.480420	55.451900	50.448000
724.006257	828.480419	55.451900	50.448000
724.008756	828.480422	55.451900	50.448000
724.011289	828.480422	55.451900	50.447000
724.013786	828.480421	55.451900	50.447000
724.016245	828.480422	55.451900	50.447000
724.018729	828.480420	55.451900	50.447000
724.021246	828.480420	55.451900	50.447000
724.023773	828.480421	55.451900	50.446000
724.026169	828.480419	55.451900	50.446000
724.028752	828.480419	55.451900	50.446000
724.031194	828.480417	55.451900	50.446000
724.033690	828.480418	55.451900	50.445000
724.036155	828.480419	55.451900	50.445000
724.038629	828.480419	55.451900	50.444000
724.041153	828.480421	55.451900	50.444000
724.043674	828.480419	55.451900	50.443000
724.046353	828.480418	55.451900	50.442000
724.048858	828.480416	55.451900	50.442000
724.051409	828.480420	55.451900	50.441000
724.053894	828.480423	55.451900	50.441000
724.056352	828.480421	55.451900	50.440000
724.058836	828.480421	55.451901	50.440000
724.061342	828.480422	55.451900	50.440000
724.063874	828.480425	55.451900	50.439000
724.066353	828.480420	55.451900	50.439000
724.068962	828.480415	55.451900	50.439000
724.071403	828.480421	55.451900	50.438000
724.073784	828.480420	55.451900	50.438000
724.076251	828.480422	55.451900	50.438000
724.078732	828.480420	55.451900	50.438000
724.081250	828.480417	55.451900	50.438000
724.083965	828.480419	55.451900	50.437000
724.086446	828.480422	55.451900	50.437000
724.088954	828.480418	55.451900	50.437000
724.091495	828.480420	55.451900	50.437000
724.093990	828.480419	55.451900	50.437000
724.096448	828.480418	55.451900	50.437000
724.098931	828.480422	55.451900	50.437000
724.101443	828.480423	55.451900	50.437000
724.103868	828.480423	55.451900	50.437000
724.106454	828.480419	55.451900	50.437000
724.108852	828.480421	55.451900	50.437000
724.111489	828.480419	55.451900	50.437000
724.113880	828.480423	55.451900	50.437000
724.116346	828.480421	55.451900	50.437000
724.118833	828.480420	55.451900	50.436000
724.121340	828.480419	55.451900	50.436000
724.124067	828.480421	55.451900	50.436000
724.126547	828.480419	55.451900	50.435000
724.129057	828.480422	55.451900	50.435000
724.131604	828.480415	55.451900	50.434000
724.134085	828.480424	55.451900	50.434000
724.136548	828.480419	55.451900	50.433000
724.139031	828.480422	55.451900	50.433000
724.141540	828.480421	55.451900	50.432000
724.144062	828.480418	55.451900	50.432000
724.146445	828.480418	55.451900	50.432000
724.148952	828.480417	55.451900	50.431000
724.151500	828.480421	55.451900	50.431000
724.153988	828.480417	55.451900	50.431000
724.156351	828.480422	55.451900	50.431000
724.159123	828.480419	55.451900	50.430000
724.161643	828.480422	55.451900	50.430000
724.164163	828.480420	55.451900	50.430000
724.166651	828.480419	55.451900	50.429000
724.169155	828.480420	55.451900	50.429000
724.171800	828.480422	55.451900	50.428000
724.174183	828.480421	55.451900	50.427000
724.176654	828.480420	55.451900	50.426000
724.179137	828.480423	55.451900	50.426000
724.181649	828.480419	55.451900	50.425000
724.184070	828.480421	55.451900	50.425000
724.186762	828.480421	55.451900	50.425000
724.189163	828.480424	55.451900	50.425000
724.191600	828.480419	55.451900	50.425000
724.194088	828.480420	55.451900	50.425000
724.196744	828.480421	55.451900	50.425000
724.199235	828.480420	55.451900	50.425000
724.201754	828.480421	55.451900	50.424000
724.204262	828.480422	55.451900	50.424000
724.206752	828.480415	55.451900	50.423000
724.209266	828.480421	55.451900	50.422000
724.211707	828.480421	55.451900	50.421000
724.214288	828.480423	55.451900	50.421000
724.216746	828.480423	55.451900	50.420000
724.219233	828.480424	55.451900	50.419000
724.221666	828.480417	55.451900	50.419000
724.224170	828.480423	55.451900	50.418000
724.226655	828.480420	55.451900	50.417000
724.229155	828.480419	55.451900	50.417000
724.231705	828.480421	55.451900	50.416000
724.234376	828.480420	55.451900	50.416000
724.236832	828.480418	55.451900	50.415000
724.239326	828.480418	55.451900	50.415000
724.241865	828.480421	55.451899	50.415000
724.244352	828.480416	55.451900	50.415000
724.246854	828.480421	55.451900	50.414000
724.249358	828.480417	55.451900	50.414000
724.251906	828.480418	55.451900	50.414000
724.254378	828.480418	55.451900	50.413000
724.256741	828.480415	55.451900	50.413000
724.259226	828.480422	55.451900	50.412000
724.261748	828.480421	55.451900	50.412000
724.264263	828.480421	55.451900	50.411000
724.266751	828.480419	55.451900	50.411000
724.269362	828.480417	55.451900	50.410000
724.271902	828.480419	55.451900	50.410000
724.274387	828.480422	55.451900	50.409000
724.276935	828.480423	55.451900	50.409000
724.279424	828.480416	55.451900	50.409000
724.281960	828.480415	55.451900	50.409000
724.284467	828.480418	55.451900	50.408000
724.286962	828.480419	55.451900	50.408000
724.289460	828.480416	55.451900	50.408000
724.291997	828.480417	55.451900	50.408000
724.294579	828.480419	55.451900	50.408000
724.296834	828.480420	55.451900	50.407000
724.299328	828.480420	55.451900	50.407000
724.301853	828.480417	55.451900	50.407000
724.304359	828.480419	55.451900	50.407000
724.306861	828.480422	55.451900	50.407000
724.309560	828.480420	55.451900	50.406000
724.312101	828.480421	55.451900	50.406000
724.314579	828.480420	55.451900	50.406000
724.317051	828.480418	55.451900	50.406000
724.319524	828.480419	55.451900	50.406000
724.322059	828.480419	55.451900	50.406000
724.324562	828.480421	55.451900	50.406000
724.326955	828.480417	55.451900	50.406000
724.329461	828.480421	55.451900	50.406000
724.332009	828.480419	55.451900	50.406000
724.334473	828.480419	55.451900	50.406000
724.337036	828.480423	55.451900	50.406000
724.339423	828.480419	55.451900	50.405000
724.341964	828.480415	55.451900	50.405000
724.344468	828.480425	55.451900	50.404000
724.347159	828.480425	55.451900	50.404000
724.349771	828.480419	55.451900	50.404000
724.352305	828.480418	55.451900	50.404000
724.354779	828.480417	55.451900	50.404000
724.357248	828.480419	55.451900	50.404000
724.359647	828.480419	55.451899	50.404000
724.362268	828.480420	55.451900	50.404000
724.364776	828.480419	55.451900	50.404000
724.367255	828.480421	55.451900	50.405000
724.369781	828.480420	55.451900	50.405000
724.372209	828.480422	55.451900	50.405000
724.374683	828.480428	55.451900	50.405000
724.377235	828.480418	55.451900	50.405000
724.379743	828.480419	55.451900	50.405000
724.382159	828.480423	55.451900	50.406000
724.384675	828.480421	55.451900	50.406000
724.387353	828.480418	55.451900	50.406000
724.389885	828.480421	55.451900	50.407000
724.392398	828.480423	55.451900	50.407000
724.394879	828.480422	55.451900	50.407000
724.397333	828.480419	55.451900	50.407000
724.399837	828.480421	55.451900	50.407000
724.402355	828.480416	55.451900	50.407000
724.404885	828.480420	55.451900	50.407000
724.407259	828.480419	55.451900	50.407000
724.409769	828.480423	55.451900	50.408000
724.412402	828.480416	55.451900	50.408000
724.414865	828.480420	55.451900	50.408000
724.417243	828.480420	55.451900	50.408000
724.419735	828.480422	55.451900	50.408000
724.422367	828.480422	55.451900	50.408000
724.424984	828.480421	55.451900	50.408000
724.427457	828.480422	55.451899	50.408000
724.429978	828.480424	55.451900	50.408000
724.432502	828.480421	55.451900	50.408000
724.434969	828.480425	55.451900	50.408000
724.437435	828.480422	55.451900	50.409000
724.439943	828.480424	55.451900	50.409000
724.442467	828.480419	55.451900	50.409000
724.444986	828.480421	55.451900	50.410000
724.447356	828.480419	55.451900	50.410000
724.449873	828.480423	55.451900	50.410000
724.452400	828.480422	55.451900	50.411000
724.454874	828.480416	55.451900	50.411000
724.457331	828.480422	55.451900	50.412000
724.459842	828.480417	55.451899	50.412000
724.462551	828.480422	55.451900	50.412000
724.465090	828.480421	55.451900	50.413000
724.467546	828.480425	55.451900	50.413000
724.470086	828.480418	55.451900	50.413000
724.472595	828.480421	55.451900	50.414000
724.475072	828.480424	55.451900	50.414000
724.477530	828.480420	55.451900	50.414000
724.480056	828.480424	55.451900	50.414000
724.482557	828.480423	55.451900	50.415000
724.484989	828.480425	55.451900	50.416000
724.487457	828.480423	55.451900	50.416000
724.490090	828.480423	55.451900	50.417000
724.492499	828.480420	55.451900	50.417000
724.494968	828.480421	55.451900	50.418000
724.497436	828.480421	55.451900	50.419000
724.500055	828.480420	55.451900	50.419000
724.502663	828.480416	55.451900	50.420000
724.505192	828.480419	55.451900	50.420000
724.507655	828.480421	55.451900	50.421000
724.510184	828.480421	55.451900	50.422000
724.512699	828.480421	55.451900	50.423000
724.515167	828.480418	55.451900	50.424000
724.517628	828.480422	55.451900	50.424000
724.520055	828.480419	55.451899	50.425000
724.522566	828.480420	55.451900	50.426000
724.525090	828.480423	55.451900	50.426000
724.527553	828.480423	55.451900	50.427000
724.530080	828.480418	55.451900	50.428000
724.532600	828.480422	55.451900	50.428000
724.535067	828.480422	55.451900	50.429000
724.537732	828.480418	55.451900	50.429000
724.540473	828.480422	55.451900	50.430000
724.542759	828.480422	55.451900	50.430000
724.545293	828.480422	55.451900	50.431000
724.547747	828.480421	55.451900	50.432000
724.550298	828.480414	55.451900	50.432000
724.552801	828.480421	55.451900	50.433000
724.555275	828.480419	55.451900	50.434000
724.557735	828.480417	55.451900	50.434000
724.560168	828.480423	55.451900	50.434000
724.562665	828.480417	55.451900	50.435000
724.565198	828.480420	55.451900	50.435000
724.567649	828.480420	55.451900	50.435000
724.570181	828.480420	55.451900	50.436000
724.572800	828.480417	55.451899	50.436000
724.575365	828.480420	55.451900	50.436000
724.577828	828.480416	55.451900	50.437000
724.580365	828.480420	55.451900	50.437000
724.582858	828.480422	55.451900	50.438000
724.585390	828.480420	55.451900	50.438000
724.587845	828.480420	55.451900	50.439000
724.590380	828.480416	55.451900	50.439000
724.592897	828.480418	55.451900	50.439000
724.595365	828.480421	55.451900	50.440000
724.597827	828.480420	55.451900	50.440000
724.600251	828.480421	55.451900	50.440000
724.602760	828.480420	55.451900	50.440000
724.605285	828.480417	55.451900	50.440000
724.607740	828.480420	55.451900	50.441000
724.610277	828.480420	55.451900	50.441000
724.612993	828.480421	55.451900	50.442000
724.615461	828.480420	55.451900	50.443000
724.617935	828.480422	55.451900	50.444000
724.620462	828.480418	55.451900	50.446000
724.622957	828.480424	55.451899	50.447000
724.625494	828.480420	55.451900	50.448000
724.627947	828.480422	55.451900	50.450000
724.630488	828.480418	55.451900	50.451000
724.632989	828.480420	55.451900	50.453000
724.635364	828.480420	55.451900	50.454000
724.637827	828.480420	55.451900	50.455000
724.640364	828.480421	55.451900	50.456000
724.642851	828.480417	55.451900	50.457000
724.645396	828.480420	55.451899	50.459000
724.647840	828.480419	55.451900	50.460000
724.650385	828.480419	55.451900	50.461000
724.653098	828.480420	55.451900	50.462000
724.655572	828.480419	55.451900	50.463000
724.658132	828.480418	55.451900	50.464000
724.660568	828.480423	55.451900	50.465000
724.663067	828.480417	55.451900	50.466000
724.665595	828.480424	55.451900	50.467000
724.668045	828.480420	55.451900	50.468000
724.670594	828.480419	55.451900	50.469000
724.673100	828.480420	55.451900	50.471000
724.675467	828.480420	55.451900	50.472000
724.677933	828.480419	55.451900	50.474000
724.680473	828.480420	55.451900	50.476000
724.682967	828.480420	55.451900	50.477000
724.685491	828.480420	55.451900	50.479000
724.687947	828.480422	55.451900	50.481000
724.690690	828.480422	55.451900	50.483000
724.693194	828.480422	55.451900	50.485000
724.695656	828.480419	55.451899	50.487000
724.698131	828.480416	55.451900	50.489000
724.700660	828.480417	55.451900	50.491000
724.703164	828.480418	55.451900	50.493000
724.705688	828.480420	55.451900	50.495000
724.708148	828.480415	55.451900	50.497000
724.710686	828.480418	55.451900	50.499000
724.713194	828.480419	55.451900	50.501000
724.715658	828.480420	55.451900	50.503000
724.718034	828.480422	55.451900	50.505000
724.720568	828.480422	55.451900	50.507000
724.723164	828.480417	55.451899	50.509000
724.725590	828.480415	55.451900	50.510000
724.728249	828.480423	55.451900	50.512000
724.730790	828.480418	55.451900	50.513000
724.733295	828.480420	55.451900	50.514000
724.735757	828.480422	55.451900	50.515000
724.738232	828.480420	55.451901	50.516000
724.740767	828.480424	55.451901	50.517000
724.743256	828.480418	55.451900	50.518000
724.745791	828.480419	55.451900	50.519000
724.748244	828.480422	55.451900	50.520000
724.750690	828.480415	55.451901	50.521000
724.753193	828.480419	55.451900	50.522000
724.755660	828.480422	55.451900	50.522000
724.758127	828.480419	55.451899	50.523000
724.760660	828.480421	55.451900	50.523000
724.763158	828.480416	55.451900	50.523000
724.765881	828.480422	55.451900	50.523000
724.768355	828.480421	55.451900	50.524000
724.770894	828.480420	55.451900	50.524000
724.773396	828.480419	55.451900	50.524000
724.775852	828.480423	55.451900	50.525000
724.778329	828.480418	55.451900	50.525000
724.780868	828.480422	55.451900	50.526000
724.783372	828.480417	55.451900	50.527000
724.785893	828.480423	55.451900	50.528000
724.788362	828.480419	55.451900	50.529000
724.790784	828.480423	55.451900	50.529000
724.793293	828.480422	55.451900	50.530000
724.795762	828.480423	55.451900	50.530000
724.798234	828.480418	55.451901	50.531000
724.800872	828.480417	55.451900	50.532000
724.803478	828.480423	55.451900	50.532000
724.805982	828.480415	55.451899	50.533000
724.808553	828.480420	55.451900	50.533000
724.811086	828.480419	55.451900	50.534000
724.813494	828.480423	55.451900	50.534000
724.816045	828.480420	55.451900	50.535000
724.818429	828.480421	55.451900	50.534000
724.820964	828.480421	55.451900	50.534000
724.823465	828.480415	55.451900	50.534000
724.825987	828.480421	55.451900	50.534000
724.828346	828.480420	55.451900	50.534000
724.830892	828.480421	55.451900	50.534000
724.833396	828.480420	55.451900	50.534000
724.835858	828.480427	55.451900	50.535000
724.838326	828.480419	55.451899	50.536000
724.841059	828.480415	55.451900	50.536000
724.843666	828.480423	55.451900	50.537000
724.846075	828.480416	55.451900	50.537000
724.848543	828.480418	55.451900	50.538000
724.851087	828.480416	55.451900	50.537000
724.853689	828.480418	55.451900	50.537000
724.856060	828.480420	55.451900	50.536000
724.858537	828.480424	55.451900	50.536000
724.860965	828.480423	55.451900	50.536000
724.863475	828.480424	55.451900	50.536000
724.865989	828.480416	55.451900	50.536000
724.868445	828.480415	55.451900	50.536000
724.870995	828.480421	55.451900	50.536000
724.873491	828.480418	55.451900	50.536000
724.875953	828.480424	55.451900	50.536000
724.878637	828.480416	55.451900	50.536000
724.881154	828.480424	55.451899	50.536000
724.883770	828.480418	55.451900	50.535000
724.886164	828.480418	55.451900	50.534000
724.888650	828.480418	55.451900	50.534000
724.891194	828.480419	55.451900	50.534000
724.893695	828.480422	55.451900	50.534000
724.896147	828.480419	55.451900	50.534000
724.898635	828.480421	55.451900	50.534000
724.901149	828.480418	55.451900	50.534000
724.903565	828.480417	55.451901	50.533000
724.906081	828.480416	55.451900	50.533000
724.908549	828.480420	55.451900	50.533000
724.911086	828.480417	55.451900	50.532000
724.913587	828.480419	55.451900	50.532000
724.916057	828.480419	55.451900	50.531000
724.918832	828.480423	55.451900	50.530000
724.921250	828.480422	55.451900	50.530000
724.923755	828.480421	55.451900	50.529000
724.926268	828.480423	55.451900	50.529000
724.928757	828.480420	55.451900	50.528000
724.931304	828.480422	55.451900	50.528000
724.933688	828.480424	55.451900	50.527000
724.936257	828.480422	55.451900	50.527000
724.938637	828.480419	55.451899	50.526000
724.941254	828.480421	55.451900	50.525000
724.943772	828.480416	55.451900	50.525000
724.946170	828.480420	55.451900	50.525000
724.948649	828.480418	55.451900	50.524000
724.951191	828.480420	55.451900	50.524000
724.953694	828.480417	55.451900	50.525000
724.956352	828.480422	55.451900	50.525000
724.958932	828.480416	55.451900	50.526000
724.961336	828.480423	55.451900	50.526000
724.963868	828.480417	55.451900	50.527000
724.966355	828.480416	55.451900	50.527000
724.968858	828.480416	55.451900	50.527000
724.971294	828.480422	55.451900	50.527000
724.973793	828.480420	55.451900	50.527000
724.976350	828.480418	55.451900	50.527000
724.978730	828.480422	55.451900	50.526000
724.981249	828.480417	55.451899	50.526000
724.983769	828.480419	55.451900	50.526000
724.986260	828.480417	55.451900	50.526000
724.988747	828.480421	55.451900	50.525000
724.991298	828.480419	55.451900	50.525000
724.993982	828.480420	55.451900	50.524000
724.996442	828.480419	55.451900	50.524000
724.998931	828.480422	55.451899	50.523000
725.001551	828.480421	55.451900	50.523000
725.004074	828.480422	55.451899	50.522000
725.006461	828.480420	55.451901	50.522000
725.008957	828.480420	55.451900	50.522000
725.011411	828.480421	55.451900	50.521000
725.013886	828.480420	55.451900	50.521000
725.016450	828.480423	55.451900	50.522000
725.018828	828.480423	55.451900	50.522000
725.021334	828.480423	55.451900	50.522000
725.023877	828.480416	55.451900	50.522000
725.026362	828.480417	55.451900	50.522000
725.028851	828.480422	55.451900	50.523000
725.031600	828.480422	55.451900	50.523000
725.034091	828.480422	55.451900	50.523000
725.036541	828.480421	55.451900	50.524000
725.039033	828.480422	55.451900	50.524000
725.041646	828.480423	55.451900	50.524000
725.044077	828.480423	55.451900	50.524000
725.046560	828.480425	55.451900	50.524000
725.049062	828.480422	55.451900	50.524000
725.051695	828.480422	55.451900	50.524000
725.053984	828.480421	55.451900	50.524000
725.056453	828.480418	55.451900	50.523000
725.058938	828.480418	55.451900	50.523000
725.061453	828.480420	55.451900	50.523000
725.063964	828.480420	55.451900	50.522000
725.066451	828.480421	55.451900	50.522000
725.069159	828.480423	55.451900	50.522000
725.071702	828.480420	55.451900	50.521000
725.074182	828.480421	55.451900	50.521000
725.076651	828.480422	55.451900	50.521000
725.079137	828.480420	55.451900	50.521000
725.081653	828.480422	55.451900	50.521000
725.084171	828.480423	55.451900	50.521000
725.086766	828.480419	55.451900	50.521000
725.089058	828.480419	55.451900	50.521000
725.091705	828.480421	55.451899	50.522000
725.094087	828.480420	55.451900	50.522000
725.096550	828.480421	55.451900	50.522000
725.099040	828.480419	55.451900	50.523000
725.101549	828.480420	55.451900	50.523000
725.104077	828.480421	55.451900	50.523000
725.106767	828.480423	55.451900	50.524000
725.109255	828.480420	55.451900	50.524000
725.111797	828.480422	55.451900	50.524000
725.114281	828.480419	55.451900	50.524000
725.116745	828.480416	55.451900	50.524000
725.119330	828.480416	55.451900	50.524000
725.121756	828.480423	55.451900	50.523000
725.124268	828.480421	55.451900	50.523000
725.126761	828.480417	55.451900	50.523000
725.129262	828.480418	55.451900	50.522000
725.131700	828.480422	55.451900	50.521000
725.134190	828.480421	55.451900	50.520000
725.136648	828.480420	55.451900	50.520000
725.139133	828.480421	55.451900	50.519000
725.141652	828.480418	55.451900	50.518000
725.144363	828.480417	55.451900	50.518000
725.146854	828.480422	55.451900	50.518000
725.149364	828.480420	55.451900	50.518000
725.152005	828.480421	55.451900	50.518000
725.154375	828.480421	55.451900	50.518000
725.156846	828.480420	55.451900	50.519000
725.159323	828.480415	55.451900	50.519000
725.161845	828.480415	55.451900	50.519000
725.164260	828.480419	55.451900	50.520000
725.166862	828.480415	55.451900	50.520000
725.169256	828.480422	55.451900	50.520000
725.171798	828.480423	55.451900	50.519000
725.174273	828.480422	55.451900	50.519000
725.176737	828.480419	55.451900	50.518000
725.179229	828.480424	55.451900	50.518000
725.181958	828.480420	55.451900	50.518000
725.184453	828.480417	55.451900	50.517000
725.186954	828.480419	55.451900	50.517000
725.189453	828.480419	55.451900	50.516000
725.191994	828.480421	55.451900	50.516000
725.194467	828.480419	55.451900	50.516000
725.196929	828.480418	55.451900	50.516000
725.199411	828.480420	55.451900	50.516000
725.201954	828.480421	55.451900	50.516000
725.204447	828.480420	55.451900	50.516000
725.206844	828.480419	55.451900	50.516000
725.209351	828.480415	55.451900	50.516000
725.211894	828.480423	55.451900	50.516000
725.214370	828.480417	55.451900	50.516000
725.216828	828.480416	55.451900	50.517000
725.219512	828.480414	55.451900	50.517000
725.222050	828.480422	55.451900	50.517000
725.224557	828.480420	55.451900	50.517000
725.227055	828.480422	55.451900	50.517000
725.229662	828.480419	55.451900	50.517000
725.232090	828.480422	55.451900	50.517000
725.234682	828.480425	55.451900	50.517000
725.237032	828.480423	55.451900	50.516000
725.239366	828.480409	55.451900	50.516000
725.239821	828.480417	55.451900	50.516000
