720.238583	828.480443	55.451900	50.513000
720.238700	828.480414	55.451900	50.538000
720.241284	828.480410	55.451900	50.540000
720.244092	828.480423	55.451900	50.540000
720.246734	828.480414	55.451900	50.540000
720.249440	828.480418	55.451900	50.540000
720.252130	828.480418	55.451900	50.540000
720.254637	828.480417	55.451900	50.539000
720.257107	828.480417	55.451900	50.539000
720.259691	828.480417	55.451900	50.539000
720.262177	828.480417	55.451900	50.539000
720.264975	828.480418	55.451900	50.538000
720.267447	828.480417	55.451900	50.538000
720.270028	828.480418	55.451900	50.538000
720.272545	828.480419	55.451900	50.538000
720.275065	828.480418	55.451900	50.538000
720.277547	828.480422	55.451900	50.537000
720.279991	828.480421	55.451900	50.537000
720.282478	828.480422	55.451900	50.537000
720.285036	828.480416	55.451900	50.537000
720.287524	828.480418	55.451900	50.537000
720.290080	828.480423	55.451900	50.536000
720.292599	828.480422	55.451900	50.536000
720.295083	828.480421	55.451900	50.536000
720.297574	828.480419	55.451900	50.536000
720.300209	828.480419	55.451900	50.536000
720.302608	828.480420	55.451900	50.536000
720.305329	828.480422	55.451900	50.535000
720.307800	828.480422	55.451900	50.535000
720.310347	828.480421	55.451899	50.535000
720.312851	828.480421	55.451900	50.535000
720.315325	828.480418	55.451900	50.534000
720.317717	828.480418	55.451900	50.534000
720.320250	828.480419	55.451900	50.534000
720.322746	828.480421	55.451900	50.533000
720.325270	828.480421	55.451900	50.533000
720.327735	828.480419	55.451899	50.533000
720.330287	828.480421	55.451900	50.532000
720.332878	828.480420	55.451900	50.532000
720.335249	828.480421	55.451900	50.531000
720.337733	828.480421	55.451900	50.531000
720.340273	828.480418	55.451900	50.531000
720.342962	828.480419	55.451900	50.530000
720.345376	828.480417	55.451900	50.529000
720.347837	828.480423	55.451899	50.529000
720.350381	828.480423	55.451900	50.529000
720.352883	828.480418	55.451900	50.528000
720.355258	828.480414	55.451900	50.528000
720.357737	828.480419	55.451900	50.528000
720.360270	828.480422	55.451900	50.527000
720.362767	828.480419	55.451900	50.527000
720.365288	828.480418	55.451899	50.527000
720.367744	828.480417	55.451900	50.527000
720.370274	828.480421	55.451900	50.526000
720.372773	828.480419	55.451900	50.526000
720.375447	828.480419	55.451899	50.526000
720.377830	828.480422	55.451900	50.526000
720.380459	828.480424	55.451900	50.526000
720.382957	828.480420	55.451900	50.525000
720.385566	828.480420	55.451900	50.525000
720.387837	828.480422	55.451900	50.525000
720.390481	828.480423	55.451900	50.525000
720.392872	828.480421	55.451900	50.525000
720.395350	828.480420	55.451900	50.524000
720.397835	828.480421	55.451900	50.524000
720.400366	828.480421	55.451900	50.523000
720.402867	828.480416	55.451900	50.523000
720.405381	828.480421	55.451900	50.522000
720.407953	828.480421	55.451899	50.522000
720.410379	828.480423	55.451900	50.521000
720.412879	828.480421	55.451900	50.521000
720.415348	828.480417	55.451899	50.520000
720.418137	828.480416	55.451900	50.520000
720.420471	828.480422	55.451900	50.519000
720.423060	828.480417	55.451900	50.519000
720.425569	828.480419	55.451900	50.519000
720.428044	828.480415	55.451899	50.518000
720.430483	828.480418	55.451900	50.518000
720.432976	828.480421	55.451900	50.518000
720.435446	828.480422	55.451900	50.518000
720.437934	828.480418	55.451900	50.518000
720.440465	828.480420	55.451900	50.518000
720.443061	828.480419	55.451900	50.518000
720.445475	828.480425	55.451900	50.517000
720.447940	828.480422	55.451900	50.517000
720.450488	828.480421	55.451900	50.517000
720.452979	828.480420	55.451900	50.517000
720.455641	828.480419	55.451899	50.516000
720.458136	828.480413	55.451900	50.516000
720.460661	828.480418	55.451900	50.516000
720.463065	828.480422	55.451900	50.516000
720.465661	828.480423	55.451900	50.515000
720.468146	828.480415	55.451900	50.515000
720.470584	828.480418	55.451899	50.515000
720.473079	828.480421	55.451900	50.515000
720.475643	828.480415	55.451900	50.515000
720.478035	828.480416	55.451900	50.514000
720.480555	828.480418	55.451900	50.514000
720.483057	828.480414	55.451900	50.513000
720.485570	828.480416	55.451900	50.513000
720.488044	828.480420	55.451900	50.513000
720.490589	828.480421	55.451900	50.512000
720.493268	828.480420	55.451900	50.512000
720.495742	828.480419	55.451900	50.512000
720.498228	828.480417	55.451900	50.511000
720.500755	828.480421	55.451900	50.511000
720.503264	828.480419	55.451900	50.511000
720.505758	828.480418	55.451900	50.510000
720.508247	828.480419	55.451900	50.510000
720.510689	828.480417	55.451900	50.510000
720.513178	828.480419	55.451900	50.510000
720.515642	828.480419	55.451901	50.509000
720.518131	828.480417	55.451900	50.509000
720.520649	828.480415	55.451900	50.509000
720.523172	828.480420	55.451900	50.509000
720.525662	828.480422	55.451900	50.509000
720.528145	828.480418	55.451900	50.509000
720.530885	828.480420	55.451900	50.509000
720.533373	828.480421	55.451900	50.509000
720.535830	828.480422	55.451900	50.508000
720.538331	828.480419	55.451901	50.508000
720.540847	828.480420	55.451900	50.508000
720.543364	828.480424	55.451900	50.508000
720.545851	828.480420	55.451900	50.507000
720.548237	828.480421	55.451901	50.507000
720.550791	828.480417	55.451900	50.507000
720.553274	828.480420	55.451900	50.506000
720.555743	828.480419	55.451900	50.506000
720.558331	828.480424	55.451900	50.505000
720.560751	828.480421	55.451900	50.505000
720.563265	828.480418	55.451900	50.504000
720.565756	828.480420	55.451901	50.503000
720.568244	828.480422	55.451900	50.502000
720.570997	828.480422	55.451900	50.501000
720.573567	828.480420	55.451900	50.500000
720.576039	828.480418	55.451901	50.499000
720.578538	828.480422	55.451900	50.499000
720.580936	828.480419	55.451901	50.499000
720.583471	828.480420	55.451900	50.499000
720.585938	828.480421	55.451900	50.499000
720.588455	828.480420	55.451899	50.498000
720.590989	828.480421	55.451900	50.498000
720.593475	828.480419	55.451900	50.498000
720.595938	828.480415	55.451900	50.498000
720.598438	828.480420	55.451899	50.497000
720.601049	828.480423	55.451900	50.497000
720.603471	828.480423	55.451900	50.496000
720.605945	828.480419	55.451900	50.495000
720.608754	828.480417	55.451900	50.495000
720.611294	828.480417	55.451900	50.494000
720.613666	828.480421	55.451900	50.493000
720.616143	828.480420	55.451900	50.491000
720.618637	828.480419	55.451900	50.490000
720.621047	828.480419	55.451900	50.489000
720.623568	828.480420	55.451900	50.488000
720.626036	828.480423	55.451900	50.487000
720.628543	828.480420	55.451900	50.486000
720.631087	828.480419	55.451900	50.485000
720.633473	828.480420	55.451899	50.484000
720.635942	828.480421	55.451900	50.483000
720.638534	828.480415	55.451899	50.483000
720.641144	828.480424	55.451900	50.483000
720.643568	828.480420	55.451900	50.483000
720.646339	828.480417	55.451901	50.482000
720.648744	828.480418	55.451900	50.482000
720.651381	828.480421	55.451900	50.482000
720.653768	828.480419	55.451900	50.481000
720.656137	828.480419	55.451900	50.481000
720.658739	828.480419	55.451900	50.480000
720.661148	828.480422	55.451900	50.479000
720.663661	828.480420	55.451900	50.478000
720.666134	828.480418	55.451901	50.476000
720.668644	828.480425	55.451900	50.475000
720.671194	828.480418	55.451900	50.474000
720.673661	828.480419	55.451899	50.472000
720.676144	828.480421	55.451900	50.471000
720.678638	828.480423	55.451900	50.470000
720.681145	828.480420	55.451900	50.468000
720.683849	828.480418	55.451900	50.467000
720.686343	828.480421	55.451899	50.466000
720.688850	828.480420	55.451899	50.465000
720.691388	828.480415	55.451900	50.464000
720.693865	828.480419	55.451900	50.463000
720.696328	828.480421	55.451900	50.462000
720.698726	828.480422	55.451900	50.462000
720.701245	828.480422	55.451899	50.461000
720.703752	828.480422	55.451900	50.460000
720.706237	828.480415	55.451900	50.460000
720.708748	828.480419	55.451900	50.459000
720.711287	828.480420	55.451900	50.458000
720.713766	828.480423	55.451900	50.457000
720.716239	828.480424	55.451899	50.456000
720.718734	828.480423	55.451899	50.455000
720.721548	828.480417	55.451900	50.454000
720.723944	828.480422	55.451900	50.453000
720.726448	828.480420	55.451900	50.451000
720.729054	828.480424	55.451900	50.450000
720.731399	828.480418	55.451900	50.449000
720.733966	828.480416	55.451900	50.448000
720.736343	828.480416	55.451900	50.447000
720.738823	828.480424	55.451900	50.446000
720.741462	828.480416	55.451900	50.445000
720.743849	828.480416	55.451900	50.444000
720.746343	828.480420	55.451900	50.444000
720.748854	828.480417	55.451900	50.443000
720.751389	828.480419	55.451900	50.442000
720.753864	828.480418	55.451900	50.441000
720.756327	828.480417	55.451901	50.440000
720.758829	828.480420	55.451900	50.439000
720.761560	828.480421	55.451900	50.439000
720.764059	828.480421	55.451900	50.438000
720.766555	828.480418	55.451900	50.437000
720.769059	828.480417	55.451900	50.436000
720.771596	828.480418	55.451900	50.435000
720.773974	828.480423	55.451901	50.434000
720.776440	828.480420	55.451899	50.433000
720.778932	828.480417	55.451900	50.433000
720.781463	828.480418	55.451899	50.432000
720.784060	828.480421	55.451901	50.431000
720.786458	828.480420	55.451899	50.430000
720.788959	828.480419	55.451900	50.429000
720.791497	828.480421	55.451900	50.429000
720.793966	828.480418	55.451900	50.428000
720.796440	828.480418	55.451900	50.428000
720.799127	828.480419	55.451900	50.428000
720.801667	828.480419	55.451900	50.427000
720.804159	828.480418	55.451900	50.427000
720.806558	828.480422	55.451900	50.426000
720.809162	828.480419	55.451900	50.425000
720.811599	828.480419	55.451900	50.424000
720.814073	828.480419	55.451899	50.423000
720.816530	828.480420	55.451901	50.422000
720.819032	828.480419	55.451900	50.421000
720.821562	828.480419	55.451900	50.420000
720.824063	828.480421	55.451900	50.420000
720.826551	828.480423	55.451900	50.419000
720.829059	828.480422	55.451900	50.418000
720.831599	828.480424	55.451900	50.417000
720.834073	828.480419	55.451900	50.416000
720.836730	828.480420	55.451900	50.415000
720.839240	828.480419	55.451900	50.414000
720.841764	828.480420	55.451900	50.413000
720.844265	828.480419	55.451900	50.411000
720.846658	828.480420	55.451900	50.411000
720.849156	828.480419	55.451900	50.410000
720.851692	828.480421	55.451900	50.409000
720.854166	828.480416	55.451900	50.408000
720.856636	828.480418	55.451900	50.408000
720.859130	828.480423	55.451900	50.407000
720.861661	828.480419	55.451900	50.407000
720.864263	828.480420	55.451900	50.406000
720.866649	828.480423	55.451900	50.406000
720.869153	828.480417	55.451900	50.406000
720.871692	828.480420	55.451900	50.405000
720.874167	828.480423	55.451900	50.405000
720.876828	828.480418	55.451900	50.404000
720.879446	828.480418	55.451900	50.404000
720.881846	828.480420	55.451900	50.403000
720.884368	828.480420	55.451899	50.402000
720.886844	828.480418	55.451900	50.402000
720.889257	828.480418	55.451900	50.401000
720.891791	828.480421	55.451900	50.401000
720.894263	828.480419	55.451900	50.400000
720.896826	828.480419	55.451900	50.399000
720.899224	828.480420	55.451900	50.398000
720.901762	828.480420	55.451900	50.397000
720.904265	828.480424	55.451899	50.397000
720.906752	828.480420	55.451900	50.396000
720.909261	828.480417	55.451900	50.395000
720.911794	828.480422	55.451900	50.394000
720.914458	828.480422	55.451900	50.393000
720.916938	828.480422	55.451899	50.392000
720.919451	828.480421	55.451899	50.391000
720.922063	828.480420	55.451900	50.390000
720.924482	828.480421	55.451900	50.389000
720.926853	828.480420	55.451901	50.388000
720.929377	828.480419	55.451900	50.387000
720.931903	828.480419	55.451900	50.386000
720.934369	828.480421	55.451900	50.385000
720.936825	828.480415	55.451900	50.384000
720.939337	828.480420	55.451900	50.382000
720.941855	828.480419	55.451900	50.381000
720.944369	828.480423	55.451900	50.380000
720.946852	828.480418	55.451900	50.378000
720.949363	828.480420	55.451900	50.377000
720.951893	828.480421	55.451900	50.376000
720.954567	828.480420	55.451900	50.374000
720.957032	828.480418	55.451900	50.373000
720.959551	828.480420	55.451900	50.372000
720.962068	828.480419	55.451900	50.371000
720.964688	828.480421	55.451900	50.370000
720.967145	828.480418	55.451900	50.369000
720.969468	828.480420	55.451900	50.368000
720.971997	828.480421	55.451900	50.368000
720.974463	828.480419	55.451900	50.367000
720.976936	828.480425	55.451900	50.367000
720.979448	828.480418	55.451900	50.366000
720.981961	828.480422	55.451900	50.366000
720.984481	828.480416	55.451900	50.365000
720.986953	828.480422	55.451900	50.365000
720.989478	828.480421	55.451900	50.364000
720.992199	828.480419	55.451900	50.363000
720.994668	828.480419	55.451900	50.362000
720.997125	828.480421	55.451900	50.361000
720.999555	828.480422	55.451900	50.360000
721.002166	828.480420	55.451900	50.359000
721.004590	828.480422	55.451900	50.358000
721.007059	828.480422	55.451900	50.357000
721.009684	828.480421	55.451900	50.356000
721.012106	828.480422	55.451899	50.356000
721.014565	828.480420	55.451900	50.355000
721.017039	828.480417	55.451900	50.354000
721.019555	828.480422	55.451900	50.354000
721.022067	828.480422	55.451900	50.353000
721.024582	828.480417	55.451900	50.352000
721.027056	828.480420	55.451900	50.351000
721.029789	828.480417	55.451900	50.351000
721.032300	828.480418	55.451900	50.350000
721.034756	828.480417	55.451900	50.349000
721.037234	828.480420	55.451900	50.349000
721.039867	828.480419	55.451900	50.348000
721.042258	828.480419	55.451900	50.348000
721.044691	828.480418	55.451900	50.347000
721.047143	828.480422	55.451900	50.347000
721.049676	828.480420	55.451900	50.347000
721.052186	828.480418	55.451900	50.346000
721.054659	828.480415	55.451900	50.346000
721.057129	828.480417	55.451900	50.346000
721.059657	828.480424	55.451900	50.346000
721.062164	828.480419	55.451900	50.346000
721.064692	828.480423	55.451900	50.346000
721.067147	828.480417	55.451900	50.345000
721.069886	828.480423	55.451900	50.345000
721.072386	828.480421	55.451900	50.345000
721.074857	828.480420	55.451900	50.344000
721.077330	828.480421	55.451900	50.344000
721.079870	828.480421	55.451900	50.344000
721.082262	828.480419	55.451900	50.343000
721.084896	828.480421	55.451900	50.343000
721.087250	828.480422	55.451900	50.342000
721.089782	828.480418	55.451900	50.342000
721.092292	828.480422	55.451900	50.341000
721.094771	828.480419	55.451900	50.341000
721.097232	828.480420	55.451900	50.340000
721.099774	828.480417	55.451900	50.340000
721.102265	828.480419	55.451899	50.339000
721.104799	828.480421	55.451900	50.338000
721.107445	828.480422	55.451900	50.338000
721.110106	828.480423	55.451900	50.337000
721.112490	828.480421	55.451900	50.337000
721.114959	828.480422	55.451900	50.337000
721.117431	828.480422	55.451900	50.337000
721.119977	828.480420	55.451900	50.336000
721.122360	828.480419	55.451900	50.336000
721.124993	828.480421	55.451900	50.336000
721.127342	828.480419	55.451900	50.335000
721.129995	828.480420	55.451900	50.335000
721.132389	828.480419	55.451900	50.334000
721.134861	828.480422	55.451900	50.334000
721.137326	828.480418	55.451900	50.334000
721.139868	828.480421	55.451900	50.334000
721.142359	828.480422	55.451900	50.334000
721.145088	828.480418	55.451900	50.334000
721.147546	828.480418	55.451900	50.334000
721.150091	828.480420	55.451900	50.334000
721.152594	828.480421	55.451900	50.334000
721.154961	828.480420	55.451900	50.333000
721.157431	828.480419	55.451900	50.333000
721.159977	828.480422	55.451900	50.333000
721.162465	828.480419	55.451900	50.333000
721.165001	828.480420	55.451900	50.332000
721.167446	828.480422	55.451900	50.332000
721.169998	828.480422	55.451900	50.332000
721.172587	828.480420	55.451900	50.332000
721.174961	828.480425	55.451900	50.332000
721.177426	828.480418	55.451900	50.332000
721.179974	828.480423	55.451900	50.332000
721.182765	828.480422	55.451900	50.332000
721.185192	828.480419	55.451900	50.332000
721.187640	828.480417	55.451900	50.332000
721.190188	828.480423	55.451899	50.333000
721.192696	828.480420	55.451900	50.333000
721.195054	828.480418	55.451900	50.334000
721.197534	828.480418	55.451900	50.334000
721.200076	828.480420	55.451900	50.335000
721.202567	828.480420	55.451900	50.335000
721.205100	828.480421	55.451900	50.336000
721.207547	828.480421	55.451900	50.337000
721.210089	828.480419	55.451900	50.338000
721.212592	828.480416	55.451900	50.339000
721.215061	828.480423	55.451900	50.339000
721.217531	828.480420	55.451900	50.340000
721.220281	828.480419	55.451899	50.340000
721.222765	828.480419	55.451900	50.341000
721.225294	828.480419	55.451900	50.341000
721.227746	828.480419	55.451900	50.342000
721.230294	828.480422	55.451900	50.343000
721.232696	828.480420	55.451900	50.343000
721.235158	828.480419	55.451900	50.344000
721.237632	828.480416	55.451900	50.345000
721.240175	828.480420	55.451900	50.345000
721.242661	828.480423	55.451900	50.346000
721.245191	828.480421	55.451900	50.347000
721.247648	828.480421	55.451900	50.347000
721.250181	828.480420	55.451900	50.348000
721.252786	828.480422	55.451900	50.348000
721.255152	828.480420	55.451900	50.349000
721.257835	828.480421	55.451900	50.349000
721.260360	828.480419	55.451900	50.350000
721.262864	828.480420	55.451900	50.350000
721.265378	828.480417	55.451900	50.351000
721.267742	828.480421	55.451900	50.352000
721.270286	828.480421	55.451900	50.353000
721.272887	828.480418	55.451900	50.354000
721.275252	828.480424	55.451900	50.355000
721.277829	828.480419	55.451900	50.356000
721.280275	828.480421	55.451900	50.357000
721.282764	828.480419	55.451900	50.358000
721.285294	828.480418	55.451900	50.359000
721.287743	828.480420	55.451900	50.360000
721.290288	828.480421	55.451900	50.361000
721.292788	828.480419	55.451900	50.361000
721.295452	828.480421	55.451900	50.362000
721.297924	828.480417	55.451900	50.362000
721.300457	828.480421	55.451900	50.362000
721.302959	828.480418	55.451900	50.362000
721.305383	828.480421	55.451899	50.362000
721.307942	828.480417	55.451900	50.361000
721.310384	828.480420	55.451900	50.361000
721.312888	828.480416	55.451900	50.360000
721.315353	828.480420	55.451900	50.360000
721.317836	828.480422	55.451900	50.360000
721.320464	828.480420	55.451900	50.360000
721.322862	828.480422	55.451900	50.360000
721.325388	828.480421	55.451900	50.360000
721.327848	828.480422	55.451899	50.360000
721.330387	828.480415	55.451900	50.360000
721.333079	828.480419	55.451900	50.360000
721.335545	828.480419	55.451900	50.360000
721.338024	828.480421	55.451900	50.360000
721.340563	828.480419	55.451901	50.360000
721.342954	828.480419	55.451900	50.359000
721.345575	828.480419	55.451900	50.359000
721.347941	828.480419	55.451900	50.358000
721.350488	828.480424	55.451900	50.358000
721.352989	828.480421	55.451900	50.357000
721.355551	828.480419	55.451900	50.357000
721.357937	828.480419	55.451900	50.356000
721.360466	828.480420	55.451900	50.356000
721.362971	828.480415	55.451900	50.355000
721.365485	828.480422	55.451900	50.355000
721.367951	828.480417	55.451900	50.355000
721.370685	828.480424	55.451900	50.355000
721.373186	828.480420	55.451900	50.355000
721.375653	828.480415	55.451900	50.356000
721.378133	828.480419	55.451900	50.356000
721.380660	828.480419	55.451900	50.356000
721.383167	828.480422	55.451900	50.356000
721.385578	828.480420	55.451900	50.356000
721.388035	828.480420	55.451900	50.356000
721.390582	828.480420	55.451900	50.355000
721.393182	828.480422	55.451900	50.355000
721.395554	828.480420	55.451900	50.354000
721.398030	828.480422	55.451900	50.353000
721.400567	828.480423	55.451900	50.352000
721.403066	828.480417	55.451900	50.351000
721.405589	828.480421	55.451900	50.351000
721.408046	828.480421	55.451900	50.350000
721.410793	828.480422	55.451900	50.350000
721.413288	828.480420	55.451900	50.350000
721.415648	828.480421	55.451900	50.350000
721.418231	828.480419	55.451900	50.350000
721.420666	828.480421	55.451900	50.350000
721.423174	828.480422	55.451900	50.349000
721.425679	828.480418	55.451900	50.349000
721.428352	828.480418	55.451900	50.349000
721.430682	828.480419	55.451900	50.348000
721.433193	828.480423	55.451900	50.348000
721.435757	828.480417	55.451900	50.348000
721.438135	828.480424	55.451900	50.347000
721.440662	828.480421	55.451900	50.347000
721.443172	828.480419	55.451900	50.347000
721.445679	828.480420	55.451900	50.347000
721.448353	828.480421	55.451900	50.347000
721.450908	828.480422	55.451900	50.348000
721.453291	828.480421	55.451900	50.348000
721.455853	828.480419	55.451900	50.348000
721.458230	828.480419	55.451900	50.348000
721.460759	828.480420	55.451900	50.348000
721.463269	828.480419	55.451900	50.348000
721.465775	828.480418	55.451900	50.348000
721.468250	828.480418	55.451900	50.348000
721.470898	828.480419	55.451900	50.349000
721.473294	828.480419	55.451900	50.349000
721.475752	828.480422	55.451900	50.350000
721.478242	828.480421	55.451900	50.350000
721.480663	828.480420	55.451900	50.351000
721.483277	828.480421	55.451900	50.351000
721.485962	828.480418	55.451900	50.352000
721.488456	828.480425	55.451900	50.352000
721.491008	828.480419	55.451900	50.353000
721.493387	828.480420	55.451900	50.354000
721.495956	828.480421	55.451900	50.354000
721.498336	828.480423	55.451900	50.355000
721.500854	828.480420	55.451900	50.357000
721.503374	828.480419	55.451900	50.358000
721.505867	828.480417	55.451900	50.360000
721.508344	828.480424	55.451900	50.361000
721.510898	828.480421	55.451900	50.363000
721.513383	828.480420	55.451900	50.364000
721.515853	828.480423	55.451900	50.365000
721.518321	828.480421	55.451900	50.366000
721.520854	828.480418	55.451900	50.367000
721.523562	828.480421	55.451900	50.368000
721.526041	828.480421	55.451900	50.369000
721.528644	828.480421	55.451900	50.370000
721.531091	828.480421	55.451900	50.371000
721.533479	828.480421	55.451900	50.372000
721.535943	828.480421	55.451900	50.373000
721.538534	828.480423	55.451900	50.373000
721.540939	828.480417	55.451900	50.374000
721.543459	828.480415	55.451900	50.375000
721.545946	828.480419	55.451900	50.376000
721.548449	828.480424	55.451900	50.376000
721.550996	828.480416	55.451900	50.376000
721.553484	828.480420	55.451900	50.377000
721.555948	828.480424	55.451900	50.377000
721.558427	828.480421	55.451900	50.378000
721.561142	828.480417	55.451900	50.378000
721.563672	828.480421	55.451900	50.379000
721.566153	828.480418	55.451900	50.380000
721.568653	828.480423	55.451900	50.381000
721.571292	828.480421	55.451900	50.382000
721.573675	828.480419	55.451900	50.383000
721.576049	828.480421	55.451900	50.384000
721.578534	828.480417	55.451900	50.385000
721.581044	828.480418	55.451900	50.387000
721.583566	828.480421	55.451900	50.389000
721.586042	828.480420	55.451900	50.391000
721.588555	828.480421	55.451900	50.393000
721.591097	828.480419	55.451900	50.395000
721.593589	828.480420	55.451900	50.397000
721.596144	828.480424	55.451900	50.398000
721.598743	828.480415	55.451900	50.399000
721.601247	828.480415	55.451900	50.401000
721.603773	828.480418	55.451900	50.402000
721.606236	828.480419	55.451900	50.403000
721.608650	828.480423	55.451900	50.404000
721.611294	828.480417	55.451900	50.406000
721.613679	828.480422	55.451900	50.408000
721.616144	828.480418	55.451900	50.409000
721.618635	828.480419	55.451900	50.411000
721.621140	828.480421	55.451900	50.413000
721.623666	828.480424	55.451900	50.415000
721.626145	828.480422	55.451900	50.416000
721.628643	828.480421	55.451900	50.417000
721.631195	828.480421	55.451900	50.417000
721.633676	828.480418	55.451900	50.418000
721.636148	828.480422	55.451900	50.418000
721.638922	828.480417	55.451900	50.419000
721.641350	828.480418	55.451900	50.419000
721.643861	828.480416	55.451900	50.420000
721.646348	828.480423	55.451900	50.421000
721.648857	828.480416	55.451900	50.422000
721.651398	828.480420	55.451900	50.423000
721.653787	828.480419	55.451900	50.424000
721.656248	828.480421	55.451900	50.425000
721.658737	828.480417	55.451900	50.425000
721.661352	828.480422	55.451900	50.425000
721.663770	828.480421	55.451900	50.426000
721.666246	828.480417	55.451900	50.426000
721.668752	828.480422	55.451900	50.427000
721.671494	828.480419	55.451900	50.427000
721.673778	828.480418	55.451900	50.428000
721.676442	828.480421	55.451900	50.428000
721.678923	828.480423	55.451900	50.429000
721.681556	828.480420	55.451900	50.429000
721.683955	828.480422	55.451900	50.429000
721.686457	828.480421	55.451900	50.429000
721.688855	828.480420	55.451900	50.429000
721.691500	828.480419	55.451900	50.429000
721.693868	828.480417	55.451900	50.429000
721.696340	828.480421	55.451900	50.429000
721.698839	828.480418	55.451900	50.429000
721.701359	828.480419	55.451900	50.430000
721.703947	828.480420	55.451900	50.430000
721.706344	828.480420	55.451900	50.431000
721.708859	828.480418	55.451900	50.431000
721.711397	828.480425	55.451900	50.432000
721.713979	828.480421	55.451900	50.432000
721.716436	828.480419	55.451900	50.432000
721.718928	828.480421	55.451900	50.431000
721.721457	828.480418	55.451900	50.431000
721.723963	828.480418	55.451900	50.431000
721.726350	828.480420	55.451900	50.431000
721.728850	828.480420	55.451900	50.431000
721.731400	828.480419	55.451900	50.432000
721.733878	828.480420	55.451900	50.433000
721.736351	828.480418	55.451900	50.433000
721.738840	828.480420	55.451900	50.434000
721.741359	828.480419	55.451900	50.435000
721.743960	828.480419	55.451900	50.435000
721.746346	828.480418	55.451900	50.436000
721.748954	828.480425	55.451900	50.436000
721.751401	828.480420	55.451900	50.436000
721.754078	828.480416	55.451900	50.437000
721.756542	828.480418	55.451900	50.437000
721.759027	828.480419	55.451900	50.437000
721.761560	828.480421	55.451900	50.437000
721.764056	828.480419	55.451900	50.437000
721.766445	828.480420	55.451900	50.438000
721.768953	828.480420	55.451900	50.438000
721.771499	828.480416	55.451900	50.439000
721.773977	828.480423	55.451900	50.439000
721.776439	828.480416	55.451900	50.439000
721.778929	828.480421	55.451900	50.440000
721.781455	828.480420	55.451900	50.441000
721.783956	828.480423	55.451900	50.441000
721.786456	828.480419	55.451900	50.442000
721.789042	828.480423	55.451900	50.442000
721.791793	828.480422	55.451900	50.443000
721.794171	828.480422	55.451900	50.443000
721.796642	828.480418	55.451900	50.443000
721.799230	828.480421	55.451900	50.443000
721.801666	828.480421	55.451900	50.442000
721.804262	828.480424	55.451900	50.442000
721.806552	828.480415	55.451900	50.442000
721.809049	828.480419	55.451900	50.442000
721.811592	828.480421	55.451900	50.442000
721.814170	828.480420	55.451900	50.442000
721.816535	828.480425	55.451900	50.442000
721.819034	828.480418	55.451900	50.442000
721.821553	828.480419	55.451900	50.442000
721.824059	828.480419	55.451900	50.442000
721.826541	828.480417	55.451900	50.441000
721.829039	828.480421	55.451900	50.440000
721.831888	828.480422	55.451900	50.439000
721.834275	828.480422	55.451900	50.438000
721.836741	828.480425	55.451900	50.437000
721.839226	828.480423	55.451900	50.435000
721.841759	828.480421	55.451900	50.434000
721.844152	828.480422	55.451900	50.434000
721.846656	828.480421	55.451900	50.433000
721.849147	828.480420	55.451900	50.432000
721.851701	828.480421	55.451900	50.431000
721.854182	828.480416	55.451900	50.431000
721.856646	828.480418	55.451900	50.431000
721.859123	828.480421	55.451900	50.431000
721.861666	828.480422	55.451900	50.431000
721.864160	828.480421	55.451900	50.431000
721.866655	828.480421	55.451900	50.431000
721.869357	828.480419	55.451900	50.432000
721.871903	828.480423	55.451900	50.433000
721.874380	828.480419	55.451900	50.433000
721.876732	828.480416	55.451900	50.434000
721.879330	828.480421	55.451900	50.435000
721.881762	828.480419	55.451900	50.435000
721.884267	828.480419	55.451900	50.436000
721.886747	828.480418	55.451900	50.436000
721.889257	828.480424	55.451900	50.437000
721.891798	828.480416	55.451900	50.438000
721.894278	828.480423	55.451900	50.439000
721.896745	828.480414	55.451900	50.440000
721.899226	828.480417	55.451900	50.442000
721.901772	828.480420	55.451900	50.443000
721.904263	828.480421	55.451900	50.444000
721.906951	828.480421	55.451900	50.445000
721.909463	828.480419	55.451900	50.446000
721.912007	828.480423	55.451900	50.447000
721.914468	828.480423	55.451900	50.447000
721.916849	828.480421	55.451900	50.448000
721.919333	828.480425	55.451900	50.448000
721.921877	828.480421	55.451900	50.449000
721.924372	828.480416	55.451900	50.449000
721.926950	828.480421	55.451900	50.450000
721.929360	828.480419	55.451900	50.450000
721.931895	828.480423	55.451900	50.451000
721.934373	828.480423	55.451900	50.451000
721.936829	828.480418	55.451900	50.452000
721.939328	828.480420	55.451900	50.453000
721.941859	828.480419	55.451900	50.453000
721.944580	828.480418	55.451900	50.454000
721.947038	828.480420	55.451900	50.455000
721.949671	828.480419	55.451900	50.456000
721.952097	828.480417	55.451900	50.457000
721.954561	828.480423	55.451900	50.458000
721.957035	828.480419	55.451900	50.459000
721.959536	828.480419	55.451900	50.460000
721.961965	828.480422	55.451900	50.461000
721.964470	828.480420	55.451900	50.462000
721.966954	828.480418	55.451900	50.462000
721.969568	828.480417	55.451900	50.462000
721.972000	828.480421	55.451900	50.462000
721.974469	828.480422	55.451900	50.462000
721.976933	828.480422	55.451900	50.461000
721.979435	828.480420	55.451900	50.461000
721.981962	828.480422	55.451900	50.460000
721.984677	828.480423	55.451900	50.459000
721.987145	828.480420	55.451900	50.459000
721.989670	828.480420	55.451900	50.459000
721.992195	828.480419	55.451900	50.458000
721.994668	828.480418	55.451900	50.458000
721.997031	828.480417	55.451900	50.458000
721.999539	828.480417	55.451900	50.459000
722.002061	828.480417	55.451899	50.459000
722.004571	828.480420	55.451900	50.460000
722.007049	828.480418	55.451900	50.460000
722.009572	828.480419	55.451900	50.460000
722.012097	828.480417	55.451900	50.461000
722.014562	828.480418	55.451900	50.461000
722.017039	828.480420	55.451900	50.461000
722.019545	828.480421	55.451900	50.462000
722.022259	828.480421	55.451900	50.462000
722.024791	828.480421	55.451900	50.463000
722.027357	828.480418	55.451900	50.464000
722.029773	828.480420	55.451900	50.464000
722.032303	828.480419	55.451900	50.465000
722.034668	828.480417	55.451900	50.466000
722.037137	828.480419	55.451900	50.466000
722.039645	828.480420	55.451900	50.467000
722.042165	828.480418	55.451900	50.467000
722.044684	828.480420	55.451900	50.467000
722.047154	828.480419	55.451900	50.467000
722.049680	828.480421	55.451900	50.468000
722.052197	828.480421	55.451900	50.468000
722.054675	828.480416	55.451900	50.468000
722.057130	828.480419	55.451900	50.468000
722.059965	828.480418	55.451900	50.469000
722.062359	828.480419	55.451900	50.469000
722.064894	828.480422	55.451900	50.470000
722.067440	828.480420	55.451900	50.471000
722.069785	828.480423	55.451900	50.472000
722.072299	828.480420	55.451900	50.472000
722.074775	828.480420	55.451900	50.473000
722.077238	828.480420	55.451900	50.474000
722.079751	828.480420	55.451900	50.475000
722.082265	828.480416	55.451900	50.476000
722.084789	828.480421	55.451900	50.476000
722.087250	828.480417	55.451900	50.477000
722.089783	828.480425	55.451900	50.478000
722.092403	828.480418	55.451900	50.478000
722.094766	828.480420	55.451900	50.479000
722.097431	828.480421	55.451900	50.479000
722.100067	828.480419	55.451900	50.479000
722.102446	828.480422	55.451900	50.479000
722.104985	828.480417	55.451900	50.478000
722.107426	828.480417	55.451900	50.478000
722.109892	828.480420	55.451900	50.477000
722.112392	828.480419	55.451900	50.477000
722.114868	828.480419	55.451900	50.476000
722.117330	828.480422	55.451900	50.475000
722.119853	828.480421	55.451900	50.474000
722.122360	828.480422	55.451900	50.474000
722.124884	828.480422	55.451900	50.473000
722.127348	828.480425	55.451900	50.473000
722.129885	828.480424	55.451900	50.473000
722.132393	828.480418	55.451900	50.473000
722.134961	828.480423	55.451900	50.474000
722.137537	828.480417	55.451900	50.475000
722.140061	828.480420	55.451900	50.476000
722.142566	828.480419	55.451900	50.477000
722.144991	828.480418	55.451900	50.478000
722.147559	828.480416	55.451900	50.478000
722.149992	828.480420	55.451900	50.479000
722.152500	828.480419	55.451900	50.480000
722.154970	828.480421	55.451900	50.480000
722.157432	828.480419	55.451900	50.480000
722.159975	828.480420	55.451900	50.480000
722.162564	828.480422	55.451900	50.480000
722.164993	828.480421	55.451900	50.480000
722.167454	828.480418	55.451900	50.480000
722.169999	828.480422	55.451900	50.480000
722.172491	828.480416	55.451900	50.480000
722.175262	828.480424	55.451900	50.481000
722.177724	828.480422	55.451900	50.481000
722.180167	828.480419	55.451900	50.481000
722.182658	828.480418	55.451900	50.481000
722.185097	828.480419	55.451900	50.481000
722.187554	828.480420	55.451900	50.481000
722.190086	828.480421	55.451900	50.481000
722.192594	828.480423	55.451900	50.481000
722.195058	828.480422	55.451900	50.481000
722.197532	828.480417	55.451900	50.481000
722.200067	828.480419	55.451900	50.481000
722.202563	828.480417	55.451900	50.481000
722.205088	828.480419	55.451900	50.481000
722.207544	828.480418	55.451900	50.481000
722.210190	828.480421	55.451900	50.480000
722.212799	828.480422	55.451900	50.480000
722.215262	828.480418	55.451900	50.480000
722.217829	828.480421	55.451900	50.479000
722.220265	828.480421	55.451900	50.480000
722.222768	828.480421	55.451900	50.480000
722.225200	828.480420	55.451900	50.480000
722.227645	828.480420	55.451900	50.480000
722.230195	828.480421	55.451900	50.481000
722.232695	828.480424	55.451899	50.481000
722.235265	828.480423	55.451900	50.481000
722.237631	828.480421	55.451900	50.481000
722.240167	828.480422	55.451900	50.481000
722.242668	828.480420	55.451900	50.482000
722.245195	828.480419	55.451900	50.482000
722.247645	828.480423	55.451900	50.483000
722.250388	828.480420	55.451900	50.484000
722.252897	828.480421	55.451900	50.485000
722.255454	828.480418	55.451900	50.486000
722.257843	828.480420	55.451900	50.486000
722.260465	828.480419	55.451900	50.487000
722.262767	828.480416	55.451900	50.487000
722.265393	828.480419	55.451900	50.487000
722.267746	828.480420	55.451900	50.487000
722.270280	828.480422	55.451900	50.487000
722.272798	828.480424	55.451900	50.487000
722.275271	828.480423	55.451899	50.487000
722.277732	828.480423	55.451900	50.488000
722.280264	828.480422	55.451900	50.488000
722.282761	828.480417	55.451900	50.489000
722.285296	828.480423	55.451900	50.489000
722.287945	828.480421	55.451900	50.490000
722.290491	828.480420	55.451900	50.490000
722.292990	828.480421	55.451900	50.489000
722.295552	828.480421	55.451900	50.489000
722.297825	828.480419	55.451900	50.489000
722.300466	828.480422	55.451900	50.489000
722.302865	828.480419	55.451900	50.490000
722.305383	828.480425	55.451900	50.491000
722.307850	828.480418	55.451900	50.492000
722.310387	828.480422	55.451900	50.493000
722.312889	828.480419	55.451900	50.493000
722.315348	828.480417	55.451900	50.493000
722.317828	828.480426	55.451900	50.493000
722.320363	828.480421	55.451900	50.493000
722.322862	828.480421	55.451900	50.492000
722.325388	828.480416	55.451900	50.492000
722.328141	828.480420	55.451900	50.492000
722.330583	828.480414	55.451900	50.492000
722.333079	828.480418	55.451900	50.493000
722.335556	828.480420	55.451900	50.493000
722.337926	828.480418	55.451900	50.494000
722.340570	828.480421	55.451900	50.494000
722.342965	828.480421	55.451900	50.493000
722.345488	828.480420	55.451900	50.493000
722.347947	828.480419	55.451900	50.492000
722.350488	828.480420	55.451900	50.492000
722.352992	828.480420	55.451900	50.492000
722.355458	828.480420	55.451900	50.492000
722.357936	828.480424	55.451900	50.493000
722.360475	828.480420	55.451900	50.493000
722.362978	828.480419	55.451900	50.494000
722.365677	828.480421	55.451900	50.493000
722.368150	828.480421	55.451900	50.492000
722.370696	828.480419	55.451900	50.490000
722.373199	828.480423	55.451900	50.488000
722.375655	828.480418	55.451900	50.486000
722.378336	828.480420	55.451900	50.485000
722.380663	828.480421	55.451900	50.485000
722.383064	828.480421	55.451900	50.485000
722.385584	828.480418	55.451900	50.486000
722.388147	828.480420	55.451900	50.487000
722.390604	828.480418	55.451900	50.487000
722.393087	828.480424	55.451900	50.486000
722.395559	828.480418	55.451900	50.482000
722.398028	828.480420	55.451900	50.479000
722.400569	828.480422	55.451900	50.474000
722.403071	828.480416	55.451900	50.470000
722.405785	828.480422	55.451900	50.466000
722.408244	828.480423	55.451900	50.463000
722.410897	828.480420	55.451900	50.463000
722.413290	828.480417	55.451900	50.463000
722.415759	828.480419	55.451900	50.464000
722.418228	828.480418	55.451900	50.465000
722.420664	828.480420	55.451900	50.463000
722.423169	828.480422	55.451900	50.460000
722.425672	828.480422	55.451900	50.454000
722.428153	828.480422	55.451900	50.447000
722.430690	828.480423	55.451900	50.439000
722.433190	828.480422	55.451900	50.432000
722.435653	828.480422	55.451900	50.427000
722.438131	828.480422	55.451900	50.424000
722.440672	828.480424	55.451900	50.422000
722.443366	828.480417	55.451900	50.420000
722.445869	828.480423	55.451900	50.419000
722.448346	828.480421	55.451900	50.418000
722.450896	828.480419	55.451900	50.416000
722.453393	828.480421	55.451900	50.412000
722.455754	828.480420	55.451900	50.408000
722.458330	828.480420	55.451900	50.403000
722.460752	828.480419	55.451900	50.399000
722.463255	828.480420	55.451900	50.396000
722.465773	828.480422	55.451900	50.393000
722.468244	828.480418	55.451900	50.392000
722.470780	828.480422	55.451900	50.392000
722.473294	828.480419	55.451900	50.393000
722.475748	828.480420	55.451900	50.394000
722.478228	828.480420	55.451900	50.396000
722.481045	828.480420	55.451900	50.397000
722.483472	828.480421	55.451900	50.398000
722.485961	828.480420	55.451900	50.398000
722.488442	828.480422	55.451900	50.398000
722.491100	828.480425	55.451900	50.397000
722.493494	828.480419	55.451900	50.396000
722.496040	828.480421	55.451900	50.396000
722.498330	828.480418	55.451900	50.396000
722.500949	828.480420	55.451900	50.397000
722.503365	828.480422	55.451900	50.398000
722.505878	828.480416	55.451900	50.401000
722.508347	828.480417	55.451900	50.403000
722.510998	828.480420	55.451900	50.407000
722.513389	828.480418	55.451900	50.411000
722.515858	828.480422	55.451900	50.415000
722.518327	828.480421	55.451900	50.419000
722.521147	828.480417	55.451900	50.423000
722.523566	828.480418	55.451900	50.427000
722.526056	828.480419	55.451900	50.430000
722.528646	828.480422	55.451900	50.432000
722.531206	828.480420	55.451900	50.434000
722.533499	828.480418	55.451900	50.435000
722.536056	828.480422	55.451900	50.436000
722.538429	828.480419	55.451900	50.436000
722.540943	828.480420	55.451900	50.436000
722.543473	828.480415	55.451900	50.436000
722.545963	828.480419	55.451900	50.437000
722.548441	828.480424	55.451900	50.437000
722.550992	828.480422	55.451900	50.437000
722.553493	828.480422	55.451900	50.438000
722.555948	828.480424	55.451900	50.438000
722.558628	828.480416	55.451900	50.438000
722.561146	828.480420	55.451900	50.437000
722.563671	828.480419	55.451900	50.436000
722.566160	828.480423	55.451900	50.434000
722.568659	828.480420	55.451900	50.431000
722.571201	828.480421	55.451900	50.428000
722.573684	828.480419	55.451900	50.424000
722.576057	828.480420	55.451900	50.419000
722.578530	828.480422	55.451900	50.415000
722.581043	828.480418	55.451900	50.410000
722.583570	828.480422	55.451900	50.406000
722.586053	828.480420	55.451900	50.402000
722.588547	828.480421	55.451900	50.398000
722.591091	828.480420	55.451900	50.396000
722.593590	828.480423	55.451900	50.394000
722.596242	828.480418	55.451900	50.392000
722.598730	828.480418	55.451900	50.392000
722.601247	828.480423	55.451900	50.392000
722.603865	828.480418	55.451900	50.393000
722.606147	828.480421	55.451900	50.393000
722.608750	828.480426	55.451900	50.394000
722.611211	828.480420	55.451900	50.395000
722.613786	828.480423	55.451900	50.395000
722.616147	828.480419	55.451900	50.396000
722.618621	828.480421	55.451900	50.397000
722.621139	828.480418	55.451900	50.398000
722.623664	828.480421	55.451900	50.399000
722.626144	828.480420	55.451900	50.402000
722.628648	828.480421	55.451900	50.405000
722.631198	828.480422	55.451900	50.409000
722.633692	828.480423	55.451900	50.414000
722.636344	828.480422	55.451900	50.418000
722.638927	828.480421	55.451900	50.421000
722.641342	828.480422	55.451900	50.424000
722.643876	828.480421	55.451900	50.426000
722.646356	828.480420	55.451900	50.427000
722.648760	828.480417	55.451900	50.428000
722.651390	828.480424	55.451900	50.430000
722.653876	828.480420	55.451900	50.433000
722.656226	828.480417	55.451900	50.437000
722.658721	828.480419	55.451900	50.442000
722.661237	828.480418	55.451900	50.449000
722.663763	828.480415	55.451900	50.456000
722.666247	828.480415	55.451900	50.464000
722.668855	828.480420	55.451900	50.470000
722.671396	828.480422	55.451900	50.476000
722.673871	828.480422	55.451900	50.479000
722.676541	828.480422	55.451900	50.482000
722.679025	828.480423	55.451900	50.484000
722.681652	828.480417	55.451900	50.486000
722.684047	828.480419	55.451900	50.489000
722.686543	828.480423	55.451900	50.493000
722.688941	828.480421	55.451900	50.497000
722.691597	828.480419	55.451900	50.503000
722.693971	828.480417	55.451900	50.508000
722.696438	828.480417	55.451900	50.512000
722.698928	828.480419	55.451900	50.515000
722.701453	828.480419	55.451900	50.517000
722.703969	828.480417	55.451900	50.518000
722.706448	828.480419	55.451900	50.518000
722.708954	828.480423	55.451900	50.519000
722.711500	828.480419	55.451900	50.520000
722.714182	828.480421	55.451900	50.522000
722.716737	828.480423	55.451900	50.526000
722.719220	828.480418	55.451900	50.530000
722.721757	828.480419	55.451900	50.533000
722.724263	828.480422	55.451900	50.537000
722.726662	828.480418	55.451900	50.540000
722.729250	828.480419	55.451900	50.542000
722.731701	828.480417	55.451900	50.544000
722.734272	828.480421	55.451900	50.544000
722.736739	828.480415	55.451900	50.545000
722.739116	828.480421	55.451900	50.545000
722.741655	828.480417	55.451900	50.546000
722.744155	828.480423	55.451900	50.547000
722.746755	828.480419	55.451900	50.548000
722.749149	828.480416	55.451900	50.550000
722.751900	828.480422	55.451900	50.551000
722.754369	828.480420	55.451900	50.552000
722.756836	828.480422	55.451900	50.552000
722.759323	828.480419	55.451900	50.553000
722.761861	828.480424	55.451900	50.553000
722.764451	828.480419	55.451900	50.553000
722.766749	828.480419	55.451900	50.553000
722.769252	828.480415	55.451900	50.553000
722.771788	828.480420	55.451900	50.554000
722.774280	828.480419	55.451900	50.555000
722.776737	828.480419	55.451900	50.556000
722.779226	828.480418	55.451900	50.556000
722.781764	828.480415	55.451900	50.557000
722.784261	828.480423	55.451900	50.557000
722.786757	828.480419	55.451900	50.557000
722.789256	828.480421	55.451900	50.557000
722.791998	828.480422	55.451900	50.557000
722.794475	828.480422	55.451900	50.557000
722.797129	828.480416	55.451900	50.557000
722.799431	828.480419	55.451900	50.558000
722.801967	828.480423	55.451900	50.559000
722.804469	828.480420	55.451900	50.559000
722.806956	828.480423	55.451900	50.559000
722.809347	828.480421	55.451900	50.560000
722.811894	828.480420	55.451900	50.559000
722.814370	828.480418	55.451900	50.559000
722.816828	828.480417	55.451900	50.559000
722.819316	828.480420	55.451900	50.559000
722.821864	828.480420	55.451900	50.559000
722.824363	828.480424	55.451900	50.559000
722.826851	828.480422	55.451900	50.560000
722.829567	828.480422	55.451900	50.560000
722.832100	828.480421	55.451900	50.560000
722.834572	828.480420	55.451900	50.561000
722.837030	828.480420	55.451900	50.561000
722.839643	828.480416	55.451900	50.561000
722.841964	828.480420	55.451900	50.561000
722.844577	828.480421	55.451900	50.561000
722.846958	828.480423	55.451900	50.561000
722.849467	828.480420	55.451900	50.561000
722.852012	828.480418	55.451900	50.561000
722.854475	828.480416	55.451900	50.561000
722.856930	828.480424	55.451900	50.562000
722.859427	828.480418	55.451900	50.562000
722.861958	828.480425	55.451900	50.562000
722.864467	828.480420	55.451900	50.562000
722.867055	828.480420	55.451900	50.563000
722.869663	828.480420	55.451900	50.563000
722.872102	828.480422	55.451900	50.564000
722.874571	828.480419	55.451900	50.564000
722.877025	828.480419	55.451900	50.565000
722.879535	828.480416	55.451900	50.565000
722.882059	828.480421	55.451900	50.566000
722.884456	828.480421	55.451900	50.566000
722.886944	828.480423	55.451900	50.567000
722.889450	828.480419	55.451900	50.567000
722.891991	828.480421	55.451900	50.568000
722.894473	828.480419	55.451900	50.568000
722.896928	828.480422	55.451900	50.569000
722.899421	828.480420	55.451900	50.570000
722.901949	828.480421	55.451900	50.570000
722.904452	828.480418	55.451900	50.571000
722.907044	828.480418	55.451900	50.572000
722.909552	828.480419	55.451900	50.572000
722.912094	828.480419	55.451900	50.573000
722.914561	828.480416	55.451900	50.574000
722.917030	828.480423	55.451900	50.575000
722.919519	828.480417	55.451900	50.575000
722.921957	828.480422	55.451900	50.576000
722.924459	828.480418	55.451900	50.576000
722.926942	828.480422	55.451900	50.577000
722.929445	828.480421	55.451900	50.578000
722.931996	828.480420	55.451900	50.578000
722.934475	828.480424	55.451900	50.578000
722.936929	828.480422	55.451900	50.579000
722.939412	828.480420	55.451900	50.579000
722.941946	828.480418	55.451900	50.579000
722.944667	828.480423	55.451900	50.580000
722.947128	828.480419	55.451900	50.580000
722.949653	828.480420	55.451900	50.581000
722.952188	828.480423	55.451900	50.581000
722.954663	828.480421	55.451899	50.582000
722.957219	828.480416	55.451900	50.582000
722.959623	828.480419	55.451900	50.583000
722.962154	828.480417	55.451900	50.583000
722.964668	828.480419	55.451899	50.584000
722.967146	828.480415	55.451900	50.584000
722.969663	828.480417	55.451900	50.585000
722.972301	828.480422	55.451900	50.585000
722.974668	828.480417	55.451900	50.586000
722.977121	828.480418	55.451900	50.587000
722.979627	828.480421	55.451900	50.587000
722.982460	828.480421	55.451900	50.587000
722.984882	828.480421	55.451900	50.587000
722.987338	828.480418	55.451900	50.587000
722.989770	828.480413	55.451900	50.587000
722.992405	828.480419	55.451900	50.587000
722.994775	828.480417	55.451900	50.587000
722.997328	828.480419	55.451900	50.588000
722.999741	828.480421	55.451900	50.588000
723.002371	828.480419	55.451900	50.588000
723.004788	828.480418	55.451900	50.588000
723.007255	828.480417	55.451900	50.588000
723.009885	828.480422	55.451900	50.589000
723.012310	828.480419	55.451900	50.589000
723.014773	828.480421	55.451900	50.589000
723.017230	828.480418	55.451900	50.589000
723.019959	828.480420	55.451900	50.588000
723.022473	828.480418	55.451900	50.588000
723.024999	828.480421	55.451900	50.588000
723.027451	828.480416	55.451900	50.588000
723.029987	828.480421	55.451899	50.588000
723.032508	828.480419	55.451900	50.588000
723.034870	828.480420	55.451900	50.588000
723.037333	828.480419	55.451900	50.589000
723.039852	828.480419	55.451900	50.589000
723.042470	828.480417	55.451900	50.589000
723.044890	828.480416	55.451900	50.590000
723.047340	828.480422	55.451900	50.590000
723.049880	828.480422	55.451900	50.590000
723.052497	828.480421	55.451900	50.591000
723.054866	828.480418	55.451900	50.591000
723.057317	828.480417	55.451900	50.591000
723.060058	828.480419	55.451900	50.592000
723.062658	828.480423	55.451900	50.592000
723.065089	828.480420	55.451900	50.592000
723.067539	828.480425	55.451900	50.592000
723.070086	828.480420	55.451900	50.592000
723.072590	828.480420	55.451900	50.593000
723.074963	828.480421	55.451900	50.593000
723.077528	828.480417	55.451900	50.593000
723.080054	828.480420	55.451900	50.593000
723.082558	828.480420	55.451900	50.593000
723.085192	828.480421	55.451900	50.593000
723.087549	828.480420	55.451900	50.592000
723.090085	828.480418	55.451900	50.592000
723.092601	828.480422	55.451900	50.592000
723.095057	828.480420	55.451900	50.592000
723.097625	828.480423	55.451900	50.591000
723.100165	828.480421	55.451900	50.591000
723.102659	828.480422	55.451900	50.591000
723.105192	828.480420	55.451900	50.591000
723.107639	828.480420	55.451900	50.591000
723.110248	828.480418	55.451900	50.591000
723.112725	828.480420	55.451900	50.591000
723.115168	828.480420	55.451900	50.591000
723.117527	828.480418	55.451900	50.590000
723.120160	828.480423	55.451899	50.590000
723.122557	828.480423	55.451900	50.590000
723.125097	828.480418	55.451900	50.590000
723.127542	828.480416	55.451900	50.590000
723.130096	828.480420	55.451900	50.589000
723.132614	828.480415	55.451900	50.589000
723.135261	828.480421	55.451900	50.589000
723.137730	828.480416	55.451900	50.588000
723.140267	828.480424	55.451900	50.588000
723.142763	828.480417	55.451900	50.588000
723.145295	828.480419	55.451900	50.588000
723.147749	828.480420	55.451900	50.587000
723.150288	828.480422	55.451900	50.587000
723.152708	828.480420	55.451900	50.587000
723.155165	828.480417	55.451900	50.586000
723.157630	828.480427	55.451900	50.586000
723.160273	828.480424	55.451900	50.586000
723.162667	828.480420	55.451900	50.585000
723.165211	828.480425	55.451900	50.585000
723.167641	828.480420	55.451900	50.584000
723.170178	828.480419	55.451900	50.584000
723.172789	828.480421	55.451899	50.583000
723.175461	828.480417	55.451900	50.583000
723.177819	828.480420	55.451900	50.583000
723.180364	828.480424	55.451900	50.582000
723.182855	828.480418	55.451900	50.582000
723.185381	828.480422	55.451900	50.582000
723.187736	828.480418	55.451900	50.581000
723.190283	828.480420	55.451900	50.581000
723.192803	828.480420	55.451900	50.580000
723.195351	828.480419	55.451900	50.580000
723.197723	828.480418	55.451900	50.579000
723.200258	828.480424	55.451900	50.579000
723.202761	828.480424	55.451900	50.579000
723.205291	828.480422	55.451899	50.578000
723.207850	828.480420	55.451900	50.578000
723.210285	828.480424	55.451900	50.578000
723.213095	828.480415	55.451900	50.578000
723.215455	828.480419	55.451900	50.578000
723.217930	828.480419	55.451900	50.578000
723.220467	828.480415	55.451900	50.578000
723.222967	828.480422	55.451900	50.577000
723.225413	828.480423	55.451900	50.577000
723.227848	828.480422	55.451900	50.576000
723.230409	828.480417	55.451900	50.576000
723.232903	828.480421	55.451899	50.575000
723.235360	828.480418	55.451900	50.575000
723.237822	828.480422	55.451900	50.574000
723.240370	828.480422	55.451900	50.574000
723.242872	828.480418	55.451900	50.574000
723.245504	828.480420	55.451900	50.573000
723.247857	828.480421	55.451900	50.572000
723.250599	828.480424	55.451900	50.572000
723.253111	828.480416	55.451900	50.571000
723.255668	828.480424	55.451900	50.571000
723.258041	828.480420	55.451900	50.570000
723.260577	828.480422	55.451900	50.569000
723.263079	828.480417	55.451900	50.569000
723.265595	828.480417	55.451900	50.569000
723.267949	828.480418	55.451900	50.569000
723.270496	828.480421	55.451900	50.569000
723.273011	828.480420	55.451900	50.568000
723.275466	828.480417	55.451900	50.568000
723.277927	828.480420	55.451900	50.567000
723.280565	828.480420	55.451900	50.566000
723.282965	828.480419	55.451900	50.565000
723.285489	828.480418	55.451899	50.564000
723.288149	828.480424	55.451900	50.563000
723.290695	828.480420	55.451900	50.562000
723.293197	828.480419	55.451900	50.562000
723.295654	828.480418	55.451900	50.561000
723.298127	828.480423	55.451900	50.560000
723.300661	828.480424	55.451900	50.560000
723.303169	828.480419	55.451900	50.560000
723.305591	828.480420	55.451900	50.559000
723.308155	828.480421	55.451900	50.559000
723.310596	828.480421	55.451900	50.558000
723.313100	828.480421	55.451900	50.557000
723.315563	828.480421	55.451900	50.557000
723.318029	828.480418	55.451900	50.556000
723.320681	828.480422	55.451900	50.556000
723.323078	828.480420	55.451900	50.555000
723.325792	828.480419	55.451900	50.554000
723.328263	828.480419	55.451900	50.554000
723.330808	828.480421	55.451900	50.553000
723.333314	828.480423	55.451900	50.553000
723.335769	828.480420	55.451900	50.552000
723.338236	828.480419	55.451900	50.552000
723.340864	828.480417	55.451900	50.552000
723.343164	828.480419	55.451900	50.551000
723.345693	828.480420	55.451899	50.551000
723.348149	828.480423	55.451900	50.550000
723.350691	828.480423	55.451900	50.550000
723.353203	828.480421	55.451900	50.549000
723.355669	828.480422	55.451900	50.549000
723.358141	828.480415	55.451900	50.550000
723.360667	828.480420	55.451900	50.550000
723.363376	828.480418	55.451900	50.550000
723.365979	828.480420	55.451900	50.550000
723.368363	828.480421	55.451900	50.550000
723.370888	828.480420	55.451900	50.550000
723.373392	828.480420	55.451900	50.549000
723.375751	828.480419	55.451900	50.549000
723.378228	828.480421	55.451900	50.549000
723.380756	828.480420	55.451900	50.548000
723.383268	828.480422	55.451900	50.548000
723.385782	828.480421	55.451900	50.547000
723.388243	828.480422	55.451900	50.547000
723.390886	828.480416	55.451900	50.546000
723.393283	828.480417	55.451900	50.546000
723.395752	828.480422	55.451900	50.546000
723.398221	828.480420	55.451900	50.545000
723.400953	828.480419	55.451900	50.545000
723.403462	828.480420	55.451900	50.544000
723.405974	828.480417	55.451900	50.544000
723.408441	828.480420	55.451900	50.544000
723.410996	828.480419	55.451900	50.544000
723.413386	828.480421	55.451900	50.544000
723.415851	828.480419	55.451900	50.543000
723.418321	828.480417	55.451900	50.543000
723.420850	828.480425	55.451900	50.543000
723.423368	828.480422	55.451900	50.543000
723.425875	828.480424	55.451900	50.542000
723.428350	828.480419	55.451900	50.541000
723.430886	828.480419	55.451900	50.541000
723.433392	828.480419	55.451900	50.540000
723.435847	828.480415	55.451900	50.538000
723.438428	828.480419	55.451900	50.537000
723.441041	828.480417	55.451900	50.536000
723.443573	828.480421	55.451900	50.535000
723.446062	828.480419	55.451900	50.534000
723.448550	828.480418	55.451900	50.533000
723.451099	828.480419	55.451900	50.532000
723.453483	828.480417	55.451900	50.532000
723.455948	828.480418	55.451900	50.531000
723.458427	828.480421	55.451900	50.531000
723.460955	828.480416	55.451900	50.530000
723.463465	828.480420	55.451900	50.530000
723.465975	828.480421	55.451900	50.529000
723.468445	828.480421	55.451900	50.528000
723.471003	828.480420	55.451900	50.528000
723.473599	828.480422	55.451899	50.527000
723.475957	828.480421	55.451900	50.526000
723.478535	828.480421	55.451900	50.526000
723.481150	828.480421	55.451900	50.526000
723.483575	828.480419	55.451900	50.525000
723.486074	828.480423	55.451900	50.525000
723.488561	828.480422	55.451900	50.524000
723.491003	828.480418	55.451900	50.524000
723.493499	828.480417	55.451900	50.523000
723.495953	828.480419	55.451901	50.522000
723.498440	828.480424	55.451900	50.521000
723.500966	828.480419	55.451900	50.520000
723.503580	828.480423	55.451900	50.520000
723.505985	828.480417	55.451900	50.519000
723.508456	828.480419	55.451900	50.518000
723.511010	828.480418	55.451900	50.517000
723.513506	828.480420	55.451900	50.516000
723.516167	828.480418	55.451900	50.516000
723.518638	828.480421	55.451900	50.515000
723.521156	828.480423	55.451900	50.515000
723.523780	828.480423	55.451900	50.515000
723.526167	828.480424	55.451900	50.515000
723.528656	828.480423	55.451901	50.515000
723.531204	828.480422	55.451900	50.515000
723.533597	828.480423	55.451900	50.514000
723.536061	828.480422	55.451900	50.514000
723.538535	828.480422	55.451900	50.514000
723.541050	828.480424	55.451900	50.514000
723.543574	828.480423	55.451900	50.513000
723.546069	828.480421	55.451900	50.512000
723.548551	828.480420	55.451900	50.511000
723.551097	828.480417	55.451900	50.510000
723.553896	828.480418	55.451900	50.509000
723.556259	828.480419	55.451901	50.508000
723.558842	828.480418	55.451900	50.507000
723.561253	828.480421	55.451900	50.506000
723.563872	828.480421	55.451900	50.505000
723.566351	828.480419	55.451900	50.504000
723.568750	828.480420	55.451900	50.503000
723.571200	828.480424	55.451900	50.503000
723.573679	828.480422	55.451900	50.502000
723.576152	828.480418	55.451900	50.502000
723.578628	828.480420	55.451900	50.502000
723.581145	828.480423	55.451900	50.501000
723.583675	828.480419	55.451900	50.501000
723.586253	828.480419	55.451900	50.500000
723.588652	828.480419	55.451899	50.500000
723.591203	828.480421	55.451900	50.499000
723.593894	828.480414	55.451900	50.499000
723.596447	828.480421	55.451900	50.498000
723.598843	828.480418	55.451900	50.498000
723.601344	828.480420	55.451900	50.497000
723.603874	828.480419	55.451900	50.497000
723.606353	828.480418	55.451900	50.496000
723.608964	828.480422	55.451900	50.496000
723.611292	828.480422	55.451900	50.495000
723.613777	828.480420	55.451900	50.495000
723.616249	828.480418	55.451900	50.494000
723.618721	828.480421	55.451900	50.494000
723.621244	828.480418	55.451900	50.493000
723.623773	828.480416	55.451900	50.493000
723.626260	828.480422	55.451900	50.492000
723.628750	828.480417	55.451900	50.492000
723.631508	828.480419	55.451900	50.491000
723.633971	828.480419	55.451900	50.491000
723.636450	828.480422	55.451900	50.491000
723.638934	828.480421	55.451900	50.490000
723.641454	828.480420	55.451900	50.490000
723.643974	828.480414	55.451899	50.489000
723.646350	828.480423	55.451900	50.489000
723.648860	828.480419	55.451899	50.488000
723.651394	828.480419	55.451900	50.488000
723.653885	828.480416	55.451900	50.488000
723.656340	828.480416	55.451900	50.488000
723.658827	828.480422	55.451900	50.488000
723.661341	828.480417	55.451900	50.488000
723.663876	828.480420	55.451901	50.488000
723.666347	828.480415	55.451900	50.488000
723.669059	828.480420	55.451900	50.488000
723.671602	828.480420	55.451900	50.489000
723.674096	828.480421	55.451900	50.488000
723.676539	828.480420	55.451900	50.488000
723.679036	828.480419	55.451900	50.488000
723.681546	828.480420	55.451900	50.488000
723.684152	828.480423	55.451900	50.488000
723.686449	828.480418	55.451900	50.488000
723.688953	828.480415	55.451900	50.487000
723.691499	828.480420	55.451900	50.487000
723.693968	828.480422	55.451901	50.487000
723.696440	828.480419	55.451900	50.487000
723.698924	828.480421	55.451900	50.487000
723.701454	828.480420	55.451900	50.487000
723.703974	828.480419	55.451900	50.486000
723.706557	828.480419	55.451900	50.486000
723.709058	828.480422	55.451900	50.486000
723.711608	828.480420	55.451900	50.486000
723.714087	828.480419	55.451900	50.486000
723.716644	828.480422	55.451900	50.486000
723.719030	828.480421	55.451900	50.486000
723.721435	828.480417	55.451900	50.485000
723.723967	828.480416	55.451899	50.485000
723.726455	828.480417	55.451900	50.485000
723.728953	828.480419	55.451900	50.485000
723.731502	828.480419	55.451901	50.485000
723.733984	828.480424	55.451900	50.485000
723.736447	828.480418	55.451901	50.486000
723.738929	828.480421	55.451900	50.486000
723.741454	828.480421	55.451900	50.486000
723.743964	828.480421	55.451900	50.485000
723.746655	828.480421	55.451900	50.486000
723.749159	828.480418	55.451900	50.486000
723.751715	828.480416	55.451900	50.486000
723.754180	828.480418	55.451900	50.486000
723.756644	828.480421	55.451900	50.485000
723.759130	828.480420	55.451900	50.485000
723.761552	828.480419	55.451900	50.485000
723.764069	828.480421	55.451900	50.485000
723.766552	828.480420	55.451900	50.485000
723.769063	828.480419	55.451900	50.484000
723.771600	828.480422	55.451899	50.484000
723.774087	828.480420	55.451900	50.484000
723.776549	828.480422	55.451900	50.484000
723.779039	828.480422	55.451900	50.484000
723.781554	828.480422	55.451900	50.483000
723.784264	828.480416	55.451900	50.483000
723.786760	828.480417	55.451900	50.483000
723.789251	828.480422	55.451900	50.482000
723.791804	828.480419	55.451900	50.482000
723.794288	828.480422	55.451900	50.481000
723.796747	828.480416	55.451900	50.481000
723.799120	828.480422	55.451900	50.480000
723.801653	828.480418	55.451900	50.480000
723.804159	828.480425	55.451900	50.480000
723.806659	828.480421	55.451900	50.480000
723.809167	828.480418	55.451900	50.479000
723.811710	828.480422	55.451900	50.479000
723.814181	828.480420	55.451900	50.479000
723.816644	828.480422	55.451900	50.478000
723.819126	828.480418	55.451900	50.478000
723.821861	828.480422	55.451900	50.478000
723.824359	828.480420	55.451900	50.477000
723.826953	828.480419	55.451900	50.476000
723.829352	828.480424	55.451900	50.476000
723.831903	828.480422	55.451900	50.475000
723.834379	828.480425	55.451900	50.475000
723.836841	828.480421	55.451900	50.474000
723.839323	828.480418	55.451900	50.474000
723.841766	828.480419	55.451900	50.473000
723.844264	828.480416	55.451900	50.473000
723.846762	828.480420	55.451900	50.472000
723.849261	828.480424	55.451900	50.472000
723.851908	828.480425	55.451900	50.471000
723.854280	828.480420	55.451900	50.471000
723.856744	828.480422	55.451901	50.470000
723.859214	828.480419	55.451900	50.470000
723.862064	828.480418	55.451899	50.469000
723.864462	828.480424	55.451900	50.469000
723.867062	828.480418	55.451900	50.469000
723.869468	828.480420	55.451900	50.468000
723.872006	828.480423	55.451900	50.468000
723.874495	828.480419	55.451900	50.468000
723.877031	828.480422	55.451900	50.468000
723.879323	828.480421	55.451900	50.468000
723.881851	828.480417	55.451900	50.467000
723.884360	828.480422	55.451900	50.467000
723.886853	828.480418	55.451900	50.467000
723.889355	828.480417	55.451900	50.466000
723.891889	828.480423	55.451901	50.466000
723.894379	828.480420	55.451900	50.466000
723.896833	828.480424	55.451899	50.465000
723.899522	828.480418	55.451900	50.465000
723.902050	828.480419	55.451900	50.465000
723.904557	828.480420	55.451900	50.464000
723.907059	828.480421	55.451899	50.464000
723.909552	828.480417	55.451899	50.463000
723.912103	828.480421	55.451900	50.463000
723.914469	828.480420	55.451900	50.463000
723.916930	828.480421	55.451900	50.462000
723.919408	828.480421	55.451900	50.462000
723.921961	828.480422	55.451900	50.462000
723.924456	828.480422	55.451900	50.462000
723.926956	828.480420	55.451900	50.462000
723.929450	828.480418	55.451900	50.462000
723.931998	828.480421	55.451900	50.461000
723.934472	828.480422	55.451900	50.461000
723.936928	828.480424	55.451900	50.461000
723.939521	828.480417	55.451901	50.461000
723.942160	828.480417	55.451900	50.460000
723.944681	828.480414	55.451900	50.460000
723.947055	828.480420	55.451900	50.460000
723.949564	828.480423	55.451900	50.459000
723.952197	828.480419	55.451900	50.458000
723.954490	828.480424	55.451900	50.458000
723.956940	828.480425	55.451900	50.457000
723.959418	828.480419	55.451900	50.456000
723.962066	828.480417	55.451900	50.456000
723.964472	828.480421	55.451900	50.455000
723.966966	828.480423	55.451900	50.454000
723.969452	828.480418	55.451900	50.454000
723.972009	828.480421	55.451900	50.453000
723.974586	828.480422	55.451900	50.453000
723.977138	828.480416	55.451900	50.452000
723.979635	828.480414	55.451899	50.452000
723.982170	828.480416	55.451900	50.451000
723.984781	828.480420	55.451900	50.451000
723.987263	828.480422	55.451899	50.451000
723.989678	828.480413	55.451900	50.450000
723.992100	828.480421	55.451900	50.449000
723.994585	828.480416	55.451901	50.449000
723.997030	828.480420	55.451900	50.449000
723.999526	828.480422	55.451900	50.448000
724.002043	828.480416	55.451900	50.448000
724.004561	828.480420	55.451900	50.447000
724.007057	828.480420	55.451900	50.447000
724.009559	828.480420	55.451900	50.447000
724.012097	828.480419	55.451900	50.446000
724.014772	828.480417	55.451900	50.446000
724.017324	828.480422	55.451900	50.446000
724.019850	828.480421	55.451900	50.446000
724.022261	828.480420	55.451899	50.446000
724.024778	828.480423	55.451900	50.445000
724.027259	828.480417	55.451900	50.445000
724.029772	828.480420	55.451900	50.445000
724.032211	828.480418	55.451900	50.444000
724.034677	828.480420	55.451899	50.444000
724.037131	828.480419	55.451900	50.444000
724.039623	828.480419	55.451900	50.443000
724.042166	828.480420	55.451900	50.442000
724.044674	828.480417	55.451900	50.442000
724.047163	828.480420	55.451901	50.441000
724.049667	828.480417	55.451900	50.440000
724.052213	828.480418	55.451900	50.440000
724.054693	828.480416	55.451899	50.440000
724.057338	828.480420	55.451901	50.439000
724.059956	828.480422	55.451900	50.439000
724.062460	828.480421	55.451900	50.438000
724.064788	828.480425	55.451900	50.438000
724.067452	828.480424	55.451901	50.438000
724.069883	828.480419	55.451900	50.437000
724.072300	828.480418	55.451900	50.437000
724.074775	828.480421	55.451901	50.437000
724.077236	828.480415	55.451901	50.437000
724.079748	828.480420	55.451901	50.437000
724.082264	828.480418	55.451900	50.436000
724.084779	828.480422	55.451900	50.436000
724.087252	828.480418	55.451900	50.436000
724.089769	828.480418	55.451900	50.436000
724.092303	828.480419	55.451900	50.436000
724.094972	828.480417	55.451900	50.436000
724.097428	828.480418	55.451900	50.436000
724.099947	828.480419	55.451901	50.436000
724.102457	828.480419	55.451900	50.436000
724.104890	828.480422	55.451900	50.436000
724.107443	828.480421	55.451900	50.436000
724.109871	828.480419	55.451900	50.436000
724.112401	828.480416	55.451900	50.436000
724.114978	828.480420	55.451900	50.436000
724.117423	828.480422	55.451900	50.436000
724.119843	828.480419	55.451899	50.435000
724.122352	828.480421	55.451900	50.435000
724.124880	828.480423	55.451899	50.434000
724.127348	828.480426	55.451900	50.434000
724.129872	828.480421	55.451900	50.433000
724.132597	828.480422	55.451901	50.433000
724.135172	828.480418	55.451900	50.432000
724.137535	828.480421	55.451900	50.432000
724.140054	828.480421	55.451901	50.431000
724.142566	828.480420	55.451900	50.431000
724.145096	828.480421	55.451899	50.431000
724.147450	828.480418	55.451901	50.430000
724.149979	828.480422	55.451900	50.430000
724.152507	828.480419	55.451900	50.430000
724.154968	828.480417	55.451900	50.430000
724.157427	828.480421	55.451900	50.429000
724.159940	828.480419	55.451900	50.429000
724.162458	828.480423	55.451900	50.429000
724.164985	828.480418	55.451900	50.429000
724.167446	828.480420	55.451900	50.428000
724.170193	828.480418	55.451900	50.427000
724.172695	828.480424	55.451900	50.426000
724.175165	828.480419	55.451900	50.426000
724.177632	828.480421	55.451900	50.425000
724.180166	828.480418	55.451900	50.424000
724.182657	828.480420	55.451900	50.424000
724.185194	828.480419	55.451900	50.423000
724.187642	828.480417	55.451900	50.423000
724.190082	828.480419	55.451900	50.424000
724.192605	828.480416	55.451900	50.424000
724.195073	828.480424	55.451899	50.424000
724.197537	828.480420	55.451900	50.424000
724.200057	828.480415	55.451900	50.423000
724.202561	828.480417	55.451900	50.423000
724.205094	828.480419	55.451900	50.422000
724.207752	828.480420	55.451900	50.422000
724.210396	828.480422	55.451900	50.421000
724.212809	828.480421	55.451900	50.420000
724.215276	828.480423	55.451899	50.419000
724.217733	828.480421	55.451900	50.418000
724.220272	828.480422	55.451899	50.418000
724.222668	828.480415	55.451901	50.417000
724.225207	828.480421	55.451900	50.417000
724.227654	828.480420	55.451900	50.416000
724.230182	828.480416	55.451900	50.415000
724.232699	828.480417	55.451900	50.415000
724.235172	828.480419	55.451900	50.414000
724.237632	828.480421	55.451900	50.414000
724.240264	828.480423	55.451900	50.414000
724.242668	828.480419	55.451900	50.414000
724.245399	828.480423	55.451900	50.413000
724.247848	828.480424	55.451900	50.413000
724.250483	828.480420	55.451900	50.413000
724.252897	828.480421	55.451900	50.413000
724.255361	828.480420	55.451900	50.412000
724.257740	828.480420	55.451900	50.412000
724.260367	828.480420	55.451900	50.411000
724.262758	828.480420	55.451900	50.410000
724.265293	828.480422	55.451900	50.410000
724.267851	828.480419	55.451900	50.409000
724.270295	828.480422	55.451900	50.409000
724.272807	828.480420	55.451900	50.409000
724.275266	828.480418	55.451900	50.408000
724.277735	828.480419	55.451900	50.408000
724.280259	828.480417	55.451900	50.408000
724.282961	828.480422	55.451900	50.408000
724.285488	828.480417	55.451900	50.408000
724.287953	828.480418	55.451900	50.407000
724.290489	828.480417	55.451899	50.407000
724.292991	828.480417	55.451900	50.407000
724.295566	828.480421	55.451900	50.407000
724.297928	828.480418	55.451900	50.406000
724.300365	828.480421	55.451900	50.406000
724.302868	828.480418	55.451900	50.406000
724.305394	828.480417	55.451900	50.406000
724.307850	828.480418	55.451900	50.406000
724.310391	828.480419	55.451900	50.406000
724.312909	828.480415	55.451900	50.405000
724.315368	828.480423	55.451900	50.405000
724.317825	828.480419	55.451900	50.405000
724.320656	828.480420	55.451901	50.405000
724.323058	828.480416	55.451900	50.405000
724.325591	828.480419	55.451901	50.405000
724.328045	828.480419	55.451900	50.405000
724.330582	828.480418	55.451900	50.405000
724.332996	828.480420	55.451900	50.405000
724.335561	828.480418	55.451900	50.405000
724.337931	828.480418	55.451900	50.405000
724.340462	828.480420	55.451900	50.404000
724.342962	828.480418	55.451900	50.404000
724.345502	828.480415	55.451900	50.404000
724.347944	828.480422	55.451900	50.403000
724.350488	828.480422	55.451899	50.403000
724.353003	828.480417	55.451900	50.403000
724.355468	828.480416	55.451900	50.403000
724.357932	828.480415	55.451900	50.404000
724.360667	828.480420	55.451900	50.404000
724.363173	828.480419	55.451900	50.404000
724.365694	828.480421	55.451900	50.404000
724.368154	828.480424	55.451900	50.404000
724.370788	828.480420	55.451900	50.404000
724.373198	828.480421	55.451900	50.405000
724.375664	828.480423	55.451900	50.405000
724.378035	828.480420	55.451900	50.405000
724.380568	828.480420	55.451900	50.405000
724.383164	828.480419	55.451900	50.406000
724.385590	828.480420	55.451900	50.406000
724.388049	828.480417	55.451900	50.406000
724.390596	828.480415	55.451900	50.406000
724.393100	828.480419	55.451900	50.406000
724.395561	828.480419	55.451900	50.406000
724.398229	828.480420	55.451900	50.406000
724.400759	828.480419	55.451900	50.407000
724.403368	828.480418	55.451899	50.407000
724.405793	828.480417	55.451900	50.407000
724.408245	828.480417	55.451900	50.407000
724.410796	828.480420	55.451900	50.407000
724.413298	828.480421	55.451900	50.407000
724.415662	828.480422	55.451900	50.407000
724.418130	828.480420	55.451900	50.407000
724.420663	828.480419	55.451900	50.407000
724.423169	828.480425	55.451900	50.407000
724.425694	828.480417	55.451900	50.407000
724.428153	828.480416	55.451900	50.407000
724.430694	828.480418	55.451900	50.407000
724.433204	828.480419	55.451900	50.407000
724.435861	828.480423	55.451900	50.408000
724.438336	828.480417	55.451900	50.408000
724.440862	828.480423	55.451900	50.408000
724.443374	828.480421	55.451900	50.409000
724.445893	828.480421	55.451900	50.409000
724.448248	828.480420	55.451900	50.410000
724.450783	828.480422	55.451900	50.410000
724.453293	828.480421	55.451900	50.410000
724.455767	828.480421	55.451900	50.411000
724.458225	828.480420	55.451900	50.411000
724.460759	828.480420	55.451900	50.412000
724.463267	828.480420	55.451900	50.412000
724.465785	828.480420	55.451900	50.412000
724.468243	828.480423	55.451900	50.413000
724.470796	828.480426	55.451900	50.413000
724.473494	828.480421	55.451900	50.413000
724.475956	828.480421	55.451900	50.414000
724.478420	828.480420	55.451900	50.414000
724.481054	828.480420	55.451900	50.414000
724.483470	828.480417	55.451900	50.415000
724.485988	828.480423	55.451900	50.415000
724.488349	828.480420	55.451900	50.416000
724.490990	828.480423	55.451900	50.417000
724.493395	828.480420	55.451900	50.417000
724.495850	828.480417	55.451900	50.418000
724.498324	828.480420	55.451900	50.418000
724.500865	828.480421	55.451900	50.419000
724.503365	828.480418	55.451900	50.419000
724.505884	828.480420	55.451900	50.420000
724.508355	828.480424	55.451900	50.421000
724.511099	828.480421	55.451900	50.422000
724.513593	828.480422	55.451900	50.422000
724.516053	828.480418	55.451900	50.423000
724.518530	828.480424	55.451900	50.424000
724.521156	828.480422	55.451900	50.425000
724.523570	828.480420	55.451900	50.426000
724.526173	828.480420	55.451899	50.426000
724.528450	828.480420	55.451900	50.427000
724.530988	828.480421	55.451900	50.427000
724.533492	828.480420	55.451900	50.428000
724.535953	828.480418	55.451900	50.428000
724.538424	828.480418	55.451900	50.429000
724.540959	828.480421	55.451900	50.430000
724.543461	828.480417	55.451900	50.430000
724.545984	828.480419	55.451900	50.431000
724.548642	828.480419	55.451900	50.432000
724.551192	828.480421	55.451900	50.432000
724.553695	828.480422	55.451900	50.433000
724.556150	828.480422	55.451900	50.433000
724.558635	828.480424	55.451900	50.434000
724.561149	828.480424	55.451900	50.434000
724.563576	828.480428	55.451900	50.434000
724.566074	828.480424	55.451900	50.435000
724.568556	828.480421	55.451900	50.435000
724.571088	828.480423	55.451900	50.435000
724.573593	828.480422	55.451899	50.436000
724.576054	828.480419	55.451900	50.436000
724.578522	828.480422	55.451899	50.436000
724.581054	828.480421	55.451900	50.437000
724.583574	828.480417	55.451900	50.437000
724.586076	828.480421	55.451900	50.438000
724.588748	828.480420	55.451900	50.438000
724.591293	828.480421	55.451900	50.439000
724.593785	828.480420	55.451900	50.439000
724.596351	828.480416	55.451900	50.439000
724.598828	828.480420	55.451900	50.439000
724.601246	828.480418	55.451900	50.440000
724.603667	828.480420	55.451900	50.440000
724.606168	828.480419	55.451900	50.440000
724.608646	828.480423	55.451900	50.441000
724.611199	828.480421	55.451900	50.441000
724.613686	828.480422	55.451900	50.442000
724.616151	828.480422	55.451900	50.443000
724.618629	828.480421	55.451900	50.444000
724.621154	828.480419	55.451900	50.446000
724.623672	828.480424	55.451900	50.447000
724.626353	828.480418	55.451900	50.449000
724.628853	828.480421	55.451900	50.451000
724.631390	828.480420	55.451900	50.452000
724.633889	828.480420	55.451900	50.454000
724.636445	828.480417	55.451900	50.455000
724.638833	828.480417	55.451900	50.456000
724.641329	828.480424	55.451900	50.457000
724.643871	828.480426	55.451900	50.458000
724.646262	828.480418	55.451900	50.459000
724.648947	828.480421	55.451900	50.460000
724.651304	828.480420	55.451900	50.461000
724.653785	828.480417	55.451900	50.462000
724.656256	828.480418	55.451900	50.463000
724.658731	828.480421	55.451900	50.464000
724.661254	828.480418	55.451900	50.465000
724.663967	828.480417	55.451900	50.466000
724.666455	828.480418	55.451900	50.468000
724.668956	828.480418	55.451900	50.469000
724.671498	828.480423	55.451900	50.471000
724.673985	828.480418	55.451900	50.472000
724.676444	828.480421	55.451900	50.474000
724.678932	828.480419	55.451900	50.475000
724.681339	828.480422	55.451900	50.477000
724.683876	828.480420	55.451900	50.479000
724.686348	828.480419	55.451900	50.481000
724.688852	828.480421	55.451900	50.483000
724.691390	828.480420	55.451900	50.485000
724.693892	828.480415	55.451900	50.487000
724.696250	828.480416	55.451900	50.488000
724.698832	828.480422	55.451900	50.490000
724.701343	828.480416	55.451900	50.492000
724.704068	828.480419	55.451900	50.494000
724.706554	828.480418	55.451900	50.496000
724.709052	828.480424	55.451900	50.498000
724.711604	828.480421	55.451900	50.500000
724.714082	828.480423	55.451900	50.502000
724.716546	828.480419	55.451900	50.505000
724.719037	828.480416	55.451900	50.507000
724.721443	828.480418	55.451900	50.508000
724.724070	828.480420	55.451900	50.510000
724.726455	828.480424	55.451900	50.512000
724.729046	828.480416	55.451900	50.513000
724.731499	828.480416	55.451900	50.514000
724.734004	828.480419	55.451900	50.515000
724.736441	828.480421	55.451900	50.516000
724.739033	828.480416	55.451900	50.517000
724.741649	828.480418	55.451900	50.517000
724.744168	828.480419	55.451900	50.518000
724.746650	828.480419	55.451900	50.519000
724.749156	828.480418	55.451900	50.520000
724.751701	828.480420	55.451900	50.521000
724.754183	828.480425	55.451900	50.522000
724.756639	828.480421	55.451900	50.523000
724.759028	828.480425	55.451900	50.523000
724.761542	828.480421	55.451900	50.523000
724.764063	828.480420	55.451900	50.523000
724.766647	828.480420	55.451900	50.524000
724.769155	828.480422	55.451900	50.524000
724.771607	828.480420	55.451900	50.524000
724.774083	828.480423	55.451900	50.525000
724.776552	828.480419	55.451900	50.525000
724.779037	828.480420	55.451900	50.526000
724.781761	828.480418	55.451899	50.527000
724.784266	828.480425	55.451900	50.528000
724.786755	828.480419	55.451900	50.528000
724.789265	828.480418	55.451900	50.529000
724.791811	828.480421	55.451899	50.530000
724.794283	828.480417	55.451900	50.530000
724.796649	828.480424	55.451900	50.531000
724.799234	828.480420	55.451900	50.532000
724.801647	828.480420	55.451900	50.532000
724.804176	828.480420	55.451900	50.533000
724.806654	828.480421	55.451900	50.534000
724.809160	828.480422	55.451900	50.534000
724.811701	828.480420	55.451900	50.535000
724.814181	828.480417	55.451900	50.535000
724.816647	828.480421	55.451900	50.535000
724.819330	828.480415	55.451900	50.535000
724.821866	828.480420	55.451900	50.535000
724.824361	828.480421	55.451900	50.535000
724.826859	828.480421	55.451900	50.534000
724.829361	828.480425	55.451900	50.534000
724.831800	828.480421	55.451900	50.535000
724.834377	828.480424	55.451900	50.535000
724.836747	828.480420	55.451900	50.536000
724.839232	828.480420	55.451900	50.536000
724.841749	828.480418	55.451900	50.537000
724.844259	828.480421	55.451900	50.538000
724.846765	828.480419	55.451900	50.538000
724.849260	828.480418	55.451900	50.538000
724.851813	828.480418	55.451900	50.538000
724.854274	828.480419	55.451900	50.537000
724.856943	828.480422	55.451900	50.537000
724.859428	828.480422	55.451900	50.536000
724.862063	828.480421	55.451900	50.536000
724.864455	828.480422	55.451900	50.536000
724.866953	828.480419	55.451899	50.536000
724.869469	828.480421	55.451900	50.537000
724.871996	828.480418	55.451900	50.537000
724.874386	828.480420	55.451900	50.537000
724.876837	828.480423	55.451900	50.536000
724.879323	828.480421	55.451901	50.536000
724.881857	828.480419	55.451900	50.535000
724.884363	828.480423	55.451900	50.535000
724.886855	828.480423	55.451900	50.534000
724.889360	828.480424	55.451900	50.534000
724.891898	828.480422	55.451900	50.534000
724.894584	828.480418	55.451900	50.534000
724.897041	828.480417	55.451900	50.534000
724.899519	828.480417	55.451900	50.534000
724.902057	828.480420	55.451900	50.534000
724.904562	828.480422	55.451899	50.533000
724.906959	828.480420	55.451900	50.533000
724.909454	828.480423	55.451900	50.533000
724.911989	828.480421	55.451900	50.532000
724.914472	828.480423	55.451900	50.531000
724.916947	828.480419	55.451900	50.530000
724.919430	828.480419	55.451900	50.530000
724.921973	828.480421	55.451900	50.529000
724.924564	828.480420	55.451900	50.529000
724.927059	828.480420	55.451900	50.528000
724.929465	828.480420	55.451900	50.528000
724.932197	828.480415	55.451900	50.527000
724.934786	828.480417	55.451900	50.527000
724.937143	828.480418	55.451900	50.526000
724.939626	828.480416	55.451900	50.525000
724.942155	828.480420	55.451900	50.525000
724.944665	828.480419	55.451900	50.524000
724.947058	828.480424	55.451900	50.524000
724.949565	828.480421	55.451900	50.524000
724.952104	828.480417	55.451900	50.524000
724.954588	828.480417	55.451900	50.524000
724.957045	828.480416	55.451900	50.525000
724.959621	828.480419	55.451900	50.525000
724.962069	828.480419	55.451900	50.526000
724.964560	828.480417	55.451900	50.526000
724.967066	828.480416	55.451900	50.526000
724.969878	828.480422	55.451900	50.527000
724.972310	828.480419	55.451900	50.526000
724.974776	828.480418	55.451900	50.526000
724.977232	828.480417	55.451900	50.526000
724.979720	828.480421	55.451900	50.526000
724.982170	828.480418	55.451900	50.525000
724.984767	828.480419	55.451900	50.525000
724.987162	828.480419	55.451900	50.525000
724.989666	828.480418	55.451900	50.524000
724.992194	828.480421	55.451900	50.524000
724.994776	828.480420	55.451900	50.524000
724.997136	828.480424	55.451900	50.523000
724.999624	828.480417	55.451900	50.522000
725.002165	828.480418	55.451900	50.522000
725.004784	828.480421	55.451900	50.521000
725.007360	828.480420	55.451900	50.521000
725.009873	828.480424	55.451900	50.521000
725.012389	828.480419	55.451900	50.521000
725.014881	828.480418	55.451900	50.521000
725.017333	828.480420	55.451900	50.521000
725.019841	828.480426	55.451900	50.521000
725.022361	828.480420	55.451900	50.521000
725.024767	828.480423	55.451900	50.522000
725.027254	828.480421	55.451900	50.522000
725.029762	828.480421	55.451900	50.522000
725.032301	828.480421	55.451899	50.522000
725.034973	828.480420	55.451900	50.523000
725.037233	828.480419	55.451900	50.523000
725.039729	828.480423	55.451900	50.523000
725.042263	828.480420	55.451900	50.523000
725.044981	828.480424	55.451900	50.524000
725.047458	828.480416	55.451900	50.523000
725.049975	828.480422	55.451900	50.523000
725.052489	828.480420	55.451900	50.523000
725.055064	828.480419	55.451900	50.523000
725.057332	828.480421	55.451900	50.522000
725.059848	828.480419	55.451900	50.522000
725.062463	828.480422	55.451900	50.522000
725.064872	828.480419	55.451900	50.521000
725.067356	828.480420	55.451900	50.521000
725.069878	828.480422	55.451900	50.520000
725.072402	828.480420	55.451900	50.520000
725.074882	828.480424	55.451900	50.520000
725.077426	828.480414	55.451900	50.520000
725.079839	828.480422	55.451900	50.520000
725.082352	828.480418	55.451900	50.520000
725.085086	828.480418	55.451900	50.520000
725.087550	828.480419	55.451900	50.520000
725.090079	828.480419	55.451900	50.520000
725.092605	828.480419	55.451900	50.521000
725.095068	828.480422	55.451900	50.521000
725.097534	828.480421	55.451900	50.521000
725.099945	828.480420	55.451900	50.522000
725.102570	828.480420	55.451900	50.522000
725.104987	828.480419	55.451900	50.522000
725.107457	828.480422	55.451900	50.523000
725.109975	828.480421	55.451900	50.523000
725.112507	828.480418	55.451900	50.523000
725.114965	828.480422	55.451900	50.523000
725.117431	828.480418	55.451900	50.522000
725.119948	828.480421	55.451900	50.522000
725.122459	828.480421	55.451900	50.522000
725.125189	828.480420	55.451900	50.522000
725.127651	828.480424	55.451900	50.521000
725.130188	828.480423	55.451900	50.521000
725.132712	828.480420	55.451900	50.520000
725.135177	828.480420	55.451900	50.519000
725.137630	828.480421	55.451900	50.518000
725.140165	828.480420	55.451899	50.518000
725.142558	828.480422	55.451900	50.517000
725.145097	828.480419	55.451900	50.517000
725.147549	828.480415	55.451900	50.516000
725.150075	828.480417	55.451900	50.516000
725.152597	828.480421	55.451900	50.517000
725.155064	828.480418	55.451900	50.517000
725.157531	828.480419	55.451900	50.517000
725.160045	828.480420	55.451900	50.518000
725.162759	828.480416	55.451900	50.518000
725.165289	828.480423	55.451900	50.518000
725.167752	828.480423	55.451900	50.518000
725.170282	828.480423	55.451900	50.518000
725.172804	828.480422	55.451900	50.518000
725.175169	828.480420	55.451900	50.518000
725.177741	828.480419	55.451900	50.517000
725.180250	828.480418	55.451900	50.516000
725.182651	828.480416	55.451900	50.516000
725.185187	828.480421	55.451900	50.516000
725.187737	828.480422	55.451899	50.515000
725.190176	828.480418	55.451900	50.515000
725.192695	828.480420	55.451900	50.515000
725.195264	828.480418	55.451900	50.515000
725.197628	828.480423	55.451900	50.515000
725.200357	828.480420	55.451900	50.514000
725.202846	828.480421	55.451900	50.514000
725.205389	828.480418	55.451900	50.514000
725.207831	828.480421	55.451900	50.515000
725.210378	828.480418	55.451900	50.515000
725.212793	828.480422	55.451900	50.515000
725.215362	828.480420	55.451900	50.515000
725.217726	828.480422	55.451900	50.515000
725.220248	828.480422	55.451900	50.515000
725.222757	828.480420	55.451900	50.516000
725.225288	828.480422	55.451900	50.516000
725.227851	828.480419	55.451900	50.516000
725.230387	828.480423	55.451900	50.516000
725.232794	828.480423	55.451900	50.516000
725.235258	828.480421	55.451900	50.515000
725.237927	828.480417	55.451900	50.515000
725.239658	828.480426	55.451900	50.515000
