720.240045	828.481216	55.452019	0.000000
720.274539	828.480425	55.451900	50.555000
720.277115	828.480427	55.451899	50.536000
720.279655	828.480423	55.451900	50.535000
720.282169	828.480420	55.451900	50.535000
720.284592	828.480424	55.451900	50.535000
720.287033	828.480426	55.451900	50.535000
720.289675	828.480422	55.451900	50.534000
720.292086	828.480422	55.451900	50.534000
720.294564	828.480423	55.451900	50.534000
720.297036	828.480424	55.451900	50.534000
720.299561	828.480420	55.451900	50.534000
720.302062	828.480419	55.451900	50.534000
720.304683	828.480423	55.451899	50.534000
720.307047	828.480426	55.451900	50.533000
720.309573	828.480425	55.451900	50.533000
720.312097	828.480425	55.451900	50.533000
720.314865	828.480423	55.451900	50.532000
720.317136	828.480421	55.451900	50.532000
720.319662	828.480420	55.451900	50.531000
720.322257	828.480420	55.451900	50.531000
720.324780	828.480417	55.451900	50.531000
720.327149	828.480421	55.451900	50.530000
720.329684	828.480423	55.451900	50.530000
720.332293	828.480417	55.451899	50.529000
720.334658	828.480421	55.451900	50.529000
720.337119	828.480421	55.451900	50.528000
720.339754	828.480419	55.451900	50.528000
720.342161	828.480423	55.451900	50.528000
720.344696	828.480421	55.451900	50.527000
720.347137	828.480420	55.451900	50.527000
720.349687	828.480416	55.451900	50.526000
720.352396	828.480420	55.451900	50.526000
720.354866	828.480418	55.451900	50.525000
720.357328	828.480419	55.451899	50.525000
720.359762	828.480416	55.451900	50.525000
720.362267	828.480419	55.451900	50.525000
720.364892	828.480419	55.451900	50.524000
720.367249	828.480416	55.451900	50.524000
720.369781	828.480417	55.451900	50.524000
720.372294	828.480420	55.451900	50.523000
720.374759	828.480418	55.451900	50.523000
720.377225	828.480418	55.451900	50.523000
720.379756	828.480419	55.451900	50.523000
720.382256	828.480420	55.451900	50.523000
720.384783	828.480417	55.451900	50.523000
720.387244	828.480418	55.451900	50.522000
720.389778	828.480420	55.451900	50.522000
720.392487	828.480421	55.451900	50.522000
720.394958	828.480422	55.451900	50.522000
720.397321	828.480422	55.451900	50.521000
720.399856	828.480420	55.451899	50.521000
720.402362	828.480418	55.451900	50.521000
720.404903	828.480417	55.451900	50.520000
720.407340	828.480416	55.451899	50.520000
720.409889	828.480421	55.451900	50.519000
720.412394	828.480418	55.451900	50.519000
720.414862	828.480421	55.451900	50.518000
720.417323	828.480422	55.451900	50.518000
720.419865	828.480421	55.451900	50.517000
720.422363	828.480420	55.451900	50.517000
720.424897	828.480423	55.451900	50.516000
720.427351	828.480421	55.451900	50.516000
720.430099	828.480421	55.451900	50.516000
720.432598	828.480421	55.451900	50.516000
720.435060	828.480418	55.451899	50.516000
720.437422	828.480420	55.451900	50.516000
720.440060	828.480420	55.451900	50.516000
720.442568	828.480422	55.451900	50.516000
720.445000	828.480425	55.451900	50.516000
720.447453	828.480420	55.451900	50.515000
720.449991	828.480421	55.451899	50.515000
720.452498	828.480422	55.451901	50.515000
720.454964	828.480425	55.451900	50.514000
720.457421	828.480423	55.451900	50.514000
720.459957	828.480417	55.451900	50.514000
720.462467	828.480416	55.451899	50.514000
720.465005	828.480417	55.451900	50.514000
720.467742	828.480413	55.451900	50.513000
720.470192	828.480419	55.451900	50.513000
720.472701	828.480419	55.451900	50.513000
720.475063	828.480422	55.451900	50.513000
720.477623	828.480421	55.451899	50.513000
720.480067	828.480418	55.451900	50.512000
720.482565	828.480417	55.451900	50.512000
720.485104	828.480416	55.451901	50.511000
720.487651	828.480421	55.451900	50.511000
720.490082	828.480419	55.451900	50.511000
720.492600	828.480421	55.451900	50.511000
720.495059	828.480416	55.451899	50.510000
720.497531	828.480423	55.451901	50.510000
720.500064	828.480421	55.451900	50.510000
720.502567	828.480428	55.451900	50.509000
720.505096	828.480422	55.451900	50.509000
720.507753	828.480422	55.451899	50.509000
720.510291	828.480425	55.451900	50.508000
720.512696	828.480422	55.451900	50.508000
720.515158	828.480420	55.451900	50.508000
720.517631	828.480424	55.451900	50.508000
720.520175	828.480424	55.451899	50.507000
720.522674	828.480419	55.451900	50.507000
720.525305	828.480421	55.451900	50.507000
720.527647	828.480424	55.451900	50.507000
720.530194	828.480420	55.451900	50.507000
720.532698	828.480417	55.451899	50.507000
720.535160	828.480420	55.451900	50.507000
720.537632	828.480416	55.451899	50.507000
720.540176	828.480419	55.451900	50.506000
720.542676	828.480418	55.451900	50.506000
720.545387	828.480422	55.451899	50.506000
720.547755	828.480420	55.451900	50.506000
720.550291	828.480418	55.451900	50.505000
720.552794	828.480417	55.451900	50.505000
720.555256	828.480425	55.451900	50.505000
720.557737	828.480424	55.451900	50.504000
720.560270	828.480421	55.451900	50.503000
720.562774	828.480416	55.451900	50.502000
720.565295	828.480420	55.451901	50.501000
720.567749	828.480421	55.451900	50.500000
720.570287	828.480421	55.451900	50.500000
720.572794	828.480415	55.451900	50.499000
720.575263	828.480423	55.451900	50.498000
720.577734	828.480421	55.451900	50.498000
720.580376	828.480422	55.451900	50.497000
720.582969	828.480420	55.451900	50.497000
720.585482	828.480421	55.451900	50.497000
720.587947	828.480415	55.451900	50.497000
720.590491	828.480418	55.451900	50.497000
720.592993	828.480421	55.451900	50.497000
720.595360	828.480421	55.451900	50.496000
720.597832	828.480419	55.451900	50.496000
720.600465	828.480420	55.451900	50.496000
720.602876	828.480421	55.451900	50.495000
720.605485	828.480422	55.451900	50.494000
720.607848	828.480421	55.451900	50.493000
720.610387	828.480424	55.451900	50.493000
720.612901	828.480417	55.451900	50.491000
720.615359	828.480419	55.451900	50.490000
720.617834	828.480420	55.451900	50.489000
720.620561	828.480417	55.451900	50.488000
720.622971	828.480420	55.451900	50.487000
720.625485	828.480421	55.451900	50.486000
720.627952	828.480419	55.451900	50.485000
720.630496	828.480418	55.451900	50.484000
720.633093	828.480420	55.451900	50.483000
720.635453	828.480419	55.451900	50.482000
720.637924	828.480418	55.451900	50.481000
720.640469	828.480420	55.451900	50.481000
720.642966	828.480418	55.451900	50.481000
720.645579	828.480416	55.451900	50.481000
720.647936	828.480420	55.451900	50.480000
720.650481	828.480419	55.451900	50.480000
720.652991	828.480418	55.451900	50.480000
720.655452	828.480418	55.451900	50.479000
720.657927	828.480419	55.451900	50.478000
720.660652	828.480424	55.451900	50.478000
720.663170	828.480419	55.451900	50.477000
720.665669	828.480421	55.451900	50.475000
720.668050	828.480417	55.451900	50.474000
720.670587	828.480423	55.451900	50.473000
720.673197	828.480421	55.451900	50.471000
720.675550	828.480425	55.451900	50.470000
720.678028	828.480417	55.451900	50.468000
720.680557	828.480419	55.451900	50.467000
720.683071	828.480421	55.451900	50.466000
720.685574	828.480420	55.451900	50.465000
720.688045	828.480421	55.451900	50.464000
720.690592	828.480420	55.451900	50.463000
720.693084	828.480413	55.451900	50.462000
720.695547	828.480422	55.451900	50.461000
720.698232	828.480420	55.451900	50.460000
720.700755	828.480418	55.451900	50.460000
720.703265	828.480426	55.451900	50.459000
720.705681	828.480427	55.451900	50.458000
720.708152	828.480423	55.451900	50.457000
720.710697	828.480421	55.451900	50.457000
720.713185	828.480421	55.451900	50.456000
720.715646	828.480419	55.451900	50.455000
720.718126	828.480420	55.451900	50.454000
720.720663	828.480419	55.451900	50.453000
720.723179	828.480420	55.451900	50.452000
720.725674	828.480421	55.451900	50.450000
720.728149	828.480423	55.451900	50.449000
720.730682	828.480422	55.451900	50.448000
720.733288	828.480422	55.451900	50.447000
720.735844	828.480422	55.451900	50.446000
720.738326	828.480418	55.451900	50.445000
720.740836	828.480419	55.451900	50.444000
720.743265	828.480422	55.451900	50.443000
720.745771	828.480422	55.451900	50.442000
720.748249	828.480421	55.451900	50.441000
720.750896	828.480422	55.451900	50.441000
720.753284	828.480421	55.451900	50.440000
720.755751	828.480421	55.451900	50.439000
720.758229	828.480420	55.451900	50.438000
720.760761	828.480419	55.451900	50.437000
720.763277	828.480419	55.451900	50.437000
720.765778	828.480423	55.451900	50.436000
720.768153	828.480419	55.451900	50.435000
720.770801	828.480421	55.451900	50.434000
720.773486	828.480420	55.451900	50.433000
720.775949	828.480421	55.451900	50.432000
720.778336	828.480422	55.451900	50.431000
720.780945	828.480421	55.451900	50.431000
720.783380	828.480420	55.451900	50.430000
720.785868	828.480422	55.451900	50.429000
720.788354	828.480424	55.451899	50.428000
720.790904	828.480420	55.451901	50.428000
720.793400	828.480425	55.451900	50.427000
720.795945	828.480419	55.451899	50.427000
720.798331	828.480420	55.451900	50.427000
720.800854	828.480423	55.451900	50.426000
720.803377	828.480420	55.451900	50.426000
720.805868	828.480421	55.451900	50.425000
720.808359	828.480420	55.451900	50.424000
720.811116	828.480422	55.451900	50.424000
720.813582	828.480419	55.451900	50.422000
720.816041	828.480418	55.451900	50.422000
720.818423	828.480424	55.451900	50.421000
720.820950	828.480423	55.451900	50.420000
720.823485	828.480420	55.451900	50.419000
720.826065	828.480419	55.451900	50.418000
720.828463	828.480423	55.451900	50.417000
720.831017	828.480421	55.451900	50.416000
720.833491	828.480414	55.451900	50.415000
720.835947	828.480421	55.451900	50.414000
720.838427	828.480421	55.451900	50.413000
720.841040	828.480419	55.451900	50.412000
720.843473	828.480422	55.451900	50.411000
720.845955	828.480419	55.451900	50.410000
720.848660	828.480419	55.451899	50.409000
720.851298	828.480420	55.451900	50.408000
720.853582	828.480423	55.451900	50.407000
720.856041	828.480418	55.451900	50.407000
720.858527	828.480422	55.451900	50.406000
720.861046	828.480420	55.451900	50.406000
720.863582	828.480421	55.451900	50.406000
720.866054	828.480422	55.451900	50.405000
720.868546	828.480421	55.451900	50.405000
720.871114	828.480422	55.451900	50.405000
720.873583	828.480424	55.451900	50.404000
720.876150	828.480421	55.451900	50.404000
720.878519	828.480421	55.451900	50.403000
720.881040	828.480420	55.451900	50.403000
720.883578	828.480422	55.451900	50.402000
720.886049	828.480418	55.451900	50.402000
720.888752	828.480419	55.451900	50.401000
720.891202	828.480424	55.451900	50.400000
720.893680	828.480420	55.451900	50.400000
720.896134	828.480421	55.451900	50.399000
720.898628	828.480420	55.451900	50.398000
720.901238	828.480417	55.451900	50.397000
720.903674	828.480421	55.451900	50.396000
720.906148	828.480422	55.451900	50.395000
720.908655	828.480424	55.451900	50.394000
720.911205	828.480421	55.451900	50.393000
720.913681	828.480419	55.451900	50.392000
720.916143	828.480422	55.451901	50.391000
720.918633	828.480420	55.451900	50.390000
720.921158	828.480421	55.451900	50.390000
720.923679	828.480418	55.451900	50.389000
720.926259	828.480420	55.451901	50.388000
720.928855	828.480421	55.451900	50.387000
720.931312	828.480422	55.451900	50.386000
720.933778	828.480421	55.451900	50.384000
720.936242	828.480420	55.451900	50.383000
720.938728	828.480418	55.451900	50.382000
720.941255	828.480421	55.451900	50.381000
720.943767	828.480419	55.451900	50.380000
720.946347	828.480417	55.451900	50.378000
720.948753	828.480418	55.451900	50.377000
720.951300	828.480417	55.451900	50.375000
720.953779	828.480421	55.451900	50.374000
720.956237	828.480418	55.451900	50.373000
720.958738	828.480415	55.451900	50.372000
720.961252	828.480417	55.451900	50.371000
720.963962	828.480419	55.451900	50.370000
720.966453	828.480420	55.451900	50.369000
720.968955	828.480417	55.451900	50.368000
720.971407	828.480417	55.451900	50.367000
720.973878	828.480421	55.451900	50.367000
720.976339	828.480419	55.451900	50.366000
720.978821	828.480423	55.451900	50.366000
720.981358	828.480424	55.451900	50.365000
720.983958	828.480417	55.451900	50.365000
720.986351	828.480419	55.451900	50.364000
720.988753	828.480417	55.451900	50.363000
720.991504	828.480418	55.451901	50.362000
720.993876	828.480420	55.451900	50.361000
720.996340	828.480423	55.451900	50.360000
720.998830	828.480418	55.451900	50.359000
721.001570	828.480422	55.451900	50.358000
721.004069	828.480421	55.451900	50.357000
721.006559	828.480420	55.451900	50.357000
721.008961	828.480420	55.451900	50.356000
721.011610	828.480423	55.451900	50.355000
721.013986	828.480422	55.451900	50.354000
721.016436	828.480419	55.451900	50.354000
721.018921	828.480423	55.451900	50.353000
721.021462	828.480419	55.451900	50.352000
721.023963	828.480418	55.451900	50.352000
721.026453	828.480421	55.451900	50.351000
721.028958	828.480422	55.451900	50.350000
721.031501	828.480421	55.451900	50.350000
721.033982	828.480419	55.451900	50.349000
721.036439	828.480418	55.451899	50.348000
721.039117	828.480418	55.451901	50.348000
721.041662	828.480419	55.451899	50.347000
721.044166	828.480418	55.451900	50.346000
721.046662	828.480419	55.451900	50.346000
721.049150	828.480417	55.451900	50.346000
721.051702	828.480419	55.451900	50.346000
721.054173	828.480420	55.451900	50.346000
721.056539	828.480421	55.451900	50.345000
721.059022	828.480426	55.451900	50.345000
721.061568	828.480420	55.451900	50.345000
721.064064	828.480424	55.451900	50.345000
721.066560	828.480420	55.451900	50.344000
721.069054	828.480418	55.451900	50.344000
721.071597	828.480420	55.451900	50.344000
721.074078	828.480422	55.451900	50.343000
721.076539	828.480416	55.451899	50.343000
721.079236	828.480421	55.451900	50.343000
721.081768	828.480421	55.451900	50.342000
721.084272	828.480419	55.451900	50.342000
721.086757	828.480418	55.451900	50.342000
721.089163	828.480419	55.451900	50.341000
721.091706	828.480416	55.451900	50.341000
721.094183	828.480420	55.451900	50.340000
721.096635	828.480423	55.451900	50.339000
721.099119	828.480420	55.451900	50.339000
721.101672	828.480419	55.451900	50.338000
721.104172	828.480422	55.451900	50.337000
721.106665	828.480419	55.451900	50.337000
721.109152	828.480418	55.451900	50.336000
721.111705	828.480419	55.451900	50.336000
721.114173	828.480422	55.451900	50.336000
721.116832	828.480422	55.451900	50.336000
721.119333	828.480424	55.451900	50.335000
721.121867	828.480421	55.451899	50.335000
721.124378	828.480421	55.451900	50.334000
721.126757	828.480421	55.451900	50.334000
721.129262	828.480419	55.451900	50.334000
721.131801	828.480418	55.451900	50.334000
721.134279	828.480422	55.451900	50.333000
721.136732	828.480420	55.451900	50.333000
721.139229	828.480423	55.451900	50.333000
721.141768	828.480420	55.451900	50.333000
721.144274	828.480421	55.451899	50.333000
721.146760	828.480419	55.451901	50.333000
721.149259	828.480420	55.451899	50.333000
721.151809	828.480422	55.451900	50.333000
721.154274	828.480420	55.451900	50.333000
721.156834	828.480417	55.451900	50.332000
721.159438	828.480422	55.451900	50.332000
721.161774	828.480420	55.451900	50.332000
721.164377	828.480417	55.451900	50.331000
721.166760	828.480421	55.451900	50.331000
721.169270	828.480418	55.451900	50.331000
721.171799	828.480417	55.451900	50.331000
721.174371	828.480420	55.451900	50.331000
721.176732	828.480419	55.451900	50.331000
721.179228	828.480417	55.451900	50.331000
721.181759	828.480418	55.451900	50.331000
721.184271	828.480420	55.451901	50.331000
721.186762	828.480426	55.451900	50.332000
721.189262	828.480419	55.451900	50.332000
721.191795	828.480422	55.451900	50.332000
721.194668	828.480419	55.451900	50.332000
721.196928	828.480417	55.451900	50.333000
721.199449	828.480423	55.451900	50.334000
721.201861	828.480420	55.451900	50.334000
721.204377	828.480418	55.451900	50.335000
721.206866	828.480423	55.451900	50.336000
721.209365	828.480419	55.451900	50.337000
721.211908	828.480420	55.451900	50.337000
721.214369	828.480421	55.451900	50.338000
721.216842	828.480421	55.451900	50.339000
721.219341	828.480417	55.451900	50.339000
721.221870	828.480421	55.451900	50.340000
721.224373	828.480417	55.451900	50.340000
721.226854	828.480423	55.451900	50.341000
721.229365	828.480419	55.451900	50.341000
721.232099	828.480419	55.451899	50.342000
721.234572	828.480417	55.451900	50.343000
721.237031	828.480421	55.451900	50.344000
721.239553	828.480416	55.451900	50.344000
721.241956	828.480419	55.451899	50.345000
721.244487	828.480417	55.451901	50.345000
721.246951	828.480420	55.451900	50.346000
721.249474	828.480419	55.451900	50.347000
721.251991	828.480420	55.451899	50.347000
721.254469	828.480416	55.451900	50.348000
721.256930	828.480420	55.451900	50.348000
721.259436	828.480422	55.451900	50.349000
721.261955	828.480421	55.451900	50.349000
721.264478	828.480423	55.451900	50.350000
721.266957	828.480420	55.451900	50.351000
721.269684	828.480423	55.451900	50.351000
721.272197	828.480420	55.451900	50.352000
721.274665	828.480422	55.451900	50.353000
721.277233	828.480416	55.451900	50.355000
721.279540	828.480414	55.451900	50.356000
721.282063	828.480422	55.451900	50.357000
721.284587	828.480416	55.451900	50.357000
721.287059	828.480422	55.451900	50.358000
721.289580	828.480420	55.451900	50.359000
721.292100	828.480421	55.451900	50.360000
721.294571	828.480417	55.451900	50.361000
721.297035	828.480417	55.451900	50.361000
721.299550	828.480418	55.451900	50.361000
721.302066	828.480418	55.451900	50.361000
721.304589	828.480414	55.451899	50.361000
721.307244	828.480423	55.451900	50.361000
721.309781	828.480416	55.451900	50.360000
721.312188	828.480421	55.451900	50.360000
721.314762	828.480420	55.451900	50.360000
721.317125	828.480419	55.451899	50.360000
721.319755	828.480424	55.451900	50.360000
721.322164	828.480423	55.451900	50.360000
721.324690	828.480425	55.451900	50.360000
721.327150	828.480417	55.451900	50.360000
721.329676	828.480422	55.451900	50.360000
721.332194	828.480419	55.451900	50.360000
721.334659	828.480419	55.451900	50.360000
721.337128	828.480419	55.451900	50.360000
721.339656	828.480419	55.451900	50.359000
721.342160	828.480420	55.451900	50.359000
721.344894	828.480420	55.451900	50.358000
721.347348	828.480424	55.451900	50.358000
721.349890	828.480422	55.451899	50.357000
721.352406	828.480417	55.451900	50.357000
721.354870	828.480423	55.451900	50.356000
721.357234	828.480421	55.451900	50.355000
721.359762	828.480421	55.451900	50.355000
721.362361	828.480419	55.451900	50.354000
721.364798	828.480420	55.451900	50.354000
721.367247	828.480421	55.451900	50.354000
721.369795	828.480420	55.451900	50.354000
721.372399	828.480420	55.451900	50.354000
721.374772	828.480421	55.451900	50.354000
721.377238	828.480417	55.451900	50.355000
721.379766	828.480422	55.451900	50.355000
721.382568	828.480421	55.451900	50.355000
721.384994	828.480421	55.451900	50.355000
721.387452	828.480417	55.451900	50.354000
721.389987	828.480419	55.451900	50.354000
721.392399	828.480422	55.451900	50.353000
721.394864	828.480422	55.451900	50.353000
721.397340	828.480417	55.451900	50.352000
721.399863	828.480420	55.451900	50.351000
721.402364	828.480417	55.451900	50.351000
721.404895	828.480421	55.451900	50.350000
721.407350	828.480420	55.451900	50.349000
721.409894	828.480420	55.451900	50.349000
721.412406	828.480422	55.451899	50.348000
721.414868	828.480420	55.451900	50.348000
721.417324	828.480420	55.451900	50.348000
721.420172	828.480420	55.451900	50.348000
721.422571	828.480420	55.451900	50.348000
721.425001	828.480420	55.451900	50.348000
721.427551	828.480419	55.451899	50.347000
721.430201	828.480420	55.451900	50.347000
721.432604	828.480419	55.451900	50.346000
721.435067	828.480423	55.451900	50.346000
721.437534	828.480420	55.451900	50.346000
721.440070	828.480423	55.451900	50.345000
721.442568	828.480422	55.451900	50.345000
721.445095	828.480422	55.451899	50.345000
721.447550	828.480420	55.451900	50.345000
721.450093	828.480425	55.451899	50.345000
721.452602	828.480419	55.451900	50.345000
721.455068	828.480419	55.451900	50.345000
721.457535	828.480417	55.451900	50.345000
721.460079	828.480421	55.451900	50.345000
721.462571	828.480423	55.451900	50.345000
721.465294	828.480418	55.451900	50.345000
721.467748	828.480419	55.451900	50.346000
721.470195	828.480421	55.451900	50.346000
721.472704	828.480421	55.451900	50.347000
721.475170	828.480422	55.451900	50.347000
721.477628	828.480420	55.451900	50.348000
721.480270	828.480414	55.451900	50.348000
721.482675	828.480421	55.451900	50.349000
721.485208	828.480421	55.451900	50.349000
721.487658	828.480422	55.451900	50.349000
721.490198	828.480419	55.451900	50.350000
721.492791	828.480419	55.451900	50.350000
721.495161	828.480419	55.451900	50.351000
721.497631	828.480419	55.451900	50.352000
721.500171	828.480420	55.451900	50.353000
721.502673	828.480420	55.451900	50.354000
721.505384	828.480420	55.451900	50.356000
721.507843	828.480415	55.451900	50.357000
721.510385	828.480419	55.451900	50.359000
721.512892	828.480423	55.451900	50.360000
721.515452	828.480424	55.451900	50.362000
721.517730	828.480421	55.451900	50.363000
721.520266	828.480420	55.451900	50.363000
721.522866	828.480418	55.451900	50.364000
721.525296	828.480420	55.451900	50.365000
721.527738	828.480421	55.451900	50.367000
721.530288	828.480417	55.451900	50.368000
721.532779	828.480420	55.451900	50.369000
721.535251	828.480417	55.451900	50.370000
721.537719	828.480419	55.451900	50.371000
721.540270	828.480417	55.451900	50.372000
721.542961	828.480422	55.451900	50.372000
721.545483	828.480417	55.451900	50.373000
721.547939	828.480425	55.451900	50.374000
721.550485	828.480419	55.451900	50.374000
721.552885	828.480419	55.451900	50.375000
721.555449	828.480419	55.451900	50.375000
721.557822	828.480422	55.451900	50.375000
721.560360	828.480420	55.451900	50.376000
721.562869	828.480418	55.451900	50.377000
721.565390	828.480419	55.451900	50.377000
721.567849	828.480419	55.451900	50.378000
721.570385	828.480417	55.451900	50.379000
721.572893	828.480423	55.451900	50.380000
721.575354	828.480420	55.451900	50.382000
721.577826	828.480418	55.451900	50.383000
721.580563	828.480416	55.451900	50.385000
721.583074	828.480422	55.451900	50.386000
721.585579	828.480422	55.451900	50.388000
721.588041	828.480424	55.451900	50.390000
721.590493	828.480417	55.451900	50.393000
721.592993	828.480418	55.451900	50.394000
721.595458	828.480417	55.451900	50.396000
721.597930	828.480421	55.451900	50.397000
721.600464	828.480417	55.451900	50.398000
721.602968	828.480419	55.451900	50.399000
721.605489	828.480422	55.451900	50.401000
721.607952	828.480421	55.451900	50.402000
721.610486	828.480423	55.451900	50.404000
721.612991	828.480422	55.451900	50.405000
721.615454	828.480419	55.451900	50.407000
721.618132	828.480421	55.451900	50.409000
721.620666	828.480419	55.451900	50.411000
721.623067	828.480422	55.451900	50.413000
721.625676	828.480423	55.451900	50.414000
721.628047	828.480422	55.451900	50.415000
721.630695	828.480420	55.451900	50.416000
721.633102	828.480422	55.451900	50.416000
721.635557	828.480416	55.451900	50.417000
721.638039	828.480423	55.451900	50.417000
721.640568	828.480417	55.451900	50.418000
721.642970	828.480422	55.451900	50.418000
721.645592	828.480419	55.451900	50.419000
721.648156	828.480418	55.451900	50.420000
721.650593	828.480424	55.451900	50.421000
721.653093	828.480420	55.451900	50.422000
721.655562	828.480421	55.451900	50.423000
721.658229	828.480419	55.451900	50.423000
721.660674	828.480419	55.451900	50.424000
721.663172	828.480421	55.451900	50.424000
721.665777	828.480420	55.451900	50.425000
721.668052	828.480422	55.451900	50.425000
721.670590	828.480420	55.451900	50.426000
721.673191	828.480421	55.451900	50.426000
721.675546	828.480420	55.451900	50.427000
721.678035	828.480420	55.451900	50.427000
721.680568	828.480424	55.451900	50.427000
721.683072	828.480418	55.451900	50.428000
721.685580	828.480420	55.451900	50.428000
721.688047	828.480423	55.451900	50.427000
721.690592	828.480423	55.451900	50.427000
721.693085	828.480419	55.451900	50.427000
721.695744	828.480423	55.451900	50.427000
721.698226	828.480424	55.451900	50.427000
721.700759	828.480422	55.451900	50.428000
721.703270	828.480421	55.451900	50.428000
721.705685	828.480422	55.451900	50.429000
721.708146	828.480421	55.451900	50.429000
721.710690	828.480420	55.451900	50.430000
721.713190	828.480420	55.451900	50.430000
721.715652	828.480421	55.451900	50.430000
721.718227	828.480420	55.451900	50.429000
721.720662	828.480419	55.451900	50.429000
721.723173	828.480417	55.451900	50.429000
721.725683	828.480422	55.451900	50.429000
721.728157	828.480416	55.451900	50.429000
721.730688	828.480419	55.451900	50.429000
721.733394	828.480419	55.451900	50.430000
721.735853	828.480419	55.451900	50.431000
721.738344	828.480421	55.451900	50.432000
721.740862	828.480420	55.451900	50.432000
721.743279	828.480420	55.451900	50.433000
721.745781	828.480420	55.451900	50.433000
721.748349	828.480421	55.451900	50.434000
721.750791	828.480422	55.451900	50.434000
721.753296	828.480419	55.451900	50.434000
721.755760	828.480417	55.451900	50.434000
721.758330	828.480422	55.451899	50.434000
721.760763	828.480421	55.451900	50.435000
721.763266	828.480417	55.451900	50.435000
721.765777	828.480425	55.451900	50.435000
721.768248	828.480419	55.451900	50.436000
721.771004	828.480419	55.451900	50.436000
721.773490	828.480420	55.451900	50.437000
721.775949	828.480421	55.451900	50.437000
721.778427	828.480423	55.451900	50.438000
721.780953	828.480420	55.451900	50.438000
721.783373	828.480419	55.451900	50.439000
721.785870	828.480423	55.451900	50.439000
721.788449	828.480421	55.451900	50.440000
721.791100	828.480417	55.451900	50.440000
721.793390	828.480421	55.451900	50.441000
721.795843	828.480422	55.451900	50.441000
721.798329	828.480419	55.451899	50.441000
721.800850	828.480419	55.451900	50.441000
721.803376	828.480422	55.451900	50.440000
721.805867	828.480421	55.451900	50.440000
721.808541	828.480424	55.451900	50.440000
721.811081	828.480414	55.451900	50.440000
721.813578	828.480418	55.451900	50.440000
721.816045	828.480419	55.451900	50.440000
721.818427	828.480422	55.451900	50.441000
721.821043	828.480416	55.451900	50.441000
721.823472	828.480416	55.451900	50.440000
721.825965	828.480422	55.451900	50.440000
721.828445	828.480418	55.451900	50.439000
721.830999	828.480419	55.451900	50.438000
721.833489	828.480420	55.451900	50.436000
721.835949	828.480426	55.451900	50.435000
721.838433	828.480418	55.451900	50.434000
721.840953	828.480420	55.451900	50.433000
721.843486	828.480417	55.451900	50.432000
721.845970	828.480422	55.451900	50.431000
721.848657	828.480418	55.451900	50.430000
721.851204	828.480418	55.451900	50.430000
721.853595	828.480420	55.451900	50.429000
721.856150	828.480421	55.451900	50.429000
721.858543	828.480423	55.451900	50.429000
721.861153	828.480418	55.451900	50.429000
721.863576	828.480420	55.451900	50.429000
721.866048	828.480414	55.451900	50.429000
721.868548	828.480422	55.451900	50.430000
721.871099	828.480417	55.451900	50.430000
721.873582	828.480419	55.451900	50.431000
721.876047	828.480418	55.451900	50.432000
721.878520	828.480420	55.451900	50.432000
721.881035	828.480419	55.451900	50.433000
721.883565	828.480422	55.451900	50.433000
721.886250	828.480418	55.451900	50.434000
721.888756	828.480423	55.451900	50.435000
721.891308	828.480422	55.451900	50.436000
721.893774	828.480417	55.451899	50.437000
721.896147	828.480423	55.451900	50.438000
721.898641	828.480420	55.451900	50.439000
721.901361	828.480422	55.451900	50.440000
721.903674	828.480420	55.451900	50.442000
721.906151	828.480422	55.451900	50.443000
721.908762	828.480418	55.451900	50.444000
721.911199	828.480421	55.451900	50.445000
721.913681	828.480421	55.451900	50.445000
721.916145	828.480416	55.451900	50.446000
721.918629	828.480416	55.451900	50.447000
721.921251	828.480419	55.451900	50.447000
721.923871	828.480423	55.451900	50.448000
721.926353	828.480417	55.451900	50.448000
721.928851	828.480421	55.451900	50.449000
721.931493	828.480418	55.451900	50.450000
721.933880	828.480420	55.451900	50.450000
721.936242	828.480422	55.451900	50.451000
721.938722	828.480421	55.451900	50.451000
721.941251	828.480420	55.451900	50.452000
721.943771	828.480424	55.451900	50.453000
721.946250	828.480421	55.451900	50.453000
721.948752	828.480419	55.451900	50.454000
721.951295	828.480420	55.451900	50.455000
721.953774	828.480420	55.451900	50.456000
721.956245	828.480420	55.451900	50.457000
721.958734	828.480417	55.451900	50.459000
721.961457	828.480415	55.451900	50.459000
721.963963	828.480418	55.451900	50.460000
721.966449	828.480418	55.451900	50.460000
721.968956	828.480421	55.451900	50.461000
721.971395	828.480423	55.451900	50.461000
721.973977	828.480421	55.451900	50.460000
721.976337	828.480418	55.451900	50.460000
721.978833	828.480424	55.451900	50.459000
721.981350	828.480423	55.451900	50.458000
721.983869	828.480419	55.451900	50.458000
721.986345	828.480419	55.451900	50.457000
721.988851	828.480423	55.451900	50.457000
721.991397	828.480418	55.451900	50.456000
721.993873	828.480418	55.451900	50.456000
721.996340	828.480421	55.451900	50.456000
721.998826	828.480420	55.451900	50.457000
722.001563	828.480419	55.451900	50.457000
722.004056	828.480422	55.451900	50.457000
722.006562	828.480422	55.451900	50.458000
722.009045	828.480419	55.451900	50.458000
722.011495	828.480418	55.451900	50.459000
722.013977	828.480418	55.451900	50.459000
722.016532	828.480426	55.451900	50.459000
722.019030	828.480420	55.451900	50.460000
722.021458	828.480417	55.451900	50.460000
722.024061	828.480422	55.451900	50.460000
722.026457	828.480420	55.451900	50.461000
722.028962	828.480422	55.451900	50.462000
722.031491	828.480419	55.451900	50.463000
722.033981	828.480420	55.451900	50.463000
722.036445	828.480418	55.451900	50.464000
722.039139	828.480419	55.451900	50.464000
722.041669	828.480425	55.451900	50.465000
722.044265	828.480420	55.451900	50.465000
722.046665	828.480420	55.451900	50.465000
722.049054	828.480423	55.451900	50.465000
722.051601	828.480421	55.451900	50.465000
722.054081	828.480423	55.451900	50.465000
722.056644	828.480421	55.451900	50.466000
722.059136	828.480420	55.451900	50.466000
722.061673	828.480424	55.451900	50.466000
722.064065	828.480417	55.451900	50.467000
722.066561	828.480421	55.451900	50.468000
722.069057	828.480419	55.451899	50.469000
722.071600	828.480421	55.451900	50.470000
722.074083	828.480421	55.451900	50.470000
722.076744	828.480419	55.451900	50.471000
722.079133	828.480419	55.451900	50.472000
722.081667	828.480424	55.451900	50.473000
722.084264	828.480418	55.451900	50.473000
722.086663	828.480425	55.451900	50.474000
722.089262	828.480419	55.451900	50.475000
722.091695	828.480424	55.451900	50.475000
722.094174	828.480417	55.451900	50.476000
722.096637	828.480424	55.451900	50.476000
722.099136	828.480426	55.451900	50.477000
722.101771	828.480416	55.451900	50.476000
722.104164	828.480422	55.451900	50.476000
722.106668	828.480419	55.451900	50.476000
722.109160	828.480422	55.451900	50.475000
722.111705	828.480422	55.451900	50.475000
722.114171	828.480420	55.451900	50.474000
722.116843	828.480418	55.451900	50.473000
722.119329	828.480417	55.451900	50.472000
722.121872	828.480422	55.451900	50.471000
722.124265	828.480416	55.451900	50.471000
722.126760	828.480419	55.451900	50.470000
722.129259	828.480415	55.451900	50.470000
722.131795	828.480424	55.451900	50.471000
722.134274	828.480419	55.451900	50.471000
722.136732	828.480420	55.451900	50.472000
722.139235	828.480420	55.451900	50.473000
722.141772	828.480417	55.451900	50.474000
722.144265	828.480424	55.451900	50.475000
722.146758	828.480417	55.451900	50.476000
722.149264	828.480419	55.451900	50.476000
722.151795	828.480416	55.451900	50.477000
722.154274	828.480417	55.451900	50.477000
722.156937	828.480419	55.451900	50.477000
722.159444	828.480422	55.451900	50.477000
722.161965	828.480421	55.451900	50.477000
722.164476	828.480420	55.451900	50.477000
722.166960	828.480423	55.451900	50.477000
722.169357	828.480421	55.451900	50.478000
722.171900	828.480419	55.451900	50.478000
722.174375	828.480420	55.451900	50.478000
722.177035	828.480420	55.451899	50.478000
722.179327	828.480417	55.451900	50.478000
722.181870	828.480421	55.451900	50.478000
722.184377	828.480420	55.451900	50.478000
722.186860	828.480421	55.451900	50.478000
722.189366	828.480418	55.451900	50.478000
722.191900	828.480421	55.451900	50.478000
722.194574	828.480420	55.451900	50.479000
722.197030	828.480419	55.451900	50.479000
722.199646	828.480418	55.451900	50.479000
722.202067	828.480421	55.451900	50.479000
722.204582	828.480418	55.451900	50.479000
722.206950	828.480422	55.451900	50.478000
722.209568	828.480422	55.451900	50.478000
722.212098	828.480417	55.451900	50.478000
722.214467	828.480423	55.451899	50.477000
722.216934	828.480418	55.451900	50.477000
722.219429	828.480420	55.451900	50.477000
722.221967	828.480422	55.451900	50.477000
722.224473	828.480421	55.451900	50.478000
722.226962	828.480415	55.451900	50.478000
722.229470	828.480421	55.451900	50.478000
722.232003	828.480421	55.451900	50.479000
722.234669	828.480423	55.451900	50.479000
722.237131	828.480421	55.451900	50.479000
722.239646	828.480417	55.451900	50.479000
722.242065	828.480424	55.451900	50.479000
722.244684	828.480420	55.451900	50.480000
722.247051	828.480421	55.451900	50.480000
722.249572	828.480420	55.451900	50.481000
722.252104	828.480419	55.451899	50.482000
722.254584	828.480421	55.451900	50.483000
722.257031	828.480417	55.451900	50.484000
722.259543	828.480417	55.451900	50.484000
722.262066	828.480419	55.451900	50.485000
722.264573	828.480420	55.451900	50.485000
722.267054	828.480424	55.451900	50.485000
722.269678	828.480421	55.451900	50.485000
722.272291	828.480423	55.451900	50.485000
722.274766	828.480421	55.451900	50.485000
722.277133	828.480417	55.451900	50.486000
722.279758	828.480418	55.451900	50.486000
722.282163	828.480422	55.451900	50.487000
722.284780	828.480422	55.451900	50.487000
722.287151	828.480420	55.451900	50.488000
722.289778	828.480423	55.451900	50.488000
722.292199	828.480418	55.451900	50.488000
722.294666	828.480420	55.451900	50.487000
722.297133	828.480426	55.451900	50.487000
722.299862	828.480426	55.451900	50.488000
722.302170	828.480421	55.451900	50.488000
722.304680	828.480424	55.451900	50.489000
722.307156	828.480421	55.451900	50.490000
722.309989	828.480419	55.451900	50.491000
722.312397	828.480422	55.451900	50.491000
722.314867	828.480420	55.451900	50.491000
722.317235	828.480417	55.451900	50.491000
722.319757	828.480416	55.451901	50.491000
722.322261	828.480420	55.451900	50.490000
722.324791	828.480416	55.451900	50.490000
722.327351	828.480419	55.451900	50.490000
722.329878	828.480420	55.451900	50.490000
722.332395	828.480424	55.451900	50.490000
722.334767	828.480422	55.451900	50.491000
722.337227	828.480418	55.451900	50.491000
722.339747	828.480422	55.451900	50.492000
722.342266	828.480418	55.451900	50.492000
722.344785	828.480421	55.451900	50.491000
722.347442	828.480416	55.451900	50.491000
722.349987	828.480425	55.451900	50.490000
722.352407	828.480424	55.451900	50.490000
722.354967	828.480424	55.451900	50.490000
722.357434	828.480419	55.451900	50.491000
722.359864	828.480424	55.451900	50.492000
722.362359	828.480415	55.451900	50.492000
722.364894	828.480417	55.451900	50.492000
722.367354	828.480419	55.451900	50.491000
722.369898	828.480423	55.451900	50.489000
722.372402	828.480421	55.451900	50.487000
722.374875	828.480422	55.451900	50.485000
722.377343	828.480423	55.451900	50.484000
722.379865	828.480423	55.451900	50.483000
722.382366	828.480420	55.451900	50.483000
722.384902	828.480421	55.451900	50.484000
722.387550	828.480416	55.451900	50.485000
722.390093	828.480418	55.451900	50.485000
722.392594	828.480415	55.451900	50.485000
722.394962	828.480420	55.451900	50.482000
722.397431	828.480416	55.451900	50.479000
722.399958	828.480418	55.451900	50.475000
722.402464	828.480420	55.451900	50.470000
722.404995	828.480423	55.451900	50.466000
722.407449	828.480421	55.451899	50.463000
722.409984	828.480419	55.451901	50.461000
722.412495	828.480421	55.451900	50.461000
722.416832	828.480416	55.451900	50.462000
722.418137	828.480420	55.451900	50.463000
722.420560	828.480419	55.451900	50.462000
722.423075	828.480417	55.451900	50.460000
722.425773	828.480419	55.451900	50.455000
722.428255	828.480420	55.451900	50.447000
722.430792	828.480420	55.451900	50.439000
722.433200	828.480421	55.451900	50.432000
722.435752	828.480418	55.451900	50.426000
722.438236	828.480421	55.451900	50.422000
722.440760	828.480419	55.451900	50.419000
722.443275	828.480423	55.451900	50.418000
722.445780	828.480417	55.451900	50.417000
722.448250	828.480422	55.451900	50.416000
722.450797	828.480421	55.451900	50.414000
722.453289	828.480420	55.451900	50.411000
722.455749	828.480420	55.451900	50.407000
722.458325	828.480418	55.451900	50.403000
722.460765	828.480419	55.451900	50.399000
722.463568	828.480419	55.451900	50.395000
722.465960	828.480419	55.451899	50.392000
722.468340	828.480420	55.451900	50.390000
722.470987	828.480420	55.451900	50.390000
722.473380	828.480419	55.451900	50.390000
722.475846	828.480417	55.451900	50.392000
722.478327	828.480420	55.451900	50.393000
722.480852	828.480420	55.451900	50.394000
722.483466	828.480417	55.451900	50.395000
722.485871	828.480418	55.451900	50.396000
722.488348	828.480422	55.451900	50.396000
722.490891	828.480421	55.451900	50.395000
722.493388	828.480419	55.451900	50.395000
722.495852	828.480420	55.451900	50.394000
722.498330	828.480416	55.451900	50.394000
722.501042	828.480422	55.451900	50.394000
722.503583	828.480420	55.451900	50.395000
722.506065	828.480421	55.451900	50.397000
722.508551	828.480420	55.451900	50.399000
722.511099	828.480421	55.451900	50.402000
722.513484	828.480418	55.451900	50.406000
722.516051	828.480423	55.451900	50.410000
722.518425	828.480417	55.451900	50.414000
722.520954	828.480415	55.451900	50.417000
722.523469	828.480416	55.451900	50.421000
722.525965	828.480418	55.451900	50.425000
722.528445	828.480418	55.451900	50.428000
722.531095	828.480423	55.451900	50.430000
722.533482	828.480421	55.451900	50.431000
722.535944	828.480420	55.451899	50.432000
722.538634	828.480420	55.451900	50.433000
722.541253	828.480422	55.451900	50.433000
722.543672	828.480422	55.451900	50.434000
722.546154	828.480422	55.451900	50.434000
722.548553	828.480421	55.451900	50.434000
722.551094	828.480421	55.451900	50.434000
722.553580	828.480420	55.451899	50.435000
722.556043	828.480418	55.451900	50.435000
722.558532	828.480421	55.451900	50.434000
722.561048	828.480421	55.451900	50.433000
722.563572	828.480421	55.451900	50.432000
722.566154	828.480420	55.451900	50.430000
722.568545	828.480421	55.451900	50.427000
722.571100	828.480420	55.451900	50.424000
722.573583	828.480419	55.451900	50.420000
722.576240	828.480422	55.451900	50.415000
722.578730	828.480419	55.451900	50.411000
722.581250	828.480418	55.451900	50.407000
722.583767	828.480423	55.451900	50.403000
722.586253	828.480422	55.451900	50.399000
722.588648	828.480419	55.451900	50.396000
722.591195	828.480422	55.451900	50.393000
722.593685	828.480416	55.451900	50.391000
722.596143	828.480419	55.451900	50.390000
722.598629	828.480423	55.451900	50.390000
722.601134	828.480420	55.451900	50.390000
722.603667	828.480421	55.451900	50.390000
722.606248	828.480420	55.451900	50.391000
722.608760	828.480420	55.451900	50.391000
722.611201	828.480420	55.451900	50.392000
722.613882	828.480422	55.451900	50.392000
722.616443	828.480425	55.451900	50.393000
722.618835	828.480418	55.451900	50.394000
722.621355	828.480417	55.451900	50.395000
722.623770	828.480420	55.451900	50.397000
722.626254	828.480418	55.451900	50.399000
722.628745	828.480423	55.451900	50.403000
722.631307	828.480423	55.451900	50.407000
722.633773	828.480422	55.451900	50.412000
722.636242	828.480417	55.451900	50.416000
722.638732	828.480415	55.451900	50.419000
722.641246	828.480420	55.451901	50.422000
722.643768	828.480423	55.451899	50.423000
722.646247	828.480417	55.451900	50.424000
722.648962	828.480423	55.451901	50.425000
722.651590	828.480422	55.451901	50.427000
722.653978	828.480421	55.451900	50.430000
722.656438	828.480423	55.451900	50.435000
722.658930	828.480422	55.451900	50.440000
722.661349	828.480418	55.451900	50.447000
722.663868	828.480418	55.451900	50.454000
722.666343	828.480421	55.451900	50.462000
722.668847	828.480417	55.451900	50.468000
722.671392	828.480422	55.451900	50.474000
722.673877	828.480420	55.451900	50.477000
722.676339	828.480418	55.451900	50.480000
722.678822	828.480421	55.451900	50.482000
722.681352	828.480420	55.451899	50.484000
722.683867	828.480418	55.451900	50.487000
722.686348	828.480418	55.451901	50.490000
722.689045	828.480419	55.451899	50.495000
722.691599	828.480420	55.451900	50.501000
722.694066	828.480421	55.451900	50.506000
722.696538	828.480421	55.451900	50.510000
722.699029	828.480419	55.451900	50.513000
722.701456	828.480425	55.451900	50.515000
722.703963	828.480426	55.451900	50.516000
722.706449	828.480422	55.451901	50.516000
722.708947	828.480421	55.451900	50.517000
722.711495	828.480419	55.451899	50.518000
722.713980	828.480422	55.451900	50.520000
722.716444	828.480422	55.451900	50.523000
722.718931	828.480422	55.451900	50.527000
722.721452	828.480419	55.451900	50.531000
722.723966	828.480421	55.451900	50.534000
722.726752	828.480418	55.451899	50.538000
722.729156	828.480417	55.451900	50.540000
722.731689	828.480420	55.451900	50.542000
722.734075	828.480424	55.451900	50.543000
722.736629	828.480415	55.451900	50.543000
722.739035	828.480418	55.451900	50.544000
722.741563	828.480418	55.451900	50.545000
722.744067	828.480420	55.451900	50.546000
722.746558	828.480423	55.451900	50.547000
722.749146	828.480422	55.451900	50.548000
722.751601	828.480418	55.451899	50.549000
722.754081	828.480424	55.451900	50.550000
722.756539	828.480420	55.451900	50.551000
722.759027	828.480421	55.451900	50.551000
722.761555	828.480421	55.451899	50.551000
722.764062	828.480421	55.451900	50.551000
722.766653	828.480421	55.451900	50.552000
722.769257	828.480421	55.451900	50.552000
722.771687	828.480420	55.451899	50.553000
722.774271	828.480419	55.451900	50.554000
722.776633	828.480418	55.451900	50.554000
722.779122	828.480420	55.451900	50.555000
722.781758	828.480420	55.451901	50.555000
722.784165	828.480422	55.451900	50.556000
722.786659	828.480419	55.451900	50.556000
722.789147	828.480417	55.451899	50.555000
722.791702	828.480418	55.451900	50.555000
722.794176	828.480420	55.451900	50.556000
722.796637	828.480416	55.451900	50.556000
722.799119	828.480419	55.451900	50.556000
722.801666	828.480418	55.451900	50.557000
722.804364	828.480422	55.451899	50.557000
722.806862	828.480420	55.451900	50.558000
722.809463	828.480421	55.451900	50.558000
722.811806	828.480420	55.451900	50.558000
722.814378	828.480418	55.451900	50.558000
722.816740	828.480421	55.451900	50.558000
722.819228	828.480420	55.451900	50.558000
722.821764	828.480419	55.451900	50.558000
722.824263	828.480419	55.451900	50.558000
722.826754	828.480420	55.451899	50.558000
722.829256	828.480421	55.451900	50.559000
722.831797	828.480418	55.451900	50.559000
722.834287	828.480419	55.451900	50.559000
722.836739	828.480422	55.451900	50.559000
722.839216	828.480421	55.451900	50.559000
722.841965	828.480420	55.451900	50.560000
722.844470	828.480420	55.451900	50.560000
722.846956	828.480422	55.451901	50.560000
722.849465	828.480421	55.451900	50.560000
722.852000	828.480420	55.451900	50.560000
722.854381	828.480418	55.451899	50.560000
722.856835	828.480424	55.451900	50.560000
722.859326	828.480421	55.451900	50.560000
722.861863	828.480420	55.451901	50.560000
722.864363	828.480423	55.451900	50.561000
722.866862	828.480418	55.451900	50.561000
722.869358	828.480416	55.451899	50.562000
722.872002	828.480420	55.451899	50.563000
722.874375	828.480419	55.451900	50.563000
722.876834	828.480421	55.451900	50.564000
722.879534	828.480415	55.451900	50.565000
722.882174	828.480422	55.451900	50.565000
722.884682	828.480420	55.451900	50.566000
722.887049	828.480420	55.451900	50.566000
722.889457	828.480422	55.451900	50.567000
722.891992	828.480420	55.451900	50.567000
722.894479	828.480420	55.451900	50.568000
722.896927	828.480423	55.451900	50.569000
722.899421	828.480419	55.451900	50.569000
722.901962	828.480415	55.451900	50.570000
722.904462	828.480420	55.451900	50.571000
722.906957	828.480421	55.451900	50.572000
722.909458	828.480419	55.451900	50.572000
722.912005	828.480418	55.451900	50.573000
722.914569	828.480420	55.451900	50.574000
722.917121	828.480422	55.451900	50.575000
722.919625	828.480417	55.451900	50.575000
722.922166	828.480421	55.451899	50.576000
722.924787	828.480422	55.451899	50.576000
722.927152	828.480423	55.451901	50.577000
722.929563	828.480417	55.451901	50.577000
722.932097	828.480417	55.451901	50.577000
722.934566	828.480421	55.451899	50.578000
722.937029	828.480422	55.451900	50.578000
722.939527	828.480417	55.451900	50.578000
722.942051	828.480421	55.451901	50.578000
722.944572	828.480419	55.451899	50.579000
722.947048	828.480421	55.451901	50.579000
722.949562	828.480417	55.451899	50.579000
722.951998	828.480420	55.451900	50.580000
722.954571	828.480420	55.451900	50.580000
722.957223	828.480423	55.451900	50.581000
722.959849	828.480417	55.451900	50.581000
722.962363	828.480421	55.451900	50.582000
722.964891	828.480420	55.451900	50.583000
722.967151	828.480419	55.451900	50.583000
722.969669	828.480417	55.451900	50.584000
722.972207	828.480419	55.451900	50.584000
722.974664	828.480420	55.451900	50.585000
722.977132	828.480421	55.451899	50.585000
722.979638	828.480416	55.451900	50.585000
722.982163	828.480421	55.451900	50.585000
722.984682	828.480421	55.451901	50.585000
722.987153	828.480421	55.451900	50.585000
722.989672	828.480420	55.451900	50.585000
722.992200	828.480419	55.451900	50.585000
722.994869	828.480422	55.451900	50.585000
722.997330	828.480418	55.451900	50.585000
722.999854	828.480418	55.451900	50.586000
723.002265	828.480419	55.451900	50.586000
723.004788	828.480420	55.451899	50.586000
723.007255	828.480421	55.451900	50.586000
723.009782	828.480419	55.451900	50.586000
723.012300	828.480421	55.451900	50.586000
723.014869	828.480423	55.451899	50.586000
723.017229	828.480422	55.451900	50.586000
723.019751	828.480422	55.451900	50.586000
723.022271	828.480423	55.451900	50.586000
723.024787	828.480424	55.451900	50.586000
723.027257	828.480420	55.451900	50.586000
723.029781	828.480420	55.451900	50.586000
723.032509	828.480420	55.451900	50.586000
723.034955	828.480422	55.451900	50.587000
723.037427	828.480419	55.451899	50.587000
723.039941	828.480417	55.451900	50.587000
723.042355	828.480419	55.451899	50.587000
723.044982	828.480419	55.451900	50.588000
723.047339	828.480414	55.451900	50.588000
723.049869	828.480422	55.451900	50.589000
723.052396	828.480419	55.451900	50.589000
723.054868	828.480420	55.451900	50.590000
723.057420	828.480420	55.451899	50.590000
723.059840	828.480420	55.451900	50.590000
723.062357	828.480423	55.451899	50.591000
723.064889	828.480419	55.451900	50.591000
723.067341	828.480420	55.451900	50.591000
723.070081	828.480422	55.451900	50.591000
723.072594	828.480416	55.451900	50.591000
723.075063	828.480418	55.451900	50.591000
723.077625	828.480423	55.451901	50.591000
723.079949	828.480417	55.451899	50.591000
723.082456	828.480420	55.451900	50.591000
723.084997	828.480418	55.451900	50.591000
723.087542	828.480419	55.451900	50.591000
723.089981	828.480419	55.451899	50.591000
723.092507	828.480419	55.451900	50.591000
723.094967	828.480422	55.451900	50.591000
723.097523	828.480417	55.451900	50.590000
723.099945	828.480419	55.451899	50.590000
723.102467	828.480422	55.451900	50.590000
723.104998	828.480419	55.451901	50.590000
723.107643	828.480423	55.451900	50.590000
723.110181	828.480421	55.451900	50.590000
723.112704	828.480420	55.451900	50.590000
723.115164	828.480422	55.451900	50.590000
723.117617	828.480419	55.451901	50.589000
723.120161	828.480418	55.451900	50.589000
723.122661	828.480420	55.451899	50.589000
723.125104	828.480420	55.451900	50.589000
723.127543	828.480421	55.451900	50.589000
723.130078	828.480416	55.451900	50.588000
723.132594	828.480420	55.451900	50.588000
723.135068	828.480418	55.451900	50.588000
723.137626	828.480421	55.451900	50.587000
723.140054	828.480421	55.451900	50.587000
723.142571	828.480419	55.451900	50.587000
723.145303	828.480419	55.451900	50.586000
723.147844	828.480419	55.451900	50.586000
723.150290	828.480421	55.451901	50.586000
723.152710	828.480417	55.451901	50.586000
723.155163	828.480420	55.451899	50.586000
723.157630	828.480421	55.451900	50.585000
723.160159	828.480422	55.451900	50.585000
723.162768	828.480419	55.451900	50.585000
723.165196	828.480417	55.451899	50.584000
723.167647	828.480421	55.451900	50.584000
723.170191	828.480421	55.451900	50.583000
723.172699	828.480420	55.451899	50.583000
723.175164	828.480422	55.451900	50.582000
723.177624	828.480419	55.451901	50.582000
723.180161	828.480424	55.451900	50.582000
723.182856	828.480422	55.451900	50.582000
723.185395	828.480417	55.451899	50.581000
723.187838	828.480424	55.451900	50.581000
723.190392	828.480418	55.451900	50.581000
723.192791	828.480421	55.451901	50.580000
723.195354	828.480420	55.451900	50.580000
723.197715	828.480416	55.451900	50.579000
723.200258	828.480419	55.451900	50.579000
723.202758	828.480422	55.451900	50.578000
723.205292	828.480420	55.451900	50.578000
723.207740	828.480417	55.451900	50.578000
723.210285	828.480422	55.451900	50.578000
723.212803	828.480420	55.451899	50.578000
723.215249	828.480415	55.451900	50.578000
723.217720	828.480418	55.451901	50.578000
723.220468	828.480417	55.451900	50.577000
723.222975	828.480420	55.451900	50.577000
723.225496	828.480421	55.451900	50.577000
723.227850	828.480419	55.451900	50.576000
723.230398	828.480424	55.451899	50.576000
723.232900	828.480421	55.451900	50.575000
723.235360	828.480416	55.451900	50.575000
723.237929	828.480420	55.451900	50.575000
723.240371	828.480421	55.451899	50.574000
723.242870	828.480420	55.451900	50.574000
723.245406	828.480422	55.451900	50.573000
723.247849	828.480419	55.451899	50.573000
723.250408	828.480421	55.451900	50.572000
723.252909	828.480418	55.451900	50.571000
723.255361	828.480421	55.451900	50.571000
723.258033	828.480420	55.451899	50.571000
723.260577	828.480420	55.451900	50.570000
723.262977	828.480420	55.451900	50.570000
723.265597	828.480422	55.451900	50.570000
723.267950	828.480420	55.451899	50.569000
723.270592	828.480424	55.451900	50.569000
723.273008	828.480420	55.451900	50.569000
723.275463	828.480420	55.451900	50.568000
723.277938	828.480423	55.451900	50.568000
723.280573	828.480417	55.451900	50.567000
723.282976	828.480424	55.451900	50.566000
723.285501	828.480423	55.451900	50.565000
723.287952	828.480423	55.451900	50.564000
723.290501	828.480420	55.451900	50.563000
723.293001	828.480422	55.451900	50.562000
723.295664	828.480419	55.451900	50.561000
723.298118	828.480420	55.451900	50.561000
723.300673	828.480419	55.451899	50.560000
723.303179	828.480421	55.451900	50.560000
723.305597	828.480420	55.451899	50.560000
723.308049	828.480417	55.451900	50.559000
723.310598	828.480416	55.451900	50.559000
723.313098	828.480422	55.451900	50.558000
723.315565	828.480422	55.451900	50.558000
723.318036	828.480419	55.451900	50.557000
723.320573	828.480420	55.451899	50.556000
723.323181	828.480418	55.451900	50.556000
723.325602	828.480421	55.451900	50.555000
723.328060	828.480420	55.451900	50.555000
723.330601	828.480420	55.451900	50.554000
723.333390	828.480419	55.451900	50.554000
723.335739	828.480422	55.451900	50.553000
723.338220	828.480420	55.451899	50.553000
723.340758	828.480421	55.451900	50.552000
723.343174	828.480418	55.451900	50.552000
723.345691	828.480419	55.451900	50.551000
723.348249	828.480415	55.451901	50.550000
723.350697	828.480419	55.451900	50.550000
723.353199	828.480418	55.451900	50.550000
723.355756	828.480416	55.451900	50.550000
723.358126	828.480416	55.451900	50.550000
723.360673	828.480422	55.451900	50.550000
723.363173	828.480420	55.451900	50.550000
723.365696	828.480421	55.451900	50.550000
723.368150	828.480417	55.451900	50.550000
723.370897	828.480420	55.451900	50.550000
723.373393	828.480423	55.451899	50.550000
723.375851	828.480423	55.451900	50.549000
723.378227	828.480418	55.451900	50.549000
723.380760	828.480421	55.451900	50.548000
723.383279	828.480420	55.451901	50.548000
723.385784	828.480419	55.451899	50.547000
723.388247	828.480423	55.451900	50.546000
723.390787	828.480417	55.451899	50.546000
723.393295	828.480417	55.451901	50.545000
723.395747	828.480419	55.451899	50.545000
723.398220	828.480417	55.451900	50.545000
723.400756	828.480418	55.451900	50.545000
723.403373	828.480423	55.451900	50.544000
723.405778	828.480418	55.451900	50.544000
723.408443	828.480422	55.451900	50.544000
723.410999	828.480422	55.451900	50.544000
723.413587	828.480420	55.451900	50.544000
723.415949	828.480415	55.451900	50.543000
723.418316	828.480424	55.451900	50.543000
723.420949	828.480419	55.451901	50.543000
723.423358	828.480420	55.451900	50.542000
723.425879	828.480420	55.451901	50.542000
723.428343	828.480419	55.451900	50.541000
723.430888	828.480422	55.451900	50.540000
723.433397	828.480419	55.451900	50.539000
723.435851	828.480421	55.451899	50.538000
723.438328	828.480419	55.451900	50.537000
723.440852	828.480422	55.451900	50.536000
723.443371	828.480421	55.451899	50.534000
723.445973	828.480420	55.451900	50.533000
723.448551	828.480417	55.451900	50.533000
723.451095	828.480417	55.451900	50.532000
723.453489	828.480420	55.451900	50.531000
723.456044	828.480419	55.451900	50.531000
723.458428	828.480417	55.451901	50.530000
723.460952	828.480419	55.451900	50.530000
723.463471	828.480418	55.451900	50.530000
723.465980	828.480422	55.451900	50.529000
723.468447	828.480422	55.451900	50.528000
723.470997	828.480423	55.451900	50.528000
723.473491	828.480418	55.451900	50.527000
723.475958	828.480422	55.451900	50.527000
723.478420	828.480422	55.451900	50.527000
723.480958	828.480418	55.451900	50.526000
723.483465	828.480419	55.451900	50.526000
723.486261	828.480420	55.451900	50.525000
723.488651	828.480423	55.451900	50.525000
723.491204	828.480422	55.451899	50.524000
723.493696	828.480420	55.451899	50.524000
723.496055	828.480420	55.451900	50.523000
723.498535	828.480422	55.451900	50.522000
723.501054	828.480424	55.451900	50.521000
723.503578	828.480419	55.451899	50.520000
723.506169	828.480422	55.451900	50.520000
723.508560	828.480414	55.451900	50.519000
723.511100	828.480421	55.451900	50.518000
723.513596	828.480421	55.451900	50.517000
723.516156	828.480420	55.451900	50.517000
723.518527	828.480418	55.451900	50.516000
723.521058	828.480420	55.451900	50.516000
723.523571	828.480422	55.451900	50.516000
723.526267	828.480420	55.451900	50.516000
723.528754	828.480422	55.451900	50.515000
723.531320	828.480422	55.451899	50.515000
723.533789	828.480423	55.451900	50.515000
723.536154	828.480423	55.451899	50.515000
723.538728	828.480420	55.451900	50.514000
723.541148	828.480415	55.451900	50.514000
723.543677	828.480419	55.451900	50.513000
723.546262	828.480425	55.451900	50.513000
723.548650	828.480423	55.451900	50.512000
723.551205	828.480423	55.451900	50.510000
723.553701	828.480422	55.451900	50.509000
723.556157	828.480422	55.451900	50.508000
723.558636	828.480426	55.451900	50.507000
723.561148	828.480421	55.451899	50.506000
723.563674	828.480420	55.451900	50.505000
723.566341	828.480422	55.451900	50.504000
723.568864	828.480424	55.451900	50.503000
723.571404	828.480416	55.451900	50.503000
723.573889	828.480419	55.451899	50.503000
723.576254	828.480421	55.451900	50.502000
723.578732	828.480423	55.451899	50.502000
723.581354	828.480419	55.451901	50.501000
723.583782	828.480420	55.451900	50.501000
723.586257	828.480420	55.451900	50.500000
723.588756	828.480422	55.451900	50.500000
723.591309	828.480420	55.451900	50.499000
723.593785	828.480416	55.451900	50.499000
723.596740	828.480420	55.451900	50.498000
723.598734	828.480419	55.451900	50.498000
723.601250	828.480423	55.451900	50.497000
723.603976	828.480419	55.451900	50.497000
723.606558	828.480419	55.451900	50.496000
723.608954	828.480419	55.451900	50.496000
723.611503	828.480421	55.451899	50.495000
723.613890	828.480419	55.451900	50.495000
723.616339	828.480418	55.451899	50.494000
723.618928	828.480420	55.451900	50.494000
723.621349	828.480419	55.451900	50.493000
723.623875	828.480420	55.451900	50.493000
723.626351	828.480418	55.451900	50.492000
723.628955	828.480418	55.451900	50.492000
723.631398	828.480418	55.451900	50.491000
723.633885	828.480419	55.451900	50.491000
723.636338	828.480421	55.451900	50.490000
723.638927	828.480421	55.451900	50.489000
723.641556	828.480419	55.451900	50.489000
723.644068	828.480418	55.451900	50.488000
723.646561	828.480419	55.451900	50.488000
723.649059	828.480422	55.451900	50.487000
723.651611	828.480422	55.451899	50.487000
723.653980	828.480420	55.451900	50.487000
723.656538	828.480419	55.451900	50.487000
723.659031	828.480419	55.451900	50.487000
723.661451	828.480421	55.451900	50.488000
723.663968	828.480421	55.451900	50.488000
723.666452	828.480416	55.451900	50.488000
723.668955	828.480416	55.451900	50.488000
723.671500	828.480415	55.451899	50.488000
723.673985	828.480419	55.451900	50.488000
723.676443	828.480420	55.451900	50.488000
723.679132	828.480422	55.451899	50.488000
723.681656	828.480424	55.451900	50.488000
723.684162	828.480417	55.451900	50.487000
723.686646	828.480423	55.451900	50.487000
723.689055	828.480426	55.451900	50.487000
723.691706	828.480426	55.451899	50.487000
723.694081	828.480421	55.451900	50.486000
723.696539	828.480415	55.451900	50.486000
723.699023	828.480424	55.451900	50.486000
723.701552	828.480422	55.451900	50.486000
723.704067	828.480416	55.451900	50.486000
723.706559	828.480419	55.451900	50.485000
723.709057	828.480417	55.451900	50.485000
723.711603	828.480419	55.451900	50.485000
723.714087	828.480418	55.451900	50.485000
723.716542	828.480423	55.451900	50.485000
723.719236	828.480423	55.451900	50.485000
723.721765	828.480418	55.451900	50.485000
723.724270	828.480422	55.451900	50.484000
723.726664	828.480422	55.451900	50.484000
723.729165	828.480418	55.451900	50.484000
723.731704	828.480420	55.451900	50.484000
723.734184	828.480420	55.451900	50.484000
723.736640	828.480422	55.451900	50.484000
723.739134	828.480420	55.451900	50.484000
723.741657	828.480419	55.451900	50.484000
723.744162	828.480423	55.451900	50.484000
723.746652	828.480423	55.451900	50.484000
723.749165	828.480419	55.451900	50.484000
723.751710	828.480423	55.451899	50.484000
723.754192	828.480423	55.451900	50.484000
723.756841	828.480420	55.451900	50.484000
723.759321	828.480418	55.451900	50.484000
723.761957	828.480420	55.451900	50.484000
723.764466	828.480420	55.451901	50.484000
723.766864	828.480421	55.451900	50.483000
723.769252	828.480418	55.451900	50.483000
723.771902	828.480416	55.451900	50.483000
723.774283	828.480423	55.451900	50.483000
723.776742	828.480423	55.451900	50.482000
723.779221	828.480416	55.451900	50.482000
723.781747	828.480423	55.451900	50.482000
723.784270	828.480421	55.451900	50.482000
723.786775	828.480420	55.451899	50.481000
723.789265	828.480421	55.451900	50.481000
723.791820	828.480420	55.451900	50.480000
723.794494	828.480422	55.451900	50.480000
723.796937	828.480419	55.451900	50.479000
723.799540	828.480421	55.451900	50.479000
723.801985	828.480419	55.451900	50.479000
723.804393	828.480422	55.451900	50.478000
723.806873	828.480415	55.451900	50.478000
723.809361	828.480420	55.451900	50.478000
723.811913	828.480422	55.451900	50.477000
723.814380	828.480417	55.451899	50.477000
723.816838	828.480418	55.451900	50.477000
723.819312	828.480418	55.451900	50.476000
723.821858	828.480427	55.451900	50.476000
723.824362	828.480420	55.451900	50.475000
723.826867	828.480416	55.451900	50.475000
723.829358	828.480420	55.451900	50.474000
723.832108	828.480421	55.451900	50.474000
723.834672	828.480418	55.451900	50.473000
723.837033	828.480424	55.451900	50.473000
723.839519	828.480422	55.451900	50.472000
723.841963	828.480418	55.451900	50.472000
723.844476	828.480422	55.451900	50.471000
723.846966	828.480423	55.451900	50.471000
723.849566	828.480419	55.451900	50.470000
723.851998	828.480425	55.451900	50.470000
723.854489	828.480422	55.451900	50.469000
723.856936	828.480421	55.451900	50.469000
723.859422	828.480422	55.451900	50.469000
723.861963	828.480423	55.451900	50.468000
723.864473	828.480417	55.451900	50.468000
723.866963	828.480418	55.451900	50.468000
723.869669	828.480418	55.451900	50.467000
723.872200	828.480422	55.451900	50.467000
723.874672	828.480417	55.451900	50.467000
723.877133	828.480419	55.451900	50.467000
723.879523	828.480421	55.451900	50.466000
723.882168	828.480418	55.451900	50.466000
723.884567	828.480422	55.451900	50.466000
723.887067	828.480421	55.451900	50.466000
723.889555	828.480419	55.451900	50.465000
723.892097	828.480417	55.451900	50.465000
723.894574	828.480422	55.451900	50.465000
723.897035	828.480422	55.451900	50.464000
723.899524	828.480418	55.451900	50.464000
723.902056	828.480417	55.451900	50.464000
723.904671	828.480416	55.451900	50.463000
723.907252	828.480417	55.451900	50.463000
723.909770	828.480418	55.451900	50.462000
723.912296	828.480420	55.451900	50.462000
723.914866	828.480418	55.451900	50.462000
723.917127	828.480418	55.451900	50.461000
723.919626	828.480421	55.451900	50.461000
723.922158	828.480420	55.451900	50.461000
723.924777	828.480419	55.451900	50.461000
723.927154	828.480418	55.451900	50.461000
723.929656	828.480423	55.451900	50.460000
723.932196	828.480419	55.451900	50.460000
723.934673	828.480424	55.451900	50.460000
723.937133	828.480418	55.451900	50.460000
723.939623	828.480418	55.451900	50.460000
723.942164	828.480418	55.451900	50.460000
723.944886	828.480423	55.451900	50.459000
723.947352	828.480417	55.451900	50.459000
723.949877	828.480422	55.451900	50.458000
723.952406	828.480421	55.451900	50.457000
723.954770	828.480421	55.451900	50.457000
723.957229	828.480418	55.451900	50.456000
723.959739	828.480417	55.451900	50.455000
723.962268	828.480416	55.451900	50.455000
723.964791	828.480418	55.451900	50.454000
723.967462	828.480419	55.451900	50.453000
723.969775	828.480418	55.451900	50.453000
723.972306	828.480416	55.451900	50.452000
723.974777	828.480418	55.451900	50.452000
723.977229	828.480421	55.451900	50.451000
723.979737	828.480418	55.451900	50.451000
723.982467	828.480420	55.451900	50.450000
723.985001	828.480421	55.451900	50.450000
723.987462	828.480421	55.451900	50.449000
723.989873	828.480421	55.451900	50.449000
723.992404	828.480418	55.451900	50.448000
723.994867	828.480420	55.451900	50.447000
723.997332	828.480421	55.451900	50.447000
723.999948	828.480418	55.451900	50.447000
724.002458	828.480418	55.451900	50.446000
724.004885	828.480419	55.451900	50.446000
724.007352	828.480417	55.451900	50.446000
724.009879	828.480416	55.451900	50.445000
724.012404	828.480420	55.451900	50.445000
724.014871	828.480417	55.451900	50.445000
724.017424	828.480421	55.451900	50.445000
724.019843	828.480418	55.451900	50.445000
724.022561	828.480423	55.451900	50.444000
724.025099	828.480417	55.451900	50.444000
724.027650	828.480424	55.451900	50.444000
724.030094	828.480421	55.451900	50.444000
724.032507	828.480420	55.451900	50.443000
724.034970	828.480423	55.451900	50.443000
724.037429	828.480424	55.451900	50.442000
724.039950	828.480421	55.451900	50.442000
724.042465	828.480422	55.451900	50.441000
724.044991	828.480423	55.451900	50.441000
724.047453	828.480418	55.451900	50.440000
724.049983	828.480419	55.451900	50.439000
724.052505	828.480419	55.451900	50.439000
724.054974	828.480421	55.451900	50.438000
724.057440	828.480420	55.451900	50.438000
724.060164	828.480421	55.451900	50.437000
724.062667	828.480419	55.451900	50.437000
724.065090	828.480421	55.451900	50.437000
724.067552	828.480420	55.451900	50.436000
724.070080	828.480418	55.451900	50.436000
724.072605	828.480422	55.451900	50.436000
724.075169	828.480419	55.451900	50.436000
724.077631	828.480418	55.451900	50.436000
724.080059	828.480416	55.451900	50.435000
724.082559	828.480420	55.451900	50.435000
724.085105	828.480421	55.451900	50.435000
724.087552	828.480417	55.451900	50.435000
724.090196	828.480420	55.451900	50.435000
724.092596	828.480416	55.451900	50.435000
724.095060	828.480422	55.451900	50.435000
724.097731	828.480422	55.451900	50.434000
724.100372	828.480423	55.451900	50.434000
724.102771	828.480421	55.451900	50.434000
724.105299	828.480418	55.451900	50.434000
724.107650	828.480420	55.451900	50.435000
724.110191	828.480419	55.451900	50.434000
724.112701	828.480420	55.451900	50.434000
724.115168	828.480421	55.451900	50.434000
724.117736	828.480417	55.451900	50.434000
724.120161	828.480417	55.451900	50.434000
724.122664	828.480422	55.451900	50.433000
724.125189	828.480422	55.451900	50.433000
724.127654	828.480424	55.451900	50.433000
724.130199	828.480422	55.451900	50.432000
724.132705	828.480420	55.451900	50.431000
724.135358	828.480420	55.451900	50.431000
724.137831	828.480420	55.451900	50.430000
724.140365	828.480421	55.451900	50.430000
724.142764	828.480421	55.451900	50.429000
724.145308	828.480418	55.451900	50.429000
724.147750	828.480423	55.451900	50.429000
724.150484	828.480416	55.451900	50.428000
724.152800	828.480420	55.451900	50.428000
724.155269	828.480422	55.451900	50.428000
724.157727	828.480421	55.451900	50.428000
724.160360	828.480421	55.451900	50.428000
724.162762	828.480420	55.451900	50.427000
724.165295	828.480419	55.451900	50.427000
724.167752	828.480421	55.451900	50.426000
724.170291	828.480420	55.451900	50.426000
724.172809	828.480419	55.451900	50.425000
724.175461	828.480419	55.451900	50.424000
724.177938	828.480417	55.451900	50.423000
724.180468	828.480420	55.451900	50.423000
724.182870	828.480420	55.451900	50.422000
724.185400	828.480418	55.451900	50.422000
724.187845	828.480421	55.451900	50.422000
724.190392	828.480420	55.451900	50.422000
724.192900	828.480420	55.451900	50.422000
724.195371	828.480417	55.451900	50.422000
724.197831	828.480422	55.451900	50.422000
724.200376	828.480420	55.451900	50.422000
724.202863	828.480422	55.451900	50.421000
724.205406	828.480417	55.451900	50.421000
724.207852	828.480417	55.451900	50.420000
724.210402	828.480417	55.451900	50.419000
724.213110	828.480418	55.451900	50.418000
724.215562	828.480419	55.451900	50.417000
724.217922	828.480418	55.451900	50.417000
724.220569	828.480422	55.451900	50.416000
724.223066	828.480418	55.451900	50.416000
724.225500	828.480419	55.451900	50.415000
724.227953	828.480422	55.451900	50.415000
724.230486	828.480420	55.451900	50.414000
724.232995	828.480418	55.451900	50.413000
724.235560	828.480419	55.451900	50.413000
724.238024	828.480421	55.451900	50.413000
724.240469	828.480414	55.451900	50.412000
724.242970	828.480422	55.451900	50.412000
724.245494	828.480419	55.451900	50.412000
724.247939	828.480423	55.451900	50.412000
724.250686	828.480423	55.451900	50.412000
724.253194	828.480419	55.451900	50.411000
724.255654	828.480420	55.451900	50.411000
724.258129	828.480421	55.451900	50.410000
724.260576	828.480419	55.451900	50.410000
724.263069	828.480422	55.451900	50.409000
724.265595	828.480419	55.451900	50.409000
724.268150	828.480423	55.451900	50.408000
724.270593	828.480418	55.451900	50.408000
724.273096	828.480423	55.451900	50.407000
724.275550	828.480420	55.451900	50.407000
724.278021	828.480420	55.451900	50.407000
724.280564	828.480423	55.451900	50.407000
724.283168	828.480418	55.451900	50.407000
724.285603	828.480419	55.451900	50.407000
724.288245	828.480416	55.451900	50.406000
724.290783	828.480419	55.451900	50.406000
724.293298	828.480419	55.451900	50.406000
724.295663	828.480418	55.451900	50.406000
724.298125	828.480423	55.451900	50.406000
724.300671	828.480420	55.451900	50.406000
724.303169	828.480425	55.451900	50.406000
724.305698	828.480420	55.451900	50.406000
724.308142	828.480422	55.451900	50.405000
724.310787	828.480419	55.451900	50.405000
724.313197	828.480421	55.451900	50.405000
724.315673	828.480414	55.451900	50.405000
724.318126	828.480421	55.451900	50.405000
724.320666	828.480425	55.451900	50.405000
724.323164	828.480419	55.451900	50.405000
724.325894	828.480419	55.451900	50.405000
724.328342	828.480422	55.451900	50.405000
724.330890	828.480419	55.451900	50.405000
724.333302	828.480418	55.451900	50.405000
724.335855	828.480423	55.451900	50.405000
724.338226	828.480420	55.451900	50.405000
724.340760	828.480422	55.451900	50.405000
724.343375	828.480418	55.451900	50.404000
724.345893	828.480422	55.451900	50.404000
724.348257	828.480421	55.451900	50.404000
724.350793	828.480417	55.451900	50.403000
724.353297	828.480420	55.451900	50.403000
724.355961	828.480422	55.451900	50.404000
724.358232	828.480418	55.451900	50.404000
724.360772	828.480422	55.451900	50.404000
724.363277	828.480424	55.451900	50.404000
724.365991	828.480422	55.451900	50.404000
724.368455	828.480422	55.451900	50.404000
724.370901	828.480421	55.451900	50.405000
724.373402	828.480420	55.451900	50.405000
724.375856	828.480420	55.451900	50.405000
724.378321	828.480419	55.451900	50.405000
724.380864	828.480422	55.451900	50.405000
724.383375	828.480416	55.451900	50.405000
724.385991	828.480423	55.451900	50.406000
724.388356	828.480420	55.451900	50.406000
724.390897	828.480419	55.451900	50.406000
724.393401	828.480423	55.451900	50.406000
724.395856	828.480418	55.451900	50.406000
724.398328	828.480424	55.451900	50.407000
724.400865	828.480419	55.451900	50.407000
724.403576	828.480419	55.451900	50.407000
724.406071	828.480422	55.451900	50.407000
724.408455	828.480419	55.451900	50.407000
724.411097	828.480422	55.451900	50.407000
724.413503	828.480423	55.451900	50.407000
724.415960	828.480419	55.451900	50.407000
724.418434	828.480420	55.451900	50.408000
724.420961	828.480422	55.451900	50.408000
724.423468	828.480422	55.451900	50.407000
724.425983	828.480420	55.451900	50.407000
724.428548	828.480419	55.451900	50.407000
724.430896	828.480419	55.451900	50.407000
724.433491	828.480420	55.451900	50.408000
724.436055	828.480421	55.451900	50.408000
724.438422	828.480422	55.451900	50.408000
724.441152	828.480417	55.451900	50.408000
724.443669	828.480421	55.451900	50.409000
724.446170	828.480421	55.451900	50.409000
724.448649	828.480415	55.451900	50.410000
724.451193	828.480421	55.451900	50.410000
724.453585	828.480422	55.451900	50.411000
724.456058	828.480423	55.451900	50.411000
724.458525	828.480418	55.451900	50.411000
724.461148	828.480420	55.451900	50.412000
724.463567	828.480422	55.451899	50.412000
724.466070	828.480423	55.451900	50.412000
724.468552	828.480420	55.451900	50.413000
724.471094	828.480420	55.451900	50.413000
724.473585	828.480425	55.451900	50.414000
724.476048	828.480418	55.451900	50.414000
724.478724	828.480420	55.451900	50.415000
724.481247	828.480417	55.451900	50.415000
724.483764	828.480419	55.451900	50.415000
724.486267	828.480422	55.451900	50.416000
724.488748	828.480416	55.451900	50.417000
724.491296	828.480420	55.451900	50.417000
724.493683	828.480418	55.451900	50.418000
724.496247	828.480423	55.451900	50.418000
724.498626	828.480416	55.451900	50.419000
724.501153	828.480417	55.451900	50.420000
724.503773	828.480420	55.451900	50.420000
724.506265	828.480420	55.451900	50.421000
724.508648	828.480422	55.451900	50.421000
724.511199	828.480419	55.451900	50.422000
724.513692	828.480417	55.451900	50.423000
724.516350	828.480422	55.451899	50.424000
724.518843	828.480421	55.451900	50.425000
724.521350	828.480421	55.451900	50.425000
724.523880	828.480423	55.451900	50.426000
724.526264	828.480420	55.451900	50.427000
724.528858	828.480421	55.451900	50.427000
724.531301	828.480416	55.451900	50.428000
724.533795	828.480417	55.451900	50.429000
724.536348	828.480421	55.451900	50.429000
724.538732	828.480423	55.451900	50.430000
724.541250	828.480421	55.451900	50.430000
724.543776	828.480422	55.451900	50.431000
724.546266	828.480420	55.451900	50.431000
724.548753	828.480418	55.451900	50.432000
724.551299	828.480421	55.451900	50.433000
724.553989	828.480422	55.451900	50.433000
724.556450	828.480425	55.451900	50.434000
724.558937	828.480419	55.451900	50.434000
724.561445	828.480423	55.451900	50.434000
724.563976	828.480420	55.451900	50.435000
724.566456	828.480422	55.451900	50.435000
724.568852	828.480422	55.451900	50.435000
724.571395	828.480422	55.451900	50.436000
724.573883	828.480424	55.451900	50.436000
724.576348	828.480422	55.451900	50.437000
724.578940	828.480417	55.451900	50.437000
724.581337	828.480421	55.451900	50.437000
724.583877	828.480420	55.451900	50.438000
724.586351	828.480419	55.451900	50.439000
724.588849	828.480421	55.451900	50.439000
724.591398	828.480419	55.451900	50.439000
724.593981	828.480421	55.451900	50.440000
724.596447	828.480419	55.451900	50.440000
724.598924	828.480423	55.451900	50.440000
724.601446	828.480421	55.451900	50.441000
724.603866	828.480418	55.451900	50.441000
724.606357	828.480419	55.451900	50.441000
724.608849	828.480421	55.451900	50.442000
724.611401	828.480419	55.451900	50.443000
724.613884	828.480422	55.451900	50.443000
724.616350	828.480424	55.451900	50.445000
724.618832	828.480416	55.451900	50.446000
724.621451	828.480418	55.451900	50.447000
724.623874	828.480419	55.451900	50.449000
724.626355	828.480419	55.451900	50.450000
724.628849	828.480421	55.451900	50.452000
724.631689	828.480423	55.451900	50.454000
724.634080	828.480419	55.451900	50.456000
724.636535	828.480422	55.451900	50.457000
724.639031	828.480418	55.451900	50.458000
724.641543	828.480421	55.451900	50.459000
724.644063	828.480419	55.451900	50.460000
724.646446	828.480419	55.451900	50.461000
724.648946	828.480420	55.451900	50.463000
724.651498	828.480420	55.451900	50.464000
724.653991	828.480416	55.451900	50.465000
724.656547	828.480420	55.451900	50.466000
724.658932	828.480418	55.451900	50.467000
724.661452	828.480424	55.451900	50.468000
724.663974	828.480418	55.451900	50.469000
724.666456	828.480422	55.451900	50.471000
724.669149	828.480419	55.451900	50.472000
724.671703	828.480423	55.451899	50.474000
724.674189	828.480420	55.451900	50.475000
724.676547	828.480419	55.451900	50.477000
724.679031	828.480423	55.451900	50.479000
724.681552	828.480421	55.451900	50.480000
724.684079	828.480419	55.451900	50.482000
724.686545	828.480423	55.451900	50.484000
724.689062	828.480415	55.451900	50.486000
724.691610	828.480419	55.451900	50.488000
724.694091	828.480420	55.451900	50.490000
724.696535	828.480420	55.451900	50.492000
724.699031	828.480418	55.451900	50.494000
724.701547	828.480421	55.451900	50.496000
724.704076	828.480420	55.451900	50.498000
724.706557	828.480417	55.451900	50.500000
724.709260	828.480421	55.451900	50.502000
724.711813	828.480422	55.451900	50.504000
724.714289	828.480425	55.451900	50.506000
724.716743	828.480419	55.451900	50.508000
724.719131	828.480422	55.451900	50.509000
724.721855	828.480422	55.451900	50.511000
724.724170	828.480422	55.451900	50.513000
724.726659	828.480419	55.451900	50.514000
724.729255	828.480421	55.451900	50.516000
724.731707	828.480421	55.451900	50.516000
724.734188	828.480419	55.451900	50.517000
724.736650	828.480421	55.451900	50.518000
724.739129	828.480422	55.451900	50.519000
724.741656	828.480418	55.451900	50.519000
724.744174	828.480425	55.451900	50.520000
724.746848	828.480419	55.451900	50.521000
724.749358	828.480416	55.451900	50.522000
724.751903	828.480418	55.451900	50.523000
724.754579	828.480418	55.451900	50.524000
724.756744	828.480420	55.451900	50.524000
724.759315	828.480422	55.451900	50.525000
724.761747	828.480420	55.451900	50.525000
724.764363	828.480417	55.451899	50.525000
724.766754	828.480417	55.451900	50.525000
724.769261	828.480419	55.451900	50.526000
724.771806	828.480420	55.451900	50.526000
724.774281	828.480420	55.451900	50.527000
724.776752	828.480419	55.451900	50.527000
724.779229	828.480420	55.451900	50.528000
724.781768	828.480422	55.451900	50.529000
724.784270	828.480417	55.451900	50.530000
724.786979	828.480416	55.451900	50.531000
724.789468	828.480418	55.451900	50.532000
724.792005	828.480420	55.451900	50.533000
724.794478	828.480419	55.451900	50.534000
724.796938	828.480421	55.451900	50.534000
724.799432	828.480421	55.451900	50.535000
724.801864	828.480421	55.451900	50.536000
724.804367	828.480420	55.451900	50.536000
724.806864	828.480422	55.451900	50.537000
724.809362	828.480418	55.451900	50.538000
724.811900	828.480421	55.451900	50.538000
724.814382	828.480420	55.451901	50.539000
724.816834	828.480419	55.451900	50.539000
724.819324	828.480421	55.451900	50.538000
724.821861	828.480419	55.451900	50.538000
724.824569	828.480423	55.451900	50.538000
724.827070	828.480422	55.451900	50.538000
724.829557	828.480415	55.451900	50.538000
724.832108	828.480420	55.451900	50.538000
724.834578	828.480415	55.451900	50.539000
724.836935	828.480418	55.451900	50.539000
724.839422	828.480417	55.451900	50.540000
724.841962	828.480419	55.451900	50.540000
724.844456	828.480420	55.451900	50.541000
724.846955	828.480417	55.451900	50.541000
724.849459	828.480419	55.451900	50.541000
724.852002	828.480418	55.451900	50.540000
724.854480	828.480417	55.451899	50.540000
724.856937	828.480421	55.451900	50.539000
724.859430	828.480419	55.451900	50.539000
724.862063	828.480422	55.451900	50.539000
724.864671	828.480421	55.451900	50.539000
724.867154	828.480419	55.451900	50.539000
724.869671	828.480421	55.451900	50.539000
724.872102	828.480421	55.451900	50.539000
724.874675	828.480419	55.451900	50.539000
724.877037	828.480417	55.451900	50.539000
724.879529	828.480419	55.451900	50.538000
724.882062	828.480421	55.451900	50.538000
724.884566	828.480422	55.451899	50.537000
724.887067	828.480419	55.451899	50.536000
724.889558	828.480420	55.451900	50.536000
724.892109	828.480422	55.451900	50.535000
724.894577	828.480421	55.451900	50.535000
724.897144	828.480419	55.451900	50.535000
724.899729	828.480419	55.451900	50.535000
724.902268	828.480419	55.451899	50.535000
724.904778	828.480419	55.451900	50.535000
724.907355	828.480418	55.451900	50.534000
724.909759	828.480418	55.451900	50.534000
724.912193	828.480419	55.451900	50.533000
724.914774	828.480418	55.451900	50.532000
724.917126	828.480422	55.451900	50.531000
724.919629	828.480420	55.451900	50.530000
724.922167	828.480416	55.451901	50.530000
724.924682	828.480417	55.451900	50.529000
724.927159	828.480418	55.451900	50.528000
724.929662	828.480418	55.451900	50.528000
724.932198	828.480416	55.451901	50.527000
724.934674	828.480419	55.451900	50.527000
724.937135	828.480419	55.451900	50.526000
724.939845	828.480423	55.451899	50.525000
724.942363	828.480416	55.451901	50.525000
724.944874	828.480421	55.451900	50.524000
724.947350	828.480417	55.451900	50.524000
724.949871	828.480417	55.451900	50.524000
724.952402	828.480418	55.451899	50.524000
724.954871	828.480421	55.451900	50.524000
724.957341	828.480420	55.451900	50.525000
724.959733	828.480422	55.451899	50.525000
724.962273	828.480423	55.451901	50.525000
724.964772	828.480419	55.451901	50.526000
724.967253	828.480421	55.451900	50.526000
724.969765	828.480420	55.451900	50.526000
724.972301	828.480421	55.451901	50.526000
724.974776	828.480421	55.451900	50.526000
724.977435	828.480420	55.451899	50.525000
724.979948	828.480418	55.451900	50.525000
724.982463	828.480420	55.451900	50.525000
724.984987	828.480418	55.451900	50.524000
724.987549	828.480420	55.451900	50.524000
724.989984	828.480420	55.451900	50.524000
724.992505	828.480422	55.451900	50.523000
724.994875	828.480422	55.451900	50.523000
724.997329	828.480420	55.451900	50.522000
724.999831	828.480423	55.451900	50.522000
725.002368	828.480423	55.451900	50.521000
725.004881	828.480420	55.451900	50.521000
725.007362	828.480420	55.451900	50.520000
725.009869	828.480424	55.451899	50.520000
725.012414	828.480422	55.451900	50.520000
725.014867	828.480422	55.451900	50.520000
725.017533	828.480420	55.451900	50.520000
725.020054	828.480417	55.451899	50.520000
725.022565	828.480418	55.451900	50.521000
725.025094	828.480419	55.451900	50.521000
725.027552	828.480420	55.451900	50.521000
725.030284	828.480421	55.451900	50.521000
725.032496	828.480421	55.451900	50.522000
725.034974	828.480421	55.451900	50.522000
725.037431	828.480424	55.451900	50.522000
725.039954	828.480424	55.451900	50.523000
725.042463	828.480419	55.451899	50.523000
725.044986	828.480416	55.451901	50.523000
725.047454	828.480423	55.451900	50.523000
725.049976	828.480422	55.451900	50.523000
725.052497	828.480420	55.451900	50.522000
725.054968	828.480422	55.451900	50.522000
725.057631	828.480419	55.451900	50.522000
725.060152	828.480421	55.451900	50.521000
725.062665	828.480418	55.451900	50.521000
725.065092	828.480420	55.451900	50.520000
725.067652	828.480416	55.451900	50.520000
725.070078	828.480419	55.451900	50.520000
725.072599	828.480422	55.451900	50.519000
725.075064	828.480421	55.451900	50.519000
725.077524	828.480423	55.451900	50.519000
725.080053	828.480420	55.451900	50.519000
725.082569	828.480420	55.451900	50.519000
725.085089	828.480421	55.451900	50.519000
725.087552	828.480419	55.451900	50.519000
725.090073	828.480417	55.451900	50.519000
725.092608	828.480417	55.451900	50.519000
725.095268	828.480416	55.451900	50.520000
725.097831	828.480418	55.451900	50.520000
725.100263	828.480418	55.451900	50.521000
725.102758	828.480418	55.451900	50.521000
725.105288	828.480420	55.451900	50.521000
725.107656	828.480415	55.451900	50.521000
725.110185	828.480421	55.451900	50.521000
725.112702	828.480416	55.451899	50.521000
725.115168	828.480419	55.451899	50.521000
725.117632	828.480421	55.451900	50.521000
725.120151	828.480419	55.451900	50.521000
725.122662	828.480418	55.451900	50.521000
725.125194	828.480422	55.451900	50.520000
725.127652	828.480417	55.451900	50.520000
725.130179	828.480417	55.451900	50.519000
725.132702	828.480421	55.451900	50.518000
725.135270	828.480423	55.451900	50.517000
725.137729	828.480420	55.451900	50.517000
725.140260	828.480424	55.451900	50.516000
725.142870	828.480422	55.451900	50.515000
725.145295	828.480420	55.451900	50.515000
725.147652	828.480416	55.451900	50.515000
725.150290	828.480421	55.451900	50.515000
725.152694	828.480420	55.451900	50.515000
725.155167	828.480424	55.451900	50.515000
725.157628	828.480420	55.451900	50.515000
725.160153	828.480419	55.451900	50.516000
725.162662	828.480418	55.451900	50.516000
725.165195	828.480422	55.451900	50.516000
725.167658	828.480421	55.451901	50.516000
725.170177	828.480416	55.451900	50.516000
725.172892	828.480421	55.451900	50.516000
725.175363	828.480417	55.451900	50.515000
725.177827	828.480419	55.451900	50.515000
725.180363	828.480422	55.451900	50.515000
725.182862	828.480420	55.451900	50.514000
725.185387	828.480419	55.451900	50.514000
725.187746	828.480419	55.451900	50.513000
725.190281	828.480421	55.451900	50.513000
725.192795	828.480416	55.451900	50.513000
725.195261	828.480420	55.451900	50.513000
725.197722	828.480420	55.451900	50.513000
725.200256	828.480420	55.451900	50.513000
725.202852	828.480424	55.451900	50.513000
725.205295	828.480419	55.451900	50.513000
725.207747	828.480426	55.451900	50.513000
725.210492	828.480417	55.451900	50.513000
725.212992	828.480422	55.451900	50.513000
725.215469	828.480419	55.451900	50.513000
725.217924	828.480420	55.451900	50.514000
725.220460	828.480422	55.451900	50.514000
725.223062	828.480422	55.451899	50.514000
725.225402	828.480421	55.451900	50.514000
725.227851	828.480418	55.451900	50.514000
725.230387	828.480424	55.451900	50.514000
725.232993	828.480423	55.451900	50.514000
725.235360	828.480423	55.451900	50.514000
725.237833	828.480418	55.451900	50.513000
725.239667	828.480422	55.451900	50.513000
