978.407684	778.160036	55.999998	50.890000
978.409242	778.158375	56.000003	50.892000
978.409753	778.153119	56.000000	50.893000
978.410052	778.148180	56.000003	50.893000
978.410240	778.143245	55.999999	50.893000
978.410257	778.137900	55.999998	50.893000
978.410294	778.132553	56.000001	50.892000
978.410266	778.127669	56.000002	50.891000
978.410290	778.122621	55.999997	50.889000
978.410257	778.117570	56.000001	50.887000
978.410269	778.112780	55.999997	50.885000
978.410254	778.107686	56.000002	50.884000
978.410261	778.102713	56.000000	50.882000
978.410243	778.097680	55.999998	50.880000
978.410241	778.092674	56.000002	50.877000
978.410238	778.087645	55.999999	50.874000
978.410231	778.082237	56.000001	50.872000
978.410224	778.077245	55.999999	50.870000
978.410226	778.072034	55.999998	50.869000
978.410218	778.066990	56.000001	50.868000
978.410218	778.062000	55.999998	50.866000
978.410214	778.056983	56.000001	50.865000
978.410212	778.052003	56.000000	50.864000
978.410213	778.046959	55.999998	50.864000
978.410210	778.041975	56.000001	50.864000
978.410209	778.037176	55.999999	50.865000
978.410201	778.032189	55.999999	50.865000
978.410206	778.026961	55.999998	50.865000
978.410202	778.022168	55.999998	50.865000
978.410203	778.017180	56.000001	50.866000
978.410195	778.012178	55.999998	50.866000
978.410202	778.006568	56.000002	50.867000
978.410199	778.001757	56.000002	50.867000
978.410201	777.996766	55.999998	50.869000
978.410200	777.991777	56.000002	50.870000
978.410199	777.986750	55.999998	50.872000
978.410201	777.981761	56.000001	50.874000
978.410200	777.976762	56.000000	50.876000
978.410201	777.971776	55.999999	50.878000
978.410202	777.966753	56.000002	50.879000
978.410202	777.961955	56.000002	50.882000
978.410197	777.956966	55.999998	50.884000
978.410202	777.951972	56.000001	50.885000
978.410199	777.946757	56.000001	50.886000
978.410199	777.941956	56.000002	50.886000
978.410195	777.936968	55.999997	50.886000
978.410201	777.931573	55.999999	50.886000
978.410201	777.926355	55.999998	50.886000
978.410202	777.921554	56.000000	50.885000
978.410200	777.916556	56.000001	50.884000
978.410201	777.911581	56.000001	50.882000
978.410200	777.906552	55.999998	50.878000
978.410201	777.901555	55.999999	50.875000
978.410202	777.896560	56.000001	50.872000
978.410200	777.891579	55.999997	50.869000
978.410200	777.886743	55.999997	50.867000
978.410202	777.881551	56.000003	50.864000
978.410199	777.876756	56.000003	50.862000
978.410202	777.871771	55.999998	50.860000
978.410202	777.866744	56.000000	50.858000
978.410202	777.861757	56.000002	50.857000
978.410203	777.856351	56.000000	50.856000
978.410203	777.851374	55.999997	50.855000
978.410205	777.846344	55.999999	50.854000
978.410201	777.841346	56.000003	50.852000
978.410202	777.836549	56.000001	50.851000
978.410203	777.831367	55.999997	50.851000
978.410201	777.826346	55.999999	50.851000
978.410204	777.821350	56.000003	50.850000
978.410203	777.816352	56.000000	50.850000
978.410203	777.811575	56.000003	50.849000
978.410202	777.806544	55.999997	50.849000
978.410203	777.801555	55.999999	50.849000
978.410199	777.796557	56.000003	50.850000
978.410204	777.791579	56.000001	50.851000
978.410203	777.786542	55.999997	50.853000
978.410202	777.781160	55.999998	50.855000
978.410202	777.776154	55.999996	50.857000
978.410202	777.771179	56.000001	50.859000
978.410201	777.766348	55.999996	50.861000
978.410201	777.761159	56.000003	50.862000
978.410203	777.756345	56.000003	50.863000
978.410201	777.750973	55.999999	50.864000
978.410202	777.746348	56.000000	50.865000
978.410199	777.741152	56.000002	50.866000
978.410203	777.736349	55.999998	50.866000
978.410201	777.731372	56.000002	50.865000
978.410201	777.726349	56.000003	50.865000
978.410201	777.721355	56.000002	50.865000
978.410202	777.716349	55.999998	50.866000
978.410200	777.711372	55.999996	50.867000
978.410200	777.706158	56.000003	50.869000
978.410198	777.700963	55.999998	50.871000
978.410199	777.696160	55.999997	50.873000
978.410201	777.690977	56.000003	50.874000
978.410200	777.686151	56.000002	50.874000
978.410199	777.681155	56.000003	50.874000
978.410198	777.675947	56.000000	50.872000
978.410200	777.670966	56.000002	50.871000
978.410197	777.666143	56.000000	50.871000
978.410200	777.661150	56.000002	50.870000
978.410199	777.656146	56.000003	50.870000
978.410202	777.651168	56.000001	50.870000
978.410199	777.646142	55.999998	50.870000
978.410202	777.641146	56.000001	50.871000
978.410199	777.636346	56.000001	50.871000
978.410198	777.630770	56.000000	50.870000
978.410197	777.625749	55.999997	50.870000
978.410197	777.620755	56.000001	50.870000
978.410198	777.615944	56.000000	50.870000
978.410198	777.610769	55.999998	50.871000
978.410200	777.605763	56.000000	50.873000
978.410199	777.600760	56.000001	50.873000
978.410198	777.595945	56.000002	50.873000
978.410201	777.590978	55.999998	50.873000
978.410198	777.585961	56.000000	50.872000
978.410199	777.580956	56.000002	50.872000
978.410200	777.575954	56.000000	50.872000
978.410197	777.570971	55.999999	50.872000
978.410202	777.565953	56.000003	50.872000
978.410198	777.560950	55.999998	50.871000
978.410200	777.555945	55.999999	50.871000
978.410199	777.550772	55.999998	50.871000
978.410201	777.545751	55.999999	50.871000
978.410198	777.540746	56.000001	50.871000
978.410197	777.535738	55.999998	50.871000
978.410200	777.530763	56.000001	50.870000
978.410198	777.525749	56.000002	50.870000
978.410197	777.520743	55.999999	50.869000
978.410201	777.515940	55.999998	50.869000
978.410199	777.510964	56.000000	50.868000
978.410200	777.505943	56.000003	50.866000
978.410200	777.500944	56.000002	50.865000
978.410198	777.495947	55.999999	50.864000
978.410200	777.490768	56.000003	50.862000
978.410201	777.486148	55.999999	50.861000
978.410199	777.480555	55.999998	50.859000
978.410197	777.475558	55.999999	50.857000
978.410196	777.470373	56.000000	50.856000
978.410201	777.465758	55.999997	50.854000
978.410198	777.460557	56.000002	50.853000
978.410198	777.455557	55.999999	50.853000
978.410198	777.450576	55.999997	50.853000
978.410200	777.445762	56.000000	50.854000
978.410197	777.440757	55.999998	50.855000
978.410197	777.435756	55.999998	50.855000
978.410200	777.430782	55.999998	50.855000
978.410197	777.425567	56.000000	50.855000
978.410199	777.420764	56.000002	50.855000
978.410200	777.415753	55.999999	50.856000
978.410200	777.410776	55.999998	50.856000
978.410199	777.405362	55.999998	50.857000
978.410198	777.400361	55.999998	50.858000
978.410200	777.395157	56.000002	50.859000
978.410196	777.390381	56.000001	50.859000
978.410196	777.385361	56.000003	50.860000
978.410201	777.380363	56.000002	50.861000
978.410201	777.375156	55.999998	50.863000
978.410201	777.370376	55.999998	50.865000
978.410198	777.365366	55.999997	50.867000
978.410199	777.360162	56.000002	50.868000
978.410196	777.355553	55.999998	50.868000
978.410200	777.350576	55.999998	50.868000
978.410197	777.345561	55.999997	50.868000
978.410199	777.340361	56.000003	50.868000
978.410194	777.335546	56.000000	50.870000
978.410199	777.330175	55.999998	50.871000
978.410200	777.325164	55.999998	50.872000
978.410201	777.319965	56.000002	50.872000
978.410200	777.315159	56.000002	50.871000
978.410201	777.310171	56.000001	50.870000
978.410198	777.305171	55.999999	50.870000
978.410200	777.300166	55.999997	50.870000
978.410199	777.295360	56.000001	50.869000
978.410197	777.290170	56.000001	50.868000
978.410201	777.285165	56.000000	50.866000
978.410199	777.280363	56.000000	50.864000
978.410199	777.275356	56.000000	50.863000
978.410197	777.270176	56.000001	50.862000
978.410197	777.265362	56.000002	50.861000
978.410197	777.260361	56.000002	50.860000
978.410198	777.255154	55.999998	50.859000
978.410201	777.249969	56.000000	50.858000
978.410202	777.244974	56.000002	50.857000
978.410200	777.240159	56.000001	50.855000
978.410199	777.235148	56.000002	50.854000
978.410201	777.230170	56.000000	50.853000
978.410197	777.225164	55.999999	50.852000
978.410202	777.220162	56.000001	50.852000
978.410201	777.215143	55.999999	50.853000
978.410200	777.210167	56.000000	50.854000
978.410201	777.205354	56.000000	50.854000
978.410198	777.200354	56.000000	50.854000
978.410198	777.195340	56.000000	50.854000
978.410200	777.190369	56.000000	50.854000
978.410196	777.185358	56.000000	50.854000
978.410200	777.179959	56.000000	50.854000
978.410199	777.174750	56.000000	50.854000
978.410202	777.169975	56.000000	50.855000
978.410200	777.164761	56.000000	50.855000
978.410198	777.159957	55.999998	50.856000
978.410202	777.154946	55.999999	50.856000
978.410199	777.149974	55.999998	50.857000
978.410201	777.144964	55.999998	50.858000
978.410202	777.139965	55.999997	50.859000
978.410197	777.135149	56.000002	50.860000
978.410203	777.130175	56.000002	50.862000
978.410200	777.125162	56.000003	50.864000
978.410198	777.120159	56.000002	50.864000
978.410199	777.115151	55.999999	50.865000
978.410201	777.109769	55.999998	50.866000
978.410199	777.104763	56.000003	50.867000
978.410202	777.099767	56.000002	50.868000
978.410201	777.094556	56.000002	50.869000
978.410200	777.089776	55.999999	50.869000
978.410201	777.084771	55.999997	50.869000
978.410200	777.079772	55.999997	50.869000
978.410201	777.074957	56.000003	50.869000
978.410201	777.069975	56.000003	50.869000
978.410201	777.064768	56.000003	50.868000
978.410201	777.059963	55.999997	50.868000
978.410202	777.054951	55.999997	50.868000
978.410201	777.049974	55.999997	50.868000
978.410201	777.044968	55.999998	50.869000
978.410202	777.039964	56.000000	50.869000
978.410198	777.034964	56.000001	50.869000
978.410199	777.029575	56.000003	50.869000
978.410199	777.024568	56.000002	50.869000
978.410201	777.019566	56.000002	50.869000
978.410202	777.014549	56.000003	50.869000
978.410200	777.009767	55.999998	50.870000
978.410204	777.004565	56.000002	50.871000
978.410200	776.999754	55.999998	50.872000
978.410202	776.994549	56.000002	50.873000
978.410203	776.989770	56.000000	50.873000
978.410199	776.984769	56.000001	50.872000
978.410202	776.979768	56.000001	50.871000
978.410200	776.974758	55.999999	50.870000
978.410199	776.969775	56.000001	50.869000
978.410199	776.964768	56.000002	50.869000
978.410201	776.959766	56.000002	50.868000
978.410196	776.954362	56.000002	50.867000
978.410201	776.949575	55.999999	50.866000
978.410198	776.944378	56.000001	50.864000
978.410200	776.939569	56.000001	50.862000
978.410198	776.934364	55.999998	50.859000
978.410198	776.929367	56.000000	50.857000
978.410200	776.924375	56.000002	50.855000
978.410197	776.919370	56.000001	50.854000
978.410202	776.914358	56.000002	50.853000
978.410202	776.909568	55.999999	50.852000
978.410202	776.904576	56.000000	50.852000
978.410198	776.899375	55.999998	50.852000
978.410200	776.894565	56.000001	50.853000
978.410199	776.889572	56.000000	50.854000
978.410202	776.884576	55.999999	50.856000
978.410197	776.878980	56.000001	50.858000
978.410199	776.874165	56.000001	50.859000
978.410199	776.869167	56.000003	50.860000
978.410199	776.864176	56.000002	50.861000
978.410199	776.859178	56.000003	50.863000
978.410195	776.854166	56.000001	50.865000
978.410201	776.848969	56.000003	50.866000
978.410198	776.844183	55.999997	50.867000
978.410200	776.839376	56.000002	50.868000
978.410196	776.834166	55.999998	50.869000
978.410198	776.829374	55.999999	50.870000
978.410202	776.824373	55.999999	50.872000
978.410201	776.819377	55.999999	50.874000
978.410198	776.814361	55.999997	50.875000
978.410200	776.809577	56.000003	50.877000
978.410197	776.803982	56.000003	50.879000
978.410197	776.798982	56.000002	50.880000
978.410201	776.793974	56.000002	50.880000
978.410197	776.788972	56.000001	50.880000
978.410197	776.783980	56.000001	50.881000
978.410197	776.778777	55.999999	50.881000
978.410197	776.773971	55.999999	50.881000
978.410195	776.768970	56.000000	50.880000
978.410198	776.763982	56.000000	50.879000
978.410198	776.758978	56.000000	50.878000
978.410198	776.754163	56.000000	50.877000
978.410198	776.749166	56.000000	50.876000
978.410199	776.744180	56.000001	50.875000
978.410198	776.739173	55.999999	50.874000
978.410198	776.734164	56.000000	50.872000
978.410200	776.728962	56.000000	50.871000
978.410196	776.723773	56.000000	50.869000
978.410200	776.718771	56.000001	50.868000
978.410195	776.713569	56.000001	50.866000
978.410199	776.708961	55.999999	50.865000
978.410198	776.703770	56.000000	50.865000
978.410200	776.698778	56.000001	50.865000
978.410197	776.693760	56.000002	50.864000
978.410196	776.688968	55.999997	50.863000
978.410196	776.683773	56.000001	50.862000
978.410199	776.678975	55.999997	50.861000
978.410198	776.673966	55.999998	50.860000
978.410198	776.668963	55.999999	50.860000
978.410196	776.663766	55.999998	50.861000
978.410198	776.658970	56.000000	50.862000
978.410198	776.653562	56.000000	50.862000
978.410200	776.648563	55.999998	50.863000
978.410199	776.643362	56.000000	50.864000
978.410199	776.638574	56.000001	50.865000
978.410200	776.633360	55.999997	50.866000
978.410199	776.628554	56.000003	50.866000
978.410197	776.623559	56.000003	50.867000
978.410198	776.618571	56.000003	50.868000
978.410199	776.613559	56.000003	50.869000
978.410197	776.608754	55.999997	50.870000
978.410199	776.603767	55.999998	50.871000
978.410198	776.598775	55.999999	50.872000
978.410200	776.593762	55.999998	50.874000
978.410197	776.588752	55.999998	50.875000
978.410200	776.583771	55.999999	50.876000
978.410200	776.578578	55.999999	50.877000
978.410200	776.573368	56.000000	50.877000
978.410201	776.568355	55.999999	50.877000
978.410201	776.563572	55.999999	50.878000
978.410201	776.558174	55.999998	50.880000
978.410200	776.553367	56.000000	50.881000
978.410202	776.548352	56.000000	50.882000
978.410201	776.543162	55.999997	50.882000
978.410199	776.538572	56.000003	50.882000
978.410203	776.533364	56.000000	50.882000
978.410200	776.528556	56.000003	50.883000
978.410199	776.523576	56.000003	50.884000
978.410199	776.518573	56.000001	50.884000
978.410198	776.513560	55.999999	50.885000
978.410199	776.508554	56.000000	50.886000
978.410200	776.503171	56.000000	50.887000
978.410202	776.498174	56.000000	50.889000
978.410202	776.493171	55.999999	50.891000
978.410202	776.488158	56.000000	50.892000
978.410202	776.483169	55.999999	50.892000
978.410202	776.477974	56.000001	50.893000
978.410200	776.473172	56.000000	50.894000
978.410199	776.468160	56.000000	50.895000
978.410200	776.463175	56.000000	50.895000
978.410196	776.458182	56.000000	50.897000
978.410201	776.453375	55.999999	50.898000
978.410201	776.448363	55.999999	50.898000
978.410200	776.443377	56.000000	50.899000
978.410199	776.438375	56.000000	50.900000
978.410200	776.433371	55.999999	50.902000
978.410198	776.427955	56.000001	50.904000
978.410198	776.422967	56.000000	50.907000
978.410200	776.417969	55.999999	50.909000
978.410204	776.413168	56.000001	50.911000
978.410200	776.407745	56.000000	50.912000
978.410204	776.403170	56.000001	50.914000
978.410202	776.397973	56.000001	50.916000
978.410203	776.393168	56.000000	50.918000
978.410203	776.387745	55.999998	50.921000
978.410202	776.383171	56.000002	50.923000
978.410202	776.378167	55.999998	50.926000
978.410201	776.373162	55.999999	50.928000
978.410202	776.368141	56.000003	50.929000
978.410203	776.363164	56.000000	50.931000
978.410201	776.358164	55.999998	50.932000
978.410198	776.352769	55.999999	50.934000
978.410200	776.347746	56.000001	50.937000
978.410201	776.342967	56.000000	50.940000
978.410202	776.337766	56.000000	50.944000
978.410202	776.332773	56.000000	50.947000
978.410201	776.327753	55.999999	50.951000
978.410202	776.322769	56.000001	50.955000
978.410200	776.317569	55.999997	50.959000
978.410199	776.312573	55.999998	50.963000
978.410200	776.307549	56.000002	50.968000
978.410200	776.302765	56.000002	50.972000
978.410200	776.297771	56.000002	50.976000
978.410201	776.292771	55.999999	50.981000
978.410200	776.287748	55.999999	50.985000
978.410203	776.282768	56.000002	50.990000
978.410199	776.277354	56.000001	50.995000
978.410200	776.272365	55.999997	50.999000
978.410200	776.267331	56.000000	51.003000
978.410201	776.262145	55.999998	51.008000
978.410200	776.257353	56.000002	51.012000
978.410199	776.252363	56.000000	51.016000
978.410197	776.247341	55.999997	51.021000
978.410198	776.242360	56.000000	51.027000
978.410197	776.237350	56.000002	51.033000
978.410197	776.232367	56.000000	51.039000
978.410199	776.227342	55.999999	51.045000
978.410198	776.222561	55.999999	51.050000
978.410200	776.217569	56.000002	51.056000
978.410200	776.212578	56.000001	51.063000
978.410198	776.207553	55.999998	51.069000
978.410201	776.202161	55.999998	51.077000
978.410196	776.197161	55.999998	51.084000
978.410195	776.192374	55.999998	51.090000
978.410200	776.187144	55.999999	51.096000
978.410201	776.182155	56.000001	51.103000
978.410201	776.176953	55.999999	51.110000
978.410203	776.171969	56.000003	51.118000
978.410200	776.167132	56.000001	51.126000
978.410199	776.162152	56.000003	51.135000
978.410201	776.157155	56.000000	51.144000
978.410197	776.152361	56.000002	51.153000
978.410200	776.147337	55.999999	51.162000
978.410198	776.142353	55.999999	51.171000
978.410198	776.137357	56.000001	51.180000
978.410199	776.132366	55.999998	51.189000
978.410200	776.126941	56.000000	51.200000
978.410201	776.121951	55.999997	51.210000
978.410201	776.116958	56.000000	51.219000
978.410204	776.111760	55.999998	51.229000
978.410199	776.106937	55.999999	51.240000
978.410201	776.101743	56.000001	51.252000
978.410200	776.096947	56.000002	51.263000
978.410201	776.091959	56.000000	51.275000
978.410198	776.087134	56.000000	51.288000
978.410202	776.081940	56.000001	51.302000
978.410201	776.076949	55.999999	51.316000
978.410198	776.072160	56.000000	51.331000
978.410200	776.067140	56.000002	51.346000
978.410200	776.062149	56.000000	51.361000
978.410198	776.057155	56.000000	51.377000
978.410200	776.051767	55.999999	51.395000
978.410200	776.046739	56.000001	51.412000
978.410202	776.041750	56.000001	51.430000
978.410201	776.036752	55.999999	51.447000
978.410201	776.031770	56.000001	51.464000
978.410199	776.026745	55.999999	51.482000
978.410201	776.021741	56.000001	51.500000
978.410201	776.016753	55.999998	51.518000
978.410198	776.011765	56.000001	51.530000
978.410199	776.006748	56.000000	51.538000
978.410203	776.001749	55.999999	51.549000
978.410202	775.996956	56.000000	51.552000
978.410201	775.991765	56.000000	51.558000
978.410199	775.986941	56.000001	51.558000
978.410200	775.981753	56.000001	51.561000
978.410199	775.976558	56.000001	0.000000
978.410203	775.971571	56.000001	0.000000
978.410201	775.966554	55.999999	0.000000
978.410201	775.961357	56.000001	0.000000
978.410200	775.956559	56.000001	0.000000
978.410203	775.951576	55.999999	0.000000
978.410201	775.946553	55.999999	0.000000
978.410198	775.941761	55.999999	0.000000
978.410199	775.936363	55.999998	0.000000
978.410198	775.931776	56.000002	0.000000
978.410199	775.926553	55.999999	0.000000
978.410200	775.921561	55.999999	0.000000
978.410200	775.916557	56.000002	0.000000
978.410203	775.911776	56.000000	0.000000
978.410199	775.906744	56.000000	0.000000
978.410202	775.901155	56.000001	0.000000
978.410201	775.896550	55.999998	0.000000
978.410198	775.891369	56.000001	0.000000
978.410200	775.886545	56.000001	0.000000
978.410198	775.881355	55.999998	0.000000
978.410199	775.876552	55.999999	0.000000
978.410201	775.871368	56.000001	0.000000
978.410197	775.866541	56.000002	0.000000
978.410201	775.861350	55.999999	0.000000
978.410198	775.856543	55.999998	0.000000
978.410203	775.851364	56.000000	0.000000
978.410205	775.846538	55.999999	0.000000
978.410201	775.841541	55.999999	0.000000
978.410201	775.836538	55.999998	0.000000
978.410202	775.831356	55.999999	0.000000
978.410199	775.826138	56.000002	0.000000
978.410199	775.821143	56.000001	0.000000
978.410201	775.816138	56.000000	0.000000
978.410197	775.811166	55.999999	0.000000
978.410198	775.806148	56.000001	0.000000
978.410199	775.801150	56.000001	0.000000
978.410204	775.796145	56.000002	0.000000
978.410200	775.791168	56.000002	0.000000
978.410201	775.786139	56.000001	0.000000
978.410202	775.781348	55.999997	0.000000
978.410198	775.776145	56.000002	0.000000
978.410201	775.771173	56.000001	0.000000
978.410206	775.766342	55.999997	0.000000
978.410198	775.761343	55.999997	0.000000
978.410199	775.756345	55.999998	0.000000
978.410199	775.751364	55.999998	0.000000
978.410197	775.745943	55.999999	0.000000
978.410196	775.740950	56.000001	0.000000
978.410196	775.735745	55.999997	0.000000
978.410198	775.730967	56.000002	0.000000
978.410197	775.725946	56.000002	0.000000
978.410199	775.720954	56.000002	0.000000
978.410200	775.715943	56.000001	0.000000
978.410197	775.710968	56.000000	0.000000
978.410199	775.705948	56.000000	0.000000
978.410200	775.700951	56.000002	0.000000
978.410199	775.696152	56.000000	0.000000
978.410199	775.690769	55.999998	0.000000
978.410198	775.686150	56.000001	0.000000
978.410199	775.680954	55.999999	0.000000
978.410198	775.676147	56.000000	0.000000
978.410201	775.670573	55.999999	0.000000
978.410197	775.665751	55.999999	0.000000
978.410199	775.660759	56.000001	0.000000
978.410198	775.655747	56.000000	0.000000
978.410200	775.650772	56.000000	0.000000
978.410195	775.645757	56.000001	0.000000
978.410200	775.640760	55.999999	0.000000
978.410196	775.635751	56.000000	0.000000
978.410199	775.630772	55.999999	0.000000
978.410199	775.625759	56.000000	0.000000
978.410198	775.620768	56.000000	0.000000
978.410198	775.615753	56.000001	0.000000
978.410198	775.610977	56.000000	0.000000
978.410198	775.605965	56.000000	0.000000
978.410200	775.600965	55.999999	0.000000
978.410199	775.595360	55.999999	0.000000
978.410199	775.590578	56.000000	0.000000
978.410201	775.585570	56.000000	0.000000
978.410200	775.580568	55.999999	0.000000
978.410199	775.575561	56.000001	0.000000
978.410202	775.570580	56.000001	0.000000
978.410198	775.565569	56.000003	0.000000
978.410200	775.560573	56.000000	0.000000
978.410202	775.555555	55.999999	0.000000
978.410201	775.550580	55.999998	0.000000
978.410200	775.545766	56.000002	0.000000
978.410199	775.540571	55.999998	0.000000
978.410199	775.535758	56.000001	0.000000
978.410200	775.530576	56.000000	0.000000
978.410199	775.525766	55.999998	0.000000
978.410200	775.520364	56.000000	0.000000
978.410203	775.515356	56.000001	0.000000
978.410201	775.510372	56.000003	0.000000
978.410201	775.505366	56.000002	0.000000
978.410201	775.500368	56.000001	0.000000
978.410203	775.495357	56.000002	0.000000
978.410203	775.490374	56.000001	0.000000
978.410203	775.485368	55.999999	0.000000
978.410203	775.480556	56.000000	0.000000
978.410199	775.475349	55.999998	0.000000
978.410200	775.470172	55.999999	0.000000
978.410202	775.465368	56.000000	0.000000
978.410201	775.460560	56.000001	0.000000
978.410200	775.455352	56.000001	0.000000
978.410199	775.450569	56.000002	0.000000
978.410201	775.445156	55.999998	0.000000
978.410203	775.440161	55.999999	0.000000
978.410199	775.435343	55.999999	0.000000
978.410202	775.430163	55.999999	0.000000
978.410203	775.425164	55.999999	0.000000
978.410202	775.420153	55.999998	0.000000
978.410205	775.415144	55.999999	0.000000
978.410203	775.410160	56.000001	0.000000
978.410200	775.405151	56.000002	0.000000
978.410201	775.400148	56.000002	0.000000
978.410200	775.395342	55.999998	0.000000
978.410197	775.390362	55.999999	0.000000
978.410201	775.385355	55.999999	0.000000
978.410203	775.380346	56.000000	0.000000
978.410202	775.375347	56.000000	0.000000
978.410201	775.369963	55.999999	0.000000
978.410199	775.364965	55.999999	0.000000
978.410200	775.359960	55.999999	0.000000
978.410200	775.354947	56.000000	0.000000
978.410201	775.349965	56.000000	0.000000
978.410199	775.344960	55.999999	0.000000
978.410203	775.339954	56.000000	0.000000
978.410202	775.334752	55.999999	0.000000
978.410201	775.329767	56.000000	0.000000
978.410202	775.324961	55.999999	0.000000
978.410198	775.319758	56.000000	0.000000
978.410202	775.315148	56.000000	0.000000
978.410201	775.310155	56.000000	0.000000
978.410201	775.305156	55.999999	0.000000
978.410200	775.300157	55.999999	0.000000
978.410199	775.294755	55.999999	0.000000
978.410201	775.289961	56.000003	0.000000
978.410199	775.284762	56.000000	0.000000
978.410203	775.279955	56.000001	0.000000
978.410200	775.274752	55.999999	0.000000
978.410199	775.269961	56.000001	0.000000
978.410199	775.264758	55.999999	0.000000
978.410199	775.259956	55.999999	0.000000
978.410196	775.254752	55.999997	0.000000
978.410198	775.249960	56.000003	0.000000
978.410198	775.244558	55.999998	0.000000
978.410200	775.239957	56.000001	0.000000
978.410198	775.234941	56.000002	0.000000
978.410200	775.229955	56.000001	0.000000
978.410200	775.224954	56.000001	0.000000
978.410199	775.219760	55.999998	0.000000
978.410200	775.214742	56.000000	0.000000
978.410199	775.209960	56.000000	0.000000
978.410200	775.204760	55.999999	0.000000
978.410201	775.199960	56.000001	0.000000
978.410200	775.194751	55.999998	0.000000
978.410200	775.189967	56.000000	0.000000
978.410200	775.184967	56.000000	0.000000
978.410201	775.179966	56.000000	0.000000
978.410199	775.174758	55.999999	0.000000
978.410199	775.169969	56.000001	0.000000
978.410200	775.164779	55.999998	0.000000
978.410198	775.159770	55.999998	0.000000
978.410201	775.154954	56.000001	0.000000
978.410199	775.149969	56.000000	0.000000
978.410200	775.144570	56.000001	0.000000
978.410201	775.139574	56.000000	0.000000
978.410199	775.134556	56.000000	0.000000
978.410197	775.129574	55.999999	0.000000
978.410198	775.124573	56.000000	0.000000
978.410198	775.119375	55.999998	0.000000
978.410198	775.114567	56.000001	0.000000
978.410198	775.109573	56.000001	0.000000
978.410198	775.104576	56.000001	0.000000
978.410200	775.099582	56.000003	0.000000
978.410197	775.094561	56.000002	0.000000
978.410201	775.089779	55.999998	0.000000
978.410201	775.084774	55.999999	0.000000
978.410199	775.079386	55.999999	0.000000
978.410198	775.074561	56.000001	0.000000
978.410200	775.069780	55.999998	0.000000
978.410199	775.064381	56.000002	0.000000
978.410199	775.059178	55.999999	0.000000
978.410198	775.054172	56.000000	0.000000
978.410199	775.049373	56.000000	0.000000
978.410198	775.044376	56.000001	0.000000
978.410198	775.039180	55.999999	0.000000
978.410198	775.034166	55.999998	0.000000
978.410197	775.029578	55.999999	0.000000
978.410197	775.024377	56.000001	0.000000
978.410200	775.019578	55.999999	0.000000
978.410199	775.014374	55.999998	0.000000
978.410201	775.009574	56.000002	0.000000
978.410199	775.004576	56.000002	0.000000
978.410201	774.999571	56.000000	0.000000
978.410199	774.994560	55.999999	0.000000
978.410198	774.988964	56.000000	0.000000
978.410196	774.984172	55.999999	0.000000
978.410198	774.979172	55.999999	0.000000
978.410198	774.974166	56.000000	0.000000
978.410196	774.969369	55.999999	0.000000
978.410201	774.964173	56.000000	0.000000
978.410199	774.959176	56.000000	0.000000
978.410200	774.954166	56.000000	0.000000
978.410200	774.949168	56.000001	0.000000
978.410198	774.944185	56.000001	0.000000
978.410200	774.939375	56.000001	0.000000
978.410198	774.934369	56.000000	0.000000
978.410197	774.929377	56.000000	0.000000
978.410196	774.924380	56.000000	0.000000
978.410198	774.919379	55.999998	0.000000
978.410202	774.913969	55.999998	0.000000
978.410199	774.908966	55.999999	0.000000
978.410202	774.903772	55.999998	0.000000
978.410201	774.898977	55.999998	0.000000
978.410200	774.893961	55.999999	0.000000
978.410202	774.888962	56.000001	0.000000
978.410199	774.883968	55.999999	0.000000
978.410199	774.878975	55.999999	0.000000
978.410199	774.873963	56.000001	0.000000
978.410203	774.868961	56.000002	0.000000
978.410202	774.863968	55.999998	0.000000
978.410199	774.859168	56.000000	0.000000
978.410199	774.854155	55.999998	0.000000
978.410200	774.849162	55.999999	0.000000
978.410199	774.844170	56.000002	0.000000
978.410201	774.838771	56.000002	0.000000
978.410203	774.833757	55.999999	0.000000
978.410199	774.828748	55.999998	0.000000
978.410202	774.823766	56.000002	0.000000
978.410201	774.818767	56.000002	0.000000
978.410202	774.813756	55.999998	0.000000
978.410200	774.808548	56.000000	0.000000
978.410202	774.803763	56.000002	0.000000
978.410201	774.798971	56.000002	0.000000
978.410201	774.793963	56.000000	0.000000
978.410204	774.788958	55.999998	0.000000
978.410203	774.783973	56.000001	0.000000
978.410202	774.778977	56.000002	0.000000
978.410201	774.773767	55.999997	0.000000
978.410200	774.768559	56.000002	0.000000
978.410202	774.763168	56.000001	0.000000
978.410199	774.758182	55.999997	0.000000
978.410201	774.753174	55.999999	0.000000
978.410198	774.748163	56.000002	0.000000
978.410203	774.743179	55.999999	0.000000
978.410203	774.738187	56.000001	0.000000
978.410201	774.732786	56.000002	0.000000
978.410202	774.728175	55.999998	0.000000
978.410199	774.723185	56.000000	0.000000
978.410202	774.718196	56.000002	0.000000
978.410203	774.713388	56.000002	0.000000
978.410204	774.708378	55.999999	0.000000
978.410201	774.703393	56.000000	0.000000
978.410204	774.698391	56.000000	0.000000
978.410201	774.693191	56.000001	0.000000
978.410200	774.688178	56.000000	0.000000
978.410201	774.683187	55.999999	0.000000
978.410199	774.678197	56.000002	0.000000
978.410200	774.673184	55.999998	0.000000
978.410196	774.667970	56.000003	0.000000
978.410202	774.663384	55.999997	0.000000
978.410202	774.658191	55.999999	0.000000
978.410202	774.653373	56.000000	0.000000
978.410201	774.648165	56.000002	0.000000
978.410201	774.643379	56.000003	0.000000
978.410200	774.638185	55.999998	0.000000
978.410200	774.633377	56.000000	0.000000
978.410202	774.628363	56.000000	0.000000
978.410198	774.623172	56.000002	0.000000
978.410200	774.617981	56.000001	0.000000
978.410199	774.612779	55.999998	0.000000
978.410201	774.607759	56.000002	0.000000
978.410198	774.602779	55.999998	0.000000
978.410196	774.597787	55.999997	0.000000
978.410198	774.592778	56.000000	0.000000
978.410202	774.587764	56.000002	0.000000
978.410200	774.582367	56.000002	0.000000
978.410198	774.577771	55.999997	0.000000
978.410199	774.572976	55.999998	0.000000
978.410194	774.567760	56.000002	0.000000
978.410197	774.562969	56.000002	0.000000
978.410199	774.557974	55.999998	0.000000
978.410197	774.552965	55.999999	0.000000
978.410197	774.547959	56.000003	0.000000
978.410200	774.542554	56.000002	0.000000
978.410196	774.537558	55.999998	0.000000
978.410198	774.532552	56.000001	0.000000
978.410199	774.527540	56.000002	0.000000
978.410199	774.522546	55.999999	0.000000
978.410198	774.517350	55.999999	0.000000
978.410199	774.512559	56.000000	0.000000
978.410197	774.507540	55.999997	0.000000
978.410200	774.502553	56.000001	0.000000
978.410200	774.497563	56.000001	0.000000
978.410197	774.492760	56.000002	0.000000
978.410197	774.487744	55.999998	0.000000
978.410197	774.482756	56.000000	0.000000
978.410198	774.477763	56.000002	0.000000
978.410198	774.472762	55.999999	0.000000
978.410199	774.467744	56.000001	0.000000
978.410198	774.462352	55.999999	0.000000
978.410200	774.457358	56.000000	0.000000
978.410197	774.452369	55.999999	0.000000
978.410200	774.447339	55.999999	0.000000
978.410202	774.442347	56.000000	0.000000
978.410200	774.437352	55.999999	0.000000
978.410197	774.432560	55.999999	0.000000
978.410201	774.427337	56.000000	0.000000
978.410200	774.422144	56.000001	0.000000
978.410199	774.417342	55.999999	0.000000
978.410198	774.412357	56.000001	0.000000
978.410198	774.407531	56.000001	0.000000
978.410199	774.402344	56.000002	0.000000
978.410200	774.397549	56.000000	0.000000
978.410198	774.392559	56.000002	0.000000
978.410202	774.387130	55.999999	0.000000
978.410200	774.382347	55.999998	0.000000
978.410198	774.377142	56.000002	0.000000
978.410201	774.372160	55.999998	0.000000
978.410200	774.367132	56.000001	0.000000
978.410200	774.361748	56.000002	0.000000
978.410202	774.357149	56.000000	0.000000
978.410200	774.352166	56.000002	0.000000
978.410201	774.347134	55.999997	0.000000
978.410201	774.342352	55.999997	0.000000
978.410201	774.337149	56.000000	0.000000
978.410198	774.332164	56.000000	0.000000
978.410201	774.327128	55.999999	0.000000
978.410200	774.322147	56.000001	0.000000
978.410200	774.316947	56.000001	0.000000
978.410200	774.311763	56.000001	0.000000
978.410198	774.306727	56.000001	0.000000
978.410198	774.301736	56.000001	0.000000
978.410197	774.296542	55.999999	0.000000
978.410198	774.291760	56.000001	0.000000
978.410199	774.286738	55.999998	0.000000
978.410201	774.281552	56.000000	0.000000
978.410201	774.276746	55.999999	0.000000
978.410199	774.271764	56.000000	0.000000
978.410201	774.266738	55.999999	0.000000
978.410196	774.261753	55.999998	0.000000
978.410200	774.256755	56.000002	0.000000
978.410199	774.251971	56.000002	0.000000
978.410202	774.246946	56.000002	0.000000
978.410201	774.241957	55.999998	0.000000
978.410200	774.236958	56.000001	0.000000
978.410200	774.231771	55.999998	0.000000
978.410200	774.226747	56.000002	0.000000
978.410202	774.221757	56.000000	0.000000
978.410200	774.216553	56.000002	0.000000
978.410200	774.211771	56.000002	0.000000
978.410199	774.206745	55.999998	0.000000
978.410200	774.201756	56.000001	0.000000
978.410200	774.196561	55.999999	0.000000
978.410203	774.191973	55.999999	0.000000
978.410201	774.186750	55.999999	0.000000
978.410198	774.181755	56.000000	0.000000
978.410200	774.176956	56.000000	0.000000
978.410203	774.171971	55.999999	0.000000
978.410198	774.166944	56.000001	0.000000
978.410202	774.161949	55.999999	0.000000
978.410198	774.156551	56.000001	0.000000
978.410198	774.151574	55.999999	0.000000
978.410198	774.146548	56.000002	0.000000
978.410201	774.141553	55.999998	0.000000
978.410201	774.136560	56.000002	0.000000
978.410200	774.131575	55.999998	0.000000
978.410198	774.126552	56.000002	0.000000
978.410200	774.121558	56.000000	0.000000
978.410200	774.116758	56.000000	0.000000
978.410199	774.111577	56.000003	0.000000
978.410200	774.106755	56.000002	0.000000
978.410199	774.101753	55.999998	0.000000
978.410199	774.096756	55.999999	0.000000
978.410199	774.091775	56.000000	0.000000
978.410198	774.086552	56.000002	0.000000
978.410199	774.081360	55.999999	0.000000
978.410199	774.076352	56.000003	0.000000
978.410198	774.071377	56.000002	0.000000
978.410195	774.066155	56.000001	0.000000
978.410197	774.061352	55.999998	0.000000
978.410198	774.056357	56.000003	0.000000
978.410196	774.051177	55.999996	0.000000
978.410200	774.046556	56.000004	0.000000
978.410196	774.041357	55.999997	0.000000
978.410198	774.036563	55.999997	0.000000
978.410199	774.031378	56.000001	0.000000
978.410199	774.026549	56.000004	0.000000
978.410198	774.021554	55.999998	0.000000
978.410198	774.016556	55.999996	0.000000
978.410200	774.011569	56.000000	0.000000
978.410200	774.006152	56.000003	0.000000
978.410202	774.001154	56.000001	0.000000
978.410200	773.995952	56.000001	0.000000
978.410199	773.991171	55.999998	0.000000
978.410197	773.986150	56.000003	0.000000
978.410199	773.981151	56.000002	0.000000
978.410199	773.976157	55.999997	0.000000
978.410202	773.970977	56.000003	0.000000
978.410200	773.966151	56.000004	0.000000
978.410198	773.961157	55.999998	0.000000
978.410201	773.956153	56.000001	0.000000
978.410199	773.950973	55.999997	0.000000
978.410203	773.946345	56.000002	0.000000
978.410197	773.941352	55.999998	0.000000
978.410198	773.936351	56.000001	0.000000
978.410203	773.930972	56.000000	0.000000
978.410200	773.926150	56.000002	0.000000
978.410199	773.920957	55.999998	0.000000
978.410202	773.915757	55.999999	0.000000
978.410201	773.910768	56.000000	0.000000
978.410202	773.905754	56.000001	0.000000
978.410203	773.900759	56.000000	0.000000
978.410197	773.895746	56.000000	0.000000
978.410203	773.890574	55.999999	0.000000
978.410200	773.885955	55.999999	0.000000
978.410200	773.880757	56.000000	0.000000
978.410200	773.875947	56.000000	0.000000
978.410200	773.870964	56.000000	0.000000
978.410199	773.865757	55.999999	0.000000
978.410201	773.860954	56.000001	0.000000
978.410200	773.855946	55.999999	0.000000
978.410201	773.850565	56.000002	0.000000
978.410198	773.845359	56.000001	0.000000
978.410202	773.840549	56.000001	0.000000
978.410201	773.835544	55.999999	0.000000
978.410203	773.830367	56.000000	0.000000
978.410203	773.825549	56.000001	0.000000
978.410200	773.820551	56.000002	0.000000
978.410204	773.815535	55.999998	0.000000
978.410203	773.810556	56.000001	0.000000
978.410200	773.805742	56.000001	0.000000
978.410200	773.800551	56.000001	0.000000
978.410200	773.795740	55.999999	0.000000
978.410199	773.790764	55.999999	0.000000
978.410200	773.785544	55.999997	0.000000
978.410201	773.780749	55.999998	0.000000
978.410201	773.775335	55.999999	0.000000
978.410202	773.770360	56.000002	0.000000
978.410199	773.765154	56.000002	0.000000
978.410200	773.760352	56.000001	0.000000
978.410200	773.755340	55.999999	0.000000
978.410202	773.750364	56.000000	0.000000
978.410202	773.745356	55.999999	0.000000
978.410201	773.740355	56.000000	0.000000
978.410198	773.735337	55.999997	0.000000
978.410200	773.730362	56.000002	0.000000
978.410198	773.725340	55.999998	0.000000
978.410199	773.720152	55.999999	0.000000
978.410199	773.715536	56.000003	0.000000
978.410199	773.710558	55.999999	0.000000
978.410198	773.705544	55.999998	0.000000
978.410198	773.699960	56.000003	0.000000
978.410199	773.695139	56.000002	0.000000
978.410199	773.690165	56.000000	0.000000
978.410196	773.685145	55.999997	0.000000
978.410197	773.680150	56.000003	0.000000
978.410200	773.675135	56.000001	0.000000
978.410198	773.670163	55.999997	0.000000
978.410201	773.665152	55.999998	0.000000
978.410199	773.660157	56.000003	0.000000
978.410200	773.655137	56.000001	0.000000
978.410201	773.650364	56.000003	0.000000
978.410197	773.645152	55.999997	0.000000
978.410197	773.640157	56.000003	0.000000
978.410200	773.635338	56.000002	0.000000
978.410199	773.630362	56.000001	0.000000
978.410201	773.625354	55.999998	0.000000
978.410196	773.619961	55.999999	0.000000
978.410197	773.614952	55.999998	0.000000
978.410196	773.609966	56.000002	0.000000
978.410199	773.604963	55.999999	0.000000
978.410198	773.599968	56.000001	0.000000
978.410199	773.594956	56.000002	0.000000
978.410197	773.589972	55.999998	0.000000
978.410201	773.585167	55.999998	0.000000
978.410197	773.579974	55.999998	0.000000
978.410197	773.574964	56.000002	0.000000
978.410199	773.570180	56.000001	0.000000
978.410197	773.565177	56.000000	0.000000
978.410197	773.560176	56.000002	0.000000
978.410200	773.555156	55.999997	0.000000
978.410202	773.549774	55.999997	0.000000
978.410201	773.544777	56.000002	0.000000
978.410199	773.539583	55.999998	0.000000
978.410199	773.534759	55.999997	0.000000
978.410196	773.529981	55.999998	0.000000
978.410198	773.524774	55.999998	0.000000
978.410199	773.519779	56.000002	0.000000
978.410197	773.514763	55.999998	0.000000
978.410198	773.509973	55.999998	0.000000
978.410197	773.504569	55.999999	0.000000
978.410196	773.499970	55.999998	0.000000
978.410197	773.494969	56.000001	0.000000
978.410198	773.489974	55.999998	0.000000
978.410197	773.484977	56.000002	0.000000
978.410197	773.479975	55.999998	0.000000
978.410198	773.474558	55.999999	0.000000
978.410198	773.469571	55.999999	0.000000
978.410200	773.464577	56.000000	0.000000
978.410202	773.459573	56.000001	0.000000
978.410197	773.454562	56.000000	0.000000
978.410197	773.449571	56.000000	0.000000
978.410198	773.444579	55.999999	0.000000
978.410197	773.439580	56.000000	0.000000
978.410202	773.434563	56.000000	0.000000
978.410197	773.429775	55.999999	0.000000
978.410199	773.424780	56.000001	0.000000
978.410197	773.419579	56.000001	0.000000
978.410198	773.414769	56.000000	0.000000
978.410197	773.409774	56.000000	0.000000
978.410198	773.404777	56.000000	0.000000
978.410202	773.399376	55.999999	0.000000
978.410202	773.394368	56.000000	0.000000
978.410199	773.389370	56.000001	0.000000
978.410202	773.384378	55.999999	0.000000
978.410201	773.379372	56.000000	0.000000
978.410201	773.374159	55.999998	0.000000
978.410199	773.369571	56.000001	0.000000
978.410202	773.364373	56.000001	0.000000
978.410199	773.359375	56.000002	0.000000
978.410204	773.354358	55.999998	0.000000
978.410202	773.349566	55.999999	0.000000
978.410199	773.344569	55.999998	0.000000
978.410199	773.339568	56.000002	0.000000
978.410197	773.334555	56.000001	0.000000
978.410198	773.329568	55.999997	0.000000
978.410199	773.324568	55.999998	0.000000
978.410200	773.319163	55.999999	0.000000
978.410201	773.314154	56.000002	0.000000
978.410202	773.309162	56.000002	0.000000
978.410203	773.304165	55.999998	0.000000
978.410201	773.299169	55.999999	0.000000
978.410200	773.294151	56.000001	0.000000
978.410198	773.289157	55.999998	0.000000
978.410201	773.284167	56.000001	0.000000
978.410203	773.279364	56.000002	0.000000
978.410200	773.274149	56.000001	0.000000
978.410199	773.269361	56.000002	0.000000
978.410201	773.264365	55.999999	0.000000
978.410200	773.259364	56.000001	0.000000
978.410201	773.254348	55.999998	0.000000
978.410200	773.248956	55.999999	0.000000
978.410203	773.243969	56.000000	0.000000
978.410200	773.238971	56.000000	0.000000
978.410201	773.233954	55.999999	0.000000
978.410200	773.228958	55.999998	0.000000
978.410199	773.223769	56.000000	0.000000
978.410201	773.218970	56.000001	0.000000
978.410201	773.213954	55.999998	0.000000
978.410201	773.208954	56.000001	0.000000
978.410202	773.203966	55.999998	0.000000
978.410202	773.199168	56.000000	0.000000
978.410200	773.193960	56.000000	0.000000
978.410201	773.188951	55.999999	0.000000
978.410202	773.184169	55.999999	0.000000
978.410200	773.179174	55.999999	0.000000
978.410202	773.174150	56.000001	0.000000
978.410200	773.168753	56.000000	0.000000
978.410198	773.163766	56.000001	0.000000
978.410202	773.158770	55.999999	0.000000
978.410198	773.153756	55.999997	0.000000
978.410202	773.148749	56.000001	0.000000
978.410202	773.143763	55.999998	0.000000
978.410201	773.138772	56.000000	0.000000
978.410201	773.133762	56.000000	0.000000
978.410200	773.128555	55.999999	0.000000
978.410200	773.123769	55.999998	0.000000
978.410200	773.118779	56.000002	0.000000
978.410200	773.113959	56.000002	0.000000
978.410199	773.108762	55.999998	0.000000
978.410201	773.103978	55.999997	0.000000
978.410201	773.098979	56.000001	0.000000
978.410201	773.093961	56.000002	0.000000
978.410200	773.088563	56.000000	0.000000
978.410197	773.083575	55.999999	0.000000
978.410201	773.078580	56.000002	0.000000
978.410197	773.073568	56.000000	0.000000
978.410201	773.068560	55.999998	0.000000
978.410202	773.063573	56.000003	0.000000
978.410199	773.058578	56.000000	0.000000
978.410199	773.053564	55.999998	0.000000
978.410200	773.048561	55.999999	0.000000
978.410199	773.043775	56.000000	0.000000
978.410200	773.038577	56.000001	0.000000
978.410198	773.033567	55.999997	0.000000
978.410201	773.028763	55.999999	0.000000
978.410199	773.023775	55.999999	0.000000
978.410202	773.018784	56.000002	0.000000
978.410200	773.013764	56.000000	0.000000
978.410198	773.008358	55.999999	0.000000
978.410199	773.003171	56.000003	0.000000
978.410197	772.998375	56.000003	0.000000
978.410199	772.993367	56.000001	0.000000
978.410200	772.988154	56.000001	0.000000
978.410198	772.983370	55.999997	0.000000
978.410198	772.978377	55.999999	0.000000
978.410199	772.973368	56.000002	0.000000
978.410197	772.968347	56.000003	0.000000
978.410200	772.963371	56.000002	0.000000
978.410198	772.958376	55.999999	0.000000
978.410200	772.953565	56.000004	0.000000
978.410198	772.948564	56.000003	0.000000
978.410197	772.943374	55.999999	0.000000
978.410198	772.938579	55.999998	0.000000
978.410196	772.933365	56.000003	0.000000
978.410199	772.928150	55.999998	0.000000
978.410200	772.923370	55.999996	0.000000
978.410197	772.918371	55.999997	0.000000
978.410199	772.913164	56.000004	0.000000
978.410198	772.908151	56.000003	0.000000
978.410198	772.903168	56.000004	0.000000
978.410198	772.898372	55.999998	0.000000
978.410197	772.893167	56.000003	0.000000
978.410198	772.888356	56.000002	0.000000
978.410199	772.883374	56.000003	0.000000
978.410197	772.878379	56.000003	0.000000
978.410197	772.873364	56.000003	0.000000
978.410198	772.868357	56.000004	0.000000
978.410199	772.863379	56.000002	0.000000
978.410202	772.857976	56.000003	0.000000
978.410198	772.853168	55.999998	0.000000
978.410202	772.847958	56.000003	0.000000
978.410201	772.842976	56.000002	0.000000
978.410201	772.837767	55.999998	0.000000
978.410200	772.832974	56.000000	0.000000
978.410199	772.827950	56.000001	0.000000
978.410199	772.822972	55.999999	0.000000
978.410200	772.817766	55.999998	0.000000
978.410201	772.813174	56.000003	0.000000
978.410203	772.808156	56.000003	0.000000
978.410200	772.803171	56.000003	0.000000
978.410198	772.798170	56.000003	0.000000
978.410199	772.793174	56.000004	0.000000
978.410199	772.787947	55.999998	0.000000
978.410203	772.782769	56.000002	0.000000
978.410205	772.777770	56.000003	0.000000
978.410204	772.772777	56.000002	0.000000
978.410202	772.767556	55.999996	0.000000
978.410199	772.762565	55.999999	0.000000
978.410201	772.757779	55.999997	0.000000
978.410202	772.752774	55.999997	0.000000
978.410200	772.747753	55.999997	0.000000
978.410199	772.742762	55.999997	0.000000
978.410202	772.737773	55.999997	0.000000
978.410201	772.732967	56.000000	0.000000
978.410199	772.727953	55.999997	0.000000
978.410200	772.722760	56.000001	0.000000
978.410202	772.717970	55.999998	0.000000
978.410201	772.712962	55.999997	0.000000
978.410201	772.707740	56.000002	0.000000
978.410202	772.702955	55.999999	0.000000
978.410203	772.697764	55.999999	0.000000
978.410205	772.692760	55.999999	51.564000
978.410202	772.687743	56.000002	51.570000
978.410199	772.682959	55.999997	51.570000
978.410197	772.677761	56.000001	0.000000
978.410201	772.672963	56.000000	51.699000
978.410199	772.667735	56.000000	51.888000
978.410197	772.662958	55.999998	51.888000
978.410199	772.657969	56.000000	0.000000
978.410200	772.652967	56.000000	0.000000
978.410200	772.647951	56.000000	0.000000
978.410202	772.642960	56.000000	52.015000
978.410201	772.637766	56.000001	52.206000
978.410200	772.632566	55.999999	52.334000
978.410201	772.627544	56.000000	52.334000
978.410199	772.622353	56.000000	0.000000
978.410201	772.617563	56.000000	0.000000
978.410201	772.612562	56.000000	52.462000
978.410202	772.607540	55.999999	52.656000
978.410203	772.602554	55.999999	52.850000
978.410199	772.597360	55.999999	52.979000
978.410200	772.592561	55.999999	53.238000
978.410202	772.587546	56.000000	53.562000
978.410200	772.582763	56.000000	54.014000
978.410203	772.577574	55.999999	54.464000
978.410200	772.572568	56.000001	54.852000
978.410202	772.567753	56.000001	55.306000
978.410205	772.562561	56.000000	55.761000
978.410200	772.557165	56.000001	56.218000
978.410199	772.551966	56.000000	56.675000
978.410197	772.547143	56.000002	57.066000
978.410200	772.542153	56.000002	57.522000
978.410198	772.536955	55.999998	57.980000
978.410197	772.531968	55.999999	58.437000
978.410200	772.527147	56.000003	58.896000
978.410198	772.522152	56.000002	59.416000
978.410198	772.517153	56.000002	59.868000
978.410202	772.512370	55.999997	59.898000
978.410199	772.507347	55.999997	59.920000
978.410201	772.502361	55.999999	59.941000
978.410200	772.497170	55.999997	59.959000
978.410201	772.492376	56.000000	59.978000
978.410199	772.486952	56.000002	60.003000
978.410198	772.481955	56.000001	60.025000
978.410198	772.476766	56.000000	60.052000
978.410199	772.471976	56.000002	60.076000
978.410199	772.466955	56.000002	60.102000
978.410197	772.461954	56.000003	60.133000
978.410199	772.456961	56.000003	60.160000
978.410195	772.451974	56.000003	60.191000
978.410200	772.446947	56.000000	60.216000
978.410199	772.441960	55.999998	60.243000
978.410198	772.436968	55.999997	60.270000
978.410198	772.432172	56.000002	60.298000
978.410200	772.427146	55.999999	60.329000
978.410202	772.422158	55.999998	60.363000
978.410199	772.417163	55.999999	60.403000
978.410199	772.411769	55.999997	60.448000
978.410198	772.406541	56.000001	60.483000
978.410201	772.401753	56.000000	60.519000
978.410197	772.396761	56.000001	60.550000
978.410198	772.391770	56.000001	60.576000
978.410199	772.386748	55.999999	60.601000
978.410200	772.381959	56.000001	60.621000
978.410198	772.376763	55.999997	60.646000
978.410201	772.371771	55.999997	60.674000
978.410198	772.366752	56.000001	60.707000
978.410198	772.361955	56.000000	60.748000
978.410201	772.356968	55.999998	60.797000
978.410198	772.351975	55.999998	60.842000
978.410200	772.346951	56.000003	60.884000
978.410199	772.341957	56.000001	60.930000
978.410199	772.336563	55.999998	60.979000
978.410199	772.331578	56.000001	61.027000
978.410199	772.326747	55.999997	61.079000
978.410200	772.321358	56.000003	61.136000
978.410196	772.316759	56.000000	61.196000
978.410198	772.311571	55.999997	61.257000
978.410200	772.306545	55.999998	61.324000
978.410196	772.301550	56.000000	61.408000
978.410197	772.296753	56.000000	61.493000
978.410198	772.291571	56.000003	61.563000
978.410199	772.286736	55.999998	61.609000
978.410199	772.281549	56.000002	61.635000
978.410198	772.276751	55.999998	61.650000
978.410200	772.271570	56.000001	61.658000
978.410199	772.266741	56.000001	61.664000
978.410200	772.261349	56.000001	61.668000
978.410200	772.256342	56.000000	61.674000
978.410204	772.251170	56.000001	61.682000
978.410199	772.246339	56.000000	61.696000
978.410200	772.241351	56.000000	61.716000
978.410201	772.236143	56.000000	61.739000
978.410201	772.231368	56.000000	61.760000
978.410200	772.226337	56.000000	61.777000
978.410203	772.221351	56.000000	61.791000
978.410202	772.216348	56.000000	61.799000
978.410198	772.211368	56.000000	61.800000
978.410200	772.206536	56.000000	61.796000
978.410201	772.201548	56.000000	61.792000
978.410199	772.196344	55.999999	61.793000
978.410202	772.191570	55.999999	61.798000
978.410200	772.186543	56.000000	61.804000
978.410201	772.181350	55.999998	61.810000
978.410199	772.176353	55.999998	61.812000
978.410203	772.171373	55.999999	61.811000
978.410201	772.166543	56.000002	61.808000
978.410200	772.161349	55.999999	61.804000
978.410202	772.156347	56.000001	61.802000
978.410199	772.151368	56.000003	61.802000
978.410200	772.146339	56.000002	61.802000
978.410202	772.141147	55.999998	61.800000
978.410200	772.136340	56.000001	61.794000
978.410202	772.131358	56.000000	61.787000
978.410199	772.126335	56.000002	61.782000
978.410197	772.121539	56.000001	61.781000
978.410199	772.116543	56.000001	61.783000
978.410200	772.111555	56.000000	61.785000
978.410202	772.106141	55.999998	61.786000
978.410201	772.101141	55.999998	61.786000
978.410201	772.096144	55.999998	61.785000
978.410200	772.091159	55.999998	61.785000
978.410200	772.085947	56.000002	61.786000
978.410200	772.081140	56.000001	61.788000
978.410204	772.076141	56.000002	61.790000
978.410203	772.071160	56.000001	61.791000
978.410200	772.066136	56.000000	61.791000
978.410201	772.061135	55.999998	61.790000
978.410201	772.056337	55.999999	61.789000
978.410199	772.051358	56.000000	61.789000
978.410202	772.046327	55.999999	61.790000
978.410200	772.041332	56.000000	61.791000
978.410204	772.036339	56.000000	61.790000
978.410199	772.030953	55.999998	61.786000
978.410202	772.025934	56.000001	61.782000
978.410203	772.020937	55.999999	61.778000
978.410202	772.015929	55.999999	61.776000
978.410204	772.010953	56.000002	61.777000
978.410201	772.005934	56.000002	61.778000
978.410202	772.000936	56.000000	61.780000
978.410202	771.996133	56.000001	61.780000
978.410203	771.991161	56.000000	61.780000
978.410201	771.986135	56.000001	61.781000
978.410200	771.980944	56.000002	61.782000
978.410201	771.976141	56.000000	61.785000
978.410203	771.971169	56.000003	61.789000
978.410203	771.966146	56.000002	61.793000
978.410201	771.960744	55.999999	61.796000
978.410202	771.955750	56.000001	61.796000
978.410201	771.950772	55.999999	61.793000
978.410200	771.945758	56.000001	61.787000
978.410200	771.940749	56.000000	61.780000
978.410198	771.935548	56.000002	61.774000
978.410201	771.930774	55.999999	61.770000
978.410201	771.925762	56.000000	61.769000
978.410204	771.920758	56.000002	61.769000
978.410200	771.915952	56.000001	61.769000
978.410201	771.910775	56.000001	61.769000
978.410198	771.905954	55.999999	61.768000
978.410200	771.900951	56.000001	61.767000
978.410201	771.895946	56.000000	61.765000
978.410198	771.890774	55.999997	61.763000
978.410199	771.885566	56.000003	61.762000
978.410199	771.880167	56.000003	61.761000
978.410198	771.875162	56.000002	61.760000
978.410200	771.869980	55.999997	61.759000
978.410203	771.864781	56.000003	61.757000
978.410199	771.859979	56.000001	61.753000
978.410202	771.854970	56.000003	61.749000
978.410201	771.849985	56.000003	61.745000
978.410200	771.844972	56.000002	61.743000
978.410201	771.840171	56.000003	61.740000
978.410199	771.834964	55.999999	61.736000
978.410198	771.830179	56.000003	61.729000
978.410199	771.825176	56.000000	61.723000
978.410200	771.819967	56.000000	61.718000
978.410201	771.815158	55.999998	61.716000
978.410201	771.809780	55.999997	61.716000
978.410201	771.804574	56.000002	61.716000
978.410202	771.799770	55.999999	61.718000
978.410201	771.794769	55.999999	61.720000
978.410200	771.789778	56.000002	61.725000
978.410200	771.784774	56.000001	61.731000
978.410201	771.779973	56.000002	61.738000
978.410200	771.774765	55.999997	61.745000
978.410202	771.769783	55.999999	61.751000
978.410198	771.764771	56.000001	61.757000
978.410201	771.759972	55.999998	61.760000
978.410200	771.754956	56.000002	61.760000
978.410200	771.749976	56.000001	61.757000
978.410202	771.744976	55.999999	61.750000
978.410199	771.739774	56.000000	61.743000
978.410199	771.734558	56.000000	61.739000
978.410200	771.729576	55.999998	61.739000
978.410199	771.724568	56.000000	61.741000
978.410199	771.719377	55.999998	61.745000
978.410199	771.714568	56.000000	61.749000
978.410201	771.709578	55.999997	61.754000
978.410203	771.704579	55.999999	61.758000
978.410201	771.699582	56.000003	61.761000
978.410201	771.694566	56.000003	61.761000
978.410198	771.689779	56.000001	61.760000
978.410203	771.684576	56.000000	61.759000
978.410201	771.679778	56.000003	61.758000
978.410200	771.674561	55.999998	61.759000
978.410202	771.669579	55.999999	61.760000
978.410202	771.664770	55.999998	61.761000
978.410201	771.659568	56.000001	61.761000
978.410199	771.653961	55.999998	61.760000
978.410200	771.649572	55.999998	61.758000
978.410199	771.644366	56.000002	61.755000
978.410200	771.639371	55.999999	61.748000
978.410197	771.634361	55.999997	61.737000
978.410199	771.629365	56.000000	61.726000
978.410200	771.624362	56.000002	61.718000
978.410203	771.619369	56.000001	61.715000
978.410197	771.614351	55.999998	61.716000
978.410198	771.609367	55.999997	61.721000
978.410201	771.604567	55.999999	61.727000
978.410201	771.599566	55.999998	61.733000
978.410200	771.594551	55.999998	61.739000
978.410198	771.589567	56.000001	61.743000
978.410198	771.584169	56.000001	61.745000
978.410199	771.579172	56.000002	61.744000
978.410202	771.574162	56.000003	61.741000
978.410200	771.568969	55.999998	61.736000
978.410197	771.564168	55.999998	61.730000
978.410198	771.559171	55.999999	61.724000
978.410198	771.554155	56.000002	61.719000
978.410200	771.549165	56.000001	61.716000
978.410200	771.544163	55.999999	61.716000
978.410198	771.539369	55.999998	61.719000
978.410200	771.534160	56.000001	61.722000
978.410200	771.529167	55.999998	61.725000
978.410200	771.524169	56.000001	61.727000
978.410198	771.519171	56.000002	61.727000
978.410197	771.514162	56.000002	61.726000
978.410198	771.508967	56.000001	61.726000
978.410196	771.503772	55.999999	61.727000
978.410197	771.498976	55.999998	61.730000
978.410199	771.493970	56.000003	61.732000
978.410199	771.488972	56.000003	61.734000
978.410200	771.483979	56.000000	61.733000
978.410197	771.478973	56.000000	61.730000
978.410200	771.473968	56.000002	61.725000
978.410200	771.468968	56.000001	61.720000
978.410198	771.463963	55.999998	61.717000
978.410198	771.458975	55.999998	61.717000
978.410198	771.453965	56.000001	61.720000
978.410199	771.448968	56.000001	61.723000
978.410199	771.444178	56.000002	61.726000
978.410196	771.438983	55.999998	61.728000
978.410199	771.433575	55.999998	61.728000
978.410200	771.428565	56.000000	61.727000
978.410199	771.423776	55.999999	61.723000
978.410202	771.418382	55.999997	61.718000
978.410197	771.413775	56.000002	61.713000
978.410198	771.408975	56.000000	61.710000
978.410195	771.403782	55.999999	61.710000
978.410197	771.398785	55.999997	61.713000
978.410198	771.393780	55.999998	61.716000
978.410199	771.388776	56.000000	61.720000
978.410197	771.383784	56.000002	61.721000
978.410200	771.378983	56.000002	61.720000
978.410195	771.373967	56.000003	61.717000
978.410198	771.368973	56.000001	61.715000
978.410197	771.363975	56.000001	61.714000
978.410200	771.358575	56.000003	61.714000
978.410201	771.353572	56.000001	61.712000
978.410197	771.348361	56.000001	61.710000
978.410199	771.343575	56.000000	61.707000
978.410199	771.338580	56.000003	61.704000
978.410201	771.333377	55.999998	61.703000
978.410198	771.328569	55.999999	61.704000
978.410196	771.323576	55.999998	61.705000
978.410199	771.318581	56.000000	61.707000
978.410201	771.313573	56.000003	61.708000
978.410200	771.308570	56.000002	61.708000
978.410200	771.303573	55.999999	61.709000
978.410198	771.298579	55.999998	61.709000
978.410199	771.293569	56.000001	61.711000
978.410200	771.288562	56.000002	61.714000
978.410199	771.283564	55.999999	61.718000
978.410200	771.278172	56.000001	61.721000
978.410201	771.273157	56.000002	61.723000
978.410201	771.268147	55.999999	61.723000
978.410200	771.262954	55.999998	61.721000
978.410199	771.258159	55.999998	61.718000
978.410201	771.253162	55.999999	61.714000
978.410201	771.247942	56.000000	61.711000
978.410200	771.243362	56.000000	61.710000
978.410200	771.238162	56.000000	61.709000
978.410198	771.233358	55.999998	61.707000
978.410200	771.228149	56.000002	61.706000
978.410203	771.223364	55.999999	61.705000
978.410202	771.218370	56.000002	61.706000
978.410198	771.213358	56.000000	61.708000
978.410200	771.208353	55.999999	61.712000
978.410201	771.202958	56.000001	61.715000
978.410203	771.197966	55.999999	61.717000
978.410200	771.192957	55.999999	61.717000
978.410199	771.187948	56.000001	61.715000
978.410199	771.182753	55.999997	61.711000
978.410201	771.177755	56.000000	61.706000
978.410200	771.172766	56.000000	61.701000
978.410203	771.167956	56.000000	61.694000
978.410199	771.162960	55.999998	61.686000
978.410200	771.157971	56.000001	61.678000
978.410198	771.153167	55.999999	61.670000
978.410202	771.148158	56.000001	61.665000
978.410197	771.143165	56.000001	61.664000
978.410201	771.138174	55.999999	61.666000
978.410200	771.132966	56.000002	61.671000
978.410201	771.127757	55.999999	61.675000
978.410199	771.122761	55.999998	61.675000
978.410200	771.117567	56.000001	61.670000
978.410202	771.112765	55.999999	61.663000
978.410199	771.107754	56.000000	61.659000
978.410199	771.102759	56.000000	61.657000
978.410201	771.097766	55.999999	61.656000
978.410202	771.092770	56.000000	61.652000
978.410200	771.087757	56.000000	61.646000
978.410203	771.082960	56.000000	61.644000
978.410203	771.077567	56.000000	61.648000
978.410198	771.072763	55.999999	61.655000
978.410201	771.067753	55.999999	61.663000
978.410202	771.062963	55.999998	61.673000
978.410201	771.057968	55.999999	61.681000
978.410199	771.052767	56.000002	61.689000
978.410200	771.047537	55.999998	61.695000
978.410201	771.042542	55.999998	61.695000
978.410199	771.037547	56.000001	61.688000
978.410200	771.032553	56.000002	61.675000
978.410202	771.027544	56.000001	61.663000
978.410200	771.022551	56.000003	61.657000
978.410199	771.017557	56.000002	61.654000
978.410199	771.012561	55.999996	61.653000
978.410204	771.007547	55.999998	61.654000
978.410200	771.002553	56.000000	61.656000
978.410199	770.997765	55.999998	61.660000
978.410200	770.992764	55.999998	61.667000
978.410202	770.987551	55.999998	61.674000
978.410201	770.982760	56.000001	61.681000
978.410199	770.977366	56.000000	61.685000
978.410200	770.972368	55.999998	61.687000
978.410199	770.967145	56.000002	61.686000
978.410199	770.962356	55.999997	61.685000
978.410199	770.957363	55.999998	61.685000
978.410200	770.952359	56.000000	61.685000
978.410200	770.947347	56.000001	61.684000
978.410198	770.942148	55.999999	61.683000
978.410199	770.937358	55.999999	61.684000
978.410199	770.932362	56.000000	61.689000
978.410198	770.927550	55.999999	61.696000
978.410199	770.922355	56.000001	61.706000
978.410199	770.917564	56.000001	61.715000
978.410199	770.912568	56.000000	61.724000
978.410201	770.907556	56.000000	61.731000
978.410202	770.902564	56.000000	61.737000
978.410198	770.897368	55.999999	61.738000
978.410198	770.892175	56.000000	61.734000
978.410201	770.887147	55.999999	61.726000
978.410199	770.882155	56.000000	61.722000
978.410197	770.877158	55.999999	61.723000
978.410198	770.872167	56.000000	61.730000
978.410198	770.867140	56.000001	61.736000
978.410199	770.862155	56.000000	61.736000
978.410199	770.857160	55.999998	61.732000
978.410197	770.852176	55.999999	61.726000
978.410199	770.847358	56.000001	61.723000
978.410198	770.842362	55.999997	61.722000
978.410200	770.837368	56.000000	61.721000
978.410199	770.832166	55.999999	61.720000
978.410198	770.826937	55.999998	61.717000
978.410198	770.821958	56.000002	61.715000
978.410199	770.816952	56.000002	61.714000
978.410200	770.811572	55.999999	61.713000
978.410197	770.806944	55.999997	61.711000
978.410197	770.801952	56.000000	61.707000
978.410198	770.796953	56.000003	61.703000
978.410199	770.791969	56.000002	61.699000
978.410195	770.787141	55.999998	61.698000
978.410198	770.781954	55.999998	61.699000
978.410196	770.776952	55.999999	61.702000
978.410199	770.771962	56.000000	61.704000
978.410200	770.766742	56.000001	61.706000
978.410198	770.762151	55.999999	61.707000
978.410195	770.757155	56.000000	61.708000
978.410202	770.751564	56.000001	61.708000
978.410202	770.746736	56.000000	61.706000
978.410201	770.741743	56.000000	61.701000
978.410198	770.736739	56.000000	61.696000
978.410201	770.731758	55.999999	61.691000
978.410200	770.726734	55.999998	61.688000
978.410198	770.721539	55.999998	61.685000
978.410199	770.716741	56.000001	61.683000
978.410197	770.711758	56.000003	61.680000
978.410200	770.706540	56.000000	61.680000
978.410198	770.701943	55.999997	61.681000
978.410198	770.696743	56.000002	61.684000
978.410199	770.691958	55.999999	61.688000
978.410198	770.686938	55.999998	61.692000
978.410197	770.681946	56.000000	61.695000
978.410195	770.676945	56.000000	61.695000
978.410201	770.671557	56.000000	61.693000
978.410200	770.666531	56.000001	61.692000
978.410200	770.661544	56.000000	61.691000
978.410198	770.656532	55.999998	61.692000
978.410201	770.651560	55.999999	61.693000
978.410199	770.646534	56.000001	61.692000
978.410197	770.641740	56.000000	61.691000
978.410200	770.636538	56.000001	61.689000
978.410201	770.631556	56.000000	61.689000
978.410203	770.626731	56.000000	61.690000
978.410201	770.621536	56.000000	61.694000
978.410200	770.616734	56.000000	61.698000
978.410197	770.611758	56.000000	61.703000
978.410202	770.606734	56.000000	61.707000
978.410199	770.601740	56.000000	61.708000
978.410202	770.596335	56.000000	61.705000
978.410202	770.591356	56.000000	61.700000
978.410201	770.586333	56.000000	61.694000
978.410201	770.581338	56.000000	61.691000
978.410201	770.576342	56.000000	61.691000
978.410200	770.571361	55.999999	61.692000
978.410200	770.566337	56.000000	61.694000
978.410201	770.561344	56.000002	61.695000
978.410201	770.556340	56.000002	61.696000
978.410198	770.551357	56.000000	61.698000
978.410201	770.546538	55.999999	61.701000
978.410202	770.541342	56.000001	61.703000
978.410200	770.536548	55.999997	61.703000
978.410199	770.531557	55.999998	61.702000
978.410202	770.526539	56.000002	61.699000
978.410203	770.521145	56.000002	61.696000
978.410200	770.516145	56.000003	61.694000
978.410199	770.511156	56.000000	61.695000
978.410201	770.506342	55.999999	61.697000
978.410199	770.501146	56.000001	61.702000
978.410201	770.496143	56.000000	61.707000
978.410200	770.490963	56.000002	61.713000
978.410198	770.486341	55.999997	61.719000
978.410198	770.481139	55.999998	61.723000
978.410200	770.476146	55.999997	61.724000
978.410200	770.470958	56.000003	61.721000
978.410200	770.466336	56.000003	61.715000
978.410204	770.461340	56.000003	61.708000
978.410202	770.456346	56.000003	61.703000
978.410203	770.451362	56.000003	61.701000
978.410201	770.445948	56.000001	61.701000
978.410198	770.440949	56.000002	61.701000
978.410199	770.435959	56.000003	61.699000
978.410202	770.430971	56.000003	61.694000
978.410201	770.425956	56.000000	61.690000
978.410197	770.420960	55.999998	61.690000
978.410201	770.415954	55.999999	61.692000
978.410200	770.410973	56.000003	61.697000
978.410200	770.405963	56.000002	61.703000
978.410202	770.400957	56.000001	61.707000
978.410200	770.395962	55.999997	61.707000
978.410202	770.391186	55.999999	61.704000
978.410200	770.386159	55.999997	61.701000
978.410201	770.381165	55.999998	61.699000
978.410201	770.376151	56.000002	61.700000
978.410197	770.370788	56.000001	61.703000
978.410198	770.365774	56.000000	61.707000
978.410197	770.360768	55.999999	61.709000
978.410200	770.355966	55.999999	61.708000
978.410197	770.350782	55.999999	61.705000
978.410196	770.345773	55.999998	61.699000
978.410197	770.340773	56.000002	61.694000
978.410199	770.335764	56.000000	61.690000
978.410197	770.330785	56.000000	61.690000
978.410197	770.325772	55.999999	61.691000
978.410200	770.320766	56.000001	61.693000
978.410201	770.315957	56.000002	61.693000
978.410201	770.310980	55.999999	61.691000
978.410198	770.305959	56.000000	61.687000
978.410198	770.300962	55.999999	61.684000
978.410197	770.295562	56.000000	61.683000
978.410199	770.290586	56.000001	61.685000
978.410200	770.285572	56.000000	61.688000
978.410199	770.280567	56.000001	61.691000
978.410198	770.275555	56.000000	61.693000
978.410199	770.270581	55.999999	61.694000
978.410203	770.265367	56.000000	61.693000
978.410196	770.260560	56.000000	61.691000
978.410201	770.255550	56.000000	61.691000
978.410199	770.250575	56.000001	61.691000
978.410198	770.245564	55.999999	61.693000
978.410198	770.240752	56.000000	61.696000
978.410199	770.235749	55.999999	61.699000
978.410201	770.230774	56.000000	61.701000
978.410198	770.225556	55.999999	61.702000
978.410198	770.220361	56.000000	61.701000
978.410201	770.215347	56.000000	61.697000
978.410200	770.210378	56.000002	61.692000
978.410201	770.205363	55.999998	61.687000
978.410200	770.200361	56.000002	61.683000
978.410198	770.195352	56.000001	61.681000
978.410199	770.190170	56.000000	61.680000
978.410198	770.185359	56.000000	61.679000
978.410197	770.180362	56.000000	61.677000
978.410198	770.175345	56.000000	61.677000
978.410197	770.170569	55.999999	61.681000
978.410199	770.165359	56.000000	61.689000
978.410199	770.160560	56.000000	61.698000
978.410200	770.155548	55.999999	61.709000
978.410197	770.150572	56.000000	61.720000
978.410200	770.145156	56.000000	61.732000
978.410198	770.140158	55.999999	61.741000
978.410197	770.134945	56.000001	61.747000
978.410198	770.130167	56.000000	61.749000
978.410201	770.125157	56.000000	61.746000
978.410202	770.119956	56.000000	61.740000
978.410199	770.114943	56.000000	61.734000
978.410199	770.110164	56.000000	61.733000
978.410201	770.104954	56.000000	61.733000
978.410202	770.100155	56.000000	61.731000
978.410198	770.095345	56.000000	61.724000
978.410201	770.090161	55.999999	61.712000
978.410198	770.085353	56.000000	61.702000
978.410202	770.080350	56.000000	61.698000
978.410199	770.075340	55.999998	61.700000
978.410202	770.069970	56.000000	61.703000
978.410203	770.064958	56.000001	61.704000
978.410198	770.060152	55.999999	61.703000
978.410202	770.054945	56.000000	61.701000
978.410202	770.050158	56.000000	61.701000
978.410199	770.044958	56.000000	61.702000
978.410201	770.039950	56.000000	61.704000
978.410200	770.034948	55.999999	61.706000
978.410200	770.030162	56.000001	61.708000
978.410203	770.024955	56.000001	61.708000
978.410200	770.020155	56.000000	61.705000
978.410198	770.014947	56.000001	61.701000
978.410200	770.010163	56.000000	61.697000
978.410200	770.004950	56.000000	61.694000
978.410199	770.000156	56.000000	61.693000
978.410203	769.994751	56.000000	61.695000
978.410202	769.989762	56.000000	61.699000
978.410203	769.984763	55.999998	61.702000
978.410201	769.979761	56.000001	61.706000
978.410203	769.974749	56.000001	61.707000
978.410204	769.969763	56.000001	61.707000
978.410200	769.964760	56.000001	61.704000
978.410200	769.959761	56.000000	61.698000
978.410200	769.954557	56.000001	61.687000
978.410201	769.949961	56.000001	61.675000
978.410201	769.944763	55.999998	61.666000
978.410201	769.939764	55.999999	61.663000
978.410200	769.934947	56.000000	61.665000
978.410205	769.929967	55.999999	61.669000
978.410203	769.924968	56.000001	61.675000
978.410200	769.919562	55.999998	61.680000
978.410203	769.914558	56.000001	61.683000
978.410201	769.909771	55.999999	61.684000
978.410202	769.904575	56.000000	61.682000
978.410201	769.899566	56.000000	61.677000
978.410203	769.894556	55.999999	61.673000
978.410200	769.889767	56.000001	61.669000
978.410201	769.884763	55.999999	61.669000
978.410199	769.879768	55.999999	61.671000
978.410203	769.874555	55.999998	61.676000
978.410202	769.869771	55.999998	61.682000
978.410201	769.864773	56.000002	61.690000
978.410202	769.859765	55.999999	61.700000
978.410200	769.854756	56.000001	61.710000
978.410204	769.849767	55.999998	61.720000
978.410201	769.844373	55.999999	61.727000
978.410198	769.839368	56.000002	61.728000
978.410200	769.834356	55.999998	61.726000
978.410199	769.829368	55.999998	61.721000
978.410203	769.824372	56.000002	61.718000
978.410198	769.819375	56.000000	61.716000
978.410200	769.814365	56.000000	61.716000
978.410201	769.809372	56.000002	61.717000
978.410204	769.804368	55.999997	61.720000
978.410202	769.799363	56.000000	61.722000
978.410203	769.794356	56.000000	61.723000
978.410201	769.789567	55.999999	61.721000
978.410200	769.784172	56.000001	61.718000
978.410203	769.779566	56.000000	61.714000
978.410199	769.774363	55.999999	61.711000
978.410199	769.769172	55.999999	61.708000
978.410200	769.763976	56.000001	61.706000
978.410198	769.759174	55.999999	61.702000
978.410196	769.753968	55.999999	61.696000
978.410201	769.749172	56.000000	61.689000
978.410200	769.744181	56.000001	61.685000
978.410198	769.739184	55.999999	61.684000
978.410201	769.734174	56.000001	61.685000
978.410199	769.729173	55.999999	61.687000
978.410199	769.724176	56.000001	61.688000
978.410199	769.718977	55.999999	61.689000
978.410196	769.714168	56.000000	61.689000
978.410200	769.709166	56.000000	61.690000
978.410199	769.704367	55.999999	61.693000
978.410203	769.699367	55.999999	61.698000
978.410198	769.694357	56.000001	61.703000
978.410196	769.688965	55.999999	61.708000
978.410196	769.683769	55.999999	61.709000
978.410196	769.678976	56.000000	61.706000
978.410199	769.673963	55.999999	61.700000
978.410199	769.668966	56.000001	61.693000
978.410198	769.663769	56.000000	61.688000
978.410200	769.658980	55.999999	61.688000
978.410200	769.653974	55.999999	61.691000
978.410197	769.648972	56.000000	61.696000
978.410199	769.643978	55.999999	61.701000
978.410199	769.638980	56.000001	61.705000
978.410197	769.633968	55.999998	61.708000
978.410198	769.629180	55.999999	61.708000
978.410201	769.624179	56.000001	61.708000
978.410199	769.619173	56.000000	61.708000
978.410198	769.613764	56.000000	61.708000
978.410200	769.608761	55.999999	61.709000
978.410198	769.603769	55.999999	61.709000
978.410201	769.598769	56.000000	61.709000
978.410199	769.593752	55.999999	61.708000
978.410203	769.588754	55.999999	61.705000
978.410201	769.583764	56.000001	61.700000
978.410198	769.578768	55.999999	61.696000
978.410199	769.573760	56.000001	61.694000
978.410203	769.568355	55.999998	61.694000
978.410201	769.563969	56.000000	61.696000
978.410201	769.558971	56.000001	61.699000
978.410196	769.553965	56.000000	61.704000
978.410202	769.548966	56.000001	61.708000
978.410199	769.543977	55.999999	61.710000
978.410201	769.538582	56.000001	61.711000
978.410202	769.533571	55.999999	61.709000
978.410198	769.528573	55.999998	61.705000
978.410199	769.523575	56.000002	61.701000
978.410200	769.518570	55.999997	61.698000
978.410200	769.513563	56.000000	61.696000
978.410199	769.508559	56.000000	61.698000
978.410203	769.503369	56.000000	61.701000
978.410202	769.498368	56.000001	61.706000
978.410197	769.493762	56.000001	61.711000
978.410198	769.488761	56.000000	61.716000
978.410201	769.483576	55.999999	61.720000
978.410199	769.478782	56.000001	61.721000
978.410198	769.473766	56.000000	61.721000
978.410200	769.468766	56.000001	61.719000
978.410199	769.463376	55.999998	61.717000
978.410199	769.458375	56.000001	61.715000
978.410200	769.453564	56.000001	61.714000
978.410199	769.448354	56.000001	61.715000
978.410200	769.443570	56.000000	61.717000
978.410202	769.438165	55.999999	61.720000
978.410197	769.433568	55.999998	61.723000
978.410201	769.428357	55.999998	61.726000
978.410201	769.423571	55.999997	61.728000
978.410196	769.418569	56.000002	61.728000
978.410200	769.413563	55.999999	61.727000
978.410201	769.408558	56.000000	61.725000
978.410201	769.403571	56.000000	61.720000
978.410198	769.398570	55.999999	61.714000
978.410200	769.393563	56.000003	61.708000
978.410202	769.388153	56.000002	61.701000
978.410201	769.383369	56.000001	61.695000
978.410202	769.378158	56.000002	61.691000
978.410203	769.373164	55.999997	61.689000
978.410200	769.368149	56.000002	61.689000
978.410204	769.363159	56.000002	61.690000
978.410202	769.358172	55.999998	61.692000
978.410199	769.353161	56.000002	61.694000
978.410203	769.348156	56.000001	61.697000
978.410203	769.343376	56.000002	61.701000
978.410200	769.338164	56.000000	61.704000
978.410202	769.333171	56.000002	61.707000
978.410202	769.328357	56.000003	61.707000
978.410199	769.323374	55.999998	61.705000
978.410199	769.318374	55.999998	61.699000
978.410199	769.312969	56.000000	61.691000
978.410202	769.307958	56.000003	61.683000
978.410198	769.302767	55.999998	61.678000
978.410202	769.297965	55.999997	61.676000
978.410200	769.292976	56.000002	61.676000
978.410200	769.287966	56.000003	61.679000
978.410202	769.283173	56.000002	61.683000
978.410200	769.277968	56.000002	61.687000
978.410201	769.272971	55.999999	61.693000
978.410199	769.267752	56.000003	61.699000
978.410200	769.263168	55.999999	61.706000
978.410202	769.258167	56.000001	61.713000
978.410198	769.253164	56.000000	61.718000
978.410202	769.248153	56.000001	61.721000
978.410201	769.243167	55.999997	61.719000
978.410202	769.237766	55.999999	61.712000
978.410199	769.232768	55.999998	61.703000
978.410200	769.227751	56.000002	61.697000
978.410200	769.222757	55.999997	61.695000
978.410199	769.217762	56.000001	61.698000
978.410202	769.212763	56.000002	61.700000
978.410200	769.207746	55.999998	61.701000
978.410200	769.202763	55.999998	61.700000
978.410200	769.197764	56.000002	61.697000
978.410200	769.192967	55.999999	61.694000
978.410202	769.187753	56.000002	61.690000
978.410201	769.182964	56.000002	61.686000
978.410200	769.177963	56.000002	61.685000
978.410202	769.172962	55.999997	61.685000
978.410200	769.167947	55.999999	61.688000
978.410198	769.162549	56.000001	61.691000
978.410200	769.157554	56.000001	61.694000
978.410198	769.152563	55.999997	61.694000
978.410199	769.147548	56.000003	61.692000
978.410199	769.142553	55.999998	61.690000
978.410199	769.137355	55.999998	61.688000
978.410202	769.132759	56.000002	61.687000
978.410200	769.127541	56.000000	61.689000
978.410201	769.122557	56.000000	61.691000
978.410199	769.117354	56.000001	61.693000
978.410202	769.112559	55.999999	61.695000
978.410199	769.107539	56.000000	61.697000
978.410199	769.102755	56.000001	61.698000
978.410200	769.097763	56.000000	61.699000
978.410199	769.092761	55.999998	61.701000
978.410199	769.087350	56.000000	61.702000
978.410197	769.082356	55.999999	61.704000
978.410199	769.077369	56.000001	61.706000
978.410197	769.072365	55.999999	61.708000
978.410198	769.067558	55.999999	61.709000
978.410200	769.062354	56.000000	61.710000
978.410196	769.057355	56.000000	61.709000
978.410197	769.052158	56.000000	61.707000
978.410198	769.047352	56.000000	61.704000
978.410198	769.042359	56.000000	61.702000
978.410196	769.037362	55.999999	61.701000
978.410200	769.032574	55.999998	61.700000
978.410201	769.027558	56.000001	61.698000
978.410198	769.022367	56.000002	61.693000
978.410199	769.017567	56.000000	61.686000
978.410200	769.012169	55.999999	61.680000
978.410201	769.007150	56.000000	61.676000
978.410199	769.002160	56.000000	61.677000
978.410199	768.997159	56.000000	61.680000
978.410199	768.992160	56.000001	61.684000
978.410194	768.987145	56.000000	61.689000
978.410201	768.981947	56.000000	61.693000
978.410197	768.977155	55.999998	61.697000
978.410197	768.972163	56.000000	61.701000
978.410200	768.967348	55.999998	61.704000
978.410196	768.962151	55.999998	61.707000
978.410198	768.957358	55.999998	61.709000
978.410199	768.952355	56.000003	61.710000
978.410197	768.947351	55.999999	61.709000
978.410199	768.942148	56.000002	61.708000
978.410200	768.936946	56.000002	61.707000
978.410199	768.931954	55.999997	61.708000
978.410199	768.926936	56.000001	61.709000
978.410200	768.921742	56.000000	61.710000
978.410198	768.916940	55.999999	61.710000
978.410201	768.911958	56.000003	61.709000
978.410199	768.906937	55.999999	61.708000
978.410198	768.901942	56.000002	61.709000
978.410198	768.896947	55.999998	61.711000
978.410198	768.891959	56.000001	61.715000
978.410198	768.886940	55.999999	61.719000
978.410198	768.882151	56.000000	61.722000
978.410198	768.876947	56.000000	61.722000
978.410200	768.871962	55.999999	61.721000
978.410195	768.867139	56.000001	61.717000
978.410201	768.861750	56.000001	61.713000
978.410203	768.856550	56.000001	61.708000
978.410200	768.851567	56.000000	61.705000
978.410200	768.846946	56.000001	61.704000
978.410200	768.841748	56.000001	61.704000
978.410199	768.836747	56.000001	61.707000
978.410201	768.831766	56.000000	61.711000
978.410200	768.826750	55.999999	61.715000
978.410199	768.821747	56.000000	61.718000
978.410199	768.816739	56.000001	61.719000
978.410200	768.811770	55.999999	61.718000
978.410200	768.806943	56.000000	61.714000
978.410198	768.801750	55.999998	61.709000
978.410199	768.796948	55.999999	61.702000
978.410198	768.791758	55.999998	61.696000
978.410197	768.786536	55.999999	61.690000
978.410202	768.781547	56.000000	61.686000
978.410202	768.776545	56.000001	61.685000
978.410202	768.771372	56.000002	61.685000
978.410201	768.766750	55.999998	61.687000
978.410199	768.761549	55.999998	61.690000
978.410199	768.756542	56.000001	61.693000
978.410202	768.751559	56.000000	61.695000
978.410201	768.746749	56.000002	61.696000
978.410200	768.741553	56.000000	61.696000
978.410200	768.736553	56.000001	61.695000
978.410201	768.731574	55.999999	61.692000
978.410199	768.726746	56.000001	61.690000
978.410200	768.721550	55.999997	61.689000
978.410200	768.716757	55.999999	61.689000
978.410202	768.711369	56.000002	61.691000
978.410203	768.706351	56.000000	61.695000
978.410199	768.701349	55.999999	61.699000
978.410201	768.696349	56.000002	61.703000
978.410202	768.691361	55.999997	61.705000
978.410200	768.686346	56.000003	61.706000
978.410202	768.681345	56.000001	61.705000
978.410201	768.676138	56.000003	61.703000
978.410201	768.671365	56.000003	61.700000
978.410199	768.666341	55.999999	61.696000
978.410199	768.661344	55.999997	61.691000
978.410200	768.656541	55.999997	61.687000
978.410204	768.651365	56.000000	61.684000
978.410200	768.646542	56.000002	61.684000
978.410199	768.641550	55.999997	61.685000
978.410201	768.636145	55.999998	61.687000
978.410200	768.631170	56.000002	61.690000
978.410201	768.626345	56.000003	61.693000
978.410200	768.621145	55.999998	61.695000
978.410203	768.616143	56.000002	61.697000
978.410200	768.611164	56.000003	61.698000
978.410201	768.606342	56.000003	61.700000
978.410199	768.601146	56.000001	61.702000
978.410201	768.596145	56.000002	61.705000
978.410201	768.591165	56.000000	61.707000
978.410201	768.586143	55.999997	61.708000
978.410202	768.581147	56.000002	61.707000
978.410201	768.576344	56.000002	61.704000
978.410202	768.571166	55.999998	61.699000
978.410200	768.566340	56.000000	61.693000
978.410197	768.560949	55.999998	61.688000
978.410199	768.555940	55.999997	61.686000
978.410198	768.550960	56.000001	61.687000
978.410200	768.545948	56.000003	61.690000
978.410202	768.540949	56.000001	61.694000
978.410200	768.535943	55.999997	61.699000
978.410199	768.530963	55.999999	61.703000
978.410199	768.525954	56.000002	61.706000
978.410201	768.520952	56.000000	61.706000
978.410198	768.515953	55.999997	61.706000
978.410198	768.510972	55.999997	61.706000
978.410200	768.506156	55.999998	61.706000
978.410202	768.501145	55.999997	61.708000
978.410200	768.496140	55.999999	61.710000
978.410201	768.491166	56.000003	61.712000
978.410199	768.485755	56.000003	61.712000
978.410201	768.480750	56.000003	61.710000
978.410199	768.475747	56.000000	61.708000
978.410197	768.470566	56.000001	61.706000
978.410198	768.465556	56.000004	61.704000
978.410199	768.460743	55.999997	61.701000
978.410197	768.455744	56.000000	61.698000
978.410201	768.450767	56.000004	61.694000
978.410197	768.445759	56.000003	61.690000
978.410198	768.440547	55.999999	61.687000
978.410198	768.435750	55.999997	61.687000
978.410198	768.430769	55.999999	61.688000
978.410202	768.425952	55.999997	61.689000
978.410199	768.420944	55.999997	61.690000
978.410199	768.415937	55.999997	61.689000
978.410199	768.410566	55.999997	61.687000
978.410196	768.405549	55.999997	61.684000
978.410196	768.400552	56.000001	61.681000
978.410197	768.395547	56.000004	61.678000
978.410198	768.390577	56.000003	61.678000
978.410198	768.385562	56.000003	61.680000
978.410198	768.380560	56.000004	61.684000
978.410196	768.375550	56.000003	61.689000
978.410200	768.370577	56.000004	61.694000
978.410197	768.365563	56.000002	61.700000
978.410200	768.360557	56.000004	61.705000
978.410201	768.355552	56.000004	61.710000
978.410197	768.350571	56.000004	61.714000
978.410200	768.345562	56.000004	61.715000
978.410199	768.340749	55.999998	61.716000
978.410198	768.335354	55.999997	61.714000
978.410196	768.330370	55.999997	61.712000
978.410201	768.325363	55.999996	61.709000
978.410198	768.320357	55.999997	61.704000
978.410198	768.315151	56.000003	61.698000
978.410199	768.310368	55.999999	61.692000
978.410201	768.305163	56.000002	61.689000
978.410198	768.300352	55.999999	61.688000
978.410201	768.295145	56.000004	61.688000
978.410203	768.290370	55.999996	61.689000
978.410200	768.285355	55.999997	61.690000
978.410199	768.280552	56.000001	61.690000
978.410199	768.275344	55.999998	61.689000
978.410199	768.270563	55.999997	61.689000
978.410198	768.265553	55.999998	61.689000
978.410199	768.260551	55.999997	61.689000
978.410202	768.254955	55.999997	61.690000
978.410201	768.249970	55.999997	61.691000
978.410200	768.245161	56.000003	61.691000
978.410201	768.240155	56.000003	61.690000
978.410199	768.235153	56.000002	61.689000
978.410197	768.230160	56.000004	61.687000
978.410201	768.225158	56.000003	61.684000
978.410201	768.220157	56.000003	61.682000
978.410202	768.215148	56.000003	61.680000
978.410199	768.210368	55.999998	61.680000
978.410200	768.204958	55.999998	61.682000
978.410200	768.200356	55.999998	61.685000
978.410199	768.195345	55.999999	61.688000
978.410200	768.190367	55.999998	61.690000
978.410201	768.185162	56.000003	61.691000
978.410201	768.179958	55.999998	61.689000
978.410203	768.174952	55.999999	61.688000
978.410203	768.169979	55.999998	61.687000
978.410200	768.164970	55.999997	61.684000
978.410201	768.159965	55.999997	61.678000
978.410231	768.158558	56.000001	61.671000
