1010.301636	777.896088	55.999399	50.898000
1010.301589	777.832093	55.999997	50.957000
1010.301607	777.826895	55.999999	50.958000
1010.301594	777.822106	56.000000	50.959000
1010.301608	777.817089	56.000002	50.960000
1010.301595	777.812129	56.000003	50.961000
1010.301605	777.807086	56.000002	50.962000
1010.301600	777.802093	56.000000	50.963000
1010.301598	777.797108	55.999997	50.965000
1010.301595	777.792101	55.999999	50.966000
1010.301605	777.786684	56.000000	50.966000
1010.301596	777.781689	56.000001	50.966000
1010.301601	777.776900	56.000000	50.966000
1010.301598	777.771911	56.000002	50.966000
1010.301599	777.766886	56.000002	50.966000
1010.301600	777.761896	56.000001	50.967000
1010.301601	777.756911	56.000001	50.967000
1010.301599	777.751915	56.000001	50.968000
1010.301606	777.746693	56.000000	50.969000
1010.301603	777.741701	56.000000	50.970000
1010.301597	777.736903	56.000001	50.971000
1010.301600	777.731920	55.999998	50.972000
1010.301602	777.726890	55.999997	50.972000
1010.301595	777.722105	55.999999	50.973000
1010.301602	777.717111	55.999998	50.975000
1010.301601	777.711516	55.999999	50.976000
1010.301599	777.706485	55.999997	50.978000
1010.301597	777.701489	55.999997	50.978000
1010.301597	777.696284	56.000002	50.979000
1010.301604	777.691705	55.999998	50.979000
1010.301598	777.686673	55.999998	50.979000
1010.301595	777.681477	56.000002	50.979000
1010.301602	777.676685	55.999998	50.978000
1010.301598	777.671696	56.000000	50.977000
1010.301607	777.666667	56.000003	50.976000
1010.301603	777.661677	56.000001	50.974000
1010.301601	777.656672	56.000001	50.973000
1010.301603	777.651697	55.999998	50.971000
1010.301603	777.646664	55.999998	50.970000
1010.301600	777.641678	55.999997	50.968000
1010.301603	777.636277	55.999999	50.966000
1010.301603	777.631299	55.999997	50.964000
1010.301602	777.626265	55.999997	50.961000
1010.301599	777.621483	56.000000	50.958000
1010.301601	777.616480	55.999998	50.955000
1010.301598	777.611308	56.000002	50.952000
1010.301598	777.606471	56.000001	50.949000
1010.301600	777.601481	56.000002	50.948000
1010.301601	777.596280	55.999998	50.947000
1010.301604	777.591703	56.000001	50.947000
1010.301600	777.586678	56.000000	50.947000
1010.301601	777.581699	55.999999	50.947000
1010.301601	777.576496	56.000000	50.947000
1010.301605	777.571511	56.000000	50.948000
1010.301602	777.566475	55.999999	50.949000
1010.301601	777.561081	55.999999	50.950000
1010.301600	777.556078	56.000001	50.951000
1010.301600	777.551298	56.000000	50.952000
1010.301601	777.546266	56.000000	50.953000
1010.301599	777.541277	55.999999	50.954000
1010.301598	777.536283	55.999999	50.956000
1010.301604	777.531104	56.000001	50.957000
1010.301601	777.526069	55.999999	50.958000
1010.301600	777.521273	56.000000	50.958000
1010.301601	777.516273	55.999999	50.959000
1010.301595	777.511303	56.000000	50.959000
1010.301598	777.506269	55.999999	50.959000
1010.301597	777.501284	56.000000	50.960000
1010.301599	777.496280	55.999999	50.960000
1010.301601	777.491307	56.000000	50.961000
1010.301598	777.485885	56.000000	50.963000
1010.301598	777.480694	55.999999	50.964000
1010.301601	777.476090	56.000001	50.965000
1010.301600	777.471117	56.000001	50.966000
1010.301600	777.466084	55.999999	50.966000
1010.301598	777.461094	56.000002	50.967000
1010.301600	777.456099	56.000001	50.968000
1010.301602	777.451116	56.000000	50.968000
1010.301601	777.446089	55.999998	50.969000
1010.301599	777.441095	56.000000	50.968000
1010.301597	777.436100	56.000000	50.968000
1010.301599	777.431126	56.000000	50.967000
1010.301599	777.426096	56.000001	50.967000
1010.301601	777.420898	55.999999	50.968000
1010.301602	777.415896	56.000000	50.969000
1010.301603	777.410916	56.000001	50.970000
1010.301600	777.406090	55.999999	50.970000
1010.301600	777.401094	56.000001	50.970000
1010.301599	777.396094	56.000000	50.971000
1010.301602	777.391119	55.999999	50.972000
1010.301600	777.386094	56.000000	50.973000
1010.301598	777.380888	56.000000	50.972000
1010.301597	777.376087	56.000001	50.972000
1010.301598	777.371116	55.999999	50.971000
1010.301595	777.366091	55.999999	50.971000
1010.301601	777.361095	56.000000	50.972000
1010.301597	777.355892	56.000000	50.973000
1010.301602	777.351111	56.000000	50.974000
1010.301597	777.346092	56.000001	50.974000
1010.301599	777.341088	56.000000	50.973000
1010.301596	777.335885	56.000001	50.972000
1010.301600	777.330710	56.000000	50.972000
1010.301596	777.325893	56.000002	50.971000
1010.301600	777.320889	55.999999	50.970000
1010.301600	777.315892	56.000000	50.969000
1010.301600	777.310716	55.999998	50.968000
1010.301602	777.305886	55.999998	50.967000
1010.301601	777.300894	56.000001	50.967000
1010.301600	777.296092	55.999998	50.967000
1010.301602	777.291115	56.000002	50.968000
1010.301599	777.286081	55.999999	50.967000
1010.301602	777.280885	56.000001	50.967000
1010.301599	777.276087	56.000000	50.966000
1010.301599	777.270913	56.000000	50.966000
1010.301598	777.265887	56.000001	50.966000
1010.301603	777.260491	55.999998	50.967000
1010.301598	777.255689	56.000002	50.968000
1010.301601	777.250713	56.000002	50.968000
1010.301602	777.245692	56.000002	50.968000
1010.301602	777.240685	56.000002	50.968000
1010.301599	777.235691	56.000002	50.969000
1010.301602	777.230713	55.999998	50.968000
1010.301601	777.225887	56.000001	50.967000
1010.301603	777.220683	55.999997	50.966000
1010.301600	777.215888	56.000003	50.965000
1010.301603	777.210505	55.999998	50.965000
1010.301599	777.205886	56.000000	50.965000
1010.301598	777.200676	56.000002	50.963000
1010.301599	777.195880	55.999997	50.962000
1010.301601	777.190311	55.999998	50.960000
1010.301601	777.185298	55.999997	50.959000
1010.301598	777.180293	55.999997	50.959000
1010.301601	777.175488	56.000002	50.959000
1010.301599	777.170320	55.999998	50.959000
1010.301603	777.165493	56.000001	50.960000
1010.301602	777.160486	56.000002	50.960000
1010.301604	777.155490	56.000002	50.960000
1010.301595	777.150513	56.000001	50.960000
1010.301600	777.145495	56.000000	50.961000
1010.301599	777.140497	55.999999	50.962000
1010.301601	777.135684	56.000001	50.963000
1010.301602	777.130510	55.999998	50.963000
1010.301601	777.125497	55.999997	50.963000
1010.301597	777.120485	56.000000	50.962000
1010.301600	777.115086	56.000000	50.962000
1010.301601	777.110110	55.999999	50.963000
1010.301600	777.105095	56.000000	50.964000
1010.301599	777.099899	55.999999	50.964000
1010.301602	777.095294	55.999998	50.965000
1010.301601	777.090120	55.999998	50.965000
1010.301600	777.085301	56.000000	50.965000
1010.301599	777.080297	56.000001	50.966000
1010.301600	777.075288	56.000003	50.968000
1010.301599	777.070513	55.999997	50.969000
1010.301600	777.065296	55.999999	50.971000
1010.301602	777.060292	55.999997	50.973000
1010.301599	777.055083	55.999999	50.975000
1010.301601	777.050310	56.000001	50.977000
1010.301602	777.045298	56.000003	50.979000
1010.301596	777.039900	55.999997	50.980000
1010.301596	777.034885	56.000000	50.982000
1010.301599	777.030119	56.000001	50.983000
1010.301602	777.025097	56.000001	50.983000
1010.301601	777.020089	56.000002	50.983000
1010.301602	777.015088	56.000002	50.983000
1010.301596	777.010110	56.000000	50.983000
1010.301604	777.005094	56.000001	50.983000
1010.301599	777.000093	56.000002	50.983000
1010.301599	776.995081	56.000000	50.984000
1010.301597	776.990110	55.999999	50.984000
1010.301598	776.985295	56.000002	50.985000
1010.301598	776.980098	55.999998	50.984000
1010.301598	776.975090	55.999998	50.984000
1010.301601	776.970117	55.999998	50.983000
1010.301599	776.964711	56.000000	50.982000
1010.301596	776.959710	56.000004	50.981000
1010.301601	776.954691	56.000001	50.980000
1010.301600	776.949714	55.999997	50.979000
1010.301603	776.944706	56.000000	50.978000
1010.301601	776.939701	56.000004	50.975000
1010.301599	776.934884	56.000000	50.971000
1010.301600	776.929916	56.000002	50.968000
1010.301604	776.924897	56.000001	50.964000
1010.301599	776.919902	56.000000	50.961000
1010.301601	776.914894	56.000002	50.958000
1010.301599	776.909916	56.000001	50.956000
1010.301602	776.904913	56.000001	50.954000
1010.301599	776.899708	55.999999	50.953000
1010.301600	776.894898	56.000000	50.953000
1010.301595	776.889515	56.000001	50.952000
1010.301597	776.884520	56.000000	50.952000
1010.301602	776.879712	55.999999	50.952000
1010.301602	776.874504	55.999999	50.953000
1010.301600	776.869718	56.000000	50.953000
1010.301597	776.864711	56.000000	50.955000
1010.301601	776.859706	56.000002	50.956000
1010.301599	776.854697	56.000002	50.958000
1010.301600	776.849721	56.000001	50.959000
1010.301601	776.844713	56.000001	50.961000
1010.301595	776.839706	56.000001	50.963000
1010.301597	776.834892	55.999999	50.965000
1010.301598	776.829708	56.000002	50.967000
1010.301599	776.824899	55.999998	50.969000
1010.301598	776.819901	55.999999	50.970000
1010.301599	776.814299	55.999999	50.971000
1010.301600	776.809519	55.999999	50.972000
1010.301598	776.804323	56.000000	50.973000
1010.301599	776.799512	55.999999	50.973000
1010.301600	776.794301	56.000000	50.974000
1010.301600	776.789521	56.000000	50.975000
1010.301599	776.784516	56.000000	50.975000
1010.301603	776.779519	56.000003	50.975000
1010.301598	776.774509	56.000001	50.976000
1010.301602	776.769519	55.999997	50.976000
1010.301600	776.764516	56.000000	50.976000
1010.301599	776.759512	56.000003	50.975000
1010.301597	776.754698	55.999997	50.973000
1010.301600	776.749510	55.999997	50.969000
1010.301598	776.744506	56.000002	50.965000
1010.301600	776.739306	55.999999	50.961000
1010.301601	776.734095	55.999997	50.958000
1010.301603	776.729099	56.000002	50.955000
1010.301599	776.724305	55.999998	50.952000
1010.301604	776.719302	55.999997	50.950000
1010.301601	776.714093	55.999997	50.947000
1010.301600	776.709301	56.000003	50.945000
1010.301602	776.704306	55.999999	50.945000
1010.301601	776.699309	55.999997	50.946000
1010.301600	776.694093	55.999998	50.948000
1010.301596	776.689507	56.000000	50.949000
1010.301597	776.684307	56.000003	50.951000
1010.301603	776.679502	55.999997	50.952000
1010.301604	776.674288	56.000000	50.953000
1010.301598	776.669508	55.999998	50.955000
1010.301599	776.663904	55.999998	50.958000
1010.301602	776.659109	56.000001	50.961000
1010.301599	776.654092	56.000000	50.964000
1010.301603	776.649104	55.999999	50.966000
1010.301598	776.644106	55.999999	50.968000
1010.301599	776.639110	55.999999	50.970000
1010.301608	776.634092	55.999999	50.973000
1010.301599	776.629099	55.999997	50.977000
1010.301601	776.623901	55.999997	50.982000
1010.301599	776.619301	55.999998	50.987000
1010.301595	776.614090	56.000001	50.993000
1010.301597	776.609098	56.000000	50.998000
1010.301601	776.604104	55.999997	51.002000
1010.301602	776.599301	56.000003	51.005000
1010.301599	776.593890	55.999997	51.008000
1010.301602	776.588694	55.999998	51.011000
1010.301599	776.583714	55.999998	51.014000
1010.301597	776.578915	55.999999	51.017000
1010.301602	776.573898	55.999997	51.020000
1010.301601	776.568908	55.999998	51.023000
1010.301597	776.563911	55.999998	51.024000
1010.301598	776.558914	56.000000	51.025000
1010.301599	776.553893	56.000000	51.027000
1010.301597	776.548899	55.999998	51.028000
1010.301600	776.543909	55.999999	51.030000
1010.301600	776.539110	55.999997	51.031000
1010.301598	776.533898	56.000001	51.033000
1010.301602	776.528904	56.000002	51.035000
1010.301602	776.523912	56.000003	51.035000
1010.301597	776.519114	56.000002	51.036000
1010.301598	776.513498	56.000003	51.035000
1010.301599	776.508299	55.999999	51.033000
1010.301605	776.503520	56.000002	51.031000
1010.301598	776.498725	55.999997	51.028000
1010.301597	776.493711	55.999998	51.025000
1010.301603	776.488720	55.999999	51.022000
1010.301599	776.483720	56.000002	51.017000
1010.301600	776.478717	56.000001	51.012000
1010.301599	776.473511	55.999999	51.005000
1010.301603	776.468919	55.999999	50.998000
1010.301596	776.463729	56.000002	50.991000
1010.301600	776.458932	56.000000	50.984000
1010.301603	776.453718	55.999998	50.978000
1010.301601	776.448923	55.999999	50.974000
1010.301600	776.443727	56.000002	50.972000
1010.301600	776.438325	56.000000	50.970000
1010.301603	776.433314	55.999999	50.968000
1010.301599	776.428507	56.000004	50.966000
1010.301596	776.423519	56.000003	50.964000
1010.301603	776.418522	56.000002	50.965000
1010.301600	776.413506	55.999999	50.967000
1010.301600	776.408502	55.999998	50.970000
1010.301597	776.403517	55.999998	50.972000
1010.301600	776.398522	55.999999	50.975000
1010.301596	776.393507	56.000001	50.979000
1010.301597	776.388502	56.000001	50.983000
1010.301598	776.383511	56.000001	50.989000
1010.301602	776.378514	56.000002	50.996000
1010.301599	776.373504	56.000002	51.003000
1010.301603	776.368501	56.000003	51.011000
1010.301602	776.363110	55.999997	51.020000
1010.301597	776.358318	55.999998	51.028000
1010.301602	776.353108	56.000002	51.036000
1010.301603	776.348302	55.999998	51.044000
1010.301600	776.343311	56.000001	51.052000
1010.301600	776.338323	56.000003	51.059000
1010.301602	776.333312	56.000003	51.067000
1010.301602	776.328310	56.000003	51.076000
1010.301600	776.323321	56.000003	51.084000
1010.301599	776.318527	56.000000	51.093000
1010.301601	776.313117	55.999997	51.102000
1010.301601	776.308510	56.000001	51.112000
1010.301602	776.303322	55.999998	51.122000
1010.301602	776.298324	55.999999	51.132000
1010.301600	776.292718	56.000000	51.141000
1010.301598	776.287691	55.999998	51.150000
1010.301602	776.282909	55.999998	51.158000
1010.301601	776.277910	56.000001	51.165000
1010.301597	776.272900	56.000002	51.173000
1010.301599	776.268089	55.999999	51.181000
1010.301596	776.263104	56.000001	51.190000
1010.301600	776.258111	56.000002	51.198000
1010.301602	776.253101	56.000001	51.206000
1010.301600	776.248098	56.000000	51.213000
1010.301604	776.243106	55.999999	51.221000
1010.301603	776.238315	56.000002	51.229000
1010.301600	776.233297	56.000002	51.238000
1010.301597	776.228295	55.999999	51.247000
1010.301603	776.223317	55.999998	51.256000
1010.301601	776.217924	55.999999	51.265000
1010.301600	776.212915	55.999997	51.274000
1010.301603	776.207693	56.000000	51.283000
1010.301603	776.202915	55.999997	51.292000
1010.301603	776.197917	55.999998	51.301000
1010.301598	776.192917	55.999999	51.310000
1010.301602	776.187891	56.000002	51.318000
1010.301602	776.182915	56.000000	51.326000
1010.301600	776.178119	56.000002	51.335000
1010.301603	776.172911	55.999999	51.344000
1010.301603	776.167693	56.000002	51.353000
1010.301606	776.162911	56.000001	51.362000
1010.301606	776.157909	55.999999	51.372000
1010.301599	776.153103	55.999998	51.382000
1010.301602	776.148090	56.000001	51.392000
1010.301599	776.142705	56.000002	51.403000
1010.301602	776.137714	56.000001	51.413000
1010.301602	776.132503	55.999998	51.423000
1010.301602	776.127686	55.999998	51.434000
1010.301599	776.122708	55.999998	51.444000
1010.301597	776.117713	56.000000	51.455000
1010.301596	776.112705	56.000002	51.466000
1010.301598	776.107683	56.000001	51.476000
1010.301603	776.102700	56.000000	51.487000
1010.301600	776.097089	55.999998	51.499000
1010.301599	776.091900	56.000000	51.512000
1010.301592	776.086870	56.000002	51.523000
1010.301597	776.082097	56.000000	51.535000
1010.301597	776.076886	55.999999	51.547000
1010.301604	776.072106	56.000001	51.558000
1010.301605	776.066475	55.999999	51.571000
1010.301603	776.061689	56.000003	51.583000
1010.301600	776.056694	56.000002	51.596000
1010.301597	776.051712	56.000001	51.608000
1010.301602	776.046675	56.000001	51.621000
1010.301600	776.041692	56.000001	51.632000
1010.301602	776.036689	56.000002	51.646000
1010.301598	776.031710	56.000003	51.659000
1010.301597	776.026678	56.000002	51.672000
1010.301600	776.021895	55.999998	51.686000
1010.301600	776.016896	55.999998	51.700000
1010.301600	776.011907	56.000000	51.715000
1010.301598	776.006884	56.000000	51.728000
1010.301595	776.001894	56.000000	51.743000
1010.301599	775.996696	56.000002	51.759000
1010.301599	775.991705	56.000002	51.770000
1010.301598	775.986685	56.000002	51.777000
1010.301601	775.981492	56.000000	51.777000
1010.301598	775.976697	56.000002	0.000000
1010.301599	775.971714	56.000003	0.000000
1010.301601	775.966687	56.000003	0.000000
1010.301602	775.961701	56.000003	0.000000
1010.301598	775.956701	56.000002	0.000000
1010.301601	775.951716	56.000002	0.000000
1010.301599	775.946890	55.999998	0.000000
1010.301598	775.941500	56.000000	0.000000
1010.301598	775.936703	56.000002	0.000000
1010.301599	775.931718	56.000002	0.000000
1010.301602	775.926695	56.000000	0.000000
1010.301599	775.921704	55.999999	0.000000
1010.301599	775.916299	55.999998	0.000000
1010.301603	775.911316	55.999998	0.000000
1010.301603	775.906485	56.000002	0.000000
1010.301602	775.901488	56.000000	0.000000
1010.301600	775.896495	55.999999	0.000000
1010.301599	775.891108	55.999999	0.000000
1010.301607	775.886085	55.999998	0.000000
1010.301601	775.881288	55.999999	0.000000
1010.301603	775.876296	56.000000	0.000000
1010.301602	775.871309	55.999999	0.000000
1010.301601	775.866288	56.000000	0.000000
1010.301601	775.861288	56.000000	0.000000
1010.301603	775.856287	56.000000	0.000000
1010.301602	775.851311	56.000001	0.000000
1010.301601	775.846277	56.000003	0.000000
1010.301604	775.841088	56.000000	0.000000
1010.301597	775.836084	56.000003	0.000000
1010.301605	775.830909	56.000001	0.000000
1010.301600	775.826077	55.999998	0.000000
1010.301603	775.820884	56.000002	0.000000
1010.301599	775.816086	55.999999	0.000000
1010.301598	775.811106	55.999999	0.000000
1010.301599	775.806078	56.000000	0.000000
1010.301599	775.801090	56.000001	0.000000
1010.301601	775.796287	55.999997	0.000000
1010.301602	775.791304	55.999998	0.000000
1010.301600	775.786084	56.000002	0.000000
1010.301599	775.781089	56.000002	0.000000
1010.301602	775.776284	55.999997	0.000000
1010.301604	775.771304	55.999998	0.000000
1010.301599	775.765881	56.000001	0.000000
1010.301595	775.760683	55.999998	0.000000
1010.301600	775.755881	56.000001	0.000000
1010.301600	775.750902	56.000000	0.000000
1010.301604	775.745877	56.000001	0.000000
1010.301602	775.740887	56.000000	0.000000
1010.301600	775.735883	55.999998	0.000000
1010.301597	775.730900	55.999998	0.000000
1010.301600	775.725891	55.999997	0.000000
1010.301601	775.720889	55.999998	0.000000
1010.301603	775.715883	55.999999	0.000000
1010.301601	775.710909	56.000001	0.000000
1010.301599	775.706082	56.000001	0.000000
1010.301604	775.700694	56.000001	0.000000
1010.301603	775.696088	56.000001	0.000000
1010.301601	775.690507	56.000001	0.000000
1010.301598	775.685890	55.999998	0.000000
1010.301597	775.680694	56.000001	0.000000
1010.301603	775.675891	55.999998	0.000000
1010.301602	775.670911	55.999998	0.000000
1010.301600	775.665886	55.999998	0.000000
1010.301599	775.660894	55.999998	0.000000
1010.301601	775.655887	55.999999	0.000000
1010.301600	775.650912	55.999999	0.000000
1010.301604	775.646080	56.000002	0.000000
1010.301602	775.640896	56.000000	0.000000
1010.301599	775.635890	56.000000	0.000000
1010.301603	775.630918	55.999999	0.000000
1010.301604	775.626090	56.000002	0.000000
1010.301607	775.620895	56.000002	0.000000
1010.301603	775.615691	55.999999	0.000000
1010.301599	775.610721	56.000003	0.000000
1010.301604	775.605701	56.000001	0.000000
1010.301600	775.600702	55.999999	0.000000
1010.301599	775.595693	55.999999	0.000000
1010.301598	775.590720	55.999997	0.000000
1010.301602	775.585695	56.000001	0.000000
1010.301598	775.580702	56.000002	0.000000
1010.301599	775.575694	55.999997	0.000000
1010.301601	775.570924	56.000001	0.000000
1010.301602	775.565896	55.999997	0.000000
1010.301602	775.560901	56.000002	0.000000
1010.301601	775.555895	56.000002	0.000000
1010.301597	775.550721	56.000002	0.000000
1010.301602	775.545502	56.000002	0.000000
1010.301601	775.540505	55.999999	0.000000
1010.301600	775.535305	55.999999	0.000000
1010.301599	775.530519	56.000002	0.000000
1010.301601	775.525305	56.000000	0.000000
1010.301597	775.520503	56.000001	0.000000
1010.301600	775.515491	56.000000	0.000000
1010.301604	775.510520	55.999999	0.000000
1010.301602	775.505501	56.000000	0.000000
1010.301602	775.500502	55.999999	0.000000
1010.301601	775.495499	56.000000	0.000000
1010.301600	775.490521	55.999999	0.000000
1010.301599	775.485496	55.999999	0.000000
1010.301599	775.480312	56.000000	0.000000
1010.301598	775.475494	56.000000	0.000000
1010.301599	775.470322	56.000000	0.000000
1010.301596	775.465301	56.000000	0.000000
1010.301603	775.460304	56.000000	0.000000
1010.301601	775.455294	56.000000	0.000000
1010.301600	775.450313	56.000000	0.000000
1010.301603	775.445290	56.000000	0.000000
1010.301601	775.440293	56.000000	0.000000
1010.301603	775.435292	56.000000	0.000000
1010.301598	775.430306	56.000000	0.000000
1010.301600	775.425293	55.999999	0.000000
1010.301601	775.420287	55.999998	0.000000
1010.301600	775.415478	56.000001	0.000000
1010.301601	775.410301	55.999998	0.000000
1010.301596	775.405474	56.000002	0.000000
1010.301601	775.400471	56.000001	0.000000
1010.301599	775.395068	55.999999	0.000000
1010.301601	775.390096	56.000002	0.000000
1010.301600	775.385085	55.999999	0.000000
1010.301599	775.379892	56.000000	0.000000
1010.301596	775.375080	56.000003	0.000000
1010.301603	775.370100	56.000000	0.000000
1010.301597	775.365091	56.000000	0.000000
1010.301603	775.360092	56.000000	0.000000
1010.301598	775.355078	55.999998	0.000000
1010.301599	775.349901	56.000000	0.000000
1010.301602	775.345092	56.000003	0.000000
1010.301602	775.340088	56.000000	0.000000
1010.301602	775.335084	55.999999	0.000000
1010.301602	775.329897	55.999998	0.000000
1010.301598	775.325087	56.000003	0.000000
1010.301600	775.319693	55.999998	0.000000
1010.301604	775.314682	55.999999	0.000000
1010.301601	775.309302	56.000000	0.000000
1010.301601	775.304493	56.000000	0.000000
1010.301601	775.299887	55.999999	0.000000
1010.301601	775.294884	55.999999	0.000000
1010.301601	775.289898	55.999999	0.000000
1010.301600	775.284889	56.000000	0.000000
1010.301600	775.279889	55.999999	0.000000
1010.301602	775.274872	55.999999	0.000000
1010.301599	775.269894	55.999999	0.000000
1010.301602	775.264888	55.999999	0.000000
1010.301600	775.259880	55.999999	0.000000
1010.301598	775.254878	55.999998	0.000000
1010.301598	775.249693	56.000002	0.000000
1010.301600	775.244497	56.000000	0.000000
1010.301601	775.239493	55.999999	0.000000
1010.301603	775.234484	55.999998	0.000000
1010.301603	775.229500	55.999998	0.000000
1010.301600	775.224693	56.000002	0.000000
1010.301599	775.219687	56.000000	0.000000
1010.301601	775.214681	56.000001	0.000000
1010.301603	775.209699	56.000002	0.000000
1010.301603	775.204508	55.999999	0.000000
1010.301600	775.199703	56.000002	0.000000
1010.301598	775.194684	56.000002	0.000000
1010.301604	775.189698	56.000000	0.000000
1010.301597	775.184309	55.999999	0.000000
1010.301600	775.179702	56.000001	0.000000
1010.301600	775.174687	56.000002	0.000000
1010.301600	775.169512	56.000000	0.000000
1010.301597	775.164117	56.000000	0.000000
1010.301598	775.159311	55.999999	0.000000
1010.301597	775.154297	55.999999	0.000000
1010.301603	775.149510	56.000000	0.000000
1010.301601	775.144510	56.000000	0.000000
1010.301601	775.139507	56.000000	0.000000
1010.301599	775.134491	56.000001	0.000000
1010.301600	775.129511	56.000001	0.000000
1010.301602	775.124514	55.999997	0.000000
1010.301598	775.119509	56.000001	0.000000
1010.301601	775.114693	55.999999	0.000000
1010.301599	775.109711	55.999999	0.000000
1010.301604	775.104709	56.000002	0.000000
1010.301599	775.099311	55.999998	0.000000
1010.301599	775.094106	55.999998	0.000000
1010.301602	775.089313	55.999999	0.000000
1010.301599	775.084117	56.000000	0.000000
1010.301604	775.079317	56.000002	0.000000
1010.301602	775.074303	56.000002	0.000000
1010.301599	775.069318	55.999997	0.000000
1010.301600	775.064316	56.000000	0.000000
1010.301602	775.059318	56.000003	0.000000
1010.301601	775.054303	55.999997	0.000000
1010.301600	775.049322	55.999998	0.000000
1010.301601	775.044318	56.000002	0.000000
1010.301598	775.039515	55.999997	0.000000
1010.301600	775.034300	55.999998	0.000000
1010.301601	775.029520	56.000001	0.000000
1010.301601	775.024512	56.000002	0.000000
1010.301596	775.019114	55.999999	0.000000
1010.301600	775.013904	56.000001	0.000000
1010.301598	775.009111	56.000002	0.000000
1010.301600	775.004108	56.000002	0.000000
1010.301602	774.999111	56.000002	0.000000
1010.301597	774.994100	56.000003	0.000000
1010.301598	774.989111	56.000003	0.000000
1010.301602	774.984104	56.000003	0.000000
1010.301601	774.979112	56.000002	0.000000
1010.301598	774.974100	56.000000	0.000000
1010.301601	774.969320	55.999998	0.000000
1010.301600	774.964115	56.000002	0.000000
1010.301599	774.959315	55.999997	0.000000
1010.301597	774.953897	56.000002	0.000000
1010.301600	774.949101	55.999999	0.000000
1010.301600	774.943710	55.999997	0.000000
1010.301597	774.938915	56.000000	0.000000
1010.301604	774.933504	56.000001	0.000000
1010.301601	774.928919	55.999997	0.000000
1010.301597	774.923919	55.999999	0.000000
1010.301601	774.918917	56.000001	0.000000
1010.301597	774.913903	56.000002	0.000000
1010.301600	774.908905	56.000001	0.000000
1010.301603	774.903912	55.999998	0.000000
1010.301600	774.898913	55.999998	0.000000
1010.301598	774.893891	56.000000	0.000000
1010.301600	774.889100	55.999998	0.000000
1010.301601	774.883909	56.000001	0.000000
1010.301600	774.879103	55.999998	0.000000
1010.301601	774.873899	56.000002	0.000000
1010.301603	774.868705	56.000000	0.000000
1010.301599	774.863714	56.000002	0.000000
1010.301597	774.858915	56.000001	0.000000
1010.301595	774.853898	56.000002	0.000000
1010.301599	774.848898	56.000002	0.000000
1010.301600	774.843911	56.000000	0.000000
1010.301602	774.838903	55.999997	0.000000
1010.301597	774.833889	56.000000	0.000000
1010.301597	774.828899	56.000001	0.000000
1010.301603	774.823904	56.000003	0.000000
1010.301598	774.819101	55.999998	0.000000
1010.301596	774.814092	56.000000	0.000000
1010.301598	774.809100	56.000002	0.000000
1010.301601	774.803907	55.999999	0.000000
1010.301600	774.799103	55.999998	0.000000
1010.301596	774.793501	56.000002	0.000000
1010.301602	774.788704	56.000001	0.000000
1010.301600	774.783510	55.999999	0.000000
1010.301600	774.778714	56.000002	0.000000
1010.301599	774.773514	55.999998	0.000000
1010.301600	774.768708	55.999998	0.000000
1010.301601	774.763720	56.000002	0.000000
1010.301596	774.758724	56.000002	0.000000
1010.301594	774.753706	56.000000	0.000000
1010.301598	774.748716	55.999998	0.000000
1010.301601	774.743521	56.000002	0.000000
1010.301602	774.738923	55.999997	0.000000
1010.301600	774.733715	56.000002	0.000000
1010.301600	774.728921	56.000002	0.000000
1010.301599	774.723534	56.000002	0.000000
1010.301601	774.718335	55.999998	0.000000
1010.301600	774.713326	56.000000	0.000000
1010.301600	774.708122	55.999998	0.000000
1010.301601	774.703333	55.999998	0.000000
1010.301597	774.698539	56.000001	0.000000
1010.301601	774.693528	55.999998	0.000000
1010.301599	774.688525	56.000000	0.000000
1010.301600	774.683532	56.000002	0.000000
1010.301602	774.678135	56.000002	0.000000
1010.301601	774.673519	55.999999	0.000000
1010.301602	774.668517	55.999999	0.000000
1010.301595	774.663531	56.000002	0.000000
1010.301603	774.658730	56.000001	0.000000
1010.301602	774.653519	55.999998	0.000000
1010.301604	774.648513	55.999999	0.000000
1010.301600	774.643118	55.999998	0.000000
1010.301605	774.638329	55.999998	0.000000
1010.301604	774.633117	56.000000	0.000000
1010.301603	774.628306	56.000002	0.000000
1010.301601	774.623121	55.999999	0.000000
1010.301604	774.618327	55.999998	0.000000
1010.301602	774.613316	56.000002	0.000000
1010.301603	774.608313	56.000001	0.000000
1010.301601	774.603331	55.999998	0.000000
1010.301601	774.598533	55.999998	0.000000
1010.301600	774.593325	56.000003	0.000000
1010.301601	774.588315	55.999999	0.000000
1010.301596	774.583322	56.000001	0.000000
1010.301602	774.578532	55.999999	0.000000
1010.301601	774.572923	56.000002	0.000000
1010.301604	774.567909	55.999999	0.000000
1010.301600	774.562916	55.999999	0.000000
1010.301599	774.558122	55.999998	0.000000
1010.301601	774.552908	55.999998	0.000000
1010.301597	774.547898	56.000000	0.000000
1010.301601	774.543107	56.000000	0.000000
1010.301603	774.538118	56.000000	0.000000
1010.301599	774.532899	56.000002	0.000000
1010.301602	774.528090	56.000000	0.000000
1010.301599	774.523099	56.000002	0.000000
1010.301605	774.518111	56.000000	0.000000
1010.301599	774.513098	55.999997	0.000000
1010.301601	774.508299	56.000001	0.000000
1010.301602	774.503107	56.000000	0.000000
1010.301598	774.497708	56.000001	0.000000
1010.301598	774.492907	56.000000	0.000000
1010.301603	774.487690	55.999999	0.000000
1010.301599	774.482899	55.999999	0.000000
1010.301598	774.477910	56.000002	0.000000
1010.301600	774.472899	56.000000	0.000000
1010.301600	774.467890	55.999998	0.000000
1010.301602	774.462697	56.000000	0.000000
1010.301599	774.457908	56.000003	0.000000
1010.301602	774.452897	55.999998	0.000000
1010.301603	774.447894	56.000000	0.000000
1010.301596	774.442905	56.000001	0.000000
1010.301602	774.437908	55.999998	0.000000
1010.301598	774.432896	56.000000	0.000000
1010.301597	774.427685	55.999998	0.000000
1010.301597	774.422697	56.000001	0.000000
1010.301601	774.417493	55.999999	0.000000
1010.301602	774.412493	55.999997	0.000000
1010.301598	774.407271	56.000000	0.000000
1010.301598	774.402688	56.000001	0.000000
1010.301597	774.397697	56.000000	0.000000
1010.301596	774.392692	55.999998	0.000000
1010.301597	774.387685	56.000000	0.000000
1010.301598	774.382695	56.000002	0.000000
1010.301595	774.377500	55.999997	0.000000
1010.301605	774.372901	56.000002	0.000000
1010.301603	774.367689	55.999997	0.000000
1010.301604	774.362902	55.999997	0.000000
1010.301602	774.357707	56.000003	0.000000
1010.301606	774.352903	56.000001	0.000000
1010.301598	774.347280	56.000000	0.000000
1010.301599	774.342497	55.999999	0.000000
1010.301602	774.337097	55.999998	0.000000
1010.301598	774.332307	55.999999	0.000000
1010.301601	774.327491	55.999998	0.000000
1010.301599	774.322499	55.999998	0.000000
1010.301597	774.317505	56.000001	0.000000
1010.301602	774.312502	55.999999	0.000000
1010.301600	774.307276	56.000001	0.000000
1010.301599	774.302496	55.999999	0.000000
1010.301601	774.297499	56.000003	0.000000
1010.301600	774.292507	56.000002	0.000000
1010.301601	774.287484	55.999998	0.000000
1010.301600	774.282502	56.000001	0.000000
1010.301603	774.277506	56.000003	0.000000
1010.301601	774.272311	55.999998	0.000000
1010.301600	774.267079	56.000001	0.000000
1010.301594	774.262298	56.000000	0.000000
1010.301598	774.257301	55.999999	0.000000
1010.301600	774.252313	56.000003	0.000000
1010.301601	774.247287	55.999998	0.000000
1010.301598	774.242304	55.999997	0.000000
1010.301600	774.237308	55.999998	0.000000
1010.301597	774.232308	56.000003	0.000000
1010.301599	774.227285	56.000001	0.000000
1010.301599	774.222503	56.000002	0.000000
1010.301599	774.217310	55.999999	0.000000
1010.301598	774.212310	56.000002	0.000000
1010.301597	774.207089	55.999998	0.000000
1010.301598	774.202503	56.000001	0.000000
1010.301597	774.196903	55.999998	0.000000
1010.301594	774.191915	56.000002	0.000000
1010.301596	774.186891	56.000000	0.000000
1010.301603	774.182101	55.999999	0.000000
1010.301601	774.176902	56.000001	0.000000
1010.301600	774.172109	56.000001	0.000000
1010.301598	774.167086	55.999998	0.000000
1010.301600	774.162106	56.000002	0.000000
1010.301598	774.157111	56.000000	0.000000
1010.301601	774.152115	55.999999	0.000000
1010.301599	774.147095	55.999999	0.000000
1010.301601	774.142307	55.999998	0.000000
1010.301600	774.137309	56.000000	0.000000
1010.301600	774.132110	55.999999	0.000000
1010.301601	774.126892	55.999999	0.000000
1010.301598	774.121700	55.999999	0.000000
1010.301605	774.116704	56.000001	0.000000
1010.301603	774.111718	55.999999	0.000000
1010.301606	774.106690	56.000001	0.000000
1010.301600	774.101905	56.000001	0.000000
1010.301600	774.096904	56.000000	0.000000
1010.301601	774.091914	56.000002	0.000000
1010.301605	774.086889	55.999998	0.000000
1010.301600	774.081901	56.000001	0.000000
1010.301598	774.076910	56.000002	0.000000
1010.301599	774.072116	56.000001	0.000000
1010.301602	774.066893	56.000001	0.000000
1010.301599	774.061902	56.000001	0.000000
1010.301598	774.056907	55.999998	0.000000
1010.301603	774.051916	56.000001	0.000000
1010.301599	774.046497	56.000001	0.000000
1010.301600	774.041502	55.999998	0.000000
1010.301606	774.036504	56.000000	0.000000
1010.301600	774.031708	56.000000	0.000000
1010.301599	774.026685	56.000003	0.000000
1010.301599	774.021496	55.999997	0.000000
1010.301602	774.016700	55.999998	0.000000
1010.301601	774.011710	55.999997	0.000000
1010.301597	774.006683	56.000000	0.000000
1010.301602	774.001694	56.000002	0.000000
1010.301601	773.996501	55.999996	0.000000
1010.301600	773.991508	56.000000	0.000000
1010.301602	773.986686	55.999998	0.000000
1010.301600	773.981694	56.000001	0.000000
1010.301602	773.976286	56.000001	0.000000
1010.301599	773.971313	56.000003	0.000000
1010.301602	773.966281	56.000003	0.000000
1010.301600	773.961290	56.000001	0.000000
1010.301601	773.956292	55.999998	0.000000
1010.301598	773.951308	55.999997	0.000000
1010.301601	773.946489	55.999997	0.000000
1010.301599	773.941487	55.999997	0.000000
1010.301600	773.936497	56.000000	0.000000
1010.301602	773.931510	56.000004	0.000000
1010.301602	773.926288	55.999997	0.000000
1010.301603	773.921493	55.999998	0.000000
1010.301606	773.916696	56.000000	0.000000
1010.301598	773.911506	56.000001	0.000000
1010.301604	773.906486	56.000003	0.000000
1010.301604	773.901693	56.000002	0.000000
1010.301597	773.896085	55.999999	0.000000
1010.301596	773.891106	55.999997	0.000000
1010.301599	773.886279	55.999998	0.000000
1010.301601	773.881284	55.999999	0.000000
1010.301603	773.876285	56.000002	0.000000
1010.301600	773.871303	56.000002	0.000000
1010.301601	773.866276	55.999999	0.000000
1010.301602	773.861280	55.999997	0.000000
1010.301595	773.856286	56.000001	0.000000
1010.301597	773.851296	56.000002	0.000000
1010.301599	773.846474	56.000003	0.000000
1010.301601	773.841282	55.999998	0.000000
1010.301597	773.836487	55.999998	0.000000
1010.301598	773.831306	56.000001	0.000000
1010.301597	773.826280	55.999999	0.000000
1010.301600	773.820878	56.000000	0.000000
1010.301596	773.816076	55.999999	0.000000
1010.301601	773.810695	56.000000	0.000000
1010.301603	773.806069	55.999999	0.000000
1010.301600	773.801081	55.999998	0.000000
1010.301598	773.796078	56.000002	0.000000
1010.301599	773.791098	55.999999	0.000000
1010.301597	773.786070	56.000001	0.000000
1010.301597	773.781082	55.999998	0.000000
1010.301600	773.776074	56.000000	0.000000
1010.301594	773.771096	56.000002	0.000000
1010.301599	773.766274	56.000002	0.000000
1010.301597	773.761082	56.000000	0.000000
1010.301599	773.756285	56.000000	0.000000
1010.301598	773.751096	55.999998	0.000000
1010.301596	773.746073	56.000001	0.000000
1010.301598	773.740880	56.000001	0.000000
1010.301596	773.736079	56.000001	0.000000
1010.301593	773.731092	56.000002	0.000000
1010.301599	773.726077	55.999999	0.000000
1010.301600	773.721081	55.999998	0.000000
1010.301598	773.716077	56.000001	0.000000
1010.301603	773.711095	55.999999	0.000000
1010.301600	773.706070	56.000000	0.000000
1010.301601	773.701080	56.000003	0.000000
1010.301600	773.696276	56.000002	0.000000
1010.301600	773.691095	56.000000	0.000000
1010.301600	773.685880	56.000000	0.000000
1010.301596	773.681077	56.000001	0.000000
1010.301598	773.676274	56.000000	0.000000
1010.301602	773.670695	55.999999	0.000000
1010.301598	773.665477	56.000002	0.000000
1010.301601	773.660682	56.000001	0.000000
1010.301601	773.655877	55.999999	0.000000
1010.301596	773.650900	56.000001	0.000000
1010.301601	773.645871	55.999998	0.000000
1010.301597	773.640884	56.000001	0.000000
1010.301601	773.635879	56.000003	0.000000
1010.301601	773.630897	56.000001	0.000000
1010.301599	773.625876	55.999998	0.000000
1010.301601	773.620884	56.000000	0.000000
1010.301600	773.616082	55.999999	0.000000
1010.301598	773.610900	56.000000	0.000000
1010.301598	773.605883	55.999998	0.000000
1010.301599	773.600492	56.000000	0.000000
1010.301604	773.595689	56.000003	0.000000
1010.301601	773.590508	55.999998	0.000000
1010.301600	773.585490	56.000000	0.000000
1010.301600	773.580494	56.000003	0.000000
1010.301597	773.575694	55.999999	0.000000
1010.301595	773.570711	56.000002	0.000000
1010.301598	773.565693	56.000001	0.000000
1010.301599	773.560698	55.999999	0.000000
1010.301602	773.555690	55.999997	0.000000
1010.301600	773.550713	55.999999	0.000000
1010.301599	773.545692	56.000002	0.000000
1010.301598	773.540701	56.000003	0.000000
1010.301599	773.535691	56.000000	0.000000
1010.301598	773.530712	55.999999	0.000000
1010.301602	773.525302	56.000001	0.000000
1010.301601	773.520304	56.000001	0.000000
1010.301604	773.515292	55.999997	0.000000
1010.301603	773.510316	55.999999	0.000000
1010.301601	773.505500	55.999998	0.000000
1010.301600	773.500500	56.000002	0.000000
1010.301604	773.495496	56.000002	0.000000
1010.301602	773.490514	55.999999	0.000000
1010.301601	773.485500	56.000000	0.000000
1010.301601	773.480499	56.000002	0.000000
1010.301604	773.475492	56.000000	0.000000
1010.301603	773.470508	55.999997	0.000000
1010.301600	773.465688	56.000000	0.000000
1010.301602	773.460489	56.000003	0.000000
1010.301604	773.455086	56.000002	0.000000
1010.301602	773.450115	55.999998	0.000000
1010.301604	773.445295	55.999998	0.000000
1010.301601	773.440102	56.000002	0.000000
1010.301600	773.435288	55.999999	0.000000
1010.301597	773.430311	56.000000	0.000000
1010.301599	773.425299	56.000001	0.000000
1010.301603	773.420299	56.000002	0.000000
1010.301601	773.415293	55.999998	0.000000
1010.301601	773.410309	55.999997	0.000000
1010.301605	773.405298	56.000000	0.000000
1010.301603	773.400296	56.000003	0.000000
1010.301598	773.395292	56.000001	0.000000
1010.301600	773.390308	55.999998	0.000000
1010.301600	773.385298	56.000000	0.000000
1010.301598	773.380293	56.000000	0.000000
1010.301600	773.375089	56.000003	0.000000
1010.301601	773.369903	55.999999	0.000000
1010.301599	773.365096	55.999998	0.000000
1010.301599	773.359903	55.999999	0.000000
1010.301600	773.355090	56.000001	0.000000
1010.301596	773.350108	55.999999	0.000000
1010.301598	773.345096	56.000001	0.000000
1010.301601	773.340098	55.999998	0.000000
1010.301601	773.335093	56.000001	0.000000
1010.301603	773.329909	56.000001	0.000000
1010.301602	773.325102	56.000002	0.000000
1010.301601	773.319902	56.000000	0.000000
1010.301598	773.314889	56.000000	0.000000
1010.301604	773.310101	56.000000	0.000000
1010.301601	773.305095	56.000001	0.000000
1010.301598	773.299500	56.000000	0.000000
1010.301599	773.294493	56.000000	0.000000
1010.301598	773.289698	55.999999	0.000000
1010.301598	773.284698	56.000001	0.000000
1010.301599	773.279698	56.000000	0.000000
1010.301598	773.274883	56.000001	0.000000
1010.301600	773.269903	55.999998	0.000000
1010.301603	773.264895	55.999998	0.000000
1010.301598	773.259895	56.000001	0.000000
1010.301599	773.254885	56.000001	0.000000
1010.301602	773.249901	55.999998	0.000000
1010.301602	773.245099	56.000002	0.000000
1010.301599	773.240093	56.000000	0.000000
1010.301601	773.234888	55.999999	0.000000
1010.301602	773.229707	56.000000	0.000000
1010.301599	773.224701	55.999999	0.000000
1010.301599	773.219701	55.999999	0.000000
1010.301601	773.214284	55.999997	0.000000
1010.301604	773.209707	56.000002	0.000000
1010.301602	773.204691	56.000002	0.000000
1010.301601	773.199692	56.000001	0.000000
1010.301600	773.194687	55.999999	0.000000
1010.301596	773.189702	55.999997	0.000000
1010.301599	773.184698	55.999998	0.000000
1010.301600	773.179705	55.999999	0.000000
1010.301596	773.174680	56.000001	0.000000
1010.301601	773.169697	56.000001	0.000000
1010.301599	773.164700	56.000001	0.000000
1010.301603	773.159888	56.000001	0.000000
1010.301601	773.154678	55.999999	0.000000
1010.301601	773.149498	56.000002	0.000000
1010.301599	773.144303	55.999998	0.000000
1010.301600	773.139501	55.999998	0.000000
1010.301596	773.134282	56.000001	0.000000
1010.301595	773.129505	55.999997	0.000000
1010.301597	773.124504	55.999998	0.000000
1010.301601	773.119499	56.000000	0.000000
1010.301597	773.114294	56.000001	0.000000
1010.301604	773.109508	56.000003	0.000000
1010.301604	773.104508	56.000002	0.000000
1010.301600	773.099511	56.000002	0.000000
1010.301602	773.094489	56.000000	0.000000
1010.301597	773.089710	56.000003	0.000000
1010.301598	773.084509	55.999998	0.000000
1010.301598	773.079706	55.999998	0.000000
1010.301600	773.074095	56.000003	0.000000
1010.301596	773.069306	55.999998	0.000000
1010.301602	773.064110	56.000001	0.000000
1010.301596	773.059313	56.000002	0.000000
1010.301598	773.054102	55.999998	0.000000
1010.301601	773.049308	56.000001	0.000000
1010.301604	773.044302	55.999998	0.000000
1010.301600	773.039314	55.999997	0.000000
1010.301600	773.034297	55.999997	0.000000
1010.301603	773.029308	55.999998	0.000000
1010.301600	773.024309	56.000001	0.000000
1010.301602	773.019512	55.999997	0.000000
1010.301598	773.014299	56.000002	0.000000
1010.301598	773.009312	56.000001	0.000000
1010.301601	773.004308	55.999999	0.000000
1010.301600	772.998919	56.000002	0.000000
1010.301606	772.993902	56.000002	0.000000
1010.301599	772.989107	56.000001	0.000000
1010.301600	772.984107	56.000003	0.000000
1010.301597	772.979107	56.000002	0.000000
1010.301601	772.974094	56.000002	0.000000
1010.301602	772.969103	56.000001	0.000000
1010.301600	772.964103	55.999999	0.000000
1010.301603	772.959114	55.999997	0.000000
1010.301594	772.954104	55.999998	0.000000
1010.301598	772.949107	55.999998	0.000000
1010.301601	772.944107	56.000000	0.000000
1010.301596	772.939313	55.999998	0.000000
1010.301599	772.934094	56.000002	0.000000
1010.301604	772.929104	56.000001	0.000000
1010.301601	772.923910	55.999998	0.000000
1010.301597	772.918920	56.000002	0.000000
1010.301600	772.913898	56.000001	0.000000
1010.301604	772.908906	56.000000	0.000000
1010.301600	772.903714	55.999999	0.000000
1010.301601	772.898919	55.999997	0.000000
1010.301601	772.893901	55.999998	0.000000
1010.301604	772.888914	55.999998	0.000000
1010.301600	772.883917	56.000000	0.000000
1010.301602	772.878915	56.000000	0.000000
1010.301598	772.873899	55.999998	0.000000
1010.301601	772.868906	55.999998	0.000000
1010.301601	772.863917	56.000000	0.000000
1010.301600	772.858721	55.999999	0.000000
1010.301600	772.854104	56.000001	0.000000
1010.301600	772.848508	55.999998	0.000000
1010.301604	772.843516	55.999999	0.000000
1010.301604	772.838719	55.999998	0.000000
1010.301600	772.833706	55.999999	0.000000
1010.301601	772.828706	56.000001	0.000000
1010.301604	772.823717	56.000002	0.000000
1010.301601	772.818518	55.999998	0.000000
1010.301603	772.813506	55.999998	0.000000
1010.301598	772.808702	55.999999	0.000000
1010.301602	772.803714	55.999999	0.000000
1010.301603	772.798517	56.000001	0.000000
1010.301602	772.793706	56.000001	0.000000
1010.301601	772.788707	56.000002	0.000000
1010.301600	772.783723	55.999999	0.000000
1010.301603	772.778719	55.999998	0.000000
1010.301598	772.773310	55.999999	0.000000
1010.301595	772.768304	56.000000	0.000000
1010.301599	772.763321	56.000002	0.000000
1010.301601	772.758528	56.000001	0.000000
1010.301596	772.753516	56.000000	0.000000
1010.301600	772.748510	55.999999	0.000000
1010.301601	772.743520	56.000000	0.000000
1010.301600	772.738525	55.999999	0.000000
1010.301599	772.733511	55.999999	0.000000
1010.301601	772.728297	55.999999	0.000000
1010.301600	772.723517	56.000000	0.000000
1010.301596	772.718515	56.000000	0.000000
1010.301598	772.713503	56.000000	0.000000
1010.301599	772.708497	55.999999	0.000000
1010.301598	772.703102	56.000000	0.000000
1010.301598	772.698306	56.000000	0.000000
1010.301598	772.693101	56.000000	0.000000
1010.301599	772.688085	56.000001	0.000000
1010.301599	772.683310	56.000000	0.000000
1010.301598	772.678307	56.000000	0.000000
1010.301602	772.673296	55.999999	0.000000
1010.301600	772.668292	56.000001	0.000000
1010.301599	772.663310	56.000000	0.000000
1010.301595	772.658321	56.000000	0.000000
1010.301601	772.653305	56.000000	0.000000
1010.301603	772.648300	56.000000	0.000000
1010.301598	772.643309	56.000000	0.000000
1010.301598	772.638518	56.000000	0.000000
1010.301603	772.633508	55.999999	0.000000
1010.301600	772.627896	56.000000	0.000000
1010.301601	772.623108	56.000000	0.000000
1010.301602	772.617911	56.000000	0.000000
1010.301598	772.613105	55.999999	0.000000
1010.301598	772.607888	55.999999	0.000000
1010.301599	772.603107	56.000000	0.000000
1010.301597	772.598113	55.999999	0.000000
1010.301599	772.593107	56.000000	0.000000
1010.301599	772.588100	56.000002	0.000000
1010.301597	772.583115	56.000001	51.779000
1010.301599	772.578119	56.000000	51.787000
1010.301601	772.573111	56.000001	52.282000
1010.301601	772.567899	55.999999	52.707000
1010.301599	772.563113	56.000001	53.204000
1010.301599	772.558118	56.000000	53.701000
1010.301601	772.552913	56.000003	54.269000
1010.301603	772.547491	55.999997	54.765000
1010.301601	772.542906	55.999999	55.189000
1010.301596	772.537916	55.999997	55.682000
1010.301602	772.532903	55.999998	56.174000
1010.301599	772.527892	56.000000	56.666000
1010.301601	772.522906	56.000002	57.157000
1010.301597	772.517916	56.000003	57.649000
1010.301600	772.512709	56.000001	58.140000
1010.301598	772.507906	56.000000	58.632000
1010.301605	772.503119	56.000001	59.124000
1010.301598	772.498120	56.000003	59.689000
1010.301599	772.492914	56.000003	60.256000
1010.301601	772.487903	56.000003	60.826000
1010.301601	772.483114	55.999997	60.848000
1010.301600	772.477519	55.999997	60.872000
1010.301602	772.472714	56.000003	60.889000
1010.301600	772.467498	56.000002	60.907000
1010.301598	772.462711	55.999997	60.926000
1010.301598	772.457314	56.000001	60.951000
1010.301600	772.452714	55.999998	60.980000
1010.301601	772.447694	55.999998	61.011000
1010.301604	772.442710	55.999998	61.045000
1010.301601	772.437522	56.000002	61.078000
1010.301603	772.432712	55.999997	61.110000
1010.301598	772.427702	55.999999	61.147000
1010.301600	772.422707	55.999998	61.182000
1010.301600	772.417715	56.000001	61.222000
1010.301601	772.412909	55.999998	61.271000
1010.301600	772.407700	56.000002	61.329000
1010.301600	772.402502	56.000001	61.388000
1010.301601	772.397317	55.999998	61.440000
1010.301602	772.392311	55.999998	61.490000
1010.301598	772.387292	55.999998	61.533000
1010.301599	772.382504	56.000001	61.567000
1010.301600	772.377512	55.999999	61.600000
1010.301599	772.372510	55.999997	61.631000
1010.301608	772.367498	55.999998	61.663000
1010.301604	772.362503	56.000003	61.693000
1010.301599	772.357313	56.000003	61.718000
1010.301602	772.352709	56.000002	61.740000
1010.301604	772.347492	56.000002	61.755000
1010.301603	772.342503	56.000000	61.766000
1010.301603	772.337520	55.999998	61.774000
1010.301601	772.332711	56.000001	61.780000
1010.301599	772.327095	56.000003	61.784000
1010.301604	772.322105	55.999999	61.786000
1010.301603	772.317115	55.999998	61.788000
1010.301598	772.312112	55.999997	61.793000
1010.301605	772.307093	55.999998	61.802000
1010.301600	772.302303	56.000002	61.812000
1010.301604	772.297304	55.999999	61.823000
1010.301597	772.292306	55.999997	61.832000
1010.301600	772.287287	55.999998	61.838000
1010.301605	772.282299	55.999998	61.840000
1010.301600	772.277306	55.999998	61.838000
1010.301603	772.272309	55.999998	61.837000
1010.301599	772.267288	55.999999	61.837000
1010.301603	772.262296	56.000000	61.840000
1010.301603	772.257310	56.000000	61.846000
1010.301603	772.251901	56.000000	61.852000
1010.301599	772.246681	56.000000	61.856000
1010.301597	772.241895	55.999999	61.859000
1010.301600	772.236891	56.000000	61.861000
1010.301600	772.231905	56.000000	61.862000
1010.301598	772.227082	56.000001	61.862000
1010.301599	772.221286	55.999999	61.862000
1010.301599	772.216291	55.999999	61.861000
1010.301600	772.211309	55.999998	61.859000
1010.301601	772.206280	55.999998	61.856000
1010.301597	772.201285	55.999999	61.854000
1010.301602	772.196285	56.000000	61.852000
1010.301601	772.191311	56.000001	61.851000
1010.301601	772.186282	56.000001	61.850000
1010.301597	772.181290	56.000003	61.849000
1010.301602	772.176084	56.000000	61.849000
1010.301605	772.170910	55.999998	61.849000
1010.301602	772.166081	55.999999	61.851000
1010.301602	772.161085	55.999997	61.853000
1010.301599	772.156084	55.999998	61.855000
1010.301600	772.151104	56.000000	61.857000
1010.301600	772.146076	56.000003	61.857000
1010.301604	772.141078	56.000002	61.856000
1010.301600	772.136079	55.999998	61.853000
1010.301601	772.131098	55.999998	61.848000
1010.301600	772.126273	56.000001	61.843000
1010.301601	772.121074	55.999998	61.839000
1010.301601	772.116279	56.000001	61.837000
1010.301604	772.111101	55.999998	61.837000
1010.301599	772.106271	56.000000	61.840000
1010.301600	772.100686	55.999998	61.846000
1010.301598	772.095674	55.999999	61.852000
1010.301603	772.090708	56.000000	61.857000
1010.301598	772.085876	55.999999	61.860000
1010.301601	772.080886	56.000000	61.859000
1010.301601	772.075881	55.999999	61.854000
1010.301603	772.070707	56.000000	61.846000
1010.301602	772.065874	55.999999	61.839000
1010.301604	772.060680	56.000001	61.836000
1010.301599	772.055877	55.999999	61.836000
1010.301597	772.050698	55.999999	61.836000
1010.301598	772.046071	56.000001	61.835000
1010.301599	772.040875	56.000000	61.833000
1010.301600	772.036072	56.000000	61.830000
1010.301599	772.030295	55.999999	61.828000
1010.301598	772.025471	56.000000	61.826000
1010.301599	772.020478	56.000002	61.825000
1010.301602	772.015670	55.999999	61.824000
1010.301599	772.010700	55.999998	61.822000
1010.301601	772.005672	55.999999	61.821000
1010.301598	772.000679	56.000001	61.819000
1010.301602	771.995675	56.000001	61.818000
1010.301600	771.990703	56.000000	61.816000
1010.301599	771.985687	56.000002	61.814000
1010.301598	771.980688	56.000001	61.812000
1010.301606	771.975683	56.000000	61.811000
1010.301600	771.970904	56.000002	61.811000
1010.301598	771.965882	56.000001	61.811000
1010.301601	771.960690	55.999998	61.812000
1010.301600	771.955284	55.999999	61.812000
1010.301600	771.950306	55.999999	61.813000
1010.301600	771.945488	56.000003	61.816000
1010.301598	771.940300	55.999998	61.820000
1010.301599	771.935493	56.000000	61.825000
1010.301599	771.930510	56.000000	61.830000
1010.301600	771.925494	55.999998	61.834000
1010.301602	771.920297	56.000002	61.832000
1010.301598	771.915493	55.999999	61.827000
1010.301604	771.910520	56.000002	61.818000
1010.301603	771.905497	56.000002	61.811000
1010.301601	771.900498	56.000002	61.808000
1010.301600	771.895484	56.000002	61.807000
1010.301607	771.890512	56.000000	61.808000
1010.301598	771.885503	56.000000	61.808000
1010.301595	771.879906	55.999999	61.807000
1010.301599	771.875098	55.999999	61.806000
1010.301600	771.870123	55.999998	61.806000
1010.301601	771.865107	55.999998	61.807000
1010.301603	771.860309	56.000001	61.808000
1010.301603	771.855303	56.000000	61.809000
1010.301599	771.850320	55.999997	61.809000
1010.301602	771.845307	55.999998	61.808000
1010.301601	771.840296	56.000000	61.806000
1010.301603	771.835293	56.000001	61.802000
1010.301598	771.830321	56.000001	61.796000
1010.301598	771.825302	56.000000	61.790000
1010.301599	771.820102	56.000002	61.785000
1010.301600	771.815493	55.999998	61.783000
1010.301601	771.810315	56.000000	61.783000
1010.301603	771.804906	56.000002	61.785000
1010.301600	771.799709	55.999998	61.787000
1010.301599	771.794905	55.999999	61.790000
1010.301599	771.789921	55.999998	61.794000
1010.301599	771.784907	55.999997	61.800000
1010.301603	771.780105	55.999999	61.807000
1010.301600	771.775092	56.000002	61.814000
1010.301597	771.770118	56.000002	61.822000
1010.301597	771.765111	56.000002	61.830000
1010.301600	771.760105	56.000001	61.836000
1010.301600	771.755102	56.000001	61.838000
1010.301601	771.750115	56.000000	61.834000
1010.301600	771.745098	55.999999	61.825000
1010.301602	771.740099	55.999999	61.816000
1010.301597	771.734895	55.999999	61.810000
1010.301597	771.729715	56.000001	61.808000
1010.301601	771.724707	56.000001	61.805000
1010.301598	771.719706	56.000000	61.802000
1010.301601	771.714898	56.000001	61.798000
1010.301604	771.709921	55.999998	61.795000
1010.301602	771.704911	55.999999	61.794000
1010.301599	771.699906	55.999999	61.795000
1010.301599	771.694898	55.999998	61.795000
1010.301596	771.689519	56.000002	61.796000
1010.301596	771.684904	55.999997	61.797000
1010.301598	771.679906	55.999997	61.797000
1010.301600	771.674901	55.999997	61.796000
1010.301600	771.669919	55.999997	61.795000
1010.301601	771.664904	56.000000	61.794000
1010.301600	771.659900	56.000002	61.793000
1010.301600	771.654496	56.000003	61.793000
1010.301601	771.649713	56.000000	61.792000
1010.301597	771.644505	55.999999	61.792000
1010.301603	771.639700	56.000002	61.792000
1010.301600	771.634695	56.000002	61.791000
1010.301599	771.629514	55.999997	61.790000
1010.301596	771.624504	55.999998	61.788000
1010.301602	771.619703	55.999997	61.786000
1010.301602	771.614692	55.999997	61.784000
1010.301599	771.609716	55.999997	61.782000
1010.301601	771.604705	55.999997	61.781000
1010.301601	771.599701	55.999998	61.780000
1010.301603	771.594694	55.999999	61.780000
1010.301597	771.589716	56.000001	61.781000
1010.301601	771.584698	56.000001	61.781000
1010.301598	771.579509	56.000000	61.781000
1010.301602	771.574287	55.999999	61.781000
1010.301603	771.569310	56.000000	61.780000
1010.301602	771.564305	56.000002	61.779000
1010.301600	771.559503	56.000000	61.777000
1010.301603	771.554293	55.999998	61.775000
1010.301599	771.549505	56.000001	61.771000
1010.301604	771.544498	56.000000	61.767000
1010.301602	771.539496	56.000000	61.765000
1010.301601	771.534491	55.999999	61.766000
1010.301601	771.529708	56.000002	61.769000
1010.301598	771.524309	56.000002	61.773000
1010.301601	771.519698	55.999998	61.777000
1010.301602	771.514495	56.000001	61.781000
1010.301600	771.509714	56.000001	61.784000
1010.301602	771.504302	56.000002	61.784000
1010.301601	771.499506	56.000001	61.781000
1010.301602	771.494301	55.999997	61.778000
1010.301598	771.489515	56.000001	61.775000
1010.301600	771.484502	55.999998	61.775000
1010.301601	771.479507	55.999997	61.776000
1010.301598	771.474500	55.999997	61.778000
1010.301601	771.469513	55.999997	61.779000
1010.301600	771.464506	55.999998	61.778000
1010.301600	771.459505	56.000001	61.774000
1010.301601	771.454488	56.000002	61.770000
1010.301599	771.449712	56.000000	61.765000
1010.301599	771.444510	55.999997	61.763000
1010.301601	771.439709	56.000001	61.763000
1010.301601	771.434501	55.999998	61.763000
1010.301599	771.428917	56.000001	61.762000
1010.301600	771.423913	56.000002	61.760000
1010.301601	771.419318	55.999998	61.757000
1010.301602	771.414105	56.000002	61.751000
1010.301601	771.409322	56.000002	61.743000
1010.301603	771.404122	55.999999	61.733000
1010.301601	771.399316	56.000002	61.723000
1010.301599	771.394304	55.999998	61.715000
1010.301601	771.389321	55.999999	61.711000
1010.301599	771.384322	55.999999	61.710000
1010.301604	771.379514	55.999998	61.714000
1010.301604	771.374300	56.000001	61.720000
1010.301600	771.369316	56.000002	61.727000
1010.301602	771.364313	56.000002	61.735000
1010.301598	771.359516	56.000000	61.739000
1010.301599	771.353904	56.000002	61.736000
1010.301600	771.348917	55.999998	61.728000
1010.301599	771.343918	55.999999	61.722000
1010.301601	771.339111	55.999999	61.722000
1010.301603	771.334111	56.000000	61.724000
1010.301598	771.329119	56.000002	61.726000
1010.301601	771.324127	56.000002	61.725000
1010.301601	771.319121	56.000003	61.723000
1010.301603	771.314107	56.000003	61.722000
1010.301604	771.309119	56.000003	61.725000
1010.301604	771.304120	56.000001	61.730000
1010.301598	771.299313	56.000002	61.737000
1010.301599	771.294106	55.999999	61.745000
1010.301601	771.289110	55.999998	61.753000
1010.301603	771.284113	55.999998	61.758000
1010.301599	771.278916	56.000000	61.759000
1010.301595	771.273702	56.000001	61.755000
1010.301601	771.268705	56.000002	61.748000
1010.301600	771.263707	56.000002	61.743000
1010.301596	771.258907	56.000001	61.742000
1010.301600	771.253899	56.000002	61.745000
1010.301599	771.248903	55.999999	61.751000
1010.301600	771.243905	55.999998	61.757000
1010.301597	771.238907	55.999999	61.762000
1010.301600	771.233898	55.999999	61.766000
1010.301600	771.228692	55.999999	61.767000
1010.301600	771.223899	55.999998	61.768000
1010.301598	771.219105	56.000001	61.768000
1010.301602	771.213695	56.000000	61.768000
1010.301598	771.209101	56.000001	61.766000
1010.301604	771.203901	55.999997	61.763000
1010.301602	771.198908	55.999998	61.759000
1010.301599	771.193698	56.000000	61.753000
1010.301600	771.188903	55.999998	61.747000
1010.301596	771.183902	55.999998	61.741000
1010.301596	771.178900	55.999999	61.736000
1010.301600	771.173896	56.000000	61.733000
1010.301603	771.168905	56.000001	61.734000
1010.301602	771.163911	56.000000	61.737000
1010.301597	771.158914	55.999998	61.743000
1010.301603	771.153902	55.999998	61.748000
1010.301601	771.148910	55.999998	61.753000
1010.301600	771.143906	55.999998	61.757000
1010.301601	771.139115	56.000000	61.760000
1010.301599	771.133896	55.999999	61.763000
1010.301600	771.128505	55.999999	61.765000
1010.301601	771.123314	55.999999	61.764000
1010.301595	771.118711	56.000001	61.760000
1010.301601	771.113509	55.999999	61.752000
1010.301599	771.108502	55.999999	61.741000
1010.301601	771.103709	56.000001	61.730000
1010.301603	771.098721	55.999998	61.720000
1010.301602	771.093708	56.000000	61.716000
1010.301598	771.088714	56.000000	61.715000
1010.301600	771.083715	55.999999	61.718000
1010.301594	771.078913	55.999998	61.724000
1010.301602	771.073711	56.000000	61.730000
1010.301596	771.068705	56.000000	61.737000
1010.301597	771.063711	56.000000	61.743000
1010.301601	771.058917	55.999999	61.748000
1010.301600	771.053103	56.000000	61.751000
1010.301591	771.048297	56.000001	61.752000
1010.301599	771.043310	56.000000	61.753000
1010.301603	771.037908	55.999999	61.754000
1010.301598	771.033301	56.000000	61.756000
1010.301600	771.028498	55.999998	61.757000
1010.301600	771.023507	56.000000	61.758000
1010.301601	771.018508	56.000002	61.756000
1010.301599	771.013500	56.000002	61.753000
1010.301596	771.008502	55.999998	61.750000
1010.301595	771.003510	55.999997	61.749000
1010.301601	770.998719	56.000001	61.749000
1010.301604	770.993308	55.999998	61.749000
1010.301600	770.988513	56.000002	61.749000
1010.301599	770.983112	55.999999	61.749000
1010.301600	770.978119	55.999997	61.748000
1010.301601	770.972708	56.000002	61.747000
1010.301599	770.968103	56.000003	61.748000
1010.301600	770.963112	55.999999	61.748000
1010.301598	770.958320	56.000001	61.749000
1010.301604	770.953305	56.000001	61.749000
1010.301598	770.948303	56.000002	61.748000
1010.301601	770.943312	55.999997	61.747000
1010.301595	770.938312	55.999999	61.746000
1010.301600	770.933301	56.000000	61.747000
1010.301600	770.928298	55.999999	61.748000
1010.301601	770.923312	55.999998	61.750000
1010.301602	770.918321	55.999998	61.750000
1010.301603	770.913304	55.999998	61.748000
1010.301602	770.907902	56.000000	61.741000
1010.301598	770.903113	56.000001	61.734000
1010.301601	770.897921	55.999999	61.729000
1010.301599	770.893106	56.000000	61.727000
1010.301601	770.888109	56.000000	61.729000
1010.301601	770.883117	56.000000	61.733000
1010.301602	770.878116	56.000000	61.738000
1010.301605	770.873107	56.000000	61.744000
1010.301607	770.868103	56.000000	61.749000
1010.301604	770.863114	55.999999	61.754000
1010.301603	770.858115	55.999999	61.759000
1010.301600	770.853118	56.000000	61.765000
1010.301602	770.848111	55.999999	61.771000
1010.301599	770.843126	56.000001	61.777000
1010.301604	770.838123	56.000002	61.784000
1010.301597	770.832712	55.999998	61.790000
1010.301600	770.827494	56.000001	61.790000
1010.301601	770.822707	56.000001	61.785000
1010.301595	770.817717	56.000002	61.775000
1010.301602	770.812911	55.999999	61.767000
1010.301599	770.807901	56.000002	61.762000
1010.301600	770.802913	55.999999	61.760000
1010.301599	770.797918	55.999997	61.760000
1010.301598	770.792909	56.000002	61.762000
1010.301600	770.787899	56.000002	61.765000
1010.301599	770.782910	55.999998	61.767000
1010.301599	770.777913	55.999997	61.769000
1010.301601	770.773111	56.000001	61.770000
1010.301603	770.767900	55.999998	61.770000
1010.301604	770.762907	55.999999	61.769000
1010.301600	770.757304	55.999998	61.768000
1010.301599	770.752507	56.000001	61.765000
1010.301601	770.747483	55.999999	61.763000
1010.301599	770.742297	56.000001	61.760000
1010.301606	770.737699	55.999999	61.759000
1010.301598	770.732698	55.999999	61.759000
1010.301600	770.727686	56.000000	61.759000
1010.301601	770.722698	56.000002	61.760000
1010.301597	770.717499	56.000000	61.760000
1010.301601	770.712699	56.000001	61.759000
1010.301601	770.707688	55.999998	61.755000
1010.301600	770.702707	55.999998	61.752000
1010.301601	770.697913	56.000002	61.749000
1010.301602	770.692907	56.000001	61.749000
1010.301602	770.687691	56.000002	61.750000
1010.301598	770.682297	55.999997	61.753000
1010.301598	770.677302	55.999999	61.756000
1010.301602	770.672096	55.999999	61.758000
1010.301600	770.667486	56.000002	61.758000
1010.301596	770.662495	56.000002	61.758000
1010.301601	770.657501	56.000000	61.757000
1010.301596	770.652502	55.999998	61.757000
1010.301599	770.647492	55.999998	61.757000
1010.301602	770.642495	55.999999	61.759000
1010.301604	770.637496	56.000000	61.760000
1010.301602	770.632298	55.999998	61.759000
1010.301601	770.627481	56.000001	61.757000
1010.301602	770.622498	56.000000	61.754000
1010.301600	770.617501	56.000000	61.751000
1010.301603	770.612499	55.999999	61.749000
1010.301600	770.607078	56.000000	61.749000
1010.301602	770.602290	55.999999	61.751000
1010.301604	770.597093	56.000000	61.752000
1010.301598	770.592097	56.000000	61.752000
1010.301601	770.587282	56.000000	61.749000
1010.301597	770.582292	56.000000	61.746000
1010.301602	770.577302	55.999999	61.745000
1010.301596	770.572297	56.000001	61.745000
1010.301598	770.567277	56.000001	61.748000
1010.301599	770.562088	56.000000	61.753000
1010.301597	770.557296	56.000000	61.758000
1010.301597	770.552294	56.000001	61.763000
1010.301599	770.547084	56.000001	61.766000
1010.301599	770.542294	56.000001	61.766000
1010.301596	770.537299	56.000002	61.765000
1010.301600	770.531899	55.999997	61.762000
1010.301598	770.526675	55.999999	61.761000
1010.301598	770.521887	55.999999	61.761000
1010.301598	770.516887	56.000000	61.761000
1010.301599	770.512094	56.000001	61.760000
1010.301601	770.507080	56.000000	61.758000
1010.301599	770.502088	55.999998	61.757000
1010.301601	770.497100	55.999997	61.757000
1010.301601	770.492102	55.999998	61.759000
1010.301601	770.487086	56.000003	61.763000
1010.301602	770.482093	56.000003	61.768000
1010.301597	770.477095	56.000004	61.771000
1010.301602	770.472101	56.000003	61.773000
1010.301600	770.467081	56.000003	61.773000
1010.301594	770.462085	56.000002	61.773000
1010.301600	770.456685	55.999997	61.771000
1010.301601	770.451902	56.000000	61.771000
1010.301601	770.446881	55.999999	61.771000
1010.301603	770.441684	55.999997	61.772000
1010.301602	770.436702	55.999996	61.772000
1010.301599	770.431913	56.000003	61.771000
1010.301600	770.426893	56.000003	61.767000
1010.301606	770.421885	56.000003	61.759000
1010.301595	770.416897	56.000003	61.750000
1010.301601	770.411908	56.000002	61.742000
1010.301599	770.406899	56.000001	61.737000
1010.301599	770.401903	56.000000	61.737000
1010.301602	770.396908	55.999999	61.742000
1010.301599	770.391926	56.000001	61.749000
1010.301601	770.386909	56.000003	61.757000
1010.301602	770.381306	56.000003	61.764000
1010.301598	770.376513	55.999999	61.768000
1010.301598	770.371524	56.000001	61.769000
1010.301601	770.366695	55.999998	61.766000
1010.301601	770.361509	56.000002	61.761000
1010.301600	770.356715	55.999999	61.756000
1010.301598	770.351727	56.000000	61.752000
1010.301598	770.346697	56.000001	61.751000
1010.301603	770.341510	55.999999	61.751000
1010.301601	770.336713	56.000003	61.751000
1010.301602	770.331718	56.000001	61.751000
1010.301603	770.326499	55.999998	61.749000
1010.301603	770.321502	55.999998	61.747000
1010.301596	770.316904	56.000002	61.746000
1010.301599	770.311724	55.999998	61.745000
1010.301603	770.306489	56.000002	61.744000
1010.301599	770.301098	56.000001	61.744000
1010.301605	770.296503	55.999998	61.743000
1010.301601	770.291316	56.000000	61.741000
1010.301604	770.286495	56.000002	61.739000
1010.301594	770.281295	55.999999	61.736000
1010.301600	770.276502	55.999998	61.735000
1010.301596	770.271514	55.999998	61.736000
1010.301602	770.266487	55.999999	61.738000
1010.301600	770.261493	56.000001	61.742000
1010.301601	770.256497	56.000001	61.746000
1010.301602	770.251513	55.999999	61.749000
1010.301603	770.246480	56.000001	61.752000
1010.301601	770.241292	55.999999	61.753000
1010.301599	770.236693	56.000000	61.754000
1010.301600	770.231104	55.999999	61.754000
1010.301599	770.226276	55.999999	61.754000
1010.301605	770.221104	56.000001	61.755000
1010.301606	770.216075	55.999998	61.757000
1010.301598	770.211312	55.999998	61.760000
1010.301601	770.206274	56.000002	61.764000
1010.301604	770.201284	56.000000	61.768000
1010.301603	770.196285	55.999999	61.771000
1010.301601	770.191302	56.000001	61.774000
1010.301599	770.186277	55.999999	61.775000
1010.301600	770.181290	56.000000	61.775000
1010.301602	770.176488	56.000000	61.774000
1010.301598	770.171303	56.000000	61.771000
1010.301603	770.166476	55.999999	61.767000
1010.301602	770.160885	56.000001	61.761000
1010.301596	770.155878	56.000000	61.755000
1010.301598	770.150908	55.999999	61.750000
1010.301600	770.146078	55.999998	61.748000
1010.301600	770.140884	56.000001	61.749000
1010.301599	770.136079	55.999999	61.753000
1010.301600	770.130906	56.000000	61.757000
1010.301599	770.126078	55.999998	61.760000
1010.301600	770.121081	56.000001	61.761000
1010.301599	770.116075	55.999998	61.760000
1010.301598	770.111095	56.000002	61.758000
1010.301604	770.106267	56.000002	61.756000
1010.301600	770.101082	56.000000	61.754000
1010.301600	770.096278	56.000000	61.754000
1010.301597	770.090895	56.000001	61.756000
1010.301598	770.085881	56.000000	61.759000
1010.301597	770.080681	55.999999	61.761000
1010.301602	770.075679	56.000000	61.763000
1010.301597	770.070698	56.000001	61.763000
1010.301599	770.065680	56.000000	61.762000
1010.301600	770.060878	55.999999	61.761000
1010.301600	770.055881	56.000000	61.760000
1010.301605	770.050900	56.000000	61.758000
1010.301603	770.045878	55.999999	61.756000
1010.301602	770.040877	56.000001	61.753000
1010.301602	770.035878	55.999999	61.748000
1010.301605	770.030903	56.000002	61.744000
1010.301603	770.025875	55.999999	61.742000
1010.301598	770.020877	56.000001	61.743000
1010.301598	770.015873	56.000001	61.747000
1010.301599	770.010506	55.999999	61.753000
1010.301600	770.005478	56.000000	61.758000
1010.301598	770.000484	55.999999	61.763000
1010.301598	769.995680	56.000000	61.766000
1010.301598	769.990501	55.999999	61.766000
1010.301599	769.985688	55.999997	61.764000
1010.301600	769.980677	56.000000	61.761000
1010.301596	769.975682	56.000001	61.757000
1010.301597	769.970705	55.999998	61.753000
1010.301597	769.965681	56.000000	61.750000
1010.301601	769.960685	56.000003	61.748000
1010.301600	769.955883	56.000002	61.748000
1010.301597	769.950707	55.999999	61.750000
1010.301599	769.945885	56.000002	61.755000
1010.301602	769.940885	55.999999	61.759000
1010.301599	769.935479	55.999999	61.762000
1010.301602	769.930304	56.000002	61.759000
1010.301601	769.925287	56.000002	61.754000
1010.301600	769.920483	56.000002	61.750000
1010.301599	769.915480	56.000001	61.747000
1010.301600	769.910510	55.999998	61.746000
1010.301598	769.905491	55.999999	61.743000
1010.301602	769.900492	56.000002	61.736000
1010.301600	769.895488	55.999999	61.729000
1010.301599	769.890506	56.000002	61.724000
1010.301598	769.885292	55.999999	61.726000
1010.301601	769.880480	55.999999	61.732000
1010.301599	769.875482	56.000002	61.740000
1010.301599	769.870507	55.999999	61.749000
1010.301598	769.865694	55.999999	61.759000
1010.301602	769.860292	55.999997	61.767000
1010.301601	769.855086	56.000000	61.772000
1010.301600	769.850107	55.999999	61.773000
1010.301604	769.845093	56.000001	61.768000
1010.301603	769.840098	55.999998	61.762000
1010.301603	769.835092	56.000000	61.759000
1010.301602	769.830303	56.000000	61.759000
1010.301602	769.825292	56.000000	61.760000
1010.301604	769.820098	56.000002	61.760000
1010.301597	769.815289	56.000002	61.759000
1010.301600	769.810309	56.000000	61.760000
1010.301597	769.805296	56.000000	61.763000
1010.301600	769.800289	56.000001	61.768000
1010.301601	769.795281	55.999998	61.774000
1010.301600	769.790304	56.000000	61.777000
1010.301599	769.785088	56.000001	61.776000
1010.301602	769.779896	56.000000	61.771000
1010.301602	769.774892	56.000000	61.765000
1010.301599	769.769910	56.000000	61.759000
1010.301600	769.764899	56.000002	61.756000
1010.301600	769.760095	56.000001	61.754000
1010.301601	769.755090	55.999998	61.755000
1010.301601	769.750115	56.000000	61.757000
1010.301601	769.745102	55.999999	61.757000
1010.301602	769.740101	56.000001	61.754000
1010.301599	769.735097	55.999999	61.748000
1010.301599	769.730318	55.999998	61.740000
1010.301600	769.725097	56.000000	61.735000
1010.301601	769.719704	56.000000	61.735000
1010.301598	769.714890	56.000001	61.739000
1010.301597	769.709713	56.000001	61.746000
1010.301602	769.704706	56.000000	61.752000
1010.301601	769.699700	55.999998	61.758000
1010.301601	769.694895	55.999998	61.762000
1010.301606	769.689911	56.000002	61.765000
1010.301598	769.684700	56.000000	61.764000
1010.301605	769.679898	56.000002	61.762000
1010.301597	769.674888	55.999998	61.758000
1010.301600	769.669908	56.000001	61.754000
1010.301603	769.664909	55.999999	61.752000
1010.301600	769.659901	56.000001	61.751000
1010.301599	769.654903	56.000000	61.753000
1010.301598	769.649915	55.999998	61.756000
1010.301602	769.645100	55.999999	61.758000
1010.301603	769.639880	56.000002	61.760000
1010.301603	769.634493	56.000000	61.762000
1010.301599	769.629309	56.000001	61.763000
1010.301601	769.624498	56.000002	61.764000
1010.301600	769.619711	56.000000	61.766000
1010.301597	769.614495	56.000000	61.767000
1010.301599	769.609704	55.999999	61.768000
1010.301597	769.604703	56.000001	61.767000
1010.301597	769.599703	55.999999	61.764000
1010.301600	769.594689	56.000002	61.759000
1010.301603	769.589712	55.999999	61.753000
1010.301600	769.584698	56.000000	61.750000
1010.301599	769.579895	56.000001	61.750000
1010.301600	769.574694	56.000000	61.753000
1010.301600	769.569708	56.000002	61.758000
1010.301597	769.564504	55.999999	61.763000
1010.301600	769.559501	56.000001	61.765000
1010.301601	769.554299	56.000001	61.765000
1010.301597	769.549308	56.000000	61.764000
1010.301600	769.544314	55.999997	61.763000
1010.301596	769.539509	55.999999	61.761000
1010.301600	769.534502	56.000001	61.758000
1010.301597	769.529520	55.999999	61.755000
1010.301604	769.524512	56.000000	61.752000
1010.301603	769.519511	55.999998	61.749000
1010.301598	769.514302	55.999999	61.749000
1010.301605	769.509714	55.999999	61.751000
1010.301600	769.504510	56.000000	61.755000
1010.301597	769.499499	56.000000	61.759000
1010.301600	769.494288	55.999998	61.761000
1010.301599	769.489509	55.999999	61.762000
1010.301600	769.484111	56.000001	61.761000
1010.301601	769.479310	56.000001	61.760000
1010.301599	769.474103	56.000001	61.758000
1010.301601	769.469306	56.000000	61.758000
1010.301599	769.464110	56.000002	61.758000
1010.301599	769.459311	56.000002	61.759000
1010.301600	769.454294	55.999999	61.758000
1010.301598	769.449308	56.000001	61.756000
1010.301597	769.444302	55.999999	61.752000
1010.301602	769.439305	55.999998	61.745000
1010.301598	769.434497	55.999999	61.739000
1010.301599	769.429505	56.000002	61.736000
1010.301604	769.424500	56.000001	61.738000
1010.301604	769.419506	55.999998	61.742000
1010.301601	769.414485	55.999998	61.748000
1010.301601	769.409112	55.999997	61.753000
1010.301595	769.404108	56.000001	61.755000
1010.301606	769.398508	56.000002	61.754000
1010.301600	769.393898	55.999998	61.751000
1010.301599	769.388904	56.000003	61.748000
1010.301603	769.384110	55.999999	61.746000
1010.301600	769.379101	56.000002	61.747000
1010.301599	769.374100	56.000003	61.751000
1010.301601	769.369108	55.999998	61.757000
1010.301601	769.363906	56.000003	61.762000
1010.301598	769.358913	56.000001	61.765000
1010.301600	769.354102	56.000003	61.765000
1010.301603	769.349109	56.000000	61.763000
1010.301596	769.344314	56.000003	61.760000
1010.301600	769.339117	55.999998	61.757000
1010.301597	769.333708	55.999999	61.756000
1010.301599	769.328714	56.000002	61.756000
1010.301601	769.323717	56.000001	61.757000
1010.301598	769.318911	56.000002	61.758000
1010.301600	769.313713	56.000003	61.760000
1010.301601	769.308913	56.000003	61.763000
1010.301601	769.303725	55.999999	61.766000
1010.301599	769.298916	55.999997	61.769000
1010.301597	769.293909	56.000001	61.771000
1010.301598	769.288913	56.000001	61.773000
1010.301601	769.283918	55.999997	61.774000
1010.301600	769.278914	56.000001	61.775000
1010.301599	769.273903	55.999999	61.775000
1010.301599	769.268912	55.999998	61.775000
1010.301603	769.263520	56.000001	61.774000
1010.301600	769.258513	56.000003	61.770000
1010.301602	769.253511	55.999998	61.763000
1010.301601	769.248505	55.999999	61.756000
1010.301601	769.243513	56.000001	61.750000
1010.301604	769.238515	55.999998	61.748000
1010.301595	769.233703	55.999997	61.751000
1010.301600	769.228711	56.000002	61.757000
1010.301598	769.223715	56.000000	61.761000
1010.301595	769.218711	56.000001	61.763000
1010.301597	769.213502	55.999999	61.760000
1010.301599	769.208710	55.999997	61.753000
1010.301603	769.203715	56.000002	61.744000
1010.301603	769.198712	55.999998	61.738000
1010.301602	769.193704	56.000000	61.736000
1010.301602	769.188101	56.000001	61.737000
1010.301603	769.183314	56.000000	61.739000
1010.301603	769.178507	56.000000	61.738000
1010.301602	769.173305	56.000002	61.736000
1010.301600	769.168501	55.999999	61.733000
1010.301602	769.163308	55.999999	61.731000
1010.301603	769.158505	55.999998	61.731000
1010.301602	769.153503	56.000000	61.732000
1010.301599	769.148305	55.999999	61.735000
1010.301600	769.143512	56.000001	61.739000
1010.301604	769.138512	55.999999	61.744000
1010.301603	769.133506	56.000000	61.750000
1010.301604	769.128502	56.000000	61.756000
1010.301602	769.123506	56.000000	61.761000
1010.301600	769.118507	55.999999	61.765000
1010.301602	769.113103	56.000001	61.769000
1010.301598	769.107897	56.000001	61.771000
1010.301598	769.103107	56.000001	61.772000
1010.301598	769.098111	56.000000	61.773000
1010.301602	769.093298	56.000000	61.774000
1010.301598	769.088100	56.000001	61.774000
1010.301601	769.083311	56.000002	61.772000
1010.301602	769.078319	55.999998	61.770000
1010.301598	769.073312	56.000000	61.767000
1010.301601	769.068306	56.000000	61.763000
1010.301602	769.063316	55.999998	61.760000
1010.301598	769.058322	56.000001	61.756000
1010.301600	769.053309	55.999998	61.751000
1010.301600	769.048306	56.000002	61.746000
1010.301603	769.043116	55.999999	61.741000
1010.301601	769.038111	56.000003	61.736000
1010.301603	769.033110	55.999997	61.733000
1010.301601	769.027903	56.000000	61.732000
1010.301604	769.023127	56.000000	61.732000
1010.301601	769.018117	56.000002	61.733000
1010.301602	769.013115	55.999998	61.736000
1010.301602	769.007908	56.000001	61.739000
1010.301602	769.003116	56.000000	61.743000
1010.301598	768.998112	55.999998	61.745000
1010.301598	768.993109	56.000002	61.745000
1010.301599	768.988106	55.999999	61.744000
1010.301599	768.983110	55.999997	61.743000
1010.301599	768.978108	56.000000	61.742000
1010.301600	768.973306	56.000001	61.743000
1010.301600	768.968101	56.000000	61.745000
1010.301598	768.962702	56.000000	61.749000
1010.301600	768.957705	55.999998	61.752000
1010.301603	768.952904	55.999998	61.755000
1010.301599	768.947688	56.000001	61.757000
1010.301601	768.942900	55.999998	61.758000
1010.301599	768.937901	56.000000	61.756000
1010.301596	768.932890	56.000001	61.754000
1010.301600	768.927887	55.999998	61.751000
1010.301600	768.922905	56.000002	61.751000
1010.301600	768.917902	56.000001	61.752000
1010.301600	768.913096	56.000003	61.752000
1010.301600	768.907886	55.999998	61.752000
1010.301600	768.903108	55.999998	61.750000
1010.301599	768.897910	56.000000	61.748000
1010.301599	768.893097	56.000003	61.748000
1010.301602	768.887294	55.999999	61.753000
1010.301596	768.882504	56.000000	61.760000
1010.301600	768.877512	56.000001	61.770000
1010.301598	768.872506	55.999999	61.780000
1010.301602	768.867698	56.000000	61.789000
1010.301600	768.862707	56.000003	61.795000
1010.301600	768.857709	55.999998	61.798000
1010.301600	768.852705	56.000000	61.797000
1010.301601	768.847699	56.000003	61.792000
1010.301599	768.842508	56.000001	61.788000
1010.301600	768.837710	56.000001	61.787000
1010.301603	768.832714	56.000000	61.787000
1010.301599	768.827699	55.999998	61.784000
1010.301599	768.822508	55.999998	61.775000
1010.301603	768.817704	55.999999	61.761000
1010.301600	768.812305	55.999997	61.747000
1010.301601	768.807287	56.000001	61.741000
1010.301601	768.802502	56.000003	61.742000
1010.301602	768.796892	55.999998	61.745000
1010.301601	768.792502	55.999998	61.749000
1010.301602	768.787294	55.999999	61.751000
1010.301599	768.782502	56.000000	61.752000
1010.301598	768.777100	56.000001	61.750000
1010.301596	768.772504	55.999999	61.749000
1010.301599	768.767499	56.000003	61.746000
1010.301598	768.762505	56.000001	61.745000
1010.301597	768.757511	55.999998	61.745000
1010.301600	768.752506	55.999999	61.746000
1010.301600	768.747495	56.000003	61.749000
1010.301600	768.742306	55.999998	61.753000
1010.301603	768.737096	55.999998	61.757000
1010.301597	768.732108	55.999997	61.759000
1010.301598	768.727095	56.000000	61.760000
1010.301601	768.722098	56.000002	61.759000
1010.301597	768.717305	56.000001	61.758000
1010.301602	768.712105	55.999998	61.757000
1010.301603	768.707301	56.000000	61.756000
1010.301600	768.702305	55.999997	61.755000
1010.301603	768.697305	55.999997	61.754000
1010.301602	768.692106	56.000003	61.752000
1010.301596	768.687291	56.000003	61.748000
1010.301598	768.682297	56.000003	61.744000
1010.301598	768.677307	55.999998	61.741000
1010.301600	768.672306	55.999998	61.740000
1010.301601	768.667491	55.999997	61.742000
1010.301600	768.661895	56.000001	61.745000
1010.301602	768.656902	56.000003	61.748000
1010.301597	768.652102	56.000003	61.752000
1010.301599	768.646889	55.999997	61.756000
1010.301599	768.642097	55.999998	61.760000
1010.301602	768.636892	55.999998	61.765000
1010.301605	768.632109	55.999998	61.770000
1010.301597	768.627088	55.999997	61.773000
1010.301599	768.622098	55.999998	61.773000
1010.301597	768.617096	56.000002	61.770000
1010.301599	768.612105	56.000001	61.762000
1010.301601	768.606885	56.000002	61.753000
1010.301602	768.602102	56.000000	61.747000
1010.301600	768.597108	56.000002	61.744000
1010.301598	768.592107	56.000002	61.744000
1010.301597	768.586683	56.000002	61.744000
1010.301602	768.581693	55.999999	61.744000
1010.301595	768.576689	55.999997	61.744000
1010.301595	768.571701	56.000000	61.745000
1010.301602	768.566884	55.999997	61.746000
1010.301603	768.561894	56.000000	61.747000
1010.301597	768.556892	56.000003	61.746000
1010.301602	768.551895	56.000000	61.745000
1010.301601	768.546681	56.000002	61.742000
1010.301599	768.541692	56.000003	61.739000
1010.301601	768.536893	56.000003	61.736000
1010.301603	768.531908	55.999999	61.735000
1010.301595	768.526676	56.000002	61.735000
1010.301605	768.521897	56.000000	61.736000
1010.301599	768.517101	56.000003	61.740000
1010.301600	768.511507	55.999999	61.746000
1010.301603	768.506286	56.000002	61.752000
1010.301598	768.501486	55.999998	61.758000
1010.301600	768.496489	55.999998	61.762000
1010.301600	768.491506	56.000000	61.765000
1010.301599	768.486686	55.999997	61.766000
1010.301601	768.481491	56.000002	61.764000
1010.301599	768.476694	56.000002	61.762000
1010.301602	768.471703	56.000003	61.761000
1010.301600	768.466680	56.000002	61.760000
1010.301602	768.461688	56.000000	61.761000
1010.301601	768.456686	56.000000	61.760000
1010.301601	768.451699	55.999999	61.760000
1010.301601	768.446684	55.999998	61.759000
1010.301603	768.441691	55.999998	61.759000
1010.301598	768.436483	56.000002	61.761000
1010.301599	768.431502	55.999999	61.764000
1010.301605	768.426480	55.999997	61.768000
1010.301600	768.421689	56.000001	61.772000
1010.301594	768.416485	55.999997	61.774000
1010.301602	768.411496	55.999998	61.774000
1010.301598	768.406685	55.999997	61.771000
1010.301600	768.401685	55.999997	61.766000
1010.301600	768.396490	56.000002	61.761000
1010.301601	768.391707	55.999998	61.757000
1010.301599	768.386696	56.000000	61.756000
1010.301599	768.381695	56.000002	61.757000
1010.301601	768.376497	56.000000	61.760000
1010.301601	768.371710	56.000003	61.764000
1010.301597	768.366693	56.000003	61.766000
1010.301602	768.361295	55.999998	61.765000
1010.301599	768.356294	55.999997	61.760000
1010.301597	768.351106	56.000002	61.753000
1010.301598	768.346490	55.999999	61.746000
1010.301598	768.341486	56.000000	61.743000
1010.301597	768.336490	55.999999	61.745000
1010.301599	768.331502	55.999997	61.749000
1010.301599	768.326494	55.999998	61.753000
1010.301598	768.321484	55.999998	61.756000
1010.301599	768.316495	55.999998	61.759000
1010.301599	768.311497	55.999999	61.761000
1010.301597	768.306485	55.999999	61.765000
1010.301601	768.301485	55.999998	61.769000
1010.301598	768.296288	55.999999	61.774000
1010.301598	768.291103	56.000003	61.780000
1010.301598	768.286284	56.000000	61.783000
1010.301603	768.280884	55.999997	61.784000
1010.301599	768.276287	55.999998	61.781000
1010.301604	768.271105	56.000003	61.775000
1010.301600	768.266290	55.999997	61.769000
1010.301598	768.261292	55.999996	61.763000
1010.301597	768.256288	55.999997	61.757000
1010.301596	768.251310	55.999999	61.752000
1010.301599	768.246290	56.000001	61.749000
1010.301599	768.241287	56.000001	61.747000
1010.301599	768.236294	56.000002	61.750000
1010.301599	768.231303	56.000003	61.755000
1010.301597	768.226484	55.999998	61.760000
1010.301598	768.221284	56.000003	61.762000
1010.301598	768.216088	55.999999	61.760000
1010.301598	768.210903	55.999997	61.755000
1010.301601	768.205887	55.999998	61.748000
1010.301598	768.200883	55.999999	61.741000
1010.301601	768.196084	56.000001	61.737000
1010.301600	768.191111	56.000002	61.735000
1010.301600	768.186088	56.000001	61.736000
1010.301594	768.181088	55.999999	61.737000
1010.301602	768.176091	55.999999	61.738000
1010.301597	768.171112	55.999999	61.738000
1010.301601	768.166084	55.999998	61.738000
1010.301596	768.161290	56.000003	61.738000
1010.301596	768.155890	55.999999	61.738000
1010.301598	768.151104	55.999998	61.740000
1010.301601	768.146086	55.999999	61.742000
1010.301602	768.140681	56.000002	61.744000
1010.301603	768.135681	56.000001	61.746000
1010.301601	768.130706	56.000000	61.747000
1010.301599	768.125879	56.000001	61.747000
1010.301602	768.120688	56.000000	61.747000
1010.301602	768.115884	56.000002	61.745000
1010.301599	768.110906	56.000002	61.742000
1010.301597	768.105688	55.999999	61.740000
1010.301601	768.100885	55.999998	61.738000
1010.301600	768.095882	55.999998	61.738000
1010.301601	768.090899	55.999999	61.741000
1010.301602	768.085881	56.000002	61.746000
1010.301601	768.080880	56.000002	61.753000
1010.301599	768.075884	55.999999	61.760000
1010.301602	768.070894	56.000002	61.767000
1010.301598	768.065683	55.999999	61.773000
1010.301604	768.060486	55.999999	61.778000
1010.301599	768.055481	56.000000	61.780000
1010.301601	768.050504	56.000001	61.778000
1010.301601	768.045678	55.999998	61.773000
1010.301604	768.040688	55.999999	61.766000
1010.301601	768.035687	56.000001	61.760000
1010.301604	768.030709	56.000002	61.756000
1010.301599	768.025698	56.000002	61.755000
1010.301601	768.020702	56.000002	61.756000
1010.301598	768.015901	56.000001	61.758000
1010.301603	768.010716	55.999999	61.761000
1010.301601	768.005701	55.999998	61.765000
1010.301601	768.000695	55.999999	61.768000
1010.301600	767.995698	56.000002	61.769000
1010.301599	767.990319	56.000000	61.769000
1010.301602	767.985306	56.000001	61.768000
1010.301601	767.980303	56.000003	61.768000
1010.301598	767.975294	56.000002	61.769000
1010.301602	767.970314	56.000002	61.771000
1010.301603	767.965493	55.999997	61.772000
1010.301600	767.960296	56.000003	61.771000
1010.301599	767.955486	55.999998	61.767000
1010.301602	767.950505	56.000000	61.763000
1010.301601	767.945484	56.000001	61.760000
1010.301605	767.940489	56.000002	61.760000
1010.301603	767.935480	56.000001	61.763000
1010.301605	767.930504	55.999998	61.767000
1010.301598	767.925482	55.999999	61.770000
1010.301602	767.920488	55.999999	61.771000
1010.301601	767.914890	55.999998	61.767000
1010.301599	767.909907	55.999997	61.760000
1010.301597	767.905093	56.000003	61.751000
1010.301603	767.900094	56.000002	61.743000
1010.301611	767.895935	55.999996	61.739000
