961.037290	779.387600	55.999998	50.806000
961.039316	779.385808	55.999998	50.805000
961.040119	779.380884	56.000000	50.805000
961.040533	779.375625	56.000001	50.806000
961.040756	779.370058	56.000000	50.806000
961.040782	779.364940	55.999999	50.806000
961.040801	779.359814	56.000001	50.806000
961.040786	779.354778	56.000000	50.805000
961.040794	779.349676	56.000000	50.803000
961.040766	779.344466	55.999999	50.801000
961.040775	779.339642	56.000000	50.800000
961.040757	779.334581	56.000000	50.799000
961.040766	779.329590	56.000003	50.799000
961.040741	779.324359	55.999998	50.798000
961.040749	779.319563	56.000001	50.797000
961.040737	779.314538	56.000000	50.796000
961.040741	779.309529	56.000000	50.795000
961.040729	779.304536	55.999999	50.795000
961.040729	779.299533	56.000000	50.796000
961.040719	779.294111	56.000000	50.796000
961.040722	779.289094	56.000000	50.796000
961.040719	779.284101	56.000002	50.796000
961.040719	779.279105	56.000003	50.796000
961.040716	779.274278	55.999998	50.796000
961.040710	779.269077	56.000003	50.796000
961.040709	779.264072	56.000001	50.796000
961.040708	779.259093	55.999999	50.796000
961.040711	779.254261	55.999998	50.795000
961.040703	779.249062	55.999997	50.794000
961.040707	779.244268	56.000001	50.794000
961.040704	779.239269	55.999999	50.794000
961.040707	779.234253	55.999999	50.795000
961.040702	779.229052	55.999999	50.796000
961.040703	779.224269	56.000000	50.798000
961.040701	779.218859	56.000001	50.800000
961.040704	779.213856	56.000001	50.801000
961.040702	779.208832	56.000001	50.802000
961.040702	779.203851	56.000000	50.804000
961.040703	779.198856	56.000000	50.806000
961.040704	779.193844	56.000001	50.808000
961.040703	779.188840	56.000003	50.810000
961.040704	779.183848	56.000002	50.812000
961.040706	779.178854	56.000003	50.813000
961.040701	779.173836	56.000003	50.815000
961.040701	779.168829	56.000003	50.815000
961.040699	779.163845	56.000002	50.815000
961.040702	779.158645	55.999999	50.815000
961.040699	779.154038	55.999998	50.815000
961.040701	779.149032	55.999996	50.815000
961.040704	779.143646	56.000000	50.815000
961.040701	779.138645	55.999999	50.814000
961.040704	779.133642	56.000001	50.813000
961.040700	779.128624	55.999999	50.811000
961.040705	779.123640	55.999999	50.809000
961.040702	779.118649	55.999999	50.808000
961.040702	779.113637	56.000000	50.805000
961.040702	779.108635	56.000001	50.803000
961.040702	779.103646	56.000001	50.800000
961.040704	779.098662	56.000003	50.797000
961.040703	779.093645	56.000003	50.794000
961.040701	779.088634	56.000002	50.790000
961.040697	779.083850	55.999998	50.787000
961.040701	779.078652	55.999997	50.784000
961.040700	779.073844	56.000003	50.781000
961.040701	779.068432	55.999999	50.778000
961.040700	779.063443	56.000000	50.774000
961.040700	779.058246	56.000002	50.771000
961.040701	779.053449	55.999998	50.768000
961.040698	779.048436	55.999996	50.765000
961.040703	779.043245	56.000000	50.764000
961.040703	779.038452	55.999997	50.761000
961.040703	779.033444	56.000001	50.759000
961.040703	779.028431	56.000000	50.756000
961.040700	779.023444	56.000003	50.752000
961.040703	779.018454	56.000002	50.750000
961.040699	779.013444	56.000001	50.748000
961.040700	779.008436	55.999999	50.749000
961.040700	779.003446	55.999999	50.750000
961.040702	778.998657	55.999999	50.752000
961.040699	778.993049	55.999998	50.754000
961.040706	778.988234	56.000002	50.756000
961.040705	778.983238	56.000001	50.758000
961.040702	778.978245	56.000002	50.760000
961.040704	778.973239	56.000003	50.762000
961.040702	778.968425	55.999997	50.765000
961.040701	778.963437	55.999997	50.768000
961.040699	778.958240	56.000002	50.771000
961.040701	778.953438	55.999998	50.775000
961.040699	778.948225	56.000003	50.778000
961.040701	778.943236	56.000002	50.781000
961.040701	778.938240	56.000002	50.784000
961.040701	778.933237	56.000001	50.787000
961.040702	778.928430	55.999998	50.789000
961.040704	778.923434	56.000002	50.790000
961.040699	778.918041	55.999998	50.791000
961.040702	778.913046	55.999996	50.793000
961.040699	778.908017	55.999997	50.794000
961.040697	778.903029	55.999999	50.797000
961.040701	778.898034	55.999999	50.800000
961.040701	778.892843	56.000002	50.804000
961.040699	778.888023	55.999997	50.808000
961.040699	778.883032	55.999997	50.810000
961.040699	778.878034	55.999999	50.811000
961.040700	778.873037	55.999999	50.811000
961.040697	778.868024	55.999998	50.810000
961.040699	778.863032	55.999999	50.810000
961.040700	778.858036	55.999999	50.810000
961.040701	778.853240	56.000001	50.810000
961.040697	778.848219	55.999999	50.811000
961.040697	778.842831	55.999998	50.810000
961.040698	778.837835	55.999998	50.810000
961.040699	778.832835	56.000001	50.809000
961.040698	778.827810	56.000004	50.809000
961.040698	778.822826	56.000003	50.808000
961.040699	778.817841	56.000001	50.807000
961.040697	778.812839	55.999998	50.805000
961.040696	778.807616	56.000003	50.804000
961.040698	778.802830	55.999998	50.804000
961.040697	778.797830	55.999998	50.805000
961.040698	778.792842	55.999999	50.806000
961.040696	778.787819	55.999998	50.807000
961.040699	778.783035	56.000002	50.808000
961.040702	778.777840	55.999997	50.808000
961.040699	778.772838	55.999999	50.808000
961.040701	778.768025	56.000002	50.809000
961.040700	778.762629	55.999998	50.808000
961.040701	778.757630	56.000000	50.808000
961.040698	778.752643	56.000000	50.808000
961.040698	778.747612	56.000003	50.808000
961.040695	778.742427	55.999998	50.808000
961.040696	778.737634	56.000002	50.807000
961.040698	778.732641	56.000004	50.807000
961.040700	778.727623	56.000002	50.806000
961.040697	778.722635	56.000002	50.806000
961.040695	778.717842	55.999998	50.806000
961.040697	778.712647	55.999997	50.805000
961.040701	778.707815	56.000003	50.805000
961.040697	778.702423	56.000001	50.804000
961.040697	778.697832	56.000003	50.804000
961.040698	778.692832	56.000003	50.803000
961.040698	778.687403	55.999999	50.802000
961.040698	778.682423	55.999997	50.801000
961.040699	778.677220	56.000003	50.801000
961.040698	778.672438	55.999996	50.801000
961.040697	778.667622	56.000003	50.800000
961.040698	778.662426	55.999997	50.799000
961.040699	778.657636	56.000003	50.797000
961.040697	778.652439	55.999998	50.794000
961.040697	778.647619	56.000003	50.792000
961.040698	778.642429	55.999997	50.790000
961.040698	778.637631	56.000003	50.789000
961.040697	778.632639	56.000003	50.789000
961.040697	778.627617	56.000003	50.789000
961.040701	778.622422	55.999997	50.789000
961.040698	778.617625	56.000003	50.789000
961.040699	778.612233	55.999998	50.790000
961.040700	778.607210	55.999998	50.791000
961.040701	778.602218	55.999999	50.791000
961.040697	778.597214	56.000001	50.792000
961.040703	778.592035	56.000000	50.792000
961.040696	778.587210	56.000003	50.793000
961.040699	778.582215	56.000003	50.793000
961.040698	778.577219	56.000003	50.794000
961.040700	778.572229	56.000003	50.794000
961.040700	778.567213	56.000002	50.795000
961.040696	778.562412	55.999999	50.795000
961.040696	778.557419	56.000001	50.796000
961.040699	778.552232	56.000000	50.796000
961.040695	778.547409	56.000003	50.796000
961.040699	778.542416	56.000003	50.796000
961.040698	778.536813	56.000002	50.796000
961.040701	778.532036	56.000003	50.796000
961.040707	778.526815	55.999998	50.796000
961.040699	778.522020	56.000001	50.796000
961.040700	778.517219	56.000001	50.796000
961.040702	778.512036	56.000001	50.796000
961.040702	778.507012	56.000002	50.796000
961.040699	778.502016	56.000002	50.796000
961.040699	778.497222	56.000002	50.796000
961.040697	778.492032	55.999998	50.798000
961.040698	778.487006	55.999997	50.799000
961.040698	778.482012	55.999997	50.800000
961.040700	778.477219	55.999999	50.800000
961.040700	778.472036	56.000002	50.799000
961.040700	778.467207	55.999997	50.798000
961.040698	778.461615	56.000000	50.798000
961.040702	778.456818	55.999999	50.797000
961.040700	778.451837	56.000002	50.797000
961.040703	778.446813	56.000002	50.796000
961.040699	778.441819	56.000003	50.794000
961.040700	778.436623	55.999998	50.793000
961.040700	778.431841	55.999998	50.792000
961.040698	778.426817	56.000002	50.791000
961.040700	778.421819	56.000000	50.791000
961.040701	778.416818	55.999998	50.792000
961.040699	778.411838	56.000000	50.793000
961.040702	778.407017	55.999999	50.795000
961.040701	778.401827	55.999999	50.795000
961.040700	778.397027	55.999999	50.795000
961.040701	778.392048	56.000002	50.796000
961.040702	778.386628	56.000000	50.796000
961.040700	778.381632	56.000000	50.797000
961.040697	778.376437	55.999999	50.798000
961.040701	778.371655	56.000000	50.798000
961.040701	778.366630	56.000001	50.798000
961.040701	778.361629	55.999999	50.798000
961.040701	778.356627	56.000000	50.798000
961.040700	778.351649	56.000001	50.799000
961.040701	778.346630	55.999998	50.800000
961.040698	778.341638	56.000002	50.802000
961.040699	778.336633	55.999998	50.803000
961.040702	778.331854	55.999999	50.805000
961.040707	778.326833	56.000001	50.806000
961.040701	778.321844	56.000000	50.808000
961.040701	778.316842	56.000001	50.809000
961.040694	778.311263	56.000002	50.810000
961.040696	778.306447	56.000002	50.810000
961.040702	778.301445	55.999999	50.810000
961.040700	778.296442	56.000001	50.810000
961.040702	778.291462	56.000000	50.809000
961.040703	778.286438	56.000000	50.809000
961.040702	778.281437	55.999999	50.809000
961.040702	778.276431	56.000001	50.808000
961.040699	778.271457	55.999998	50.806000
961.040700	778.266424	56.000002	50.805000
961.040700	778.261429	55.999999	50.803000
961.040697	778.256426	55.999997	50.802000
961.040703	778.251646	55.999998	50.801000
961.040700	778.246421	55.999999	50.800000
961.040702	778.241632	56.000001	50.798000
961.040701	778.236226	56.000001	50.795000
961.040700	778.231253	56.000000	50.794000
961.040697	778.226032	55.999999	50.793000
961.040700	778.221233	56.000001	50.792000
961.040702	778.216227	55.999998	50.792000
961.040700	778.211047	55.999999	50.792000
961.040702	778.206232	55.999999	50.791000
961.040698	778.201231	56.000001	50.792000
961.040697	778.196217	55.999999	50.792000
961.040701	778.191239	56.000000	50.792000
961.040697	778.186216	56.000002	50.793000
961.040703	778.181221	55.999997	50.792000
961.040696	778.176214	55.999998	50.792000
961.040702	778.171234	56.000002	50.792000
961.040701	778.166411	56.000002	50.791000
961.040701	778.161413	55.999999	50.791000
961.040699	778.156012	55.999998	50.791000
961.040699	778.151028	56.000002	50.791000
961.040702	778.146013	55.999999	50.790000
961.040696	778.141020	56.000000	50.790000
961.040699	778.136013	55.999999	50.789000
961.040697	778.131036	55.999999	50.788000
961.040699	778.125823	56.000002	50.788000
961.040696	778.121020	56.000000	50.787000
961.040697	778.116016	56.000001	50.787000
961.040698	778.111039	56.000000	50.788000
961.040697	778.106024	56.000000	50.788000
961.040698	778.101220	55.999999	50.790000
961.040695	778.096013	55.999998	50.791000
961.040697	778.091238	55.999998	50.793000
961.040697	778.086226	56.000001	50.794000
961.040696	778.080822	56.000002	50.795000
961.040698	778.075816	55.999998	50.795000
961.040694	778.070832	56.000004	50.795000
961.040702	778.065821	56.000000	50.796000
961.040698	778.061015	55.999999	50.797000
961.040697	778.055800	56.000002	50.798000
961.040701	778.051027	56.000002	50.800000
961.040700	778.045818	56.000000	50.802000
961.040699	778.041013	56.000002	50.804000
961.040699	778.035806	55.999999	50.806000
961.040697	778.031030	56.000000	50.808000
961.040696	778.026015	56.000001	50.809000
961.040701	778.020815	56.000001	50.809000
961.040696	778.015813	56.000001	50.810000
961.040699	778.011033	56.000000	50.810000
961.040699	778.005624	55.999999	50.811000
961.040700	778.000626	55.999999	50.811000
961.040696	777.995609	56.000000	50.811000
961.040699	777.990632	55.999998	50.811000
961.040697	777.985628	56.000002	50.812000
961.040700	777.980426	56.000002	50.813000
961.040699	777.975616	56.000002	50.813000
961.040701	777.970637	55.999998	50.813000
961.040701	777.965431	55.999999	50.813000
961.040698	777.960820	56.000001	50.813000
961.040702	777.955617	56.000002	50.813000
961.040700	777.950839	56.000002	50.814000
961.040699	777.945629	56.000002	50.815000
961.040701	777.940434	55.999997	50.815000
961.040702	777.935622	55.999997	50.815000
961.040700	777.930438	55.999998	50.814000
961.040701	777.925435	56.000001	50.814000
961.040698	777.920433	56.000000	50.813000
961.040700	777.915428	55.999998	50.812000
961.040699	777.910443	56.000003	50.811000
961.040701	777.905437	55.999999	50.811000
961.040699	777.900436	56.000001	50.809000
961.040700	777.895223	55.999997	50.808000
961.040697	777.890440	55.999997	50.807000
961.040703	777.885427	56.000002	50.806000
961.040701	777.880227	55.999998	50.806000
961.040702	777.875416	55.999997	50.807000
961.040699	777.870637	55.999997	50.808000
961.040702	777.865431	56.000003	50.808000
961.040699	777.860626	56.000003	50.809000
961.040700	777.855621	56.000001	50.809000
961.040704	777.850236	56.000001	50.809000
961.040701	777.845236	55.999997	50.811000
961.040698	777.840227	55.999999	50.812000
961.040702	777.835218	56.000002	50.813000
961.040701	777.830035	55.999997	50.813000
961.040701	777.825229	55.999996	50.813000
961.040700	777.820235	56.000001	50.812000
961.040699	777.815225	56.000003	50.810000
961.040701	777.810241	56.000002	50.809000
961.040700	777.805245	55.999997	50.808000
961.040702	777.800242	55.999999	50.808000
961.040701	777.795227	56.000001	50.808000
961.040699	777.790441	55.999997	50.808000
961.040703	777.785238	56.000001	50.807000
961.040701	777.780441	56.000002	50.806000
961.040703	777.775032	56.000003	50.804000
961.040702	777.770038	56.000000	50.803000
961.040701	777.765038	55.999997	50.802000
961.040703	777.760036	55.999999	50.803000
961.040701	777.755022	56.000002	50.803000
961.040704	777.750034	56.000000	50.803000
961.040701	777.745038	55.999997	50.802000
961.040702	777.740035	56.000002	50.801000
961.040702	777.735019	56.000002	50.800000
961.040701	777.729837	56.000001	50.798000
961.040700	777.725043	55.999999	50.796000
961.040701	777.719848	55.999997	50.795000
961.040700	777.715029	56.000000	50.794000
961.040705	777.710240	56.000003	50.793000
961.040702	777.705235	55.999997	50.792000
961.040702	777.699656	55.999999	50.792000
961.040700	777.694834	55.999997	50.792000
961.040701	777.689839	56.000000	50.792000
961.040700	777.684841	56.000002	50.793000
961.040700	777.679843	56.000002	50.795000
961.040698	777.674823	55.999998	50.797000
961.040699	777.669839	55.999998	50.800000
961.040698	777.664828	56.000002	50.803000
961.040698	777.659840	56.000003	50.805000
961.040701	777.654821	55.999999	50.806000
961.040699	777.649832	55.999997	50.806000
961.040700	777.644639	56.000001	50.806000
961.040703	777.640035	56.000001	50.806000
961.040699	777.634819	55.999999	50.807000
961.040700	777.630033	56.000000	50.808000
961.040698	777.624638	55.999999	50.808000
961.040698	777.619646	56.000002	50.809000
961.040698	777.614632	56.000001	50.809000
961.040699	777.609639	55.999998	50.809000
961.040696	777.604646	56.000002	50.809000
961.040699	777.599641	56.000001	50.809000
961.040697	777.594632	55.999998	50.810000
961.040699	777.589642	56.000001	50.811000
961.040697	777.584643	56.000000	50.812000
961.040701	777.579645	56.000001	50.813000
961.040699	777.574633	55.999999	50.813000
961.040699	777.569645	56.000002	50.814000
961.040700	777.564642	55.999999	50.814000
961.040702	777.559640	56.000001	50.815000
961.040698	777.554817	56.000001	50.816000
961.040697	777.549439	55.999999	50.816000
961.040697	777.544433	56.000000	50.817000
961.040694	777.539436	55.999999	50.817000
961.040700	777.534423	56.000001	50.816000
961.040700	777.529428	55.999999	50.815000
961.040697	777.524428	56.000001	50.815000
961.040698	777.519434	55.999999	50.814000
961.040697	777.514222	55.999999	50.813000
961.040699	777.509425	56.000001	50.811000
961.040700	777.504433	55.999999	50.809000
961.040701	777.499437	56.000000	50.806000
961.040700	777.494226	56.000001	50.804000
961.040699	777.489430	56.000000	50.802000
961.040697	777.484641	56.000000	50.801000
961.040697	777.479641	55.999999	50.801000
961.040696	777.474231	56.000001	50.802000
961.040700	777.469241	56.000000	50.802000
961.040700	777.464246	56.000001	50.802000
961.040698	777.459249	55.999999	50.802000
961.040700	777.454438	55.999998	50.801000
961.040698	777.449441	56.000001	50.802000
961.040694	777.444244	56.000001	50.802000
961.040697	777.439249	55.999999	50.804000
961.040698	777.434438	55.999999	50.805000
961.040699	777.429244	56.000001	50.806000
961.040695	777.424455	56.000001	50.807000
961.040698	777.419245	56.000000	50.808000
961.040697	777.414443	55.999999	50.809000
961.040698	777.409441	56.000001	50.810000
961.040695	777.404244	56.000001	50.812000
961.040698	777.399046	56.000000	50.814000
961.040701	777.394040	56.000000	50.816000
961.040697	777.389038	56.000001	50.818000
961.040695	777.383842	56.000000	50.819000
961.040697	777.379049	56.000001	50.821000
961.040700	777.374035	56.000000	50.822000
961.040699	777.369038	55.999999	50.824000
961.040700	777.363844	56.000000	50.825000
961.040698	777.359051	56.000000	50.826000
961.040698	777.354043	56.000000	50.827000
961.040696	777.349035	56.000000	50.826000
961.040701	777.344047	56.000000	50.825000
961.040698	777.339243	55.999999	50.824000
961.040699	777.334232	56.000000	50.823000
961.040701	777.329034	56.000000	50.822000
961.040699	777.323840	56.000000	50.820000
961.040702	777.318842	56.000000	50.818000
961.040700	777.313836	56.000001	50.816000
961.040700	777.308630	56.000000	50.814000
961.040705	777.303841	56.000000	50.813000
961.040699	777.298846	56.000000	50.813000
961.040701	777.294035	56.000000	50.812000
961.040698	777.288833	56.000000	50.811000
961.040700	777.283836	56.000000	50.810000
961.040704	777.278641	56.000001	50.809000
961.040699	777.274034	55.999999	50.808000
961.040700	777.268833	56.000000	50.806000
961.040698	777.264042	55.999999	50.805000
961.040700	777.258848	55.999999	50.804000
961.040697	777.254038	55.999998	50.803000
961.040700	777.249036	55.999999	50.801000
961.040700	777.243635	55.999997	50.800000
961.040700	777.238644	55.999997	50.800000
961.040702	777.233832	55.999999	50.800000
961.040705	777.228627	55.999998	50.800000
961.040699	777.223637	55.999999	50.800000
961.040698	777.218644	55.999998	50.800000
961.040700	777.213831	56.000000	50.800000
961.040700	777.208620	55.999998	50.801000
961.040698	777.203833	56.000001	50.803000
961.040702	777.198641	55.999997	50.804000
961.040701	777.193630	55.999997	50.805000
961.040703	777.188620	55.999997	50.804000
961.040700	777.183839	56.000002	50.803000
961.040700	777.178843	56.000002	50.802000
961.040701	777.173834	56.000004	50.800000
961.040699	777.168429	55.999997	50.797000
961.040700	777.163431	55.999997	50.794000
961.040701	777.158440	55.999997	50.792000
961.040702	777.153432	55.999998	50.790000
961.040698	777.148222	56.000001	50.789000
961.040699	777.143033	56.000000	50.788000
961.040698	777.138446	55.999996	50.786000
961.040700	777.133434	55.999999	50.785000
961.040701	777.128421	56.000003	50.785000
961.040699	777.123424	56.000002	50.785000
961.040702	777.118232	56.000002	50.787000
961.040701	777.113425	55.999998	50.788000
961.040700	777.108418	56.000000	50.789000
961.040701	777.103637	55.999997	50.789000
961.040701	777.098642	55.999998	50.790000
961.040702	777.093237	56.000000	50.790000
961.040701	777.088225	56.000000	50.790000
961.040698	777.083238	55.999999	50.791000
961.040701	777.078241	55.999999	50.792000
961.040696	777.073238	55.999997	50.793000
961.040699	777.068223	55.999998	50.793000
961.040699	777.063027	56.000000	50.793000
961.040701	777.058235	55.999998	50.793000
961.040701	777.053233	55.999998	50.793000
961.040700	777.048231	55.999998	50.792000
961.040698	777.043231	55.999999	50.792000
961.040702	777.038240	56.000000	50.792000
961.040700	777.033434	56.000002	50.791000
961.040700	777.028425	56.000003	50.790000
961.040700	777.023425	56.000001	50.788000
961.040698	777.018035	55.999997	50.787000
961.040696	777.012825	56.000002	50.786000
961.040701	777.008015	55.999997	50.785000
961.040700	777.003023	55.999998	50.783000
961.040697	776.997837	56.000002	50.782000
961.040699	776.993036	55.999997	50.781000
961.040697	776.988024	55.999997	50.779000
961.040698	776.983031	55.999997	50.778000
961.040699	776.978031	55.999998	50.777000
961.040697	776.973035	55.999997	50.777000
961.040699	776.968019	55.999998	50.777000
961.040700	776.963036	55.999997	50.777000
961.040699	776.958039	55.999998	50.779000
961.040701	776.953239	56.000002	50.781000
961.040701	776.948019	56.000000	50.783000
961.040696	776.942825	56.000000	50.785000
961.040699	776.937836	56.000002	50.787000
961.040699	776.932839	56.000002	50.789000
961.040701	776.927612	56.000000	50.791000
961.040701	776.922829	56.000000	50.794000
961.040696	776.917630	56.000002	50.796000
961.040696	776.912835	56.000000	50.799000
961.040701	776.907818	56.000002	50.802000
961.040700	776.902834	56.000001	50.804000
961.040697	776.897837	56.000000	50.806000
961.040694	776.892841	55.999999	50.808000
961.040700	776.888029	55.999998	50.809000
961.040699	776.883038	55.999998	50.811000
961.040701	776.877836	56.000003	50.814000
961.040699	776.872842	56.000002	50.816000
961.040700	776.867618	55.999999	50.819000
961.040702	776.862428	56.000001	50.822000
961.040696	776.857638	55.999998	50.824000
961.040701	776.852643	55.999997	50.826000
961.040698	776.847414	56.000000	50.827000
961.040697	776.842427	56.000001	50.827000
961.040699	776.837628	56.000001	50.828000
961.040698	776.832639	55.999999	50.828000
961.040696	776.827613	55.999997	50.829000
961.040698	776.822627	55.999998	50.829000
961.040699	776.817837	56.000003	50.828000
961.040699	776.812642	55.999999	50.827000
961.040701	776.807818	56.000003	50.825000
961.040697	776.802837	56.000002	50.824000
961.040699	776.797840	56.000002	50.824000
961.040702	776.792446	56.000000	50.824000
961.040699	776.787214	56.000000	50.823000
961.040698	776.782422	56.000000	50.822000
961.040700	776.777629	55.999999	50.822000
961.040699	776.772444	56.000000	50.822000
961.040696	776.767213	55.999998	50.824000
961.040698	776.762429	56.000001	50.826000
961.040694	776.757626	55.999998	50.827000
961.040698	776.752443	56.000001	50.828000
961.040697	776.747402	55.999997	50.829000
961.040698	776.742418	55.999997	50.831000
961.040695	776.737628	56.000003	50.833000
961.040699	776.732436	56.000000	50.835000
961.040697	776.727613	56.000003	50.836000
961.040696	776.722624	56.000001	50.837000
961.040701	776.717217	55.999998	50.837000
961.040699	776.712239	55.999998	50.838000
961.040702	776.707212	56.000000	50.838000
961.040700	776.702220	56.000000	50.837000
961.040698	776.697219	56.000000	50.836000
961.040698	776.692238	55.999999	50.836000
961.040702	776.687213	56.000000	50.836000
961.040702	776.682220	56.000000	50.837000
961.040700	776.677219	55.999999	50.837000
961.040701	776.672036	56.000001	50.836000
961.040699	776.667208	56.000002	50.835000
961.040701	776.662218	56.000003	50.834000
961.040695	776.657425	55.999999	50.834000
961.040696	776.652432	55.999999	50.835000
961.040696	776.647409	55.999999	50.836000
961.040701	776.642018	55.999999	50.837000
961.040701	776.637019	56.000000	50.836000
961.040699	776.632032	55.999998	50.835000
961.040700	776.627002	55.999999	50.833000
961.040702	776.622017	56.000000	50.831000
961.040700	776.617016	55.999999	50.830000
961.040700	776.612031	56.000001	50.829000
961.040701	776.607002	56.000002	50.829000
961.040698	776.602010	56.000002	50.829000
961.040699	776.597008	56.000002	50.830000
961.040699	776.592030	56.000002	50.830000
961.040700	776.587206	55.999999	50.830000
961.040701	776.582018	56.000002	50.830000
961.040699	776.577228	55.999999	50.830000
961.040699	776.572237	56.000002	50.830000
961.040702	776.566817	56.000001	50.831000
961.040702	776.561818	56.000002	50.831000
961.040703	776.556823	56.000001	50.831000
961.040700	776.551834	55.999999	50.830000
961.040700	776.546809	56.000001	50.829000
961.040702	776.541815	56.000000	50.828000
961.040701	776.536816	56.000001	50.828000
961.040699	776.531835	55.999999	50.828000
961.040699	776.526611	56.000001	50.829000
961.040700	776.521817	56.000001	50.829000
961.040700	776.516822	55.999999	50.828000
961.040698	776.511838	56.000000	50.827000
961.040702	776.506811	56.000000	50.827000
961.040700	776.501816	55.999998	50.828000
961.040699	776.497035	55.999998	50.828000
961.040700	776.491643	55.999997	50.829000
961.040700	776.486620	56.000002	50.830000
961.040698	776.481432	55.999997	50.831000
961.040702	776.476626	55.999999	50.832000
961.040699	776.471641	55.999996	50.833000
961.040697	776.466627	56.000000	50.834000
961.040700	776.461433	55.999997	50.837000
961.040698	776.456627	55.999997	50.839000
961.040700	776.451646	56.000001	50.842000
961.040700	776.446619	56.000001	50.844000
961.040699	776.441619	55.999998	50.847000
961.040702	776.436821	55.999998	50.850000
961.040704	776.431636	56.000000	50.852000
961.040700	776.426816	55.999999	50.855000
961.040703	776.421817	55.999998	50.857000
961.040698	776.416416	55.999998	50.859000
961.040699	776.411442	56.000003	50.861000
961.040701	776.406421	56.000000	50.864000
961.040701	776.401420	56.000002	50.866000
961.040700	776.396414	55.999998	50.868000
961.040699	776.391437	56.000002	50.870000
961.040702	776.386416	55.999999	50.872000
961.040702	776.381422	56.000001	50.874000
961.040700	776.376413	56.000000	50.877000
961.040700	776.371430	55.999999	50.879000
961.040702	776.366417	56.000001	50.882000
961.040702	776.361418	55.999998	50.884000
961.040700	776.356419	56.000000	50.886000
961.040702	776.351634	56.000000	50.888000
961.040702	776.346614	55.999999	50.890000
961.040698	776.341224	55.999999	50.892000
961.040695	776.336019	55.999999	50.894000
961.040699	776.331247	56.000000	50.894000
961.040698	776.326229	56.000001	50.895000
961.040700	776.321236	55.999998	50.895000
961.040699	776.316225	55.999997	50.895000
961.040701	776.311244	56.000002	50.897000
961.040700	776.306224	56.000003	50.898000
961.040700	776.301230	56.000000	50.900000
961.040696	776.296216	55.999998	50.902000
961.040701	776.291245	56.000000	50.904000
961.040704	776.286415	55.999999	50.907000
961.040699	776.281221	55.999999	50.911000
961.040701	776.276217	56.000002	50.914000
961.040701	776.271437	56.000002	50.918000
961.040697	776.266019	56.000001	50.922000
961.040699	776.261026	56.000003	50.926000
961.040697	776.255815	55.999997	50.931000
961.040701	776.251039	55.999998	50.935000
961.040698	776.246019	55.999998	50.940000
961.040701	776.241021	56.000002	50.945000
961.040697	776.235816	55.999997	50.950000
961.040700	776.231038	55.999998	50.955000
961.040701	776.226023	55.999998	50.961000
961.040699	776.221228	55.999998	50.966000
961.040699	776.215832	55.999998	50.971000
961.040700	776.211051	55.999999	50.976000
961.040698	776.206024	55.999998	50.982000
961.040699	776.201038	56.000001	50.989000
961.040699	776.196223	56.000001	50.996000
961.040703	776.191046	55.999999	51.004000
961.040700	776.185832	55.999998	51.012000
961.040697	776.180834	56.000001	51.020000
961.040701	776.175819	55.999999	51.027000
961.040701	776.170843	56.000001	51.035000
961.040702	776.165823	55.999999	51.043000
961.040701	776.160829	55.999998	51.050000
961.040700	776.155812	56.000001	51.057000
961.040702	776.150833	56.000002	51.065000
961.040698	776.145821	55.999998	51.072000
961.040699	776.140629	55.999998	51.080000
961.040701	776.135814	55.999999	51.088000
961.040699	776.131037	55.999998	51.096000
961.040700	776.125818	56.000002	51.104000
961.040699	776.121023	56.000002	51.113000
961.040698	776.116011	55.999999	51.122000
961.040699	776.110629	56.000000	51.132000
961.040702	776.105622	55.999999	51.142000
961.040699	776.100629	56.000001	51.152000
961.040700	776.095608	55.999999	51.162000
961.040699	776.090827	55.999998	51.172000
961.040699	776.085622	55.999999	51.182000
961.040699	776.080626	56.000001	51.191000
961.040699	776.075414	55.999999	51.202000
961.040700	776.070635	56.000000	51.212000
961.040699	776.065629	56.000000	51.225000
961.040704	776.060632	56.000000	51.238000
961.040701	776.055616	56.000000	51.252000
961.040703	776.050836	56.000000	51.267000
961.040695	776.045825	56.000000	51.283000
961.040703	776.040831	56.000000	51.300000
961.040700	776.035814	56.000001	51.320000
961.040701	776.030433	55.999999	51.339000
961.040698	776.025432	56.000001	51.359000
961.040702	776.020428	55.999998	51.382000
961.040701	776.015421	56.000000	51.402000
961.040702	776.010440	56.000000	51.427000
961.040701	776.005439	56.000000	51.450000
961.040704	776.000436	56.000000	51.473000
961.040701	775.995425	55.999998	51.496000
961.040698	775.990239	56.000002	51.520000
961.040701	775.985632	55.999998	51.541000
961.040703	775.980437	56.000000	51.562000
961.040701	775.975622	56.000000	51.572000
961.040700	775.970646	55.999999	51.583000
961.040699	775.965639	56.000003	51.583000
961.040699	775.960641	56.000002	0.000000
961.040702	775.955228	56.000002	0.000000
961.040700	775.950248	56.000001	0.000000
961.040701	775.945047	56.000002	0.000000
961.040698	775.940446	55.999999	0.000000
961.040701	775.935032	56.000000	0.000000
961.040701	775.930250	56.000002	0.000000
961.040699	775.925047	55.999998	0.000000
961.040702	775.920245	56.000001	0.000000
961.040701	775.915232	56.000000	0.000000
961.040701	775.910242	55.999998	0.000000
961.040703	775.905233	55.999999	0.000000
961.040697	775.900233	56.000001	0.000000
961.040702	775.895226	56.000002	0.000000
961.040702	775.890443	56.000001	0.000000
961.040698	775.885431	56.000001	0.000000
961.040699	775.879839	56.000002	0.000000
961.040698	775.875027	56.000001	0.000000
961.040702	775.870042	56.000001	0.000000
961.040704	775.865038	56.000000	0.000000
961.040699	775.860035	56.000000	0.000000
961.040701	775.855024	56.000000	0.000000
961.040702	775.850037	56.000001	0.000000
961.040700	775.845035	56.000001	0.000000
961.040701	775.840032	56.000000	0.000000
961.040700	775.835016	55.999998	0.000000
961.040702	775.830229	56.000002	0.000000
961.040701	775.825032	55.999998	0.000000
961.040700	775.820034	55.999999	0.000000
961.040700	775.815022	55.999999	0.000000
961.040703	775.810231	56.000002	0.000000
961.040700	775.804835	55.999998	0.000000
961.040700	775.799839	55.999997	0.000000
961.040698	775.794826	55.999997	0.000000
961.040698	775.789833	55.999998	0.000000
961.040700	775.784846	56.000000	0.000000
961.040701	775.779844	56.000001	0.000000
961.040698	775.774830	56.000002	0.000000
961.040699	775.769841	56.000002	0.000000
961.040698	775.764832	56.000003	0.000000
961.040701	775.759842	55.999999	0.000000
961.040702	775.754820	55.999997	0.000000
961.040699	775.749834	55.999997	0.000000
961.040700	775.744837	56.000000	0.000000
961.040699	775.739838	56.000001	0.000000
961.040699	775.735022	55.999998	0.000000
961.040700	775.730039	55.999997	0.000000
961.040697	775.724639	56.000004	0.000000
961.040698	775.719645	56.000000	0.000000
961.040695	775.714625	55.999997	0.000000
961.040698	775.709636	55.999998	0.000000
961.040700	775.704642	56.000001	0.000000
961.040695	775.699444	55.999998	0.000000
961.040697	775.694630	55.999999	0.000000
961.040700	775.689635	55.999998	0.000000
961.040699	775.684642	55.999998	0.000000
961.040699	775.679448	55.999997	0.000000
961.040698	775.674623	56.000002	0.000000
961.040697	775.669642	56.000003	0.000000
961.040700	775.664644	56.000001	0.000000
961.040696	775.659845	55.999998	0.000000
961.040699	775.654824	55.999998	0.000000
961.040699	775.649441	55.999999	0.000000
961.040699	775.644443	55.999999	0.000000
961.040703	775.639450	55.999999	0.000000
961.040702	775.634433	55.999998	0.000000
961.040697	775.629434	55.999998	0.000000
961.040700	775.624447	55.999999	0.000000
961.040697	775.619459	56.000000	0.000000
961.040695	775.614439	55.999999	0.000000
961.040698	775.609448	56.000000	0.000000
961.040698	775.604452	55.999999	0.000000
961.040698	775.599453	56.000000	0.000000
961.040697	775.594438	55.999999	0.000000
961.040698	775.589448	56.000000	0.000000
961.040699	775.584654	56.000000	0.000000
961.040697	775.579658	56.000000	0.000000
961.040697	775.574440	56.000000	0.000000
961.040698	775.569446	56.000000	0.000000
961.040694	775.564454	55.999998	0.000000
961.040699	775.559453	56.000000	0.000000
961.040697	775.554440	56.000000	0.000000
961.040699	775.549452	56.000000	0.000000
961.040693	775.544452	56.000000	0.000000
961.040698	775.539456	56.000001	0.000000
961.040701	775.534242	56.000000	0.000000
961.040698	775.529248	56.000001	0.000000
961.040699	775.524451	55.999999	0.000000
961.040697	775.519448	55.999997	0.000000
961.040698	775.514432	55.999999	0.000000
961.040701	775.509647	56.000003	0.000000
961.040696	775.504645	56.000002	0.000000
961.040701	775.499255	55.999999	0.000000
961.040699	775.494035	56.000002	0.000000
961.040703	775.489032	56.000002	0.000000
961.040701	775.484046	56.000003	0.000000
961.040699	775.479043	55.999999	0.000000
961.040699	775.474041	55.999998	0.000000
961.040697	775.469033	55.999997	0.000000
961.040700	775.464046	56.000001	0.000000
961.040698	775.459049	56.000003	0.000000
961.040699	775.454038	56.000001	0.000000
961.040701	775.448831	55.999999	0.000000
961.040696	775.444239	55.999999	0.000000
961.040699	775.439244	55.999998	0.000000
961.040698	775.434227	55.999998	0.000000
961.040695	775.429233	55.999998	0.000000
961.040701	775.423832	56.000001	0.000000
961.040703	775.418836	55.999999	0.000000
961.040699	775.413825	55.999998	0.000000
961.040699	775.408818	55.999998	0.000000
961.040701	775.403828	55.999999	0.000000
961.040702	775.398831	55.999998	0.000000
961.040699	775.393823	55.999998	0.000000
961.040700	775.388822	55.999998	0.000000
961.040702	775.383833	55.999999	0.000000
961.040704	775.378845	55.999999	0.000000
961.040699	775.373830	55.999999	0.000000
961.040699	775.368823	55.999998	0.000000
961.040700	775.363838	55.999999	0.000000
961.040700	775.358638	56.000002	0.000000
961.040702	775.354027	56.000000	0.000000
961.040702	775.348620	56.000002	0.000000
961.040702	775.343635	56.000001	0.000000
961.040702	775.338633	56.000002	0.000000
961.040698	775.333827	56.000000	0.000000
961.040702	775.328621	56.000001	0.000000
961.040699	775.323632	56.000000	0.000000
961.040702	775.318631	56.000000	0.000000
961.040700	775.313629	56.000000	0.000000
961.040701	775.308618	56.000000	0.000000
961.040704	775.303637	56.000000	0.000000
961.040702	775.298637	56.000000	0.000000
961.040700	775.293827	56.000000	0.000000
961.040703	775.288820	56.000000	0.000000
961.040703	775.283835	56.000001	0.000000
961.040704	775.278833	55.999999	0.000000
961.040700	775.273424	55.999999	0.000000
961.040699	775.268206	56.000000	0.000000
961.040700	775.263424	56.000000	0.000000
961.040699	775.258430	55.999999	0.000000
961.040701	775.253428	56.000000	0.000000
961.040701	775.248415	56.000000	0.000000
961.040697	775.243422	56.000000	0.000000
961.040702	775.238436	56.000000	0.000000
961.040704	775.233427	55.999999	0.000000
961.040700	775.228415	56.000000	0.000000
961.040697	775.223430	55.999999	0.000000
961.040698	775.218438	56.000000	0.000000
961.040700	775.213430	56.000000	0.000000
961.040701	775.208617	56.000001	0.000000
961.040702	775.203633	56.000000	0.000000
961.040700	775.198230	56.000000	0.000000
961.040698	775.193233	56.000001	0.000000
961.040697	775.188213	55.999999	0.000000
961.040696	775.183434	55.999999	0.000000
961.040701	775.178240	55.999999	0.000000
961.040698	775.173236	55.999998	0.000000
961.040696	775.168021	56.000002	0.000000
961.040698	775.163039	56.000002	0.000000
961.040699	775.158243	55.999998	0.000000
961.040699	775.153234	55.999998	0.000000
961.040700	775.148220	55.999999	0.000000
961.040699	775.143231	55.999999	0.000000
961.040702	775.138236	55.999998	0.000000
961.040697	775.133239	55.999999	0.000000
961.040696	775.128223	55.999999	0.000000
961.040701	775.123439	55.999999	0.000000
961.040698	775.118044	56.000002	0.000000
961.040703	775.112839	56.000000	0.000000
961.040700	775.108025	56.000001	0.000000
961.040696	775.103033	56.000001	0.000000
961.040700	775.098038	56.000001	0.000000
961.040700	775.093040	56.000001	0.000000
961.040698	775.088023	56.000001	0.000000
961.040699	775.083034	56.000001	0.000000
961.040701	775.078044	56.000001	0.000000
961.040698	775.073043	56.000001	0.000000
961.040697	775.068029	56.000001	0.000000
961.040699	775.063042	56.000000	0.000000
961.040702	775.058254	55.999999	0.000000
961.040698	775.053242	55.999998	0.000000
961.040701	775.048226	55.999999	0.000000
961.040701	775.042834	56.000000	0.000000
961.040698	775.037834	56.000000	0.000000
961.040698	775.032842	55.999998	0.000000
961.040698	775.027823	55.999999	0.000000
961.040699	775.022829	55.999999	0.000000
961.040698	775.017834	55.999999	0.000000
961.040700	775.012838	55.999998	0.000000
961.040700	775.007824	55.999998	0.000000
961.040702	775.002829	56.000000	0.000000
961.040698	774.997836	55.999999	0.000000
961.040695	774.992838	55.999998	0.000000
961.040698	774.987816	55.999997	0.000000
961.040696	774.983031	56.000003	0.000000
961.040699	774.978037	56.000001	0.000000
961.040699	774.973037	56.000002	0.000000
961.040696	774.967615	56.000000	0.000000
961.040699	774.962624	56.000001	0.000000
961.040700	774.957628	56.000000	0.000000
961.040702	774.952437	56.000002	0.000000
961.040695	774.947819	55.999998	0.000000
961.040699	774.942629	55.999999	0.000000
961.040698	774.937835	55.999999	0.000000
961.040698	774.932843	55.999999	0.000000
961.040702	774.927819	55.999999	0.000000
961.040702	774.922429	55.999999	0.000000
961.040696	774.917841	55.999998	0.000000
961.040700	774.912639	56.000002	0.000000
961.040701	774.907820	55.999999	0.000000
961.040699	774.902828	55.999998	0.000000
961.040694	774.897835	55.999998	0.000000
961.040702	774.892432	55.999999	0.000000
961.040700	774.887407	55.999998	0.000000
961.040703	774.882418	55.999998	0.000000
961.040703	774.877424	55.999999	0.000000
961.040701	774.872433	55.999997	0.000000
961.040700	774.867210	56.000001	0.000000
961.040696	774.862417	55.999998	0.000000
961.040705	774.857420	55.999999	0.000000
961.040703	774.852431	56.000001	0.000000
961.040703	774.847402	55.999999	0.000000
961.040704	774.842417	55.999999	0.000000
961.040703	774.837620	56.000000	0.000000
961.040702	774.832423	56.000000	0.000000
961.040704	774.827603	56.000000	0.000000
961.040700	774.822415	56.000001	0.000000
961.040701	774.817219	56.000001	0.000000
961.040703	774.812032	55.999999	0.000000
961.040700	774.806997	55.999998	0.000000
961.040700	774.802011	55.999998	0.000000
961.040703	774.797019	55.999999	0.000000
961.040702	774.792034	56.000003	0.000000
961.040702	774.787009	56.000002	0.000000
961.040702	774.782019	55.999998	0.000000
961.040701	774.777019	55.999998	0.000000
961.040702	774.772039	56.000002	0.000000
961.040703	774.767014	55.999999	0.000000
961.040701	774.762026	56.000000	0.000000
961.040701	774.757029	56.000000	0.000000
961.040698	774.752046	55.999997	0.000000
961.040700	774.747015	55.999999	0.000000
961.040702	774.741828	55.999998	0.000000
961.040699	774.736836	55.999998	0.000000
961.040698	774.731852	56.000001	0.000000
961.040701	774.726829	56.000000	0.000000
961.040696	774.721836	55.999997	0.000000
961.040699	774.716840	56.000001	0.000000
961.040700	774.711856	55.999998	0.000000
961.040701	774.706834	56.000002	0.000000
961.040701	774.701843	56.000001	0.000000
961.040702	774.696641	56.000001	0.000000
961.040701	774.691862	56.000000	0.000000
961.040702	774.687037	56.000000	0.000000
961.040697	774.681837	55.999998	0.000000
961.040701	774.677038	55.999997	0.000000
961.040698	774.672053	56.000000	0.000000
961.040698	774.666632	56.000001	0.000000
961.040697	774.661632	56.000002	0.000000
961.040699	774.656631	55.999999	0.000000
961.040699	774.651648	56.000002	0.000000
961.040700	774.646629	56.000000	0.000000
961.040698	774.641630	55.999997	0.000000
961.040700	774.636626	55.999997	0.000000
961.040701	774.631647	55.999999	0.000000
961.040700	774.626627	56.000002	0.000000
961.040697	774.621629	56.000000	0.000000
961.040695	774.616633	55.999998	0.000000
961.040697	774.611650	56.000002	0.000000
961.040701	774.606627	56.000001	0.000000
961.040698	774.601436	56.000000	0.000000
961.040697	774.596637	55.999997	0.000000
961.040700	774.591856	55.999998	0.000000
961.040699	774.586431	56.000000	0.000000
961.040695	774.581431	55.999997	0.000000
961.040696	774.576438	56.000000	0.000000
961.040698	774.571452	56.000002	0.000000
961.040697	774.566425	56.000000	0.000000
961.040695	774.561426	55.999997	0.000000
961.040698	774.556420	56.000002	0.000000
961.040698	774.551438	56.000002	0.000000
961.040697	774.546418	55.999999	0.000000
961.040696	774.541410	56.000000	0.000000
961.040695	774.536406	56.000003	0.000000
961.040699	774.531430	55.999998	0.000000
961.040697	774.526412	55.999997	0.000000
961.040698	774.521214	56.000001	0.000000
961.040698	774.516408	56.000001	0.000000
961.040698	774.511232	56.000000	0.000000
961.040699	774.506216	56.000001	0.000000
961.040695	774.501220	56.000000	0.000000
961.040696	774.496216	56.000002	0.000000
961.040699	774.491230	55.999998	0.000000
961.040696	774.486218	55.999999	0.000000
961.040696	774.481220	56.000003	0.000000
961.040697	774.476217	56.000000	0.000000
961.040699	774.471234	55.999998	0.000000
961.040699	774.466210	56.000003	0.000000
961.040697	774.461218	56.000000	0.000000
961.040697	774.456214	55.999997	0.000000
961.040697	774.451236	56.000001	0.000000
961.040695	774.446208	56.000002	0.000000
961.040700	774.441215	55.999999	0.000000
961.040697	774.436010	56.000001	0.000000
961.040701	774.431027	56.000003	0.000000
961.040697	774.425814	55.999999	0.000000
961.040695	774.421010	55.999997	0.000000
961.040698	774.416003	56.000002	0.000000
961.040697	774.411228	56.000002	0.000000
961.040695	774.406009	55.999999	0.000000
961.040691	774.401206	55.999998	0.000000
961.040699	774.395805	55.999998	0.000000
961.040695	774.391229	56.000002	0.000000
961.040698	774.385813	56.000002	0.000000
961.040701	774.381015	56.000002	0.000000
961.040695	774.376010	55.999997	0.000000
961.040700	774.371234	56.000000	0.000000
961.040697	774.366217	55.999999	0.000000
961.040700	774.360823	56.000001	0.000000
961.040701	774.355817	56.000000	0.000000
961.040701	774.350833	55.999997	0.000000
961.040698	774.345825	56.000002	0.000000
961.040702	774.340822	56.000001	0.000000
961.040697	774.335818	55.999998	0.000000
961.040698	774.330836	55.999998	0.000000
961.040701	774.325834	56.000003	0.000000
961.040701	774.320827	55.999998	0.000000
961.040696	774.315820	56.000000	0.000000
961.040702	774.310834	56.000003	0.000000
961.040699	774.305822	55.999997	0.000000
961.040697	774.301016	55.999999	0.000000
961.040698	774.295808	56.000002	0.000000
961.040702	774.291036	56.000002	0.000000
961.040702	774.285430	55.999997	0.000000
961.040701	774.280626	55.999997	0.000000
961.040698	774.275620	55.999999	0.000000
961.040701	774.270637	56.000003	0.000000
961.040703	774.265625	55.999998	0.000000
961.040699	774.260626	56.000000	0.000000
961.040700	774.255623	56.000003	0.000000
961.040702	774.250647	55.999999	0.000000
961.040699	774.245634	55.999998	0.000000
961.040700	774.240638	56.000002	0.000000
961.040701	774.235620	55.999998	0.000000
961.040700	774.230645	56.000001	0.000000
961.040700	774.225632	56.000000	0.000000
961.040700	774.220634	55.999998	0.000000
961.040697	774.215820	55.999998	0.000000
961.040701	774.210441	56.000001	0.000000
961.040699	774.205435	55.999999	0.000000
961.040698	774.200243	55.999998	0.000000
961.040697	774.195428	56.000001	0.000000
961.040698	774.190250	55.999999	0.000000
961.040701	774.185434	56.000000	0.000000
961.040699	774.180632	56.000001	0.000000
961.040699	774.175427	55.999999	0.000000
961.040702	774.170644	56.000000	0.000000
961.040702	774.165438	55.999998	0.000000
961.040698	774.160436	55.999999	0.000000
961.040700	774.155229	55.999999	0.000000
961.040698	774.150248	55.999999	0.000000
961.040702	774.145437	55.999998	0.000000
961.040701	774.140433	56.000003	0.000000
961.040698	774.135232	55.999997	0.000000
961.040700	774.130250	56.000001	0.000000
961.040703	774.125243	56.000003	0.000000
961.040701	774.120236	55.999999	0.000000
961.040699	774.115230	55.999997	0.000000
961.040699	774.110254	55.999998	0.000000
961.040701	774.105241	56.000002	0.000000
961.040702	774.100244	55.999997	0.000000
961.040700	774.095229	56.000000	0.000000
961.040701	774.090246	56.000002	0.000000
961.040698	774.085043	56.000003	0.000000
961.040701	774.080238	56.000003	0.000000
961.040705	774.075431	56.000002	0.000000
961.040701	774.070249	55.999999	0.000000
961.040700	774.065236	56.000002	0.000000
961.040699	774.060044	56.000002	0.000000
961.040700	774.055037	55.999997	0.000000
961.040699	774.050054	56.000002	0.000000
961.040703	774.045046	55.999999	0.000000
961.040697	774.040048	55.999999	0.000000
961.040702	774.035035	56.000003	0.000000
961.040699	774.030041	55.999997	0.000000
961.040698	774.024843	55.999998	0.000000
961.040702	774.020045	55.999997	0.000000
961.040705	774.015039	56.000002	0.000000
961.040701	774.010044	55.999999	0.000000
961.040699	774.005045	56.000002	0.000000
961.040702	774.000236	55.999999	0.000000
961.040701	773.995229	56.000001	0.000000
961.040700	773.990044	56.000000	0.000000
961.040697	773.984644	55.999999	0.000000
961.040696	773.979845	56.000000	0.000000
961.040698	773.974828	55.999999	0.000000
961.040696	773.969844	56.000001	0.000000
961.040698	773.964850	55.999999	0.000000
961.040696	773.959842	56.000000	0.000000
961.040699	773.954636	55.999999	0.000000
961.040697	773.949844	56.000001	0.000000
961.040698	773.944844	56.000001	0.000000
961.040700	773.939645	55.999999	0.000000
961.040699	773.934829	56.000001	0.000000
961.040696	773.929839	56.000001	0.000000
961.040699	773.924847	55.999998	0.000000
961.040697	773.919843	56.000001	0.000000
961.040702	773.914829	56.000000	0.000000
961.040700	773.909841	56.000001	0.000000
961.040701	773.904642	55.999999	0.000000
961.040699	773.899645	56.000001	0.000000
961.040695	773.894631	55.999999	0.000000
961.040698	773.889436	55.999998	0.000000
961.040699	773.884644	55.999997	0.000000
961.040698	773.879641	56.000002	0.000000
961.040699	773.874631	55.999999	0.000000
961.040698	773.869641	56.000002	0.000000
961.040701	773.864643	56.000000	0.000000
961.040695	773.859642	55.999997	0.000000
961.040694	773.854632	56.000003	0.000000
961.040697	773.849640	55.999998	0.000000
961.040697	773.844643	55.999999	0.000000
961.040699	773.839839	56.000000	0.000000
961.040702	773.834629	55.999999	0.000000
961.040697	773.829432	55.999998	0.000000
961.040699	773.824437	56.000000	0.000000
961.040698	773.819438	56.000003	0.000000
961.040702	773.814421	55.999998	0.000000
961.040697	773.809226	56.000002	0.000000
961.040701	773.804420	56.000002	0.000000
961.040700	773.799433	55.999997	0.000000
961.040701	773.794422	56.000003	0.000000
961.040700	773.789428	55.999999	0.000000
961.040697	773.784438	55.999998	0.000000
961.040701	773.779442	56.000003	0.000000
961.040701	773.774425	55.999998	0.000000
961.040700	773.769433	55.999998	0.000000
961.040698	773.764634	55.999998	0.000000
961.040696	773.759634	56.000003	0.000000
961.040701	773.754230	56.000003	0.000000
961.040698	773.749231	56.000000	0.000000
961.040700	773.744036	56.000003	0.000000
961.040698	773.739241	56.000002	0.000000
961.040704	773.734216	56.000001	0.000000
961.040704	773.729224	55.999998	0.000000
961.040698	773.724235	56.000002	0.000000
961.040701	773.719235	56.000003	0.000000
961.040701	773.714229	55.999998	0.000000
961.040699	773.709227	55.999999	0.000000
961.040701	773.704238	56.000003	0.000000
961.040702	773.699240	56.000000	0.000000
961.040702	773.694418	56.000001	0.000000
961.040697	773.689226	56.000002	0.000000
961.040696	773.684438	56.000003	0.000000
961.040706	773.679027	56.000002	0.000000
961.040700	773.674022	55.999998	0.000000
961.040700	773.669025	56.000000	0.000000
961.040706	773.664033	56.000001	0.000000
961.040699	773.659030	55.999996	0.000000
961.040701	773.654220	55.999998	0.000000
961.040703	773.649026	56.000001	0.000000
961.040701	773.643829	56.000002	0.000000
961.040704	773.639035	56.000001	0.000000
961.040700	773.634216	56.000000	0.000000
961.040699	773.629027	56.000001	0.000000
961.040702	773.624033	55.999998	0.000000
961.040703	773.619047	56.000002	0.000000
961.040699	773.614232	56.000002	0.000000
961.040700	773.609033	56.000001	0.000000
961.040701	773.603642	56.000001	0.000000
961.040702	773.598851	56.000000	0.000000
961.040700	773.593831	55.999999	0.000000
961.040701	773.588836	56.000001	0.000000
961.040700	773.583642	56.000000	0.000000
961.040699	773.578848	56.000001	0.000000
961.040700	773.573839	55.999999	0.000000
961.040700	773.568840	56.000001	0.000000
961.040701	773.563847	55.999999	0.000000
961.040703	773.558855	56.000000	0.000000
961.040701	773.553834	56.000001	0.000000
961.040701	773.548837	55.999999	0.000000
961.040702	773.543851	56.000000	0.000000
961.040701	773.538851	56.000000	0.000000
961.040702	773.534034	56.000000	0.000000
961.040698	773.528636	56.000000	0.000000
961.040702	773.523646	55.999999	0.000000
961.040700	773.518653	56.000000	0.000000
961.040703	773.513645	56.000001	0.000000
961.040695	773.508430	56.000000	0.000000
961.040698	773.503639	56.000001	0.000000
961.040701	773.498651	56.000000	0.000000
961.040701	773.493635	56.000001	0.000000
961.040700	773.488627	55.999999	0.000000
961.040701	773.483642	56.000000	0.000000
961.040704	773.478651	56.000001	0.000000
961.040701	773.473633	55.999998	0.000000
961.040702	773.468833	55.999999	0.000000
961.040699	773.463638	56.000000	0.000000
961.040703	773.458842	55.999999	0.000000
961.040704	773.453437	56.000000	0.000000
961.040703	773.448431	55.999999	0.000000
961.040699	773.443447	56.000001	0.000000
961.040699	773.438447	55.999999	0.000000
961.040698	773.433440	56.000002	0.000000
961.040701	773.428428	55.999999	0.000000
961.040702	773.423443	56.000001	0.000000
961.040700	773.418449	55.999997	0.000000
961.040699	773.413446	56.000002	0.000000
961.040699	773.408434	55.999998	0.000000
961.040699	773.403454	56.000002	0.000000
961.040700	773.398442	56.000000	0.000000
961.040695	773.393438	56.000000	0.000000
961.040697	773.388429	55.999999	0.000000
961.040701	773.383640	55.999998	0.000000
961.040702	773.378036	55.999999	0.000000
961.040702	773.373235	55.999999	0.000000
961.040698	773.368222	56.000000	0.000000
961.040702	773.363240	55.999999	0.000000
961.040699	773.358034	56.000000	0.000000
961.040699	773.353438	56.000001	0.000000
961.040700	773.348018	56.000000	0.000000
961.040699	773.343236	56.000000	0.000000
961.040700	773.338032	55.999999	0.000000
961.040698	773.333240	56.000000	0.000000
961.040700	773.328215	56.000000	0.000000
961.040699	773.323234	56.000002	0.000000
961.040699	773.318234	55.999999	0.000000
961.040699	773.313231	56.000000	0.000000
961.040700	773.308406	55.999999	0.000000
961.040703	773.303026	56.000000	0.000000
961.040698	773.298025	56.000000	0.000000
961.040700	773.292826	56.000001	0.000000
961.040702	773.288006	56.000000	0.000000
961.040701	773.283022	56.000002	0.000000
961.040701	773.278023	55.999999	0.000000
961.040699	773.273031	55.999999	0.000000
961.040697	773.268009	56.000001	0.000000
961.040700	773.263024	56.000001	0.000000
961.040697	773.258027	55.999998	0.000000
961.040702	773.253033	56.000002	0.000000
961.040699	773.248011	55.999998	0.000000
961.040697	773.243237	55.999998	0.000000
961.040701	773.238033	55.999998	0.000000
961.040699	773.233033	56.000001	0.000000
961.040697	773.227808	56.000001	0.000000
961.040697	773.222826	55.999998	0.000000
961.040699	773.217828	56.000002	0.000000
961.040700	773.212826	55.999997	0.000000
961.040698	773.207805	56.000002	0.000000
961.040698	773.202823	55.999999	0.000000
961.040699	773.197821	56.000000	0.000000
961.040698	773.192822	56.000002	0.000000
961.040699	773.187807	55.999997	0.000000
961.040702	773.182821	56.000000	0.000000
961.040699	773.177823	56.000003	0.000000
961.040700	773.172626	55.999999	0.000000
961.040698	773.168011	55.999999	0.000000
961.040700	773.162818	56.000001	0.000000
961.040698	773.158030	56.000001	0.000000
961.040701	773.152621	56.000001	0.000000
961.040699	773.147602	55.999998	0.000000
961.040697	773.142618	56.000001	0.000000
961.040699	773.137824	56.000001	0.000000
961.040699	773.132627	55.999997	0.000000
961.040698	773.127606	56.000002	0.000000
961.040700	773.122622	56.000000	0.000000
961.040704	773.117827	56.000001	0.000000
961.040698	773.112630	56.000002	0.000000
961.040701	773.107609	55.999998	0.000000
961.040700	773.102423	56.000003	0.000000
961.040700	773.097632	56.000002	0.000000
961.040700	773.092632	56.000001	0.000000
961.040702	773.087818	56.000002	0.000000
961.040697	773.082627	55.999999	0.000000
961.040706	773.077226	56.000001	0.000000
961.040703	773.072230	56.000001	0.000000
961.040699	773.067408	56.000001	0.000000
961.040702	773.062422	55.999997	0.000000
961.040701	773.057423	56.000001	0.000000
961.040702	773.052435	56.000000	0.000000
961.040701	773.047410	55.999998	0.000000
961.040699	773.042423	56.000000	0.000000
961.040703	773.037432	56.000001	0.000000
961.040702	773.032432	55.999998	0.000000
961.040699	773.027410	56.000000	0.000000
961.040701	773.022429	56.000001	0.000000
961.040705	773.017428	55.999998	0.000000
961.040702	773.012431	56.000001	0.000000
961.040699	773.007618	56.000001	0.000000
961.040702	773.002019	55.999998	0.000000
961.040700	772.997222	55.999999	0.000000
961.040699	772.992229	56.000001	0.000000
961.040701	772.987211	55.999999	0.000000
961.040698	772.982225	56.000000	0.000000
961.040704	772.977219	56.000002	0.000000
961.040699	772.972225	56.000000	0.000000
961.040703	772.967211	56.000000	0.000000
961.040701	772.962221	56.000002	0.000000
961.040701	772.957224	56.000000	0.000000
961.040701	772.952232	56.000000	0.000000
961.040699	772.946813	56.000001	0.000000
961.040702	772.942223	56.000000	0.000000
961.040701	772.937225	55.999998	0.000000
961.040700	772.932431	55.999998	0.000000
961.040703	772.927006	55.999998	0.000000
961.040697	772.922021	55.999997	0.000000
961.040702	772.917024	56.000000	0.000000
961.040704	772.912031	56.000000	0.000000
961.040698	772.906814	56.000002	0.000000
961.040700	772.902026	56.000002	0.000000
961.040701	772.897223	56.000001	0.000000
961.040698	772.892028	55.999998	0.000000
961.040699	772.887003	55.999997	0.000000
961.040701	772.882009	56.000002	0.000000
961.040704	772.877017	56.000001	0.000000
961.040703	772.871836	55.999999	0.000000
961.040701	772.866814	56.000002	0.000000
961.040700	772.862022	56.000000	0.000000
961.040703	772.857023	56.000001	0.000000
961.040703	772.852241	56.000002	0.000000
961.040700	772.846814	56.000001	0.000000
961.040701	772.841827	56.000001	0.000000
961.040700	772.836822	55.999999	0.000000
961.040699	772.831837	55.999999	0.000000
961.040700	772.826814	56.000001	0.000000
961.040702	772.821823	56.000001	0.000000
961.040702	772.816823	55.999998	0.000000
961.040698	772.811835	55.999997	0.000000
961.040701	772.806815	55.999999	0.000000
961.040701	772.801824	56.000001	0.000000
961.040702	772.796823	56.000003	0.000000
961.040700	772.791843	56.000003	0.000000
961.040701	772.786812	55.999998	0.000000
961.040701	772.781827	55.999997	0.000000
961.040700	772.776827	55.999996	0.000000
961.040701	772.771644	56.000004	0.000000
961.040698	772.766616	56.000003	0.000000
961.040700	772.761629	56.000003	0.000000
961.040701	772.756633	56.000003	0.000000
961.040700	772.751645	56.000003	0.000000
961.040704	772.746615	56.000003	0.000000
961.040702	772.741624	56.000003	0.000000
961.040699	772.736628	56.000003	0.000000
961.040699	772.731643	56.000004	0.000000
961.040701	772.726619	56.000002	0.000000
961.040699	772.721621	56.000003	0.000000
961.040698	772.716620	56.000000	0.000000
961.040704	772.711831	55.999997	0.000000
961.040702	772.706609	55.999997	0.000000
961.040704	772.701811	55.999999	0.000000
961.040700	772.696414	56.000004	0.000000
961.040700	772.691433	56.000003	0.000000
961.040697	772.686414	56.000004	0.000000
961.040698	772.681422	56.000003	0.000000
961.040694	772.676409	56.000001	0.000000
961.040700	772.671430	55.999998	0.000000
961.040700	772.666410	55.999996	0.000000
961.040697	772.661424	55.999999	0.000000
961.040699	772.656415	56.000002	0.000000
961.040699	772.651439	56.000002	0.000000
961.040698	772.646214	55.999998	0.000000
961.040698	772.641424	56.000002	0.000000
961.040700	772.636418	56.000001	0.000000
961.040698	772.631435	55.999998	0.000000
961.040699	772.626409	55.999999	0.000000
961.040697	772.621418	55.999996	0.000000
961.040695	772.616221	56.000000	0.000000
961.040698	772.611235	55.999997	0.000000
961.040699	772.606215	55.999997	0.000000
961.040696	772.601219	55.999996	0.000000
961.040698	772.596217	55.999998	0.000000
961.040697	772.591239	55.999999	0.000000
961.040698	772.586222	56.000000	0.000000
961.040699	772.581028	56.000000	0.000000
961.040701	772.575823	56.000001	0.000000
961.040699	772.571248	55.999998	51.591000
961.040696	772.566222	55.999999	51.591000
961.040700	772.561034	56.000001	0.000000
961.040699	772.556225	56.000001	0.000000
961.040700	772.551241	56.000001	0.000000
961.040694	772.546415	55.999998	0.000000
961.040698	772.541221	56.000000	0.000000
961.040702	772.536020	56.000001	0.000000
961.040697	772.531039	56.000002	51.667000
961.040698	772.526020	56.000000	51.873000
961.040701	772.521025	56.000000	52.150000
961.040696	772.516017	56.000000	52.359000
961.040700	772.511243	56.000000	52.776000
961.040702	772.506028	56.000000	53.123000
961.040697	772.501226	55.999999	53.609000
961.040699	772.495832	56.000000	54.093000
961.040698	772.491245	56.000000	54.507000
961.040697	772.486031	56.000000	54.991000
961.040697	772.481229	56.000000	55.475000
961.040702	772.475826	56.000000	55.959000
961.040697	772.471250	56.000000	56.442000
961.040697	772.466232	56.000000	56.924000
961.040700	772.460836	56.000000	57.407000
961.040702	772.455429	56.000000	57.893000
961.040699	772.450849	55.999999	58.448000
961.040700	772.445834	56.000000	58.935000
961.040700	772.440835	56.000002	59.490000
961.040700	772.435829	56.000002	60.046000
961.040699	772.430649	55.999998	60.465000
961.040700	772.425831	56.000002	60.494000
961.040697	772.420838	56.000002	60.519000
961.040699	772.415833	56.000003	60.543000
961.040700	772.410848	56.000003	60.569000
961.040699	772.405833	56.000003	60.596000
961.040701	772.400834	56.000003	60.623000
961.040695	772.395827	56.000002	60.650000
961.040697	772.391045	55.999998	60.681000
961.040700	772.385628	56.000000	60.716000
961.040702	772.380637	55.999999	60.746000
961.040701	772.375625	55.999998	60.773000
961.040702	772.370651	55.999999	60.796000
961.040701	772.365634	55.999998	60.819000
961.040701	772.360633	56.000000	60.838000
961.040700	772.355629	55.999998	60.858000
961.040701	772.350642	55.999997	60.883000
961.040704	772.345629	55.999999	60.910000
961.040702	772.340634	55.999998	60.941000
961.040703	772.335633	55.999999	60.977000
961.040703	772.330650	56.000000	61.013000
961.040701	772.325639	55.999999	61.050000
961.040697	772.320635	55.999999	61.087000
961.040700	772.315630	56.000000	61.127000
961.040699	772.310847	55.999999	61.174000
961.040701	772.305626	55.999999	61.226000
961.040698	772.300632	55.999998	61.274000
961.040704	772.295624	55.999997	61.315000
961.040701	772.290643	55.999998	61.348000
961.040699	772.285627	56.000002	61.384000
961.040699	772.280626	56.000001	61.420000
961.040701	772.275425	55.999998	61.460000
961.040701	772.270637	56.000001	61.502000
961.040700	772.265625	56.000003	61.541000
961.040699	772.260630	56.000003	61.571000
961.040700	772.255625	56.000001	61.588000
961.040700	772.250840	56.000001	61.598000
961.040704	772.245625	55.999998	61.604000
961.040702	772.240627	56.000001	61.607000
961.040701	772.235424	55.999996	61.612000
961.040697	772.230441	55.999998	61.621000
961.040701	772.225428	55.999999	61.634000
961.040705	772.220437	56.000000	61.649000
961.040700	772.215219	55.999999	61.665000
961.040701	772.210439	56.000001	61.681000
961.040701	772.205425	56.000002	61.697000
961.040701	772.200436	56.000002	61.712000
961.040702	772.195415	56.000002	61.728000
961.040700	772.190438	56.000001	61.741000
961.040701	772.185431	56.000001	61.752000
961.040701	772.180432	55.999999	61.760000
961.040698	772.175424	56.000001	61.764000
961.040702	772.170644	56.000000	61.764000
961.040700	772.165429	56.000001	61.762000
961.040701	772.160630	56.000000	61.761000
961.040702	772.155621	56.000000	61.762000
961.040703	772.150238	56.000000	61.765000
961.040699	772.145228	55.999999	61.770000
961.040699	772.140234	56.000000	61.774000
961.040700	772.135212	56.000000	61.775000
961.040704	772.130229	55.999999	61.773000
961.040701	772.125221	55.999999	61.768000
961.040700	772.120227	55.999998	61.763000
961.040700	772.115214	55.999998	61.760000
961.040703	772.110231	55.999999	61.761000
961.040705	772.105226	56.000000	61.764000
961.040701	772.100228	56.000001	61.769000
961.040703	772.095216	56.000001	61.772000
961.040698	772.090232	56.000002	61.772000
961.040700	772.085228	56.000002	61.768000
961.040701	772.080424	55.999999	61.760000
961.040702	772.075021	55.999999	61.752000
961.040699	772.070034	56.000000	61.749000
961.040702	772.065027	55.999999	61.748000
961.040699	772.060027	55.999999	61.747000
961.040702	772.055015	55.999999	61.745000
961.040700	772.050028	55.999999	61.741000
961.040697	772.044822	55.999998	61.739000
961.040700	772.040030	55.999998	61.739000
961.040703	772.035005	55.999997	61.742000
961.040699	772.029826	56.000000	61.745000
961.040701	772.025021	55.999998	61.748000
961.040700	772.019828	55.999999	61.750000
961.040700	772.015213	56.000002	61.750000
961.040700	772.010032	55.999998	61.751000
961.040699	772.004632	55.999998	61.752000
961.040701	771.999631	55.999997	61.754000
961.040698	771.994823	56.000002	61.758000
961.040700	771.989833	56.000000	61.761000
961.040700	771.984836	55.999999	61.763000
961.040698	771.979837	55.999999	61.763000
961.040699	771.974823	56.000001	61.761000
961.040698	771.969842	56.000002	61.759000
961.040697	771.964837	56.000002	61.759000
961.040700	771.959840	56.000003	61.759000
961.040698	771.954828	56.000002	61.760000
961.040701	771.949840	56.000003	61.760000
961.040699	771.944840	56.000003	61.758000
961.040698	771.939838	56.000001	61.756000
961.040702	771.934835	55.999999	61.752000
961.040699	771.930045	55.999999	61.749000
961.040699	771.924640	55.999999	61.747000
961.040700	771.919646	56.000002	61.747000
961.040698	771.914639	56.000002	61.747000
961.040699	771.909846	56.000002	61.746000
961.040699	771.904645	55.999998	61.744000
961.040697	771.899646	55.999998	61.739000
961.040696	771.894639	55.999998	61.735000
961.040699	771.889648	56.000002	61.731000
961.040697	771.884648	56.000001	61.730000
961.040698	771.879650	55.999999	61.732000
961.040698	771.874644	55.999999	61.735000
961.040696	771.869655	56.000002	61.738000
961.040699	771.864655	55.999999	61.740000
961.040696	771.859459	56.000001	61.740000
961.040698	771.854844	56.000000	61.737000
961.040700	771.849452	56.000001	61.733000
961.040698	771.844455	55.999999	61.730000
961.040700	771.839455	56.000000	61.729000
961.040698	771.834437	56.000000	61.730000
961.040699	771.829443	56.000001	61.733000
961.040695	771.824445	56.000000	61.735000
961.040703	771.819448	55.999999	61.736000
961.040698	771.814639	55.999999	61.736000
961.040701	771.809447	55.999999	61.735000
961.040698	771.804653	55.999998	61.734000
961.040696	771.799254	55.999998	61.734000
961.040700	771.794640	55.999998	61.735000
961.040698	771.789445	55.999999	61.737000
961.040697	771.784653	55.999999	61.740000
961.040700	771.779448	55.999999	61.741000
961.040696	771.774239	55.999999	61.741000
961.040701	771.769242	56.000001	61.737000
961.040697	771.764244	56.000000	61.732000
961.040701	771.758850	55.999999	61.726000
961.040700	771.754241	55.999999	61.721000
961.040697	771.749243	56.000000	61.717000
961.040702	771.744249	56.000000	61.716000
961.040699	771.739248	56.000001	61.717000
961.040698	771.734430	56.000002	61.718000
961.040702	771.729241	56.000001	61.718000
961.040701	771.724245	55.999998	61.716000
961.040697	771.719247	56.000002	61.712000
961.040700	771.714441	56.000001	61.708000
961.040701	771.709240	55.999999	61.705000
961.040698	771.704448	55.999999	61.706000
961.040703	771.699047	55.999998	61.709000
961.040696	771.694044	56.000000	61.714000
961.040701	771.689043	56.000002	61.718000
961.040696	771.684049	55.999999	61.721000
961.040694	771.679054	55.999999	61.721000
961.040696	771.674239	55.999999	61.719000
961.040698	771.669033	55.999999	61.714000
961.040699	771.664044	56.000000	61.710000
961.040698	771.659044	56.000001	61.708000
961.040702	771.654029	55.999998	61.707000
961.040698	771.649038	55.999998	61.708000
961.040701	771.644040	56.000001	61.708000
961.040700	771.639045	56.000001	61.707000
961.040699	771.634231	56.000001	61.704000
961.040698	771.629237	55.999998	61.700000
961.040701	771.623836	55.999998	61.696000
961.040701	771.618840	55.999999	61.695000
961.040699	771.613831	56.000002	61.697000
961.040703	771.608829	56.000001	61.700000
961.040704	771.603837	55.999998	61.705000
961.040703	771.598848	55.999999	61.710000
961.040700	771.593836	55.999999	61.714000
961.040702	771.588831	55.999999	61.716000
961.040701	771.583838	56.000001	61.715000
961.040700	771.578640	55.999999	61.712000
961.040703	771.573634	56.000001	61.708000
961.040703	771.568829	55.999999	61.707000
961.040702	771.563830	56.000000	61.709000
961.040701	771.558844	56.000000	61.712000
961.040699	771.554024	56.000000	61.714000
961.040698	771.548626	56.000001	61.714000
961.040702	771.543628	55.999999	61.710000
961.040700	771.538642	56.000001	61.705000
961.040703	771.533633	56.000002	61.700000
961.040702	771.528634	55.999998	61.697000
961.040697	771.523632	55.999999	61.696000
961.040701	771.518643	56.000002	61.696000
961.040702	771.513634	56.000001	61.695000
961.040704	771.508628	55.999998	61.692000
961.040700	771.503437	55.999999	61.688000
961.040702	771.498646	55.999999	61.685000
961.040704	771.493639	55.999998	61.685000
961.040700	771.488634	56.000002	61.687000
961.040702	771.483621	56.000000	61.692000
961.040701	771.478639	56.000000	61.698000
961.040702	771.473242	56.000000	61.703000
961.040701	771.468429	55.999998	61.706000
961.040701	771.463436	56.000000	61.706000
961.040699	771.458442	56.000000	61.702000
961.040699	771.453440	55.999998	61.695000
961.040702	771.448432	56.000001	61.687000
961.040699	771.443438	55.999999	61.681000
961.040702	771.438450	56.000000	61.677000
961.040703	771.433449	55.999999	61.675000
961.040701	771.428440	56.000000	61.675000
961.040701	771.423443	56.000000	61.675000
961.040700	771.418446	56.000000	61.675000
961.040702	771.413643	56.000001	61.675000
961.040703	771.408642	55.999999	61.676000
961.040700	771.403647	56.000001	61.678000
961.040700	771.398255	56.000000	61.681000
961.040698	771.393249	55.999999	61.685000
961.040696	771.388030	55.999999	61.688000
961.040700	771.383236	55.999998	61.689000
961.040698	771.378243	55.999999	61.688000
961.040701	771.373044	56.000000	61.685000
961.040699	771.368228	56.000001	61.683000
961.040699	771.363235	55.999999	61.682000
961.040700	771.358250	56.000001	61.683000
961.040699	771.353043	56.000001	61.685000
961.040700	771.348224	56.000001	61.687000
961.040699	771.343242	56.000001	61.689000
961.040697	771.338246	55.999998	61.691000
961.040700	771.333242	56.000001	61.691000
961.040698	771.328438	56.000001	61.689000
961.040698	771.323042	56.000000	61.685000
961.040697	771.318046	55.999998	61.678000
961.040697	771.313044	56.000002	61.672000
961.040701	771.308027	55.999999	61.669000
961.040697	771.303041	56.000002	61.669000
961.040700	771.298041	55.999999	61.671000
961.040698	771.293040	55.999998	61.675000
961.040697	771.288022	56.000002	61.678000
961.040698	771.283034	55.999999	61.680000
961.040699	771.278036	55.999999	61.681000
961.040700	771.273030	56.000001	61.682000
961.040698	771.267815	55.999998	61.683000
961.040699	771.263227	56.000000	61.686000
961.040700	771.258035	55.999999	61.689000
961.040701	771.253038	56.000000	61.689000
961.040697	771.247614	56.000002	61.686000
961.040695	771.242826	55.999997	61.680000
961.040700	771.237828	55.999998	61.672000
961.040700	771.232832	56.000001	61.667000
961.040699	771.228014	55.999999	61.665000
961.040699	771.222822	56.000000	61.665000
961.040696	771.217827	55.999998	61.665000
961.040698	771.212832	55.999998	61.663000
961.040700	771.208014	55.999998	61.659000
961.040699	771.202826	56.000003	61.657000
961.040699	771.198039	55.999998	61.657000
961.040699	771.192833	56.000002	61.661000
961.040697	771.188020	56.000002	61.667000
961.040697	771.182822	56.000002	61.673000
961.040697	771.178035	55.999999	61.679000
961.040698	771.172633	55.999998	61.682000
961.040702	771.167617	55.999998	61.681000
961.040698	771.162625	55.999999	61.676000
961.040698	771.157631	55.999998	61.668000
961.040695	771.152840	56.000001	61.662000
961.040700	771.147422	56.000002	61.658000
961.040701	771.142426	56.000000	61.656000
961.040700	771.137637	55.999998	61.655000
961.040701	771.132637	56.000000	61.654000
961.040698	771.127619	56.000001	61.652000
961.040699	771.122631	56.000002	61.650000
961.040699	771.117841	55.999999	61.647000
961.040698	771.112644	56.000001	61.645000
961.040699	771.107617	56.000001	61.645000
961.040695	771.102625	55.999997	61.646000
961.040698	771.097634	55.999997	61.647000
961.040697	771.092638	56.000001	61.647000
961.040701	771.087622	56.000001	61.646000
961.040698	771.082626	55.999999	61.644000
961.040700	771.077636	56.000000	61.642000
961.040697	771.072638	56.000002	61.640000
961.040701	771.067622	56.000002	61.636000
961.040696	771.062623	56.000000	61.631000
961.040699	771.057625	55.999997	61.625000
961.040701	771.052436	56.000001	61.621000
961.040699	771.047612	55.999998	61.619000
961.040701	771.042624	56.000002	61.619000
961.040701	771.037622	56.000002	61.618000
961.040699	771.032628	56.000002	61.616000
961.040701	771.027816	55.999999	61.614000
961.040701	771.022413	55.999999	61.613000
961.040702	771.017424	55.999998	61.614000
961.040698	771.012425	56.000000	61.615000
961.040698	771.007409	56.000001	61.618000
961.040700	771.002414	56.000002	61.622000
961.040702	770.997427	56.000003	61.627000
961.040702	770.992426	56.000001	61.634000
961.040704	770.987217	55.999999	61.643000
961.040701	770.982427	56.000000	61.651000
961.040699	770.977233	55.999999	61.660000
961.040702	770.972431	56.000000	61.668000
961.040699	770.967412	56.000000	61.674000
961.040697	770.962419	56.000000	61.678000
961.040699	770.957627	56.000000	61.677000
961.040698	770.952434	55.999999	61.673000
961.040699	770.947010	56.000001	61.666000
961.040700	770.942219	56.000000	61.660000
961.040702	770.937224	56.000000	61.658000
961.040699	770.932235	56.000000	61.660000
961.040697	770.927211	55.999999	61.664000
961.040699	770.922219	56.000000	61.669000
961.040699	770.917022	55.999999	61.674000
961.040701	770.912236	55.999999	61.679000
961.040699	770.907422	56.000000	61.685000
961.040705	770.901826	55.999999	61.688000
961.040698	770.897441	56.000002	61.690000
961.040704	770.892244	56.000001	61.689000
961.040702	770.887214	56.000003	61.686000
961.040699	770.882226	56.000000	61.683000
961.040698	770.877427	56.000003	61.681000
961.040701	770.872235	56.000003	61.680000
961.040700	770.867015	56.000000	61.678000
961.040702	770.862018	56.000003	61.675000
961.040700	770.857025	56.000002	61.671000
961.040702	770.852042	55.999996	61.668000
961.040704	770.847019	55.999999	61.667000
961.040702	770.842027	56.000001	61.668000
961.040701	770.837025	56.000002	61.670000
961.040702	770.831840	55.999998	61.671000
961.040701	770.827021	56.000000	61.672000
961.040701	770.822021	55.999999	61.671000
961.040700	770.817023	55.999999	61.671000
961.040701	770.812043	55.999998	61.671000
961.040701	770.807016	56.000000	61.671000
961.040697	770.802024	56.000001	61.671000
961.040698	770.797023	56.000001	61.670000
961.040701	770.791836	56.000000	61.668000
961.040699	770.786811	56.000000	61.664000
961.040704	770.781817	56.000000	61.659000
961.040701	770.776816	55.999999	61.655000
961.040701	770.771838	55.999998	61.653000
961.040699	770.766419	55.999999	61.653000
961.040701	770.761822	56.000000	61.654000
961.040699	770.756814	56.000003	61.656000
961.040703	770.751632	56.000001	61.657000
961.040699	770.746606	56.000001	61.659000
961.040701	770.741815	56.000000	61.661000
961.040701	770.736805	56.000000	61.661000
961.040697	770.731826	55.999999	61.660000
961.040698	770.727003	55.999999	61.659000
961.040700	770.721810	55.999999	61.656000
961.040703	770.716601	56.000001	61.653000
961.040703	770.711628	56.000002	61.651000
961.040702	770.706611	56.000000	61.650000
961.040702	770.701617	55.999999	61.651000
961.040698	770.696615	55.999999	61.656000
961.040701	770.691630	55.999999	61.662000
961.040698	770.686416	56.000001	61.670000
961.040699	770.681617	56.000000	61.678000
961.040701	770.676610	56.000000	61.685000
961.040700	770.671634	56.000000	61.688000
961.040702	770.666608	56.000000	61.688000
961.040705	770.661612	55.999999	61.683000
961.040699	770.656605	56.000000	61.678000
961.040700	770.651830	56.000000	61.673000
961.040699	770.646608	55.999999	61.671000
961.040700	770.641418	56.000000	61.670000
961.040702	770.636407	56.000000	61.671000
961.040699	770.631427	55.999998	61.672000
961.040699	770.626407	55.999998	61.671000
961.040701	770.621213	56.000002	61.670000
961.040699	770.616411	55.999997	61.670000
961.040702	770.611425	55.999997	61.669000
961.040703	770.606404	55.999997	61.669000
961.040699	770.601409	56.000000	61.668000
961.040702	770.596407	56.000003	61.668000
961.040701	770.591423	56.000002	61.667000
961.040700	770.586210	56.000004	61.666000
961.040698	770.581416	55.999997	61.665000
961.040700	770.576417	55.999997	61.666000
961.040702	770.571625	56.000002	61.668000
961.040702	770.566015	56.000000	61.670000
961.040699	770.561218	56.000001	61.673000
961.040699	770.556211	56.000003	61.675000
961.040700	770.551228	56.000004	61.677000
961.040697	770.546216	56.000001	61.679000
961.040697	770.541415	55.999998	61.681000
961.040700	770.536213	55.999999	61.682000
961.040702	770.531424	55.999998	61.683000
961.040699	770.526210	56.000000	61.682000
961.040701	770.521412	55.999998	61.680000
961.040698	770.516002	56.000003	61.675000
961.040700	770.511426	55.999998	61.671000
961.040699	770.506214	56.000003	61.667000
961.040701	770.501417	55.999999	61.666000
961.040696	770.496218	56.000002	61.667000
961.040701	770.491036	55.999998	61.669000
961.040697	770.486016	56.000001	61.671000
961.040695	770.481024	55.999998	61.673000
961.040700	770.476006	56.000001	61.674000
961.040699	770.471230	55.999999	61.674000
961.040700	770.466018	55.999999	61.675000
961.040699	770.461012	56.000001	61.676000
961.040700	770.456009	56.000000	61.680000
961.040698	770.451232	56.000000	61.684000
961.040701	770.446021	56.000002	61.688000
961.040697	770.441023	55.999999	61.691000
961.040697	770.436026	56.000000	61.690000
961.040695	770.431044	56.000000	61.685000
961.040699	770.426232	56.000001	61.678000
961.040699	770.420833	55.999999	61.671000
961.040698	770.415834	56.000002	61.666000
961.040697	770.410846	56.000000	61.666000
961.040697	770.405837	55.999999	61.668000
961.040697	770.400836	56.000000	61.671000
961.040702	770.395835	56.000000	61.676000
961.040698	770.390852	56.000000	61.681000
961.040700	770.385840	56.000000	61.688000
961.040698	770.380844	55.999999	61.694000
961.040701	770.375837	56.000001	61.700000
961.040695	770.370861	56.000000	61.704000
961.040701	770.365647	55.999998	61.705000
961.040697	770.360843	55.999998	61.702000
961.040697	770.355833	56.000002	61.694000
961.040699	770.351055	56.000002	61.685000
961.040697	770.346041	56.000000	61.679000
961.040700	770.340642	55.999998	61.679000
961.040700	770.335643	56.000001	61.683000
961.040699	770.330655	56.000001	61.689000
961.040701	770.325639	56.000000	61.695000
961.040700	770.320639	56.000001	61.698000
961.040702	770.315630	55.999997	61.697000
961.040701	770.310647	56.000002	61.690000
961.040700	770.305640	56.000001	61.680000
961.040700	770.300638	55.999998	61.671000
961.040699	770.295632	56.000002	61.668000
961.040696	770.290654	56.000001	61.670000
961.040699	770.285637	55.999997	61.674000
961.040698	770.280633	56.000002	61.679000
961.040700	770.275824	56.000002	61.683000
961.040698	770.270844	56.000000	61.685000
961.040698	770.265440	55.999999	61.688000
961.040702	770.260430	56.000002	61.689000
961.040702	770.255230	56.000000	61.689000
961.040704	770.250441	56.000000	61.688000
961.040702	770.245236	55.999998	61.684000
961.040699	770.240434	55.999999	61.678000
961.040700	770.235426	56.000001	61.670000
961.040696	770.230441	55.999999	61.664000
961.040702	770.225432	56.000001	61.660000
961.040702	770.220427	55.999997	61.659000
961.040704	770.215222	55.999999	61.660000
961.040702	770.210444	55.999999	61.663000
961.040699	770.205424	55.999999	61.667000
961.040701	770.200429	56.000001	61.671000
961.040702	770.195417	55.999997	61.674000
961.040703	770.190240	56.000001	61.676000
961.040704	770.185039	56.000001	61.676000
961.040701	770.180037	56.000001	61.675000
961.040702	770.175021	56.000000	61.676000
961.040700	770.170033	55.999999	61.677000
961.040701	770.164836	55.999999	61.679000
961.040704	770.160038	56.000001	61.682000
961.040699	770.155024	55.999999	61.683000
961.040704	770.150040	56.000001	61.682000
961.040703	770.145228	56.000001	61.680000
961.040702	770.140026	56.000001	61.675000
961.040700	770.134818	56.000001	61.670000
961.040703	770.130037	56.000000	61.665000
961.040701	770.125032	56.000000	61.661000
961.040702	770.120024	55.999998	61.660000
961.040703	770.115012	56.000001	61.661000
961.040702	770.109831	56.000000	61.663000
961.040698	770.104631	56.000001	61.664000
961.040700	770.099629	56.000000	61.664000
961.040699	770.094620	55.999999	61.663000
961.040702	770.089635	56.000002	61.665000
961.040702	770.084434	56.000001	61.668000
961.040697	770.079439	56.000000	61.673000
961.040700	770.074620	56.000001	61.678000
961.040696	770.069633	56.000000	61.683000
961.040701	770.064637	56.000001	61.686000
961.040700	770.059639	55.999999	61.686000
961.040700	770.054627	56.000001	61.684000
961.040698	770.049638	56.000000	61.682000
961.040702	770.044827	56.000001	61.681000
961.040702	770.039833	55.999999	61.682000
961.040698	770.034427	55.999998	61.684000
961.040698	770.029434	56.000000	61.686000
961.040702	770.024435	56.000001	61.687000
961.040700	770.019442	55.999999	61.686000
961.040700	770.014624	56.000000	61.683000
961.040697	770.009430	55.999999	61.680000
961.040696	770.004436	56.000001	61.678000
961.040700	769.999437	55.999997	61.678000
961.040698	769.994229	56.000001	61.680000
961.040698	769.989431	55.999999	61.681000
961.040703	769.984443	56.000001	61.683000
961.040698	769.979443	55.999999	61.684000
961.040700	769.974627	55.999998	61.683000
961.040700	769.969433	55.999999	61.679000
961.040699	769.964638	56.000001	61.674000
961.040698	769.959235	55.999998	61.667000
961.040699	769.954231	56.000002	61.660000
961.040699	769.949235	55.999999	61.655000
961.040700	769.944243	56.000000	61.652000
961.040699	769.939239	56.000001	61.651000
961.040699	769.934425	56.000000	61.654000
961.040702	769.929236	55.999999	61.658000
961.040698	769.924236	56.000001	61.663000
961.040700	769.919237	56.000000	61.667000
961.040695	769.914236	55.999999	61.671000
961.040699	769.909239	55.999999	61.673000
961.040699	769.904245	56.000001	61.674000
961.040701	769.899242	56.000000	61.672000
961.040701	769.894429	56.000002	61.671000
961.040696	769.889432	55.999998	61.669000
961.040700	769.884243	55.999999	61.669000
961.040699	769.879234	55.999999	61.670000
961.040698	769.874239	56.000002	61.672000
961.040699	769.869234	55.999998	61.674000
961.040700	769.864247	56.000002	61.676000
961.040699	769.859239	56.000000	61.676000
961.040699	769.854233	56.000000	61.673000
961.040698	769.849229	55.999998	61.668000
961.040701	769.844242	56.000002	61.665000
961.040701	769.839241	55.999999	61.666000
961.040697	769.834232	55.999998	61.672000
961.040699	769.829243	56.000002	61.679000
961.040697	769.824243	55.999998	61.686000
961.040698	769.819238	56.000002	61.692000
961.040698	769.814434	56.000002	61.695000
961.040700	769.809037	56.000000	61.694000
961.040697	769.804041	56.000001	61.690000
961.040700	769.799038	56.000000	61.685000
961.040699	769.794034	55.999998	61.680000
961.040698	769.789028	56.000002	61.677000
961.040696	769.784037	55.999999	61.676000
961.040699	769.779038	56.000002	61.675000
961.040697	769.774032	55.999998	61.676000
961.040701	769.768826	56.000000	61.677000
961.040697	769.764045	55.999999	61.680000
961.040699	769.759045	56.000001	61.684000
961.040698	769.754235	55.999999	61.688000
961.040700	769.749039	55.999999	61.690000
961.040699	769.744048	56.000002	61.691000
961.040697	769.739051	55.999998	61.690000
961.040703	769.733646	56.000002	61.689000
961.040702	769.728840	56.000001	61.689000
961.040701	769.723854	55.999999	61.691000
961.040700	769.718645	56.000000	61.694000
961.040702	769.713637	55.999999	61.696000
961.040701	769.708830	55.999999	61.696000
961.040702	769.703638	55.999998	61.693000
961.040701	769.698634	56.000001	61.688000
961.040701	769.693634	55.999999	61.684000
961.040702	769.688626	56.000000	61.683000
961.040700	769.683634	56.000002	61.685000
961.040702	769.678643	56.000000	61.689000
961.040700	769.673835	55.999999	61.693000
961.040700	769.668632	56.000000	61.696000
961.040701	769.663438	55.999999	61.698000
961.040700	769.658447	56.000001	61.699000
961.040701	769.653438	55.999999	61.701000
961.040701	769.648432	56.000000	61.704000
961.040700	769.643439	56.000001	61.706000
961.040698	769.638445	56.000000	61.707000
961.040699	769.633436	56.000000	61.705000
961.040702	769.628425	56.000000	61.699000
961.040703	769.623431	56.000000	61.689000
961.040703	769.618441	56.000000	61.678000
961.040700	769.613431	56.000000	61.670000
961.040705	769.608420	55.999999	61.666000
961.040699	769.603434	55.999999	61.664000
961.040701	769.598427	56.000000	61.664000
961.040705	769.593426	56.000001	61.665000
961.040700	769.588213	56.000001	61.668000
961.040699	769.583224	55.999999	61.671000
961.040698	769.578432	55.999999	61.674000
961.040701	769.573426	55.999999	61.677000
961.040702	769.568424	56.000000	61.680000
961.040702	769.563431	56.000000	61.681000
961.040702	769.558439	56.000000	61.680000
961.040703	769.553439	56.000000	61.680000
961.040700	769.548425	56.000000	61.679000
961.040703	769.543445	56.000001	61.680000
961.040702	769.538444	56.000001	61.682000
961.040699	769.533438	55.999998	61.682000
961.040704	769.528431	56.000002	61.679000
961.040702	769.523035	56.000000	61.674000
961.040698	769.518642	55.999999	61.666000
961.040703	769.513636	56.000001	61.659000
961.040699	769.508222	55.999999	61.655000
961.040695	769.503237	56.000001	61.655000
961.040702	769.498234	55.999999	61.658000
961.040700	769.493236	56.000001	61.662000
961.040700	769.488224	56.000001	61.667000
961.040700	769.483035	56.000002	61.671000
961.040700	769.478042	55.999998	61.671000
961.040702	769.473041	56.000001	61.670000
961.040698	769.468025	55.999999	61.666000
961.040699	769.463031	56.000000	61.662000
961.040700	769.457830	56.000001	61.660000
961.040700	769.453035	55.999998	61.662000
961.040700	769.448023	56.000001	61.665000
961.040702	769.443029	55.999999	61.669000
961.040700	769.438034	56.000002	61.672000
961.040700	769.432840	56.000000	61.674000
961.040699	769.427825	56.000000	61.675000
961.040703	769.422834	55.999998	61.676000
961.040703	769.417832	56.000001	61.678000
961.040702	769.412842	56.000000	61.679000
961.040700	769.407822	56.000000	61.680000
961.040700	769.402832	56.000000	61.680000
961.040700	769.397825	56.000001	61.679000
961.040697	769.392636	56.000000	61.675000
961.040699	769.388015	56.000001	61.670000
961.040704	769.386015	55.999998	61.666000
