704.551078	888.332391	55.020643	50.532000
704.552332	888.332340	55.020645	50.534000
704.555139	888.332346	55.020643	50.531000
704.557760	888.332348	55.020648	50.531000
704.560495	888.332339	55.020642	50.530000
704.563102	888.332356	55.020646	50.529000
704.565686	888.332346	55.020649	50.530000
704.568282	888.332353	55.020645	50.531000
704.570984	888.332346	55.020645	50.532000
704.573451	888.332351	55.020645	50.535000
704.575907	888.332347	55.020644	50.537000
704.578484	888.332353	55.020643	50.539000
704.580970	888.332347	55.020645	50.541000
704.583650	888.332352	55.020648	50.542000
704.586038	888.332348	55.020643	50.543000
704.588604	888.332350	55.020642	50.542000
704.591116	888.332351	55.020642	50.541000
704.593732	888.332347	55.020647	50.539000
704.596325	888.332352	55.020646	50.537000
704.598794	888.332350	55.020644	50.535000
704.601282	888.332348	55.020644	50.532000
704.603824	888.332348	55.020644	50.529000
704.606288	888.332347	55.020646	50.525000
704.608842	888.332351	55.020644	50.522000
704.611340	888.332351	55.020646	50.518000
704.613825	888.332353	55.020646	50.515000
704.616318	888.332351	55.020646	50.512000
704.618857	888.332350	55.020643	50.509000
704.621347	888.332350	55.020647	50.506000
704.623961	888.332348	55.020644	50.504000
704.626337	888.332351	55.020645	50.502000
704.628865	888.332347	55.020645	50.501000
704.631559	888.332352	55.020646	50.501000
704.634130	888.332349	55.020645	50.501000
704.636634	888.332354	55.020645	50.500000
704.638969	888.332349	55.020644	50.500000
704.641454	888.332346	55.020643	50.498000
704.644070	888.332348	55.020644	50.497000
704.646438	888.332349	55.020644	50.495000
704.648983	888.332352	55.020647	50.493000
704.651472	888.332350	55.020645	50.490000
704.653955	888.332351	55.020645	50.488000
704.656443	888.332345	55.020645	50.487000
704.658978	888.332352	55.020645	50.486000
704.661464	888.332347	55.020644	50.486000
704.663994	888.332348	55.020646	50.486000
704.666462	888.332350	55.020644	50.488000
704.669097	888.332350	55.020645	50.490000
704.671681	888.332345	55.020643	50.491000
704.674148	888.332349	55.020646	50.493000
704.676757	888.332351	55.020645	50.493000
704.679102	888.332348	55.020644	50.493000
704.681583	888.332351	55.020648	50.492000
704.684104	888.332347	55.020646	50.490000
704.686561	888.332355	55.020643	50.488000
704.689112	888.332347	55.020643	50.486000
704.691598	888.332349	55.020645	50.485000
704.694058	888.332345	55.020645	50.484000
704.696544	888.332350	55.020645	50.484000
704.699101	888.332349	55.020646	50.484000
704.701690	888.332351	55.020643	50.485000
704.704108	888.332348	55.020645	50.486000
704.706660	888.332350	55.020645	50.487000
704.709212	888.332349	55.020645	50.487000
704.711788	888.332349	55.020646	50.486000
704.714156	888.332350	55.020643	50.485000
704.716649	888.332350	55.020642	50.482000
704.719201	888.332351	55.020642	50.479000
704.721692	888.332347	55.020642	50.476000
704.724198	888.332352	55.020644	50.473000
704.726666	888.332345	55.020641	50.471000
704.729213	888.332351	55.020643	50.469000
704.731689	888.332355	55.020643	50.468000
704.734151	888.332350	55.020644	50.467000
704.736664	888.332348	55.020645	50.467000
704.739195	888.332349	55.020647	50.468000
704.741779	888.332353	55.020642	50.469000
704.744104	888.332348	55.020643	50.470000
704.746885	888.332348	55.020647	50.473000
704.749475	888.332348	55.020642	50.477000
704.751769	888.332356	55.020644	50.480000
704.754282	888.332360	55.020644	50.484000
704.756834	888.332354	55.020648	50.488000
704.759306	888.332347	55.020642	50.491000
704.761775	888.332348	55.020642	50.493000
704.764266	888.332347	55.020641	50.494000
704.766660	888.332352	55.020649	50.493000
704.769385	888.332348	55.020646	50.492000
704.771752	888.332350	55.020644	50.489000
704.774250	888.332348	55.020642	50.485000
704.776753	888.332349	55.020644	50.481000
704.779375	888.332346	55.020645	50.478000
704.781964	888.332346	55.020647	50.475000
704.784550	888.332353	55.020643	50.473000
704.786842	888.332358	55.020642	50.473000
704.789399	888.332349	55.020642	50.474000
704.791877	888.332343	55.020642	50.477000
704.794349	888.332349	55.020643	50.480000
704.796848	888.332351	55.020645	50.483000
704.799362	888.332355	55.020645	50.486000
704.801867	888.332350	55.020646	50.489000
704.804367	888.332349	55.020647	50.492000
704.806857	888.332349	55.020647	50.494000
704.809495	888.332350	55.020643	50.495000
704.811873	888.332350	55.020647	50.496000
704.814339	888.332351	55.020648	50.496000
704.816839	888.332348	55.020648	50.496000
704.819647	888.332348	55.020647	50.497000
704.821972	888.332351	55.020645	50.497000
704.824558	888.332349	55.020643	50.498000
704.826943	888.332352	55.020646	50.499000
704.829584	888.332347	55.020642	50.501000
704.831972	888.332352	55.020646	50.503000
704.834438	888.332354	55.020643	50.506000
704.836929	888.332350	55.020642	50.508000
704.839467	888.332349	55.020644	50.511000
704.841968	888.332348	55.020645	50.513000
704.844459	888.332350	55.020644	50.514000
704.846942	888.332349	55.020643	50.515000
704.849484	888.332356	55.020643	50.516000
704.851955	888.332349	55.020644	50.516000
704.854439	888.332351	55.020645	50.516000
704.857140	888.332350	55.020643	50.515000
704.859632	888.332352	55.020644	50.515000
704.862068	888.332356	55.020645	50.514000
704.864551	888.332356	55.020645	50.515000
704.867050	888.332350	55.020643	50.515000
704.869691	888.332347	55.020646	50.516000
704.872063	888.332349	55.020643	50.517000
704.874525	888.332351	55.020644	50.518000
704.877030	888.332349	55.020647	50.519000
704.879559	888.332349	55.020646	50.519000
704.882062	888.332349	55.020644	50.518000
704.884546	888.332350	55.020643	50.517000
704.887039	888.332350	55.020642	50.515000
704.889582	888.332350	55.020642	50.513000
704.892064	888.332353	55.020642	50.511000
704.894726	888.332350	55.020645	50.509000
704.897129	888.332349	55.020646	50.508000
704.899741	888.332347	55.020644	50.507000
704.902362	888.332350	55.020646	50.507000
704.904633	888.332353	55.020644	50.508000
704.907142	888.332351	55.020644	50.510000
704.909688	888.332348	55.020645	50.511000
704.912153	888.332352	55.020643	50.513000
704.914635	888.332352	55.020645	50.515000
704.917130	888.332348	55.020645	50.516000
704.919635	888.332352	55.020645	50.517000
704.922251	888.332347	55.020646	50.516000
704.924634	888.332351	55.020645	50.515000
704.927243	888.332352	55.020646	50.513000
704.929672	888.332349	55.020646	50.511000
704.932351	888.332351	55.020645	50.509000
704.934923	888.332350	55.020645	50.507000
704.937230	888.332349	55.020646	50.506000
704.939735	888.332351	55.020644	50.506000
704.942264	888.332349	55.020646	50.507000
704.944731	888.332345	55.020645	50.508000
704.947250	888.332351	55.020646	50.510000
704.949789	888.332350	55.020644	50.512000
704.952257	888.332351	55.020647	50.515000
704.954726	888.332349	55.020645	50.517000
704.957230	888.332349	55.020644	50.519000
704.959753	888.332348	55.020644	50.521000
704.962256	888.332347	55.020646	50.524000
704.964737	888.332349	55.020645	50.527000
704.967354	888.332348	55.020645	50.530000
704.969989	888.332348	55.020644	50.533000
704.972465	888.332352	55.020645	50.537000
704.974936	888.332348	55.020643	50.540000
704.977340	888.332348	55.020643	50.542000
704.979853	888.332351	55.020646	50.544000
704.982460	888.332347	55.020646	50.545000
704.984844	888.332347	55.020647	50.545000
704.987359	888.332347	55.020645	50.544000
704.989790	888.332348	55.020644	50.543000
704.992371	888.332352	55.020645	50.542000
704.994839	888.332349	55.020646	50.540000
704.997342	888.332349	55.020645	50.538000
704.999853	888.332352	55.020645	50.537000
705.002376	888.332353	55.020643	50.536000
705.004839	888.332351	55.020646	50.535000
705.007571	888.332350	55.020645	50.535000
705.009994	888.332348	55.020644	50.535000
705.012468	888.332350	55.020646	50.535000
705.014933	888.332351	55.020645	50.535000
705.017431	888.332350	55.020646	50.534000
705.019947	888.332347	55.020644	50.534000
705.022467	888.332351	55.020646	50.533000
705.024946	888.332351	55.020643	50.532000
705.027451	888.332349	55.020646	50.531000
705.029995	888.332349	55.020644	50.530000
705.032456	888.332349	55.020645	50.529000
705.034935	888.332352	55.020644	50.529000
705.037444	888.332344	55.020645	50.529000
705.039954	888.332352	55.020646	50.529000
705.042563	888.332350	55.020645	50.529000
705.045047	888.332351	55.020646	50.529000
705.047661	888.332350	55.020645	50.530000
705.050103	888.332351	55.020646	50.530000
705.052662	888.332351	55.020645	50.531000
705.055038	888.332351	55.020644	50.531000
705.057551	888.332350	55.020645	50.532000
705.060065	888.332348	55.020646	50.533000
705.062562	888.332350	55.020644	50.533000
705.065147	888.332348	55.020645	50.533000
705.067573	888.332351	55.020645	50.533000
705.070092	888.332348	55.020645	50.532000
705.072569	888.332352	55.020646	50.532000
705.075032	888.332351	55.020645	50.530000
705.077533	888.332353	55.020645	50.529000
705.079961	888.332348	55.020644	50.528000
705.082558	888.332351	55.020645	50.526000
705.085246	888.332351	55.020644	50.525000
705.087658	888.332355	55.020646	50.525000
705.090191	888.332350	55.020644	50.525000
705.092662	888.332349	55.020646	50.526000
705.095140	888.332351	55.020644	50.528000
705.097643	888.332351	55.020645	50.530000
705.100166	888.332349	55.020645	50.531000
705.102660	888.332348	55.020645	50.533000
705.105250	888.332349	55.020646	50.535000
705.107658	888.332347	55.020645	50.536000
705.110286	888.332348	55.020646	50.536000
705.112653	888.332348	55.020643	50.536000
705.115127	888.332352	55.020645	50.536000
705.117735	888.332351	55.020645	50.536000
705.120056	888.332348	55.020645	50.536000
705.122850	888.332352	55.020645	50.536000
705.125341	888.332353	55.020645	50.536000
705.127870	888.332351	55.020646	50.536000
705.130287	888.332352	55.020646	50.536000
705.132765	888.332353	55.020643	50.536000
705.135235	888.332350	55.020645	50.535000
705.137739	888.332348	55.020645	50.534000
705.140268	888.332347	55.020645	50.533000
705.142760	888.332353	55.020644	50.531000
705.145244	888.332349	55.020646	50.530000
705.147758	888.332351	55.020644	50.529000
705.150280	888.332352	55.020645	50.528000
705.152754	888.332351	55.020646	50.527000
705.155236	888.332354	55.020646	50.528000
705.157733	888.332349	55.020644	50.528000
705.160459	888.332349	55.020647	50.529000
705.162855	888.332348	55.020646	50.529000
705.165350	888.332351	55.020645	50.529000
705.167845	888.332350	55.020644	50.529000
705.170390	888.332350	55.020647	50.529000
705.172863	888.332348	55.020645	50.528000
705.175330	888.332351	55.020644	50.527000
705.177835	888.332350	55.020646	50.526000
705.180358	888.332352	55.020645	50.525000
705.182860	888.332348	55.020645	50.524000
705.185343	888.332351	55.020645	50.522000
705.187961	888.332348	55.020645	50.521000
705.190382	888.332351	55.020645	50.520000
705.192871	888.332349	55.020645	50.518000
705.195335	888.332351	55.020646	50.516000
705.197945	888.332351	55.020646	50.514000
705.200469	888.332347	55.020645	50.512000
705.202953	888.332351	55.020644	50.509000
705.205451	888.332349	55.020645	50.507000
705.207962	888.332353	55.020644	50.505000
705.210493	888.332348	55.020645	50.503000
705.212958	888.332352	55.020646	50.502000
705.215441	888.332349	55.020643	50.501000
705.217938	888.332346	55.020645	50.500000
705.220464	888.332350	55.020647	50.499000
705.222959	888.332349	55.020645	50.498000
705.225458	888.332351	55.020644	50.497000
705.227968	888.332353	55.020646	50.495000
705.230489	888.332351	55.020646	50.493000
705.232963	888.332348	55.020644	50.492000
705.235630	888.332352	55.020644	50.489000
705.238040	888.332349	55.020643	50.488000
705.240564	888.332350	55.020647	50.486000
705.243058	888.332348	55.020646	50.485000
705.245550	888.332351	55.020645	50.485000
705.248150	888.332349	55.020646	50.484000
705.250586	888.332350	55.020647	50.484000
705.253061	888.332348	55.020645	50.484000
705.255530	888.332349	55.020645	50.484000
705.258043	888.332350	55.020646	50.484000
705.260670	888.332349	55.020644	50.483000
705.263064	888.332351	55.020643	50.482000
705.265551	888.332350	55.020645	50.482000
705.268066	888.332351	55.020645	50.481000
705.270594	888.332349	55.020645	50.481000
705.273261	888.332351	55.020644	50.481000
705.275635	888.332347	55.020647	50.482000
705.278141	888.332347	55.020645	50.482000
705.280666	888.332350	55.020644	50.481000
705.283167	888.332351	55.020644	50.480000
705.285644	888.332351	55.020646	50.478000
705.288166	888.332351	55.020646	50.476000
705.290696	888.332353	55.020645	50.473000
705.293153	888.332346	55.020645	50.470000
705.295627	888.332349	55.020645	50.467000
705.298143	888.332350	55.020645	50.465000
705.300766	888.332352	55.020645	50.464000
705.303162	888.332347	55.020647	50.463000
705.305634	888.332355	55.020647	50.462000
705.308066	888.332345	55.020643	50.462000
705.310884	888.332350	55.020647	50.462000
705.313249	888.332350	55.020643	50.463000
705.315731	888.332350	55.020644	50.463000
705.318253	888.332350	55.020642	50.464000
705.320758	888.332351	55.020641	50.465000
705.323267	888.332351	55.020644	50.466000
705.325735	888.332349	55.020646	50.469000
705.328276	888.332348	55.020647	50.471000
705.330782	888.332349	55.020642	50.474000
705.333256	888.332352	55.020644	50.476000
705.335735	888.332347	55.020648	50.478000
705.338251	888.332347	55.020646	50.479000
705.340762	888.332352	55.020642	50.479000
705.343269	888.332353	55.020643	50.479000
705.345649	888.332349	55.020647	50.479000
705.348371	888.332354	55.020643	50.479000
705.350886	888.332346	55.020643	50.480000
705.353361	888.332355	55.020644	50.481000
705.355833	888.332352	55.020644	50.482000
705.358352	888.332349	55.020646	50.483000
705.360872	888.332350	55.020646	50.485000
705.363379	888.332349	55.020646	50.486000
705.365842	888.332350	55.020647	50.487000
705.368371	888.332349	55.020648	50.487000
705.370889	888.332349	55.020645	50.487000
705.373362	888.332353	55.020642	50.487000
705.375940	888.332351	55.020644	50.487000
705.378359	888.332348	55.020650	50.487000
705.380876	888.332352	55.020646	50.487000
705.383379	888.332351	55.020643	50.487000
705.386039	888.332353	55.020646	50.488000
705.388482	888.332352	55.020642	50.488000
705.390995	888.332352	55.020645	50.488000
705.393458	888.332353	55.020646	50.488000
705.395934	888.332347	55.020648	50.488000
705.398478	888.332349	55.020643	50.488000
705.400965	888.332351	55.020644	50.488000
705.403489	888.332349	55.020648	50.489000
705.405951	888.332352	55.020646	50.489000
705.408376	888.332352	55.020648	50.489000
705.410998	888.332350	55.020646	50.489000
705.413450	888.332351	55.020647	50.489000
705.415932	888.332351	55.020646	50.488000
705.418458	888.332349	55.020644	50.487000
705.420970	888.332353	55.020646	50.486000
705.423789	888.332351	55.020646	50.485000
705.426143	888.332350	55.020644	50.484000
705.428580	888.332346	55.020646	50.485000
705.431096	888.332353	55.020644	50.487000
705.433650	888.332349	55.020646	50.490000
705.436036	888.332353	55.020645	50.493000
705.438572	888.332350	55.020647	50.496000
705.441068	888.332352	55.020642	50.499000
705.443585	888.332347	55.020644	50.502000
705.446037	888.332354	55.020648	50.503000
705.448583	888.332350	55.020646	50.505000
705.451187	888.332352	55.020647	50.505000
705.453558	888.332350	55.020642	50.505000
705.456024	888.332352	55.020647	50.506000
705.458559	888.332351	55.020647	50.506000
705.461255	888.332349	55.020642	50.507000
705.463787	888.332350	55.020646	50.509000
705.466138	888.332348	55.020643	50.512000
705.468682	888.332351	55.020647	50.516000
705.471184	888.332349	55.020645	50.519000
705.473650	888.332353	55.020642	50.522000
705.476121	888.332347	55.020646	50.525000
705.478673	888.332350	55.020647	50.528000
705.481159	888.332350	55.020642	50.531000
705.483784	888.332348	55.020644	50.534000
705.486143	888.332348	55.020648	50.537000
705.488684	888.332352	55.020642	50.539000
705.491189	888.332348	55.020643	50.542000
705.493648	888.332351	55.020649	50.544000
705.496230	888.332351	55.020645	50.546000
705.498765	888.332346	55.020647	50.549000
705.501357	888.332349	55.020647	50.551000
705.503785	888.332348	55.020645	50.555000
705.506236	888.332352	55.020648	50.558000
705.508792	888.332351	55.020644	50.561000
705.511293	888.332347	55.020639	50.563000
705.513755	888.332349	55.020648	50.565000
705.516230	888.332350	55.020649	50.565000
705.518777	888.332347	55.020644	50.566000
705.521265	888.332348	55.020643	50.565000
705.523808	888.332348	55.020648	50.565000
705.526445	888.332353	55.020641	50.564000
705.528797	888.332352	55.020640	50.564000
705.531296	888.332347	55.020649	50.563000
705.533752	888.332353	55.020647	50.564000
705.536331	888.332348	55.020648	50.565000
705.538875	888.332351	55.020641	50.567000
705.541468	888.332351	55.020642	50.569000
705.543888	888.332352	55.020649	50.573000
705.546354	888.332350	55.020642	50.576000
705.548888	888.332347	55.020643	50.580000
705.551389	888.332349	55.020649	50.583000
705.553848	888.332350	55.020643	50.586000
705.556336	888.332348	55.020643	50.587000
705.558872	888.332349	55.020648	50.589000
705.561369	888.332348	55.020643	50.590000
705.563890	888.332350	55.020645	50.590000
705.566443	888.332353	55.020645	50.589000
705.568900	888.332348	55.020642	50.588000
705.571391	888.332346	55.020647	50.587000
705.574044	888.332349	55.020643	50.585000
705.576640	888.332348	55.020644	50.583000
705.579079	888.332350	55.020649	50.582000
705.581466	888.332353	55.020646	50.581000
705.583990	888.332349	55.020650	50.580000
705.586452	888.332351	55.020642	50.580000
705.588997	888.332349	55.020642	50.581000
705.591586	888.332348	55.020640	50.582000
705.593962	888.332353	55.020644	50.582000
705.596444	888.332351	55.020641	50.582000
705.598981	888.332349	55.020646	50.581000
705.601462	888.332351	55.020648	50.580000
705.603989	888.332353	55.020642	50.578000
705.606448	888.332351	55.020648	50.575000
705.608987	888.332349	55.020648	50.573000
705.611691	888.332349	55.020643	50.571000
705.614052	888.332353	55.020642	50.570000
705.616534	888.332351	55.020643	50.570000
705.619075	888.332348	55.020649	50.570000
705.621574	888.332349	55.020642	50.571000
705.624092	888.332349	55.020644	50.572000
705.626544	888.332349	55.020649	50.573000
705.629085	888.332349	55.020643	50.574000
705.631593	888.332351	55.020643	50.574000
705.634056	888.332353	55.020648	50.573000
705.636532	888.332352	55.020643	50.572000
705.639079	888.332350	55.020645	50.571000
705.641560	888.332349	55.020647	50.570000
705.644087	888.332350	55.020644	50.569000
705.646540	888.332351	55.020644	50.569000
705.649281	888.332349	55.020647	50.569000
705.651778	888.332355	55.020640	50.570000
705.654247	888.332348	55.020645	50.570000
705.656640	888.332351	55.020643	50.570000
705.659177	888.332351	55.020645	50.568000
705.661659	888.332352	55.020648	50.565000
705.664176	888.332353	55.020642	50.561000
705.666644	888.332350	55.020647	50.556000
705.669296	888.332351	55.020646	50.552000
705.671680	888.332349	55.020642	50.547000
705.674154	888.332352	55.020647	50.544000
705.676732	888.332348	55.020643	50.542000
705.679264	888.332353	55.020649	50.540000
705.681561	888.332353	55.020648	50.538000
705.684182	888.332350	55.020650	50.536000
705.686835	888.332350	55.020642	50.534000
705.689293	888.332353	55.020645	50.531000
705.691881	888.332347	55.020646	50.528000
705.694242	888.332350	55.020649	50.524000
705.696720	888.332352	55.020644	50.520000
705.699268	888.332351	55.020642	50.517000
705.701771	888.332351	55.020648	50.513000
705.704277	888.332348	55.020643	50.510000
705.706746	888.332353	55.020646	50.507000
705.709283	888.332350	55.020647	50.505000
705.711789	888.332351	55.020642	50.503000
705.714259	888.332351	55.020646	50.501000
705.716732	888.332346	55.020648	50.500000
705.719268	888.332352	55.020641	50.500000
705.721862	888.332346	55.020642	50.500000
705.724465	888.332352	55.020643	50.500000
705.726947	888.332351	55.020644	50.501000
705.729386	888.332351	55.020644	50.501000
705.732072	888.332350	55.020650	50.502000
705.734345	888.332350	55.020649	50.502000
705.736834	888.332349	55.020643	50.502000
705.739360	888.332353	55.020642	50.502000
705.741864	888.332353	55.020647	50.502000
705.744475	888.332351	55.020646	50.501000
705.746850	888.332352	55.020641	50.501000
705.749393	888.332350	55.020645	50.500000
705.751880	888.332350	55.020649	50.499000
705.754346	888.332348	55.020642	50.499000
705.756838	888.332352	55.020643	50.499000
705.759370	888.332352	55.020646	50.500000
705.762072	888.332350	55.020641	50.501000
705.764565	888.332346	55.020642	50.502000
705.766943	888.332351	55.020643	50.503000
705.769507	888.332348	55.020643	50.504000
705.771987	888.332352	55.020647	50.506000
705.774449	888.332349	55.020648	50.506000
705.776939	888.332351	55.020644	50.507000
705.779468	888.332345	55.020643	50.507000
705.781974	888.332352	55.020643	50.507000
705.784476	888.332350	55.020645	50.507000
705.786948	888.332351	55.020644	50.507000
705.789497	888.332354	55.020644	50.507000
705.791976	888.332347	55.020645	50.507000
705.794447	888.332353	55.020648	50.507000
705.796933	888.332347	55.020647	50.508000
705.799656	888.332348	55.020645	50.508000
705.802171	888.332346	55.020643	50.509000
705.804653	888.332350	55.020644	50.509000
705.807047	888.332348	55.020645	50.509000
705.809600	888.332348	55.020644	50.509000
705.812078	888.332349	55.020646	50.508000
705.814542	888.332353	55.020645	50.507000
705.817034	888.332350	55.020645	50.506000
705.819562	888.332347	55.020645	50.505000
705.822070	888.332349	55.020647	50.504000
705.824564	888.332352	55.020647	50.503000
705.827041	888.332352	55.020646	50.502000
705.829595	888.332349	55.020645	50.501000
705.832071	888.332348	55.020645	50.501000
705.834642	888.332349	55.020646	50.501000
705.837241	888.332350	55.020643	50.502000
705.839755	888.332352	55.020644	50.502000
705.842264	888.332350	55.020644	50.502000
705.844659	888.332349	55.020645	50.503000
705.847144	888.332352	55.020645	50.503000
705.849794	888.332350	55.020644	50.503000
705.852169	888.332348	55.020645	50.503000
705.854659	888.332349	55.020645	50.503000
705.857139	888.332351	55.020645	50.503000
705.859656	888.332349	55.020645	50.503000
705.862168	888.332347	55.020644	50.503000
705.864658	888.332349	55.020643	50.504000
705.867149	888.332352	55.020645	50.504000
705.869698	888.332346	55.020645	50.505000
705.872180	888.332349	55.020644	50.505000
705.874838	888.332352	55.020645	50.505000
705.877241	888.332350	55.020646	50.505000
705.879757	888.332349	55.020642	50.504000
705.882269	888.332349	55.020645	50.503000
705.884838	888.332350	55.020645	50.501000
705.887253	888.332349	55.020646	50.500000
705.889795	888.332350	55.020645	50.498000
705.892374	888.332355	55.020645	50.497000
705.894646	888.332351	55.020645	50.496000
705.897343	888.332352	55.020644	50.496000
705.899748	888.332349	55.020643	50.497000
705.902270	888.332350	55.020642	50.500000
705.904753	888.332347	55.020644	50.503000
705.907353	888.332354	55.020643	50.507000
705.909800	888.332351	55.020644	50.510000
705.912275	888.332348	55.020645	50.513000
705.914841	888.332350	55.020644	50.515000
705.917436	888.332348	55.020645	50.516000
705.919959	888.332351	55.020645	50.516000
705.922367	888.332352	55.020643	50.515000
705.924851	888.332351	55.020646	50.513000
705.927361	888.332347	55.020644	50.511000
705.929909	888.332350	55.020646	50.508000
705.932377	888.332350	55.020644	50.505000
705.934939	888.332351	55.020646	50.502000
705.937442	888.332349	55.020647	50.500000
705.939856	888.332352	55.020646	50.497000
705.942369	888.332352	55.020645	50.496000
705.944838	888.332350	55.020647	50.495000
705.947351	888.332351	55.020646	50.494000
705.949898	888.332351	55.020646	50.494000
705.952475	888.332349	55.020646	50.494000
705.954944	888.332349	55.020644	50.494000
705.957441	888.332351	55.020646	50.494000
705.959953	888.332349	55.020644	50.495000
705.962472	888.332354	55.020645	50.496000
705.964944	888.332348	55.020646	50.498000
705.967557	888.332349	55.020645	50.499000
705.969997	888.332349	55.020643	50.500000
705.972479	888.332349	55.020646	50.501000
705.974941	888.332350	55.020646	50.502000
705.977431	888.332347	55.020644	50.502000
705.979951	888.332348	55.020645	50.502000
705.982472	888.332351	55.020646	50.502000
705.984948	888.332351	55.020644	50.501000
705.987451	888.332351	55.020644	50.501000
705.990106	888.332352	55.020644	50.502000
705.992472	888.332353	55.020644	50.502000
705.994933	888.332352	55.020644	50.503000
705.997432	888.332347	55.020645	50.504000
705.999953	888.332350	55.020643	50.505000
706.002480	888.332349	55.020646	50.506000
706.004936	888.332349	55.020644	50.505000
706.007459	888.332348	55.020645	50.504000
706.010101	888.332349	55.020645	50.503000
706.012484	888.332353	55.020646	50.501000
706.014945	888.332351	55.020645	50.500000
706.017456	888.332351	55.020645	50.499000
706.019949	888.332348	55.020646	50.499000
706.022468	888.332350	55.020645	50.499000
706.024949	888.332346	55.020644	50.499000
706.027453	888.332350	55.020646	50.499000
706.030188	888.332349	55.020644	50.498000
706.032667	888.332350	55.020646	50.498000
706.035043	888.332349	55.020646	50.496000
706.037539	888.332349	55.020643	50.494000
706.040061	888.332353	55.020646	50.492000
706.042574	888.332351	55.020644	50.491000
706.045050	888.332352	55.020645	50.489000
706.047556	888.332351	55.020645	50.489000
706.050201	888.332353	55.020645	50.489000
706.052573	888.332351	55.020644	50.490000
706.055038	888.332350	55.020645	50.492000
706.057550	888.332350	55.020644	50.493000
706.060052	888.332353	55.020647	50.494000
706.062577	888.332348	55.020644	50.494000
706.065151	888.332352	55.020645	50.494000
706.067760	888.332347	55.020645	50.493000
706.070297	888.332351	55.020645	50.492000
706.072673	888.332350	55.020645	50.491000
706.075145	888.332349	55.020645	50.490000
706.077648	888.332350	55.020645	50.490000
706.080160	888.332354	55.020644	50.491000
706.082671	888.332348	55.020645	50.492000
706.085148	888.332351	55.020645	50.493000
706.087664	888.332349	55.020645	50.494000
706.090204	888.332354	55.020645	50.495000
706.092669	888.332350	55.020647	50.496000
706.095142	888.332346	55.020645	50.496000
706.097739	888.332352	55.020644	50.496000
706.100169	888.332349	55.020644	50.495000
706.102668	888.332348	55.020645	50.495000
706.105353	888.332351	55.020644	50.495000
706.107955	888.332349	55.020647	50.495000
706.110305	888.332351	55.020646	50.496000
706.112783	888.332350	55.020644	50.497000
706.115247	888.332352	55.020645	50.498000
706.117730	888.332350	55.020644	50.499000
706.120160	888.332357	55.020642	50.500000
706.122775	888.332347	55.020645	50.500000
706.125252	888.332350	55.020645	50.500000
706.127757	888.332351	55.020644	50.499000
706.130302	888.332348	55.020647	50.499000
706.132772	888.332349	55.020646	50.498000
706.135240	888.332351	55.020646	50.498000
706.137739	888.332349	55.020644	50.497000
706.140373	888.332348	55.020646	50.497000
706.142962	888.332350	55.020646	50.497000
706.145460	888.332348	55.020645	50.497000
706.147855	888.332350	55.020646	50.496000
706.150398	888.332347	55.020643	50.496000
706.152977	888.332352	55.020645	50.495000
706.155338	888.332349	55.020644	50.494000
706.157837	888.332354	55.020646	50.493000
706.160372	888.332348	55.020644	50.492000
706.162860	888.332350	55.020646	50.492000
706.165355	888.332349	55.020644	50.492000
706.167855	888.332348	55.020647	50.493000
706.170389	888.332351	55.020643	50.493000
706.172865	888.332351	55.020646	50.493000
706.175343	888.332352	55.020645	50.494000
706.177833	888.332347	55.020645	50.494000
706.180463	888.332352	55.020646	50.494000
706.183061	888.332349	55.020645	50.494000
706.185450	888.332349	55.020646	50.494000
706.187952	888.332346	55.020644	50.494000
706.190497	888.332350	55.020646	50.494000
706.192977	888.332349	55.020645	50.494000
706.195433	888.332350	55.020644	50.494000
706.197923	888.332350	55.020645	50.494000
706.200471	888.332349	55.020646	50.494000
706.202954	888.332351	55.020645	50.494000
706.205545	888.332345	55.020645	50.494000
706.207851	888.332351	55.020645	50.494000
706.210496	888.332347	55.020644	50.493000
706.212966	888.332351	55.020645	50.493000
706.215444	888.332350	55.020647	50.493000
706.218136	888.332349	55.020644	50.494000
706.220557	888.332347	55.020644	50.494000
706.223158	888.332352	55.020644	50.495000
706.225549	888.332352	55.020646	50.495000
706.228058	888.332349	55.020645	50.496000
706.230603	888.332346	55.020645	50.496000
706.233072	888.332350	55.020645	50.495000
706.235524	888.332348	55.020646	50.494000
706.238020	888.332348	55.020646	50.493000
706.240565	888.332350	55.020644	50.491000
706.243058	888.332351	55.020644	50.488000
706.245659	888.332351	55.020645	50.485000
706.248056	888.332350	55.020645	50.483000
706.250598	888.332348	55.020645	50.481000
706.253069	888.332349	55.020646	50.479000
706.255836	888.332350	55.020644	50.479000
706.258136	888.332348	55.020645	50.479000
706.260662	888.332351	55.020647	50.479000
706.263177	888.332349	55.020645	50.478000
706.265656	888.332345	55.020644	50.478000
706.268168	888.332351	55.020645	50.478000
706.270692	888.332350	55.020645	50.478000
706.273166	888.332349	55.020644	50.478000
706.275625	888.332348	55.020644	50.477000
706.278125	888.332350	55.020646	50.477000
706.280675	888.332351	55.020645	50.478000
706.283176	888.332353	55.020645	50.478000
706.285749	888.332352	55.020646	50.478000
706.288146	888.332354	55.020645	50.478000
706.290793	888.332347	55.020644	50.478000
706.293366	888.332348	55.020647	50.477000
706.295829	888.332346	55.020645	50.476000
706.298239	888.332348	55.020645	50.475000
706.300769	888.332355	55.020644	50.473000
706.303278	888.332352	55.020645	50.470000
706.305759	888.332352	55.020645	50.468000
706.308264	888.332347	55.020644	50.465000
706.310810	888.332353	55.020644	50.463000
706.313263	888.332352	55.020646	50.462000
706.315828	888.332352	55.020644	50.462000
706.318245	888.332349	55.020644	50.462000
706.320768	888.332352	55.020647	50.464000
706.323275	888.332352	55.020643	50.466000
706.325742	888.332347	55.020645	50.468000
706.328272	888.332350	55.020646	50.470000
706.330791	888.332350	55.020643	50.471000
706.333363	888.332354	55.020646	50.472000
706.335842	888.332353	55.020644	50.473000
706.338240	888.332352	55.020647	50.473000
706.340773	888.332354	55.020644	50.472000
706.343285	888.332348	55.020645	50.471000
706.345758	888.332350	55.020646	50.470000
706.348270	888.332349	55.020645	50.469000
706.350795	888.332348	55.020644	50.469000
706.353266	888.332349	55.020647	50.469000
706.355745	888.332349	55.020646	50.470000
706.358357	888.332351	55.020644	50.471000
706.360780	888.332351	55.020645	50.472000
706.363266	888.332350	55.020645	50.473000
706.365856	888.332351	55.020645	50.474000
706.368165	888.332347	55.020645	50.473000
706.370998	888.332350	55.020646	50.472000
706.373363	888.332350	55.020644	50.471000
706.375838	888.332355	55.020645	50.469000
706.378347	888.332351	55.020646	50.468000
706.380859	888.332356	55.020644	50.466000
706.383385	888.332349	55.020644	50.465000
706.385848	888.332349	55.020644	50.464000
706.388484	888.332349	55.020645	50.464000
706.390884	888.332351	55.020647	50.465000
706.393362	888.332356	55.020645	50.466000
706.395842	888.332352	55.020645	50.467000
706.398348	888.332351	55.020646	50.468000
706.400869	888.332347	55.020645	50.469000
706.403382	888.332352	55.020646	50.470000
706.405845	888.332346	55.020644	50.471000
706.408478	888.332357	55.020645	50.472000
706.410992	888.332353	55.020645	50.472000
706.413468	888.332353	55.020646	50.472000
706.415934	888.332351	55.020644	50.472000
706.418469	888.332349	55.020646	50.471000
706.421066	888.332345	55.020644	50.470000
706.423577	888.332352	55.020645	50.468000
706.425945	888.332353	55.020645	50.467000
706.428582	888.332349	55.020646	50.465000
706.430982	888.332349	55.020645	50.464000
706.433460	888.332348	55.020645	50.463000
706.435930	888.332351	55.020646	50.463000
706.438444	888.332346	55.020647	50.463000
706.441163	888.332348	55.020646	50.464000
706.443491	888.332351	55.020645	50.466000
706.446144	888.332347	55.020647	50.470000
706.448577	888.332347	55.020643	50.473000
706.451197	888.332352	55.020646	50.476000
706.453564	888.332348	55.020647	50.480000
706.456038	888.332352	55.020645	50.482000
706.458565	888.332348	55.020644	50.485000
706.461158	888.332348	55.020644	50.487000
706.463591	888.332351	55.020646	50.488000
706.466058	888.332351	55.020643	50.489000
706.468592	888.332353	55.020646	50.489000
706.471095	888.332347	55.020647	50.488000
706.473560	888.332350	55.020644	50.487000
706.476040	888.332351	55.020645	50.485000
706.478573	888.332351	55.020646	50.482000
706.481082	888.332348	55.020646	50.480000
706.483590	888.332350	55.020644	50.478000
706.486143	888.332348	55.020647	50.477000
706.488691	888.332353	55.020645	50.477000
706.491213	888.332349	55.020648	50.477000
706.493645	888.332351	55.020644	50.478000
706.496126	888.332352	55.020646	50.479000
706.498679	888.332350	55.020646	50.480000
706.501178	888.332347	55.020645	50.481000
706.503686	888.332347	55.020644	50.482000
706.506138	888.332351	55.020647	50.482000
706.508781	888.332356	55.020645	50.483000
706.511193	888.332351	55.020645	50.483000
706.513672	888.332350	55.020646	50.484000
706.516135	888.332347	55.020646	50.485000
706.518550	888.332348	55.020646	50.487000
706.521170	888.332351	55.020645	50.488000
706.523901	888.332349	55.020644	50.491000
706.526345	888.332355	55.020647	50.493000
706.528911	888.332353	55.020647	50.495000
706.531391	888.332350	55.020644	50.497000
706.533758	888.332350	55.020645	50.500000
706.536225	888.332350	55.020644	50.501000
706.538776	888.332351	55.020645	50.503000
706.541286	888.332345	55.020644	50.505000
706.543895	888.332352	55.020643	50.507000
706.546226	888.332347	55.020646	50.508000
706.548791	888.332353	55.020644	50.509000
706.551292	888.332350	55.020645	50.510000
706.553867	888.332350	55.020643	50.510000
706.556238	888.332346	55.020645	50.510000
706.558678	888.332349	55.020642	50.510000
706.561468	888.332349	55.020644	50.510000
706.563999	888.332351	55.020645	50.511000
706.566343	888.332354	55.020646	50.513000
706.568898	888.332350	55.020644	50.516000
706.571392	888.332350	55.020647	50.520000
706.573856	888.332348	55.020645	50.524000
706.576336	888.332352	55.020643	50.529000
706.578878	888.332349	55.020644	50.533000
706.581360	888.332352	55.020647	50.537000
706.583791	888.332350	55.020645	50.540000
706.586340	888.332352	55.020646	50.542000
706.588894	888.332352	55.020643	50.542000
706.591390	888.332347	55.020644	50.542000
706.593857	888.332348	55.020645	50.541000
706.596329	888.332349	55.020645	50.540000
706.599083	888.332351	55.020646	50.540000
706.601567	888.332350	55.020646	50.542000
706.603990	888.332349	55.020646	50.545000
706.606444	888.332349	55.020644	50.549000
706.608989	888.332355	55.020645	50.553000
706.611485	888.332353	55.020644	50.557000
706.613955	888.332353	55.020645	50.559000
706.616427	888.332350	55.020645	50.560000
706.618973	888.332352	55.020646	50.560000
706.621461	888.332348	55.020646	50.559000
706.623993	888.332351	55.020645	50.558000
706.626442	888.332355	55.020643	50.557000
706.628993	888.332351	55.020645	50.557000
706.631488	888.332351	55.020643	50.557000
706.634055	888.332349	55.020645	50.559000
706.636640	888.332351	55.020645	50.563000
706.639172	888.332352	55.020646	50.569000
706.641561	888.332349	55.020645	50.575000
706.644276	888.332350	55.020644	50.583000
706.646550	888.332352	55.020646	50.590000
706.649086	888.332347	55.020646	50.597000
706.651588	888.332351	55.020647	50.603000
706.654062	888.332349	55.020644	50.607000
706.656537	888.332350	55.020647	50.611000
706.659084	888.332350	55.020644	50.613000
706.661563	888.332348	55.020646	50.614000
706.664097	888.332351	55.020646	50.614000
706.666638	888.332349	55.020644	50.614000
706.669095	888.332351	55.020642	50.612000
706.671597	888.332346	55.020644	50.610000
706.674251	888.332348	55.020644	50.608000
706.676831	888.332351	55.020644	50.606000
706.679177	888.332348	55.020646	50.604000
706.681674	888.332350	55.020645	50.603000
706.684187	888.332351	55.020646	50.603000
706.686637	888.332350	55.020644	50.603000
706.689191	888.332352	55.020645	50.603000
706.691691	888.332353	55.020644	50.604000
706.694144	888.332351	55.020646	50.604000
706.696624	888.332352	55.020645	50.605000
706.699177	888.332352	55.020647	50.605000
706.701671	888.332354	55.020646	50.605000
706.704196	888.332349	55.020646	50.605000
706.706637	888.332351	55.020646	50.605000
706.709195	888.332348	55.020646	50.605000
706.711786	888.332351	55.020646	50.605000
706.714344	888.332348	55.020647	50.606000
706.716832	888.332353	55.020644	50.607000
706.719278	888.332350	55.020645	50.608000
706.721762	888.332348	55.020648	50.610000
706.724292	888.332349	55.020647	50.612000
706.726745	888.332348	55.020645	50.614000
706.729298	888.332352	55.020644	50.616000
706.731791	888.332349	55.020646	50.617000
706.734258	888.332350	55.020645	50.618000
706.736739	888.332348	55.020646	50.618000
706.739379	888.332352	55.020645	50.619000
706.742172	888.332351	55.020645	50.620000
706.744760	888.332354	55.020646	50.621000
706.747248	888.332353	55.020643	50.622000
706.750011	888.332352	55.020643	50.623000
706.752486	888.332351	55.020643	50.623000
706.754939	888.332350	55.020643	50.623000
706.757514	888.332349	55.020646	50.623000
706.760149	888.332353	55.020644	50.621000
706.763795	888.332349	55.020647	50.618000
706.766239	888.332351	55.020646	50.615000
706.768784	888.332351	55.020645	50.611000
706.771295	888.332352	55.020644	50.607000
706.773765	888.332350	55.020642	50.604000
706.776229	888.332348	55.020644	50.600000
706.778668	888.332349	55.020647	50.595000
706.781869	888.332353	55.020646	50.593000
706.784489	888.332351	55.020643	50.590000
706.787041	888.332351	55.020647	50.587000
706.789590	888.332351	55.020646	50.584000
706.792079	888.332348	55.020646	50.582000
706.794645	888.332349	55.020644	50.579000
706.797030	888.332351	55.020645	50.577000
706.799569	888.332350	55.020646	50.574000
706.802075	888.332350	55.020644	50.571000
706.804581	888.332349	55.020647	50.567000
706.807052	888.332347	55.020648	50.563000
706.809590	888.332347	55.020644	50.558000
706.812076	888.332346	55.020646	50.554000
706.814640	888.332350	55.020645	50.550000
706.817033	888.332350	55.020646	50.546000
706.819562	888.332351	55.020646	50.542000
706.821966	888.332350	55.020646	50.538000
706.824853	888.332355	55.020647	50.534000
706.827147	888.332353	55.020644	50.531000
706.829585	888.332351	55.020644	50.528000
706.832078	888.332353	55.020643	50.525000
706.834544	888.332349	55.020644	50.523000
706.837047	888.332351	55.020644	50.521000
706.839560	888.332351	55.020647	50.520000
706.841967	888.332350	55.020647	50.518000
706.844573	888.332351	55.020645	50.517000
706.847149	888.332350	55.020645	50.515000
706.849582	888.332353	55.020645	50.513000
706.852173	888.332352	55.020644	50.510000
706.855431	888.332350	55.020645	50.507000
706.856936	888.332352	55.020645	50.503000
706.859470	888.332350	55.020645	50.499000
706.862758	888.332350	55.020646	50.494000
706.865344	888.332349	55.020645	50.490000
706.867850	888.332351	55.020646	50.489000
706.870302	888.332349	55.020647	50.488000
706.872769	888.332350	55.020644	50.490000
706.875237	888.332347	55.020645	50.492000
706.877734	888.332349	55.020645	50.495000
706.880361	888.332349	55.020644	50.498000
706.882754	888.332350	55.020644	50.500000
706.885251	888.332351	55.020647	50.501000
706.887750	888.332350	55.020645	50.501000
706.890303	888.332347	55.020646	50.500000
706.892778	888.332351	55.020643	50.498000
706.895236	888.332351	55.020644	50.496000
706.898219	888.332352	55.020644	50.495000
706.900457	888.332350	55.020647	50.495000
706.902866	888.332348	55.020647	50.496000
706.905353	888.332348	55.020645	50.499000
706.907960	888.332349	55.020644	50.501000
706.910492	888.332348	55.020646	50.504000
706.912865	888.332351	55.020647	50.506000
706.915337	888.332352	55.020644	50.507000
706.917835	888.332350	55.020646	50.507000
706.920457	888.332349	55.020647	50.508000
706.922859	888.332347	55.020646	50.508000
706.925352	888.332347	55.020645	50.509000
706.927852	888.332355	55.020646	50.511000
706.930412	888.332350	55.020644	50.513000
706.933863	888.332346	55.020644	50.517000
706.936527	888.332350	55.020643	50.520000
706.938989	888.332349	55.020643	50.522000
706.941474	888.332352	55.020645	50.524000
706.944000	888.332347	55.020646	50.525000
706.946451	888.332351	55.020644	50.524000
706.949015	888.332349	55.020646	50.523000
706.951504	888.332349	55.020645	50.520000
706.953964	888.332352	55.020644	50.518000
706.956425	888.332351	55.020646	50.515000
706.958977	888.332348	55.020643	50.513000
706.961571	888.332351	55.020645	50.512000
706.964005	888.332348	55.020645	50.511000
706.966443	888.332350	55.020646	50.511000
706.968999	888.332351	55.020644	50.512000
706.971504	888.332353	55.020646	50.512000
706.974151	888.332351	55.020645	50.513000
706.976533	888.332350	55.020644	50.513000
706.979079	888.332353	55.020645	50.513000
706.981564	888.332350	55.020645	50.512000
706.984197	888.332349	55.020644	50.511000
706.986559	888.332350	55.020644	50.510000
706.989107	888.332349	55.020646	50.508000
706.991589	888.332346	55.020645	50.506000
706.994054	888.332345	55.020645	50.503000
706.996536	888.332352	55.020645	50.501000
706.999079	888.332347	55.020646	50.500000
707.001563	888.332354	55.020645	50.498000
707.004094	888.332350	55.020646	50.497000
707.007057	888.332351	55.020645	50.496000
707.009690	888.332348	55.020645	50.496000
707.012378	888.332347	55.020646	50.496000
707.015038	888.332350	55.020643	50.496000
707.017534	888.332350	55.020646	50.497000
707.020047	888.332350	55.020645	50.499000
707.022573	888.332350	55.020646	50.501000
707.025049	888.332347	55.020644	50.503000
707.027663	888.332351	55.020645	50.505000
707.030095	888.332346	55.020645	50.507000
707.032572	888.332350	55.020645	50.508000
707.035051	888.332350	55.020645	50.510000
707.037649	888.332348	55.020645	50.511000
707.040155	888.332347	55.020644	50.513000
707.042668	888.332351	55.020646	50.515000
707.045033	888.332352	55.020644	50.517000
707.047947	888.332347	55.020644	50.519000
707.050301	888.332352	55.020644	50.522000
707.052779	888.332350	55.020644	50.526000
707.055233	888.332352	55.020645	50.530000
707.057732	888.332351	55.020645	50.533000
707.060352	888.332349	55.020646	50.537000
707.062861	888.332349	55.020645	50.538000
707.065249	888.332347	55.020646	50.539000
707.067756	888.332349	55.020646	50.538000
707.070299	888.332348	55.020648	50.536000
707.072772	888.332346	55.020648	50.534000
707.075232	888.332352	55.020647	50.532000
707.077722	888.332352	55.020647	50.530000
707.080250	888.332354	55.020646	50.529000
707.082766	888.332350	55.020646	50.530000
707.085348	888.332353	55.020643	50.531000
707.087750	888.332353	55.020644	50.534000
707.090406	888.332345	55.020645	50.536000
707.092776	888.332352	55.020643	50.539000
707.095333	888.332346	55.020646	50.541000
707.097747	888.332352	55.020642	50.543000
707.100262	888.332348	55.020642	50.544000
707.102766	888.332353	55.020644	50.544000
707.105251	888.332350	55.020643	50.544000
707.107759	888.332349	55.020644	50.544000
707.110407	888.332350	55.020645	50.544000
707.112774	888.332348	55.020646	50.543000
707.115244	888.332352	55.020648	50.544000
707.117742	888.332350	55.020646	50.544000
707.120261	888.332349	55.020643	50.545000
707.122954	888.332351	55.020643	50.545000
707.125454	888.332349	55.020647	50.545000
707.127958	888.332351	55.020645	50.544000
707.130408	888.332351	55.020646	50.543000
707.132875	888.332348	55.020645	50.540000
707.135344	888.332350	55.020644	50.538000
707.137940	888.332346	55.020644	50.535000
707.140472	888.332350	55.020646	50.531000
707.142861	888.332347	55.020645	50.529000
707.145355	888.332349	55.020645	50.526000
707.147859	888.332350	55.020645	50.524000
707.150397	888.332347	55.020646	50.522000
707.152871	888.332352	55.020647	50.520000
707.155244	888.332350	55.020646	50.519000
707.157751	888.332353	55.020647	50.518000
707.160464	888.332347	55.020647	50.516000
707.163062	888.332355	55.020645	50.515000
707.165457	888.332346	55.020645	50.515000
707.167950	888.332348	55.020644	50.514000
707.170599	888.332348	55.020644	50.515000
707.173262	888.332351	55.020646	50.515000
707.175536	888.332349	55.020643	50.516000
707.178017	888.332353	55.020645	50.517000
707.180562	888.332345	55.020643	50.518000
707.183049	888.332347	55.020646	50.519000
707.185560	888.332345	55.020645	50.520000
707.188046	888.332353	55.020645	50.521000
707.190602	888.332354	55.020646	50.522000
707.193062	888.332351	55.020645	50.523000
707.195535	888.332350	55.020644	50.525000
707.198233	888.332348	55.020646	50.526000
707.200774	888.332350	55.020645	50.528000
707.203264	888.332347	55.020645	50.530000
707.205759	888.332352	55.020642	50.532000
707.208163	888.332349	55.020645	50.534000
707.210711	888.332350	55.020646	50.537000
707.213175	888.332346	55.020645	50.538000
707.215923	888.332352	55.020646	50.540000
707.218542	888.332352	55.020644	50.540000
707.221068	888.332351	55.020647	50.540000
707.223687	888.332351	55.020645	50.540000
707.226444	888.332352	55.020644	50.538000
707.228890	888.332351	55.020645	50.537000
707.231397	888.332355	55.020647	50.536000
707.233863	888.332349	55.020645	50.535000
707.236422	888.332349	55.020644	50.535000
707.238976	888.332351	55.020646	50.535000
707.241363	888.332354	55.020645	50.537000
707.243897	888.332350	55.020643	50.539000
707.246344	888.332349	55.020646	50.542000
707.248903	888.332349	55.020644	50.545000
707.251398	888.332351	55.020645	50.548000
707.253857	888.332353	55.020643	50.549000
707.256431	888.332350	55.020645	50.549000
707.258978	888.332351	55.020646	50.548000
707.261363	888.332351	55.020644	50.546000
707.263894	888.332350	55.020645	50.542000
707.266357	888.332349	55.020647	50.538000
707.268906	888.332346	55.020644	50.534000
707.271396	888.332349	55.020645	50.530000
707.274047	888.332352	55.020644	50.526000
707.276434	888.332350	55.020644	50.524000
707.279080	888.332351	55.020644	50.521000
707.281468	888.332350	55.020643	50.519000
707.283992	888.332351	55.020646	50.517000
707.286441	888.332351	55.020645	50.514000
707.289081	888.332352	55.020643	50.510000
707.291897	888.332353	55.020645	50.506000
707.294155	888.332348	55.020646	50.502000
707.296636	888.332349	55.020645	50.498000
707.299169	888.332350	55.020647	50.495000
707.301670	888.332354	55.020642	50.493000
707.304181	888.332351	55.020644	50.493000
707.306649	888.332351	55.020645	50.494000
707.309185	888.332351	55.020644	50.497000
707.311878	888.332350	55.020643	50.500000
707.314353	888.332352	55.020645	50.503000
707.316834	888.332348	55.020645	50.505000
707.319367	888.332352	55.020645	50.507000
707.322359	888.332349	55.020643	50.508000
707.326248	888.332350	55.020646	50.508000
707.328685	888.332350	55.020645	50.509000
707.331199	888.332348	55.020645	50.509000
707.333953	888.332349	55.020646	50.511000
707.336635	888.332347	55.020643	50.512000
707.338965	888.332347	55.020647	50.514000
707.341463	888.332352	55.020644	50.516000
707.343988	888.332351	55.020645	50.518000
707.346431	888.332352	55.020645	50.520000
707.349193	888.332345	55.020646	50.522000
707.351597	888.332346	55.020647	50.524000
707.354153	888.332347	55.020645	50.525000
707.356535	888.332347	55.020646	50.527000
707.359073	888.332348	55.020645	50.528000
707.361564	888.332350	55.020647	50.530000
707.364100	888.332350	55.020644	50.531000
707.366538	888.332354	55.020647	50.533000
707.369194	888.332352	55.020646	50.533000
707.371895	888.332348	55.020646	50.533000
707.374156	888.332346	55.020647	50.532000
707.376730	888.332350	55.020644	50.531000
707.379285	888.332353	55.020646	50.530000
707.381767	888.332349	55.020647	50.529000
707.384302	888.332351	55.020642	50.528000
707.386849	888.332345	55.020645	50.528000
707.389396	888.332354	55.020645	50.528000
707.391794	888.332349	55.020646	50.529000
707.394255	888.332349	55.020645	50.529000
707.396729	888.332352	55.020645	50.529000
707.399280	888.332349	55.020645	50.529000
707.401868	888.332354	55.020644	50.529000
707.404299	888.332349	55.020643	50.528000
707.406741	888.332349	55.020647	50.527000
707.409293	888.332352	55.020644	50.526000
707.411791	888.332351	55.020647	50.526000
707.414247	888.332349	55.020644	50.525000
707.416730	888.332350	55.020647	50.526000
707.419275	888.332349	55.020644	50.526000
707.421769	888.332353	55.020645	50.527000
707.424481	888.332347	55.020644	50.528000
707.426842	888.332350	55.020643	50.529000
707.429486	888.332351	55.020644	50.530000
707.431981	888.332351	55.020646	50.531000
707.434351	888.332346	55.020647	50.530000
707.436934	888.332350	55.020642	50.530000
707.439377	888.332351	55.020645	50.529000
707.441862	888.332354	55.020646	50.528000
707.445243	888.332350	55.020646	50.527000
707.447657	888.332349	55.020646	50.527000
707.450289	888.332348	55.020645	50.527000
707.452873	888.332351	55.020646	50.528000
707.455240	888.332348	55.020646	50.529000
707.457739	888.332355	55.020644	50.531000
707.460452	888.332352	55.020643	50.532000
707.463045	888.332353	55.020644	50.533000
707.465445	888.332349	55.020644	50.534000
707.467851	888.332351	55.020646	50.534000
707.470402	888.332350	55.020644	50.534000
707.472867	888.332350	55.020646	50.533000
707.475339	888.332351	55.020645	50.533000
707.477840	888.332348	55.020646	50.533000
707.480360	888.332353	55.020645	50.533000
707.482852	888.332347	55.020645	50.534000
707.485348	888.332355	55.020644	50.535000
707.487856	888.332347	55.020646	50.536000
707.490392	888.332349	55.020644	50.537000
707.492872	888.332349	55.020646	50.538000
707.495350	888.332354	55.020644	50.539000
707.498022	888.332351	55.020644	50.541000
707.500460	888.332352	55.020646	50.542000
707.503064	888.332352	55.020645	50.544000
707.505450	888.332348	55.020645	50.546000
707.507956	888.332348	55.020645	50.547000
707.510495	888.332352	55.020645	50.549000
707.513075	888.332346	55.020643	50.551000
707.515439	888.332351	55.020645	50.553000
707.517923	888.332347	55.020645	50.554000
707.520559	888.332347	55.020645	50.555000
707.522951	888.332354	55.020646	50.556000
707.525455	888.332349	55.020646	50.557000
707.527950	888.332352	55.020645	50.558000
707.530502	888.332352	55.020646	50.558000
707.532974	888.332351	55.020646	50.558000
707.535825	888.332349	55.020647	50.559000
707.538336	888.332352	55.020645	50.559000
707.540667	888.332349	55.020646	50.560000
707.543161	888.332349	55.020645	50.561000
707.545854	888.332354	55.020643	50.562000
707.548050	888.332352	55.020644	50.563000
707.550597	888.332349	55.020647	50.563000
707.553064	888.332347	55.020643	50.564000
707.555531	888.332352	55.020646	50.564000
707.558018	888.332348	55.020644	50.563000
707.560566	888.332351	55.020647	50.563000
707.563058	888.332349	55.020647	50.563000
707.565551	888.332349	55.020644	50.563000
707.568062	888.332351	55.020643	50.563000
707.570599	888.332352	55.020646	50.563000
707.573263	888.332350	55.020646	50.564000
707.575628	888.332349	55.020647	50.565000
707.578128	888.332350	55.020648	50.565000
707.580768	888.332348	55.020648	50.566000
707.583271	888.332350	55.020644	50.567000
707.585658	888.332349	55.020645	50.568000
707.588265	888.332351	55.020643	50.569000
707.590700	888.332349	55.020642	50.570000
707.593179	888.332351	55.020646	50.572000
707.595645	888.332347	55.020644	50.573000
707.598233	888.332351	55.020645	50.575000
707.600671	888.332349	55.020645	50.577000
707.603164	888.332351	55.020645	50.578000
707.605658	888.332347	55.020645	50.579000
707.608259	888.332350	55.020642	50.579000
707.611004	888.332354	55.020643	50.579000
707.613275	888.332349	55.020645	50.579000
707.615841	888.332352	55.020645	50.578000
707.618223	888.332348	55.020645	50.577000
707.620964	888.332350	55.020648	50.577000
707.623265	888.332349	55.020645	50.577000
707.625754	888.332349	55.020646	50.578000
707.628268	888.332350	55.020644	50.580000
707.630807	888.332349	55.020647	50.582000
707.633276	888.332348	55.020643	50.584000
707.635740	888.332350	55.020646	50.587000
707.638218	888.332348	55.020644	50.589000
707.640762	888.332351	55.020646	50.590000
707.643382	888.332351	55.020645	50.591000
707.645753	888.332350	55.020644	50.591000
707.648360	888.332352	55.020645	50.590000
707.653571	888.332348	55.020645	50.585000
707.656319	888.332350	55.020643	50.582000
707.658868	888.332353	55.020646	50.579000
707.661363	888.332352	55.020643	50.576000
707.663902	888.332350	55.020646	50.573000
707.666346	888.332351	55.020644	50.570000
707.669087	888.332349	55.020646	50.567000
707.671395	888.332349	55.020644	50.565000
707.673864	888.332353	55.020647	50.563000
707.676339	888.332351	55.020643	50.562000
707.678869	888.332350	55.020645	50.562000
707.681364	888.332349	55.020646	50.562000
707.683888	888.332350	55.020647	50.563000
707.686648	888.332352	55.020644	50.565000
707.689090	888.332352	55.020645	50.567000
707.691588	888.332347	55.020643	50.569000
707.693962	888.332351	55.020642	50.570000
707.696422	888.332352	55.020644	50.572000
707.698970	888.332349	55.020646	50.572000
707.701464	888.332348	55.020645	50.572000
707.703989	888.332349	55.020642	50.571000
707.706444	888.332351	55.020643	50.570000
707.708987	888.332349	55.020646	50.568000
707.711477	888.332351	55.020646	50.566000
707.713952	888.332353	55.020643	50.564000
707.716424	888.332350	55.020644	50.563000
707.718970	888.332351	55.020643	50.561000
707.721557	888.332353	55.020647	50.559000
707.724193	888.332349	55.020645	50.556000
707.726639	888.332348	55.020645	50.554000
707.729786	888.332350	55.020644	50.552000
707.731794	888.332352	55.020647	50.550000
707.734064	888.332349	55.020646	50.549000
707.736523	888.332345	55.020644	50.548000
707.739072	888.332348	55.020645	50.548000
707.741671	888.332352	55.020643	50.547000
707.744098	888.332353	55.020644	50.547000
707.746555	888.332350	55.020643	50.547000
707.749087	888.332352	55.020644	50.546000
707.751682	888.332348	55.020646	50.545000
707.754055	888.332351	55.020647	50.544000
707.756543	888.332350	55.020647	50.542000
707.759277	888.332350	55.020641	50.541000
707.761867	888.332353	55.020649	50.539000
707.764387	888.332349	55.020646	50.538000
707.766951	888.332352	55.020644	50.536000
707.769383	888.332347	55.020648	50.535000
707.771888	888.332351	55.020648	50.533000
707.774346	888.332346	55.020647	50.532000
707.776834	888.332352	55.020646	50.530000
707.779383	888.332352	55.020646	50.529000
707.781869	888.332352	55.020645	50.529000
707.784482	888.332349	55.020644	50.528000
707.786848	888.332354	55.020646	50.528000
707.789394	888.332348	55.020645	50.528000
707.791888	888.332351	55.020645	50.527000
707.794358	888.332350	55.020647	50.526000
707.796827	888.332352	55.020644	50.525000
707.799471	888.332351	55.020645	50.523000
707.801875	888.332352	55.020644	50.520000
707.804488	888.332352	55.020643	50.516000
707.806841	888.332348	55.020647	50.512000
707.809388	888.332351	55.020649	50.508000
707.811886	888.332350	55.020647	50.504000
707.814347	888.332352	55.020648	50.502000
707.816831	888.332350	55.020645	50.500000
707.819367	888.332347	55.020644	50.498000
707.821868	888.332349	55.020642	50.498000
707.824385	888.332350	55.020645	50.497000
707.829801	888.332353	55.020642	50.495000
707.833075	888.332351	55.020643	50.494000
707.835746	888.332347	55.020647	50.493000
707.838242	888.332350	55.020648	50.491000
707.840869	888.332353	55.020644	50.489000
707.843261	888.332349	55.020645	50.487000
707.845857	888.332350	55.020647	50.485000
707.848367	888.332349	55.020647	50.483000
707.850899	888.332350	55.020647	50.481000
707.853362	888.332346	55.020647	50.479000
707.855830	888.332351	55.020645	50.477000
707.858222	888.332348	55.020646	50.475000
707.860864	888.332351	55.020642	50.473000
707.863364	888.332350	55.020646	50.471000
707.865832	888.332350	55.020648	50.469000
707.868463	888.332349	55.020646	50.468000
707.871014	888.332350	55.020649	50.466000
707.873675	888.332351	55.020644	50.465000
707.876318	888.332351	55.020644	50.464000
707.878540	888.332350	55.020647	50.464000
707.881061	888.332348	55.020644	50.464000
707.883584	888.332352	55.020642	50.464000
707.886050	888.332346	55.020643	50.464000
707.888570	888.332350	55.020643	50.463000
707.891093	888.332347	55.020645	50.463000
707.893564	888.332352	55.020649	50.463000
707.896028	888.332347	55.020647	50.462000
707.898542	888.332350	55.020643	50.461000
707.901063	888.332346	55.020642	50.460000
707.903577	888.332351	55.020643	50.460000
707.906047	888.332349	55.020648	50.460000
707.908569	888.332352	55.020646	50.460000
707.911096	888.332348	55.020645	50.460000
707.913657	888.332354	55.020646	50.461000
707.916135	888.332350	55.020642	50.462000
707.918650	888.332350	55.020641	50.464000
707.921263	888.332351	55.020641	50.465000
707.924194	888.332350	55.020647	50.465000
707.926644	888.332349	55.020642	50.465000
707.929193	888.332350	55.020643	50.465000
707.931786	888.332350	55.020647	50.465000
707.934158	888.332353	55.020647	50.464000
707.936633	888.332351	55.020649	50.464000
707.939167	888.332350	55.020645	50.463000
707.941661	888.332348	55.020646	50.463000
707.944189	888.332350	55.020646	50.463000
707.946649	888.332352	55.020647	50.464000
707.949393	888.332351	55.020646	50.465000
707.951987	888.332353	55.020648	50.467000
707.954256	888.332348	55.020645	50.468000
707.956834	888.332352	55.020642	50.471000
707.959268	888.332348	55.020649	50.473000
707.961767	888.332348	55.020642	50.475000
707.964289	888.332350	55.020641	50.477000
707.966755	888.332346	55.020647	50.479000
707.969289	888.332351	55.020648	50.481000
707.971882	888.332351	55.020649	50.482000
707.974353	888.332350	55.020648	50.483000
707.976840	888.332353	55.020641	50.483000
707.979380	888.332348	55.020645	50.482000
707.981863	888.332350	55.020645	50.482000
707.984388	888.332349	55.020645	50.481000
707.987045	888.332348	55.020645	50.480000
707.989692	888.332352	55.020646	50.480000
707.992088	888.332347	55.020643	50.480000
707.994553	888.332350	55.020644	50.481000
707.996935	888.332353	55.020645	50.482000
707.999567	888.332348	55.020645	50.484000
708.001966	888.332352	55.020644	50.486000
708.004483	888.332353	55.020644	50.489000
708.006938	888.332352	55.020646	50.491000
708.009465	888.332350	55.020646	50.492000
708.011971	888.332351	55.020643	50.494000
708.014454	888.332350	55.020644	50.495000
708.016935	888.332351	55.020644	50.496000
708.019564	888.332351	55.020645	50.497000
708.021970	888.332351	55.020645	50.498000
708.024678	888.332349	55.020646	50.500000
708.027138	888.332350	55.020647	50.502000
708.029593	888.332349	55.020644	50.505000
708.032185	888.332349	55.020646	50.508000
708.034650	888.332351	55.020645	50.511000
708.037124	888.332349	55.020646	50.514000
708.039665	888.332350	55.020644	50.517000
708.042171	888.332349	55.020646	50.519000
708.044686	888.332352	55.020645	50.520000
708.047141	888.332351	55.020646	50.520000
708.049694	888.332357	55.020643	50.519000
708.052188	888.332350	55.020645	50.518000
708.054753	888.332349	55.020645	50.516000
708.057135	888.332351	55.020645	50.514000
708.059868	888.332348	55.020643	50.513000
708.062468	888.332350	55.020647	50.512000
708.065054	888.332348	55.020644	50.512000
708.067448	888.332349	55.020645	50.512000
708.069888	888.332351	55.020646	50.513000
708.072386	888.332349	55.020647	50.515000
708.074843	888.332351	55.020645	50.516000
708.077331	888.332352	55.020647	50.518000
708.079957	888.332348	55.020644	50.519000
708.082375	888.332346	55.020644	50.520000
708.084864	888.332349	55.020643	50.520000
708.087346	888.332348	55.020649	50.519000
708.089898	888.332350	55.020640	50.517000
708.092583	888.332354	55.020648	50.516000
708.094945	888.332348	55.020648	50.515000
708.097539	888.332350	55.020648	50.514000
708.100053	888.332350	55.020645	50.515000
708.102574	888.332353	55.020644	50.517000
708.104966	888.332350	55.020641	50.519000
708.107558	888.332350	55.020642	50.522000
708.110109	888.332352	55.020648	50.525000
708.112576	888.332350	55.020643	50.529000
708.115036	888.332351	55.020646	50.531000
708.117530	888.332347	55.020649	50.532000
708.120055	888.332351	55.020640	50.533000
708.122571	888.332349	55.020646	50.532000
708.125056	888.332351	55.020642	50.530000
708.127547	888.332345	55.020649	50.528000
708.130093	888.332351	55.020642	50.525000
708.132581	888.332349	55.020650	50.523000
708.135257	888.332353	55.020642	50.521000
708.137733	888.332348	55.020650	50.520000
708.140241	888.332349	55.020639	50.519000
708.142669	888.332353	55.020643	50.519000
708.145144	888.332353	55.020648	50.519000
708.147648	888.332352	55.020639	50.520000
708.150197	888.332349	55.020655	50.521000
708.152687	888.332348	55.020641	50.523000
708.155150	888.332349	55.020637	50.524000
708.157629	888.332349	55.020651	50.525000
708.160142	888.332347	55.020642	50.526000
708.162678	888.332349	55.020648	50.526000
708.165151	888.332349	55.020644	50.525000
708.167659	888.332352	55.020646	50.524000
708.170202	888.332348	55.020647	50.522000
708.172882	888.332354	55.020648	50.520000
708.175333	888.332349	55.020643	50.519000
708.177833	888.332352	55.020646	50.518000
708.180260	888.332351	55.020641	50.517000
708.182866	888.332352	55.020643	50.517000
708.185245	888.332349	55.020640	50.517000
708.187752	888.332351	55.020648	50.518000
708.190301	888.332352	55.020642	50.519000
708.192780	888.332350	55.020647	50.520000
708.195250	888.332352	55.020644	50.520000
708.197728	888.332350	55.020644	50.519000
708.200247	888.332350	55.020643	50.518000
708.202778	888.332352	55.020648	50.516000
708.205341	888.332351	55.020653	50.513000
708.207752	888.332350	55.020652	50.510000
708.210309	888.332350	55.020643	50.507000
708.212891	888.332351	55.020652	50.506000
708.215442	888.332351	55.020636	50.505000
708.217837	888.332350	55.020637	50.505000
708.220349	888.332351	55.020648	50.505000
708.222782	888.332348	55.020647	50.506000
708.225356	888.332353	55.020638	50.507000
708.227760	888.332351	55.020637	50.508000
708.230318	888.332349	55.020652	50.508000
708.232785	888.332352	55.020644	50.507000
708.235240	888.332349	55.020635	50.506000
708.237726	888.332354	55.020646	50.504000
708.240252	888.332354	55.020650	50.502000
708.242760	888.332351	55.020639	50.500000
708.245273	888.332351	55.020650	50.499000
708.247761	888.332352	55.020645	50.499000
708.250496	888.332348	55.020642	50.500000
708.252981	888.332353	55.020639	50.501000
708.255445	888.332352	55.020652	50.502000
708.257932	888.332345	55.020640	50.504000
708.260444	888.332348	55.020646	50.505000
708.262855	888.332354	55.020647	50.506000
708.265347	888.332352	55.020644	50.507000
708.267864	888.332349	55.020647	50.507000
708.270402	888.332349	55.020643	50.506000
708.272877	888.332350	55.020644	50.505000
708.275336	888.332349	55.020648	50.504000
708.277835	888.332352	55.020645	50.502000
708.280345	888.332351	55.020644	50.501000
708.282861	888.332350	55.020643	50.501000
708.285343	888.332347	55.020644	50.501000
708.288053	888.332346	55.020643	50.502000
708.290495	888.332350	55.020646	50.503000
708.292971	888.332353	55.020645	50.505000
708.295450	888.332349	55.020645	50.506000
708.297904	888.332351	55.020644	50.508000
708.300456	888.332352	55.020643	50.509000
708.302987	888.332351	55.020643	50.511000
708.305466	888.332348	55.020645	50.512000
708.308040	888.332346	55.020646	50.513000
708.310483	888.332347	55.020645	50.513000
708.312972	888.332348	55.020644	50.514000
708.315434	888.332352	55.020642	50.513000
708.317933	888.332346	55.020653	50.513000
708.320482	888.332351	55.020638	50.512000
708.322958	888.332349	55.020644	50.511000
708.325631	888.332348	55.020647	50.509000
708.328152	888.332353	55.020652	50.508000
708.330711	888.332357	55.020638	50.506000
708.333183	888.332346	55.020647	50.505000
708.335541	888.332345	55.020639	50.505000
708.338035	888.332346	55.020654	50.505000
708.340559	888.332349	55.020640	50.505000
708.343047	888.332349	55.020639	50.505000
708.345545	888.332348	55.020653	50.505000
708.348157	888.332347	55.020640	50.504000
708.351002	888.332346	55.020655	50.503000
708.353484	888.332349	55.020643	50.503000
708.356026	888.332352	55.020652	50.502000
708.359243	888.332351	55.020653	50.501000
708.361962	888.332349	55.020651	50.502000
708.364506	888.332350	55.020639	50.503000
708.366864	888.332352	55.020641	50.505000
708.369380	888.332348	55.020642	50.508000
708.371872	888.332351	55.020652	50.511000
708.374357	888.332348	55.020642	50.514000
708.376829	888.332354	55.020639	50.516000
708.379465	888.332349	55.020643	50.517000
708.382067	888.332350	55.020652	50.517000
708.384479	888.332351	55.020651	50.517000
708.386946	888.332347	55.020641	50.517000
708.389695	888.332352	55.020641	50.516000
708.392282	888.332350	55.020646	50.515000
708.394558	888.332348	55.020644	50.516000
708.397035	888.332352	55.020646	50.516000
708.399766	888.332348	55.020645	50.517000
708.402471	888.332350	55.020647	50.519000
708.404779	888.332351	55.020644	50.520000
708.407151	888.332352	55.020645	50.520000
708.409709	888.332351	55.020647	50.520000
708.412302	888.332347	55.020646	50.520000
708.414662	888.332353	55.020645	50.519000
708.417135	888.332352	55.020643	50.519000
708.419766	888.332353	55.020647	50.519000
708.422277	888.332352	55.020646	50.520000
708.424695	888.332351	55.020647	50.522000
708.427165	888.332348	55.020646	50.525000
708.429691	888.332352	55.020646	50.528000
708.432185	888.332353	55.020645	50.532000
708.434655	888.332349	55.020644	50.535000
708.437341	888.332355	55.020643	50.538000
708.439870	888.332353	55.020646	50.540000
708.442278	888.332348	55.020646	50.540000
708.444784	888.332350	55.020645	50.540000
708.447255	888.332351	55.020647	50.538000
708.449797	888.332350	55.020645	50.536000
708.452390	888.332349	55.020645	50.534000
708.454852	888.332346	55.020645	50.532000
708.457232	888.332349	55.020645	50.530000
708.459868	888.332345	55.020645	50.529000
708.462374	888.332350	55.020645	50.529000
708.465455	888.332349	55.020645	50.529000
708.467659	888.332351	55.020644	50.529000
708.470210	888.332350	55.020644	50.530000
708.472684	888.332343	55.020645	50.530000
708.475337	888.332349	55.020646	50.531000
708.477835	888.332348	55.020644	50.531000
708.480258	888.332348	55.020645	50.532000
708.482878	888.332352	55.020647	50.533000
708.485253	888.332354	55.020645	50.534000
708.487752	888.332352	55.020647	50.535000
708.490305	888.332351	55.020646	50.536000
708.492880	888.332350	55.020645	50.537000
708.495345	888.332348	55.020646	50.538000
708.497941	888.332345	55.020645	50.539000
708.500351	888.332352	55.020644	50.540000
708.502871	888.332354	55.020645	50.542000
708.505450	888.332351	55.020644	50.544000
708.507957	888.332349	55.020647	50.545000
708.510396	888.332349	55.020644	50.547000
708.513077	888.332348	55.020644	50.549000
708.515544	888.332351	55.020645	50.551000
708.518036	888.332349	55.020645	50.552000
708.520449	888.332347	55.020643	50.553000
708.522958	888.332353	55.020645	50.554000
708.525449	888.332349	55.020644	50.555000
708.527961	888.332353	55.020645	50.556000
708.530502	888.332347	55.020645	50.556000
708.532977	888.332351	55.020644	50.557000
708.535441	888.332348	55.020644	50.557000
708.538031	888.332352	55.020645	50.558000
708.540464	888.332350	55.020646	50.559000
708.542965	888.332349	55.020647	50.561000
708.545557	888.332351	55.020644	50.562000
708.547962	888.332348	55.020644	50.564000
708.550704	888.332354	55.020644	50.565000
708.553173	888.332352	55.020646	50.567000
708.555639	888.332352	55.020647	50.568000
708.558039	888.332353	55.020644	50.570000
708.560569	888.332348	55.020647	50.570000
708.563060	888.332345	55.020644	50.571000
708.565556	888.332352	55.020644	50.571000
708.568063	888.332350	55.020642	50.571000
708.570595	888.332351	55.020647	50.571000
708.573069	888.332351	55.020645	50.571000
708.575538	888.332352	55.020645	50.570000
708.578040	888.332350	55.020643	50.570000
708.580664	888.332353	55.020647	50.569000
708.583063	888.332348	55.020643	50.569000
708.585553	888.332349	55.020644	50.569000
708.588244	888.332350	55.020644	50.570000
708.590778	888.332353	55.020646	50.571000
708.593265	888.332352	55.020645	50.572000
708.595746	888.332351	55.020645	50.574000
708.598120	888.332350	55.020644	50.575000
708.600652	888.332349	55.020645	50.575000
708.603157	888.332352	55.020645	50.575000
708.605663	888.332351	55.020646	50.574000
708.608163	888.332353	55.020645	50.571000
708.610687	888.332353	55.020644	50.569000
708.613172	888.332351	55.020645	50.566000
708.615743	888.332350	55.020646	50.563000
708.618132	888.332345	55.020646	50.561000
708.620665	888.332351	55.020644	50.559000
708.623256	888.332348	55.020645	50.559000
708.625849	888.332349	55.020645	50.559000
708.628361	888.332348	55.020645	50.560000
708.630896	888.332350	55.020648	50.561000
708.633272	888.332351	55.020645	50.563000
708.635737	888.332354	55.020646	50.564000
708.638227	888.332348	55.020646	50.566000
708.640758	888.332350	55.020645	50.567000
708.643255	888.332349	55.020645	50.568000
708.645757	888.332348	55.020647	50.569000
708.648373	888.332351	55.020645	50.570000
708.650801	888.332353	55.020646	50.571000
708.653276	888.332349	55.020644	50.571000
708.655738	888.332349	55.020645	50.572000
708.658332	888.332352	55.020644	50.572000
708.660765	888.332350	55.020646	50.573000
708.663247	888.332352	55.020645	50.573000
708.665960	888.332346	55.020644	50.573000
708.668465	888.332350	55.020646	50.571000
708.670998	888.332345	55.020646	50.570000
708.673465	888.332352	55.020644	50.568000
708.675941	888.332353	55.020644	50.566000
708.678325	888.332349	55.020645	50.563000
708.680866	888.332346	55.020646	50.561000
708.683364	888.332348	55.020645	50.560000
708.685858	888.332350	55.020646	50.559000
708.688471	888.332351	55.020645	50.559000
708.690902	888.332353	55.020645	50.560000
708.693367	888.332350	55.020646	50.561000
708.695832	888.332349	55.020647	50.563000
708.698334	888.332353	55.020647	50.564000
708.700861	888.332347	55.020646	50.565000
708.703465	888.332352	55.020645	50.566000
708.705949	888.332351	55.020645	50.566000
708.708468	888.332349	55.020644	50.565000
708.710902	888.332348	55.020644	50.564000
708.713475	888.332353	55.020644	50.564000
708.715837	888.332346	55.020646	50.563000
708.718437	888.332354	55.020642	50.562000
708.720866	888.332349	55.020644	50.562000
708.723370	888.332352	55.020643	50.562000
708.725859	888.332349	55.020645	50.562000
708.728364	888.332352	55.020647	50.562000
708.730998	888.332349	55.020645	50.561000
708.733378	888.332352	55.020645	50.560000
708.735842	888.332351	55.020645	50.559000
708.738330	888.332350	55.020645	50.557000
708.741069	888.332352	55.020645	50.555000
708.743474	888.332353	55.020643	50.553000
708.745964	888.332350	55.020646	50.551000
708.748476	888.332351	55.020644	50.549000
708.751002	888.332350	55.020646	50.548000
708.753571	888.332349	55.020644	50.546000
708.756037	888.332350	55.020645	50.546000
708.758548	888.332349	55.020646	50.545000
708.761166	888.332353	55.020645	50.545000
708.763580	888.332352	55.020645	50.544000
708.766061	888.332351	55.020644	50.543000
708.768573	888.332350	55.020646	50.541000
708.771098	888.332351	55.020647	50.539000
708.773675	888.332349	55.020645	50.537000
708.776036	888.332350	55.020645	50.535000
708.778766	888.332349	55.020645	50.532000
708.781268	888.332353	55.020644	50.529000
708.783793	888.332348	55.020645	50.527000
708.786154	888.332346	55.020644	50.525000
708.788784	888.332353	55.020645	50.523000
708.791296	888.332348	55.020646	50.521000
708.793663	888.332349	55.020646	50.520000
708.796147	888.332348	55.020643	50.519000
708.798654	888.332347	55.020645	50.517000
708.801163	888.332347	55.020646	50.516000
708.803683	888.332347	55.020647	50.515000
708.806155	888.332350	55.020645	50.515000
708.808683	888.332350	55.020645	50.515000
708.811297	888.332347	55.020645	50.515000
708.813668	888.332345	55.020644	50.516000
708.816341	888.332351	55.020644	50.517000
708.818872	888.332349	55.020647	50.518000
708.821371	888.332350	55.020643	50.519000
708.823889	888.332348	55.020644	50.518000
708.826260	888.332351	55.020645	50.518000
708.828785	888.332348	55.020643	50.517000
708.831302	888.332347	55.020644	50.515000
708.833780	888.332348	55.020647	50.513000
708.836236	888.332349	55.020646	50.511000
708.838761	888.332349	55.020644	50.510000
708.841262	888.332348	55.020645	50.508000
708.843785	888.332352	55.020647	50.508000
708.846265	888.332347	55.020647	50.509000
708.848776	888.332350	55.020645	50.510000
708.851281	888.332349	55.020643	50.512000
708.853864	888.332351	55.020648	50.514000
708.856346	888.332349	55.020648	50.516000
708.858861	888.332348	55.020647	50.518000
708.861357	888.332349	55.020645	50.519000
708.863882	888.332344	55.020645	50.520000
708.866353	888.332348	55.020645	50.521000
708.868876	888.332349	55.020645	50.520000
708.871389	888.332350	55.020646	50.519000
708.873954	888.332350	55.020644	50.518000
708.876432	888.332351	55.020645	50.517000
708.878962	888.332349	55.020644	50.516000
708.881570	888.332353	55.020645	50.515000
708.884065	888.332354	55.020646	50.515000
708.886438	888.332352	55.020646	50.516000
708.889018	888.332349	55.020644	50.516000
708.891681	888.332351	55.020647	50.517000
708.894158	888.332348	55.020645	50.518000
708.896607	888.332351	55.020646	50.518000
708.899166	888.332346	55.020643	50.518000
708.901696	888.332355	55.020646	50.518000
708.904207	888.332349	55.020645	50.517000
708.906544	888.332353	55.020645	50.517000
708.909087	888.332351	55.020646	50.517000
708.911592	888.332348	55.020644	50.517000
708.914064	888.332354	55.020645	50.517000
708.916542	888.332349	55.020643	50.518000
708.919063	888.332355	55.020643	50.518000
708.921570	888.332348	55.020642	50.519000
708.924097	888.332350	55.020644	50.519000
708.926553	888.332352	55.020644	50.520000
708.929294	888.332352	55.020645	50.521000
708.931783	888.332349	55.020645	50.521000
708.934249	888.332350	55.020645	50.522000
708.936640	888.332350	55.020646	50.523000
708.939283	888.332350	55.020646	50.524000
708.941666	888.332349	55.020646	50.526000
708.944174	888.332346	55.020645	50.527000
708.946636	888.332349	55.020646	50.528000
708.949189	888.332351	55.020645	50.529000
708.951706	888.332351	55.020646	50.529000
708.954262	888.332348	55.020645	50.530000
708.956630	888.332350	55.020645	50.530000
708.959164	888.332349	55.020645	50.530000
708.961659	888.332354	55.020645	50.530000
708.964195	888.332349	55.020644	50.531000
708.966649	888.332347	55.020645	50.532000
708.969395	888.332351	55.020645	50.534000
708.971886	888.332348	55.020646	50.536000
708.974361	888.332348	55.020644	50.538000
708.976823	888.332349	55.020647	50.540000
708.979268	888.332351	55.020646	50.542000
708.981758	888.332348	55.020644	50.543000
708.984389	888.332351	55.020644	50.545000
708.986748	888.332350	55.020644	50.545000
708.989293	888.332352	55.020644	50.545000
708.991799	888.332352	55.020645	50.544000
708.994251	888.332349	55.020646	50.544000
708.996729	888.332350	55.020645	50.543000
708.999269	888.332349	55.020645	50.542000
709.001773	888.332353	55.020644	50.542000
709.004295	888.332351	55.020646	50.541000
709.006952	888.332343	55.020645	50.541000
709.009491	888.332349	55.020645	50.541000
709.011896	888.332348	55.020643	50.542000
709.014355	888.332351	55.020643	50.542000
709.016938	888.332352	55.020645	50.543000
709.019374	888.332354	55.020645	50.543000
709.021868	888.332348	55.020646	50.544000
709.024384	888.332348	55.020646	50.545000
709.026843	888.332354	55.020645	50.546000
709.029382	888.332351	55.020646	50.547000
709.031894	888.332351	55.020646	50.549000
709.034456	888.332348	55.020645	50.550000
709.036825	888.332349	55.020643	50.552000
709.039367	888.332349	55.020645	50.554000
709.041858	888.332348	55.020646	50.556000
709.044588	888.332348	55.020647	50.558000
709.047046	888.332350	55.020648	50.560000
709.049587	888.332349	55.020647	50.562000
709.051990	888.332348	55.020643	50.564000
709.054451	888.332352	55.020645	50.566000
709.056924	888.332349	55.020644	50.568000
709.059470	888.332349	55.020645	50.569000
709.061967	888.332351	55.020645	50.570000
709.064495	888.332349	55.020646	50.570000
709.066947	888.332352	55.020644	50.570000
709.069494	888.332348	55.020644	50.569000
709.072000	888.332350	55.020645	50.568000
709.074462	888.332349	55.020646	50.568000
709.077032	888.332351	55.020643	50.568000
709.079467	888.332347	55.020646	50.568000
709.081963	888.332350	55.020645	50.570000
709.084685	888.332354	55.020645	50.571000
709.086946	888.332352	55.020641	50.573000
709.089584	888.332346	55.020647	50.575000
709.091990	888.332351	55.020646	50.577000
709.094451	888.332352	55.020647	50.578000
709.097026	888.332349	55.020644	50.578000
709.099476	888.332347	55.020646	50.578000
709.101964	888.332348	55.020643	50.578000
709.104495	888.332353	55.020646	50.577000
709.106950	888.332349	55.020648	50.576000
709.109489	888.332352	55.020647	50.576000
709.111994	888.332346	55.020645	50.576000
709.114449	888.332351	55.020646	50.576000
709.116931	888.332347	55.020646	50.577000
709.119468	888.332352	55.020645	50.578000
709.122164	888.332350	55.020646	50.578000
709.124682	888.332352	55.020645	50.579000
709.127047	888.332349	55.020644	50.578000
709.129588	888.332347	55.020646	50.577000
709.132095	888.332350	55.020646	50.576000
709.134559	888.332351	55.020644	50.575000
709.137029	888.332351	55.020645	50.575000
709.139665	888.332349	55.020646	50.574000
709.142064	888.332350	55.020645	50.574000
709.144585	888.332347	55.020644	50.574000
709.147046	888.332348	55.020649	50.575000
709.149588	888.332348	55.020642	50.576000
709.152184	888.332348	55.020644	50.577000
709.154555	888.332347	55.020647	50.577000
709.157023	888.332353	55.020644	50.577000
709.159761	888.332352	55.020647	50.577000
709.162170	888.332352	55.020646	50.576000
709.164780	888.332352	55.020646	50.575000
709.167248	888.332354	55.020645	50.574000
709.169789	888.332350	55.020646	50.573000
709.172196	888.332350	55.020645	50.573000
709.174661	888.332349	55.020644	50.572000
709.177138	888.332349	55.020645	50.572000
709.179665	888.332350	55.020645	50.571000
709.182168	888.332350	55.020646	50.570000
709.184774	888.332347	55.020643	50.569000
709.187150	888.332351	55.020646	50.567000
709.189694	888.332350	55.020646	50.565000
709.192190	888.332350	55.020645	50.562000
709.194652	888.332349	55.020644	50.558000
709.197336	888.332349	55.020644	50.554000
709.199863	888.332350	55.020645	50.549000
709.202271	888.332352	55.020646	50.545000
709.204874	888.332350	55.020645	50.542000
709.207251	888.332352	55.020645	50.539000
709.209892	888.332350	55.020645	50.536000
709.212282	888.332352	55.020647	50.534000
709.214846	888.332349	55.020644	50.533000
709.217340	888.332350	55.020646	50.531000
709.219967	888.332347	55.020642	50.529000
709.222369	888.332348	55.020646	50.526000
709.224880	888.332349	55.020644	50.523000
709.227348	888.332351	55.020644	50.518000
709.229887	888.332348	55.020643	50.513000
709.232389	888.332346	55.020644	50.508000
709.235060	888.332353	55.020645	50.502000
709.237334	888.332348	55.020645	50.498000
709.239860	888.332348	55.020644	50.494000
709.242466	888.332350	55.020646	50.491000
709.244883	888.332354	55.020645	50.489000
709.247351	888.332349	55.020645	50.489000
709.249998	888.332352	55.020648	50.490000
709.252385	888.332345	55.020642	50.491000
709.254860	888.332351	55.020644	50.491000
709.257340	888.332350	55.020643	50.491000
709.259858	888.332351	55.020642	50.491000
709.262371	888.332350	55.020644	50.489000
709.264874	888.332351	55.020643	50.487000
709.267349	888.332350	55.020644	50.484000
709.269893	888.332348	55.020645	50.481000
709.272589	888.332349	55.020644	50.477000
709.275049	888.332352	55.020643	50.474000
709.277637	888.332352	55.020646	50.471000
709.280141	888.332351	55.020647	50.469000
709.282570	888.332353	55.020644	50.468000
709.284973	888.332350	55.020644	50.468000
709.287453	888.332350	55.020646	50.468000
709.290205	888.332353	55.020647	50.469000
709.292485	888.332349	55.020643	50.470000
709.294951	888.332350	55.020645	50.470000
709.297435	888.332348	55.020644	50.471000
709.299964	888.332357	55.020644	50.472000
709.302581	888.332348	55.020646	50.472000
709.304982	888.332350	55.020645	50.474000
709.307465	888.332351	55.020646	50.475000
709.310112	888.332354	55.020643	50.477000
709.312684	888.332347	55.020645	50.480000
709.315148	888.332350	55.020646	50.482000
709.317536	888.332349	55.020646	50.484000
709.320147	888.332350	55.020645	50.486000
709.322675	888.332348	55.020644	50.486000
709.325065	888.332348	55.020645	50.486000
709.327555	888.332351	55.020644	50.484000
709.330093	888.332349	55.020644	50.483000
709.332586	888.332354	55.020645	50.482000
709.335049	888.332348	55.020643	50.481000
709.337531	888.332349	55.020644	50.480000
709.340051	888.332348	55.020645	50.480000
709.342672	888.332352	55.020645	50.480000
709.345067	888.332350	55.020647	50.481000
709.347554	888.332347	55.020646	50.483000
709.350303	888.332350	55.020643	50.484000
709.352876	888.332352	55.020646	50.485000
709.355153	888.332351	55.020646	50.486000
709.357742	888.332351	55.020646	50.486000
709.360145	888.332348	55.020645	50.486000
709.362671	888.332350	55.020646	50.485000
709.365166	888.332352	55.020645	50.484000
709.367660	888.332350	55.020644	50.483000
709.370205	888.332348	55.020647	50.481000
709.372684	888.332349	55.020646	50.479000
709.375150	888.332349	55.020646	50.477000
709.377636	888.332349	55.020645	50.475000
709.380147	888.332348	55.020647	50.474000
709.382665	888.332349	55.020643	50.473000
709.385158	888.332349	55.020647	50.472000
709.387664	888.332351	55.020646	50.473000
709.390399	888.332348	55.020647	50.474000
709.392884	888.332346	55.020646	50.475000
709.395341	888.332351	55.020645	50.477000
709.397737	888.332347	55.020646	50.478000
709.400242	888.332351	55.020644	50.480000
709.402771	888.332348	55.020644	50.481000
709.405352	888.332349	55.020646	50.482000
709.407748	888.332351	55.020645	50.483000
709.410302	888.332345	55.020643	50.483000
709.412780	888.332347	55.020645	50.484000
709.415244	888.332351	55.020645	50.484000
709.417834	888.332350	55.020646	50.484000
709.420253	888.332352	55.020643	50.485000
709.422774	888.332348	55.020646	50.486000
709.425453	888.332353	55.020647	50.487000
709.428056	888.332351	55.020643	50.488000
709.430399	888.332350	55.020646	50.489000
709.432875	888.332350	55.020643	50.489000
709.435348	888.332347	55.020643	50.490000
709.437830	888.332352	55.020645	50.490000
709.440342	888.332350	55.020646	50.490000
709.442866	888.332350	55.020646	50.490000
709.445445	888.332350	55.020644	50.490000
709.447853	888.332349	55.020645	50.490000
709.450393	888.332350	55.020644	50.491000
709.452879	888.332348	55.020645	50.491000
709.455442	888.332347	55.020648	50.492000
709.457832	888.332349	55.020643	50.493000
709.460344	888.332348	55.020645	50.494000
709.462865	888.332352	55.020646	50.495000
709.465439	888.332347	55.020643	50.496000
709.467954	888.332349	55.020645	50.498000
709.470489	888.332349	55.020646	50.499000
709.472880	888.332350	55.020645	50.500000
709.475336	888.332346	55.020646	50.500000
709.477827	888.332350	55.020644	50.500000
709.480346	888.332346	55.020645	50.500000
709.482867	888.332354	55.020645	50.499000
709.485448	888.332348	55.020645	50.498000
709.487850	888.332352	55.020644	50.496000
709.490399	888.332351	55.020644	50.495000
709.492873	888.332350	55.020645	50.494000
709.495345	888.332351	55.020645	50.494000
709.497829	888.332350	55.020645	50.494000
709.500351	888.332349	55.020647	50.494000
709.503151	888.332350	55.020644	50.494000
709.505441	888.332346	55.020645	50.494000
709.507953	888.332348	55.020646	50.494000
709.510598	888.332349	55.020645	50.493000
709.513073	888.332348	55.020647	50.491000
709.515437	888.332350	55.020646	50.489000
709.517935	888.332351	55.020645	50.487000
709.520450	888.332349	55.020645	50.484000
709.522978	888.332351	55.020645	50.482000
709.525442	888.332353	55.020644	50.481000
709.528153	888.332355	55.020644	50.482000
709.530491	888.332347	55.020645	50.484000
709.532977	888.332351	55.020646	50.487000
709.535439	888.332349	55.020646	50.490000
709.537929	888.332351	55.020647	50.493000
709.540653	888.332348	55.020647	50.496000
709.543060	888.332349	55.020644	50.498000
709.545547	888.332351	55.020645	50.499000
709.548046	888.332351	55.020646	50.500000
709.550587	888.332352	55.020646	50.500000
709.552847	888.332351	55.020644	50.500000
