679.772514	876.344656	57.005768	50.035000
679.772482	876.344351	57.005774	50.023000
679.772529	876.341911	57.005771	50.021000
679.772523	876.339167	57.005770	50.021000
679.772527	876.336589	57.005770	50.022000
679.772525	876.334014	57.005770	50.024000
679.772533	876.331499	57.005770	50.025000
679.772533	876.328883	57.005769	50.026000
679.772535	876.326316	57.005772	50.026000
679.772538	876.323699	57.005768	50.026000
679.772537	876.321285	57.005770	50.027000
679.772531	876.318753	57.005769	50.027000
679.772537	876.316242	57.005770	50.029000
679.772537	876.313738	57.005770	50.031000
679.772535	876.311212	57.005771	50.033000
679.772537	876.308498	57.005772	50.037000
679.772537	876.306085	57.005771	50.040000
679.772538	876.303582	57.005771	50.044000
679.772540	876.301089	57.005770	50.047000
679.772539	876.298583	57.005770	50.050000
679.772541	876.295971	57.005770	50.052000
679.772540	876.293567	57.005771	50.054000
679.772540	876.291058	57.005770	50.054000
679.772540	876.288563	57.005769	50.054000
679.772539	876.286049	57.005772	50.054000
679.772542	876.283554	57.005768	50.053000
679.772539	876.280949	57.005769	50.053000
679.772540	876.278651	57.005771	50.052000
679.772544	876.276019	57.005767	50.052000
679.772540	876.273534	57.005767	50.053000
679.772539	876.270722	57.005772	50.054000
679.772542	876.268330	57.005768	50.054000
679.772538	876.265733	57.005770	50.055000
679.772538	876.263329	57.005770	50.055000
679.772539	876.260932	57.005769	50.055000
679.772542	876.258432	57.005769	50.054000
679.772542	876.255920	57.005768	50.053000
679.772542	876.253421	57.005767	50.053000
679.772541	876.250911	57.005766	50.052000
679.772540	876.248411	57.005770	50.051000
679.772539	876.245916	57.005772	50.051000
679.772542	876.243418	57.005773	50.051000
679.772541	876.240921	57.005773	50.051000
679.772539	876.238419	57.005772	50.051000
679.772539	876.235909	57.005767	50.052000
679.772539	876.233212	57.005770	50.052000
679.772537	876.230702	57.005770	50.053000
679.772542	876.228200	57.005768	50.054000
679.772540	876.225703	57.005768	50.055000
679.772538	876.223311	57.005772	50.056000
679.772540	876.220809	57.005771	50.057000
679.772537	876.218306	57.005768	50.058000
679.772538	876.215792	57.005768	50.058000
679.772542	876.213309	57.005767	50.057000
679.772541	876.210795	57.005768	50.057000
679.772543	876.208291	57.005768	50.056000
679.772541	876.205794	57.005768	50.055000
679.772540	876.203298	57.005766	50.053000
679.772543	876.200790	57.005772	50.053000
679.772539	876.198300	57.005773	50.053000
679.772539	876.195584	57.005771	50.054000
679.772538	876.193103	57.005770	50.054000
679.772537	876.190583	57.005768	50.055000
679.772539	876.188086	57.005767	50.056000
679.772539	876.185599	57.005768	50.056000
679.772541	876.183094	57.005768	50.055000
679.772542	876.180587	57.005773	50.054000
679.772537	876.178092	57.005772	50.053000
679.772541	876.175686	57.005768	50.051000
679.772535	876.173192	57.005767	50.050000
679.772538	876.170687	57.005767	50.049000
679.772539	876.168081	57.005771	50.048000
679.772541	876.165793	57.005773	50.048000
679.772538	876.163194	57.005770	50.048000
679.772542	876.160688	57.005769	50.048000
679.772539	876.157993	57.005773	50.049000
679.772540	876.155375	57.005767	50.049000
679.772539	876.152986	57.005773	50.049000
679.772538	876.150478	57.005767	50.048000
679.772538	876.147776	57.005768	50.048000
679.772539	876.145586	57.005772	50.048000
679.772539	876.143090	57.005773	50.048000
679.772537	876.140593	57.005771	50.048000
679.772536	876.138087	57.005772	50.048000
679.772541	876.135573	57.005773	50.048000
679.772536	876.133091	57.005772	50.048000
679.772537	876.130577	57.005773	50.048000
679.772539	876.128084	57.005773	50.047000
679.772542	876.125585	57.005772	50.047000
679.772537	876.123086	57.005771	50.046000
679.772542	876.120392	57.005772	50.046000
679.772539	876.117895	57.005771	50.046000
679.772539	876.115377	57.005771	50.046000
679.772540	876.112993	57.005771	50.047000
679.772540	876.110379	57.005768	50.047000
679.772539	876.107968	57.005769	50.048000
679.772540	876.105490	57.005769	50.048000
679.772542	876.102878	57.005768	50.048000
679.772541	876.100475	57.005769	50.048000
679.772541	876.097999	57.005769	50.048000
679.772537	876.095482	57.005771	50.048000
679.772538	876.092987	57.005772	50.048000
679.772541	876.090465	57.005772	50.049000
679.772544	876.087870	57.005768	50.049000
679.772539	876.085492	57.005769	50.050000
679.772540	876.082980	57.005769	50.051000
679.772543	876.080291	57.005770	50.053000
679.772540	876.077671	57.005770	50.054000
679.772537	876.075273	57.005771	50.055000
679.772540	876.072795	57.005772	50.056000
679.772541	876.070379	57.005770	50.057000
679.772541	876.067760	57.005769	50.058000
679.772539	876.065289	57.005770	50.059000
679.772540	876.062889	57.005770	50.060000
679.772539	876.060385	57.005770	50.061000
679.772543	876.057869	57.005769	50.063000
679.772543	876.055368	57.005770	50.065000
679.772541	876.052888	57.005770	50.067000
679.772541	876.050385	57.005769	50.069000
679.772541	876.047882	57.005771	50.072000
679.772540	876.045382	57.005770	50.074000
679.772541	876.042688	57.005770	50.076000
679.772539	876.040091	57.005770	50.077000
679.772543	876.037479	57.005770	50.079000
679.772538	876.034881	57.005771	50.080000
679.772542	876.032487	57.005770	50.081000
679.772540	876.030077	57.005769	50.082000
679.772541	876.027469	57.005769	50.083000
679.772539	876.024993	57.005770	50.085000
679.772539	876.022592	57.005770	50.086000
679.772540	876.020094	57.005770	50.087000
679.772541	876.017573	57.005770	50.089000
679.772540	876.014989	57.005769	50.089000
679.772541	876.012593	57.005770	50.090000
679.772539	876.010078	57.005771	50.091000
679.772542	876.007483	57.005770	50.091000
679.772539	876.004704	57.005769	50.091000
679.772539	876.002390	57.005772	50.091000
679.772538	875.999894	57.005772	50.091000
679.772541	875.997282	57.005768	50.092000
679.772536	875.994884	57.005770	50.093000
679.772539	875.992490	57.005770	50.095000
679.772540	875.989984	57.005770	50.096000
679.772539	875.987482	57.005772	50.097000
679.772539	875.984895	57.005770	50.099000
679.772539	875.982493	57.005770	50.100000
679.772536	875.979995	57.005770	50.101000
679.772537	875.977487	57.005771	50.101000
679.772537	875.974983	57.005769	50.101000
679.772537	875.972490	57.005771	50.102000
679.772539	875.969986	57.005769	50.102000
679.772541	875.967487	57.005770	50.103000
679.772537	875.964800	57.005769	50.103000
679.772540	875.962288	57.005771	50.103000
679.772540	875.959802	57.005772	50.103000
679.772537	875.957285	57.005771	50.102000
679.772539	875.954782	57.005768	50.101000
679.772539	875.952399	57.005772	50.100000
679.772541	875.949784	57.005770	50.098000
679.772539	875.947290	57.005771	50.095000
679.772539	875.944901	57.005771	50.093000
679.772539	875.942383	57.005770	50.091000
679.772541	875.939905	57.005769	50.089000
679.772539	875.937394	57.005769	50.087000
679.772540	875.934882	57.005770	50.085000
679.772538	875.932290	57.005769	50.083000
679.772535	875.929882	57.005769	50.081000
679.772537	875.927390	57.005771	50.079000
679.772540	875.924703	57.005772	50.077000
679.772540	875.922088	57.005769	50.075000
679.772540	875.919694	57.005771	50.073000
679.772539	875.917180	57.005769	50.072000
679.772542	875.914688	57.005768	50.071000
679.772539	875.912200	57.005770	50.070000
679.772539	875.909585	57.005769	50.069000
679.772541	875.906390	57.005768	50.068000
679.772537	875.903892	57.005768	50.068000
679.772539	875.901390	57.005768	50.067000
679.772540	875.898203	57.005767	50.067000
679.772541	875.895677	57.005769	50.066000
679.772542	875.893093	57.005770	50.065000
679.772536	875.890702	57.005772	50.064000
679.772541	875.887991	57.005772	50.063000
679.772543	875.885498	57.005771	50.062000
679.772539	875.882891	57.005771	50.061000
679.772540	875.880499	57.005771	50.060000
679.772540	875.877993	57.005771	50.060000
679.772540	875.875578	57.005771	50.060000
679.772541	875.872997	57.005771	50.059000
679.772539	875.870597	57.005771	50.059000
679.772540	875.868002	57.005769	50.058000
679.772543	875.865598	57.005769	50.056000
679.772540	875.863094	57.005770	50.055000
679.772539	875.860596	57.005771	50.054000
679.772537	875.858100	57.005773	50.053000
679.772540	875.855582	57.005772	50.052000
679.772536	875.853093	57.005771	50.051000
679.772541	875.850386	57.005769	50.051000
679.772539	875.847886	57.005772	50.051000
679.772542	875.845399	57.005772	50.052000
679.772539	875.842895	57.005770	50.053000
679.772538	875.840285	57.005771	50.053000
679.772540	875.837897	57.005770	50.052000
679.772542	875.835487	57.005771	50.052000
679.772540	875.832990	57.005771	50.051000
679.772542	875.830389	57.005769	50.051000
679.772541	875.827989	57.005768	50.051000
679.772543	875.825495	57.005771	50.051000
679.772536	875.823000	57.005771	50.052000
679.772539	875.820498	57.005771	50.053000
679.772539	875.817997	57.005769	50.054000
679.772539	875.815486	57.005769	50.056000
679.772539	875.813109	57.005771	50.057000
679.772541	875.810289	57.005770	50.058000
679.772539	875.807780	57.005771	50.058000
679.772538	875.805299	57.005771	50.058000
679.772536	875.802797	57.005771	50.058000
679.772541	875.800207	57.005768	50.059000
679.772541	875.797794	57.005771	50.059000
679.772540	875.795379	57.005770	50.060000
679.772539	875.792901	57.005773	50.061000
679.772543	875.790388	57.005771	50.062000
679.772542	875.787890	57.005769	50.063000
679.772542	875.785387	57.005766	50.064000
679.772543	875.782886	57.005769	50.065000
679.772540	875.780395	57.005771	50.066000
679.772537	875.777891	57.005774	50.067000
679.772541	875.771285	57.005769	50.069000
679.772544	875.769285	57.005769	50.069000
679.772537	875.766791	57.005768	50.069000
679.772539	875.763902	57.005771	50.070000
679.772540	875.761390	57.005772	50.070000
679.772541	875.758997	57.005766	50.070000
679.772543	875.756384	57.005769	50.070000
679.772539	875.753996	57.005773	50.071000
679.772541	875.751494	57.005772	50.072000
679.772538	875.748985	57.005768	50.072000
679.772543	875.746489	57.005767	50.073000
679.772538	875.743999	57.005768	50.073000
679.772538	875.741490	57.005768	50.073000
679.772539	875.738908	57.005770	50.073000
679.772541	875.736183	57.005769	50.073000
679.772540	875.733793	57.005765	50.073000
679.772541	875.731280	57.005771	50.073000
679.772540	875.728784	57.005772	50.073000
679.772540	875.726291	57.005771	50.073000
679.772542	875.723799	57.005766	50.073000
679.772541	875.721387	57.005772	50.074000
679.772543	875.718905	57.005765	50.074000
679.772541	875.716382	57.005774	50.074000
679.772540	875.713889	57.005766	50.074000
679.772541	875.711393	57.005773	50.073000
679.772540	875.708881	57.005768	50.072000
679.772542	875.706391	57.005772	50.071000
679.772544	875.703795	57.005771	50.070000
679.772541	875.701393	57.005766	50.070000
679.772541	875.698702	57.005770	50.069000
679.772536	875.696076	57.005767	50.069000
679.772541	875.693695	57.005770	50.068000
679.772541	875.691197	57.005766	50.068000
679.772541	875.688689	57.005774	50.068000
679.772538	875.686288	57.005771	50.067000
679.772545	875.683794	57.005773	50.067000
679.772539	875.681290	57.005772	50.067000
679.772539	875.678803	57.005766	50.066000
679.772540	875.676273	57.005774	50.066000
679.772543	875.673787	57.005768	50.067000
679.772537	875.671287	57.005773	50.067000
679.772542	875.668787	57.005767	50.068000
679.772540	875.666292	57.005771	50.070000
679.772540	875.663792	57.005773	50.071000
679.772540	875.660491	57.005776	50.073000
679.772542	875.658504	57.005766	50.074000
679.772542	875.656076	57.005765	50.075000
679.772540	875.653591	57.005775	50.076000
679.772537	875.651184	57.005775	50.076000
679.772541	875.648685	57.005766	50.076000
679.772538	875.646088	57.005766	50.076000
679.772540	875.643593	57.005772	50.076000
679.772539	875.641092	57.005772	50.075000
679.772537	875.638596	57.005766	50.075000
679.772537	875.636081	57.005774	50.075000
679.772542	875.633593	57.005768	50.075000
679.772540	875.631088	57.005773	50.075000
679.772540	875.628574	57.005766	50.075000
679.772537	875.626084	57.005775	50.075000
679.772540	875.623394	57.005766	50.075000
679.772538	875.620884	57.005772	50.074000
679.772536	875.618391	57.005771	50.073000
679.772540	875.615878	57.005768	50.071000
679.772541	875.613388	57.005771	50.070000
679.772537	875.610982	57.005772	50.070000
679.772537	875.608475	57.005771	50.069000
679.772541	875.605984	57.005768	50.069000
679.772538	875.603494	57.005768	50.069000
679.772538	875.600985	57.005773	50.069000
679.772543	875.598495	57.005765	50.070000
679.772539	875.595972	57.005776	50.070000
679.772538	875.593389	57.005776	50.071000
679.772538	875.590983	57.005774	50.071000
679.772539	875.588482	57.005766	50.070000
679.772539	875.585684	57.005767	50.070000
679.772539	875.583190	57.005772	50.069000
679.772542	875.580789	57.005773	50.068000
679.772538	875.578296	57.005774	50.067000
679.772541	875.575773	57.005764	50.066000
679.772539	875.573291	57.005774	50.065000
679.772542	875.570786	57.005770	50.065000
679.772536	875.568388	57.005772	50.065000
679.772536	875.565896	57.005773	50.064000
679.772539	875.563392	57.005771	50.064000
679.772537	875.560885	57.005766	50.065000
679.772536	875.558392	57.005775	50.065000
679.772538	875.555880	57.005765	50.065000
679.772536	875.553395	57.005775	50.065000
679.772540	875.550885	57.005765	50.066000
679.772542	875.548183	57.005765	50.065000
679.772540	875.545696	57.005773	50.065000
679.772539	875.543186	57.005770	50.064000
679.772539	875.540691	57.005766	50.063000
679.772542	875.538295	57.005764	50.062000
679.772542	875.535681	57.005767	50.060000
679.772537	875.533187	57.005772	50.059000
679.772540	875.530781	57.005773	50.057000
679.772542	875.528294	57.005767	50.056000
679.772539	875.525784	57.005774	50.055000
679.772540	875.523295	57.005766	50.055000
679.772543	875.520789	57.005774	50.054000
679.772542	875.518296	57.005765	50.054000
679.772537	875.515776	57.005775	50.054000
679.772540	875.513284	57.005766	50.054000
679.772541	875.510584	57.005768	50.054000
679.772540	875.508099	57.005773	50.054000
679.772541	875.505594	57.005765	50.055000
679.772537	875.503091	57.005775	50.056000
679.772538	875.500587	57.005769	50.057000
679.772536	875.498200	57.005773	50.058000
679.772539	875.495578	57.005773	50.060000
679.772540	875.492996	57.005773	50.061000
679.772539	875.490686	57.005772	50.063000
679.772541	875.488083	57.005771	50.064000
679.772544	875.485691	57.005768	50.066000
679.772539	875.483188	57.005769	50.067000
679.772537	875.480690	57.005773	50.068000
679.772538	875.478200	57.005773	50.068000
679.772537	875.475684	57.005769	50.069000
679.772543	875.472989	57.005770	50.070000
679.772540	875.470485	57.005771	50.071000
679.772542	875.467989	57.005767	50.072000
679.772541	875.465502	57.005770	50.074000
679.772541	875.462991	57.005773	50.075000
679.772539	875.460386	57.005772	50.077000
679.772543	875.458091	57.005772	50.078000
679.772538	875.455579	57.005772	50.079000
679.772541	875.452994	57.005771	50.080000
679.772538	875.450484	57.005771	50.080000
679.772541	875.448084	57.005774	50.080000
679.772541	875.445597	57.005767	50.080000
679.772540	875.443095	57.005770	50.080000
679.772539	875.440591	57.005773	50.079000
679.772539	875.438092	57.005769	50.079000
679.772540	875.435375	57.005771	50.079000
679.772539	875.432888	57.005771	50.079000
679.772539	875.430383	57.005768	50.080000
679.772543	875.427887	57.005767	50.080000
679.772544	875.425390	57.005769	50.080000
679.772544	875.422895	57.005767	50.081000
679.772539	875.420294	57.005768	50.081000
679.772539	875.417788	57.005768	50.082000
679.772537	875.415385	57.005771	50.082000
679.772544	875.412893	57.005768	50.082000
679.772539	875.410385	57.005769	50.082000
679.772541	875.407883	57.005769	50.082000
679.772537	875.405398	57.005770	50.082000
679.772539	875.402890	57.005766	50.082000
679.772536	875.400390	57.005774	50.082000
679.772540	875.397895	57.005766	50.081000
679.772543	875.395375	57.005772	50.081000
679.772542	875.392681	57.005766	50.080000
679.772539	875.390170	57.005774	50.079000
679.772541	875.387672	57.005769	50.077000
679.772538	875.385195	57.005769	50.076000
679.772540	875.382687	57.005772	50.074000
679.772541	875.380286	57.005767	50.073000
679.772540	875.377785	57.005767	50.071000
679.772541	875.375280	57.005771	50.069000
679.772537	875.372789	57.005774	50.068000
679.772537	875.370269	57.005766	50.067000
679.772539	875.367775	57.005774	50.066000
679.772541	875.365289	57.005766	50.066000
679.772540	875.362779	57.005774	50.065000
679.772541	875.360277	57.005766	50.065000
679.772539	875.357778	57.005775	50.064000
679.772542	875.355073	57.005769	50.064000
679.772537	875.352588	57.005772	50.063000
679.772541	875.350083	57.005769	50.062000
679.772541	875.347584	57.005771	50.061000
679.772537	875.345085	57.005771	50.059000
679.772542	875.342180	57.005766	50.058000
679.772539	875.339792	57.005771	50.057000
679.772541	875.337380	57.005770	50.056000
679.772541	875.334873	57.005774	50.055000
679.772539	875.332386	57.005765	50.054000
679.772538	875.329879	57.005777	50.053000
679.772542	875.327390	57.005765	50.053000
679.772538	875.324899	57.005774	50.053000
679.772541	875.322384	57.005765	50.053000
679.772539	875.319897	57.005775	50.053000
679.772540	875.317186	57.005765	50.053000
679.772540	875.314681	57.005774	50.053000
679.772543	875.312186	57.005767	50.052000
679.772540	875.309683	57.005773	50.052000
679.772542	875.307192	57.005768	50.052000
679.772539	875.304795	57.005765	50.052000
679.772543	875.302187	57.005768	50.052000
679.772541	875.299695	57.005770	50.052000
679.772543	875.297288	57.005773	50.053000
679.772539	875.294783	57.005765	50.054000
679.772541	875.292289	57.005774	50.055000
679.772541	875.289781	57.005765	50.056000
679.772543	875.287182	57.005765	50.057000
679.772542	875.284792	57.005764	50.058000
679.772542	875.282284	57.005772	50.058000
679.772540	875.279602	57.005774	50.058000
679.772539	875.276982	57.005773	50.058000
679.772544	875.274586	57.005771	50.058000
679.772543	875.272190	57.005765	50.057000
679.772540	875.269683	57.005775	50.057000
679.772542	875.267077	57.005773	50.057000
679.772541	875.264685	57.005773	50.056000
679.772540	875.262184	57.005766	50.056000
679.772538	875.259693	57.005773	50.056000
679.772540	875.257083	57.005773	50.056000
679.772545	875.254677	57.005767	50.056000
679.772541	875.252185	57.005775	50.056000
679.772543	875.249676	57.005767	50.056000
679.772540	875.247084	57.005766	50.056000
679.772539	875.244690	57.005769	50.056000
679.772536	875.241987	57.005774	50.056000
679.772542	875.239496	57.005766	50.057000
679.772539	875.236978	57.005775	50.057000
679.772539	875.234478	57.005768	50.058000
679.772538	875.231989	57.005767	50.059000
679.772537	875.229480	57.005776	50.060000
679.772539	875.226984	57.005765	50.061000
679.772538	875.224494	57.005774	50.062000
679.772540	875.222084	57.005775	50.062000
679.772542	875.219597	57.005766	50.063000
679.772538	875.217086	57.005774	50.063000
679.772543	875.214582	57.005765	50.063000
679.772541	875.211986	57.005771	50.063000
679.772540	875.209586	57.005770	50.063000
679.772541	875.207081	57.005770	50.062000
679.772541	875.204596	57.005769	50.062000
679.772540	875.201783	57.005774	50.061000
679.772537	875.199395	57.005769	50.061000
679.772540	875.196879	57.005771	50.062000
679.772540	875.194385	57.005769	50.062000
679.772543	875.191978	57.005766	50.062000
679.772536	875.189487	57.005774	50.062000
679.772542	875.186384	57.005774	50.062000
679.772536	875.183991	57.005773	50.062000
679.772544	875.181478	57.005770	50.062000
679.772541	875.178990	57.005769	50.063000
679.772540	875.176369	57.005764	50.063000
679.772539	875.173985	57.005768	50.063000
679.772541	875.171487	57.005771	50.063000
679.772539	875.168782	57.005769	50.064000
679.772536	875.166178	57.005772	50.064000
679.772537	875.163797	57.005775	50.065000
679.772543	875.161285	57.005764	50.065000
679.772539	875.158795	57.005777	50.066000
679.772536	875.156378	57.005776	50.067000
679.772538	875.153685	57.005768	50.068000
679.772541	875.151280	57.005768	50.068000
679.772542	875.148875	57.005768	50.069000
679.772540	875.146385	57.005771	50.069000
679.772538	875.143794	57.005766	50.069000
679.772542	875.141385	57.005768	50.069000
679.772542	875.138791	57.005768	50.069000
679.772535	875.136385	57.005773	50.069000
679.772542	875.133791	57.005774	50.070000
679.772538	875.131375	57.005776	50.071000
679.772541	875.128869	57.005765	50.072000
679.772538	875.126187	57.005771	50.073000
679.772542	875.123693	57.005772	50.075000
679.772538	875.121188	57.005768	50.077000
679.772539	875.118691	57.005770	50.078000
679.772539	875.116176	57.005771	50.080000
679.772538	875.113690	57.005771	50.082000
679.772542	875.111285	57.005769	50.084000
679.772540	875.108778	57.005773	50.086000
679.772538	875.106286	57.005765	50.087000
679.772539	875.103795	57.005775	50.087000
679.772543	875.101281	57.005764	50.088000
679.772539	875.098784	57.005775	50.088000
679.772540	875.096268	57.005766	50.088000
679.772535	875.093781	57.005774	50.088000
679.772543	875.091278	57.005765	50.089000
679.772536	875.088273	57.005775	50.089000
679.772537	875.086084	57.005771	50.090000
679.772541	875.083586	57.005764	50.091000
679.772537	875.081083	57.005775	50.092000
679.772539	875.078491	57.005774	50.093000
679.772539	875.076075	57.005769	50.093000
679.772539	875.073484	57.005765	50.093000
679.772540	875.071080	57.005766	50.093000
679.772541	875.068581	57.005772	50.093000
679.772539	875.066091	57.005768	50.093000
679.772540	875.063589	57.005773	50.093000
679.772539	875.061087	57.005765	50.093000
679.772543	875.058495	57.005764	50.093000
679.772539	875.056080	57.005764	50.094000
679.772540	875.053589	57.005774	50.094000
679.772541	875.050877	57.005773	50.095000
679.772535	875.048283	57.005777	50.095000
679.772537	875.045895	57.005775	50.096000
679.772542	875.043390	57.005771	50.096000
679.772540	875.040886	57.005768	50.095000
679.772540	875.038395	57.005771	50.095000
679.772541	875.035976	57.005769	50.095000
679.772540	875.033390	57.005770	50.096000
679.772539	875.030883	57.005774	50.096000
679.772538	875.028481	57.005769	50.096000
679.772538	875.025986	57.005773	50.097000
679.772541	875.023491	57.005769	50.097000
679.772540	875.020990	57.005768	50.097000
679.772542	875.018496	57.005766	50.096000
679.772540	875.014977	57.005767	50.095000
679.772539	875.012491	57.005774	50.095000
679.772540	875.009882	57.005774	50.094000
679.772537	875.007375	57.005769	50.092000
679.772537	875.004786	57.005772	50.091000
679.772541	875.002384	57.005768	50.090000
679.772541	874.999890	57.005769	50.089000
679.772544	874.997379	57.005770	50.088000
679.772541	874.994976	57.005770	50.086000
679.772542	874.992384	57.005768	50.084000
679.772539	874.989979	57.005770	50.082000
679.772542	874.987474	57.005767	50.080000
679.772542	874.984986	57.005769	50.078000
679.772539	874.982484	57.005770	50.077000
679.772540	874.979889	57.005768	50.076000
679.772541	874.977483	57.005772	50.075000
679.772542	874.974977	57.005767	50.074000
679.772538	874.972281	57.005769	50.073000
679.772543	874.969772	57.005768	50.072000
679.772538	874.967274	57.005772	50.071000
679.772541	874.964787	57.005771	50.071000
679.772539	874.962276	57.005771	50.070000
679.772539	874.959789	57.005772	50.068000
679.772540	874.957284	57.005772	50.067000
679.772537	874.954777	57.005771	50.066000
679.772537	874.952286	57.005773	50.065000
679.772543	874.949776	57.005772	50.064000
679.772542	874.947284	57.005772	50.064000
679.772539	874.944785	57.005771	50.064000
679.772544	874.942276	57.005769	50.064000
679.772544	874.939786	57.005771	50.065000
679.772540	874.937277	57.005769	50.066000
679.772539	874.934581	57.005769	50.066000
679.772542	874.932084	57.005767	50.067000
679.772541	874.929572	57.005768	50.067000
679.772537	874.926982	57.005772	50.067000
679.772540	874.924595	57.005768	50.067000
679.772539	874.922081	57.005768	50.067000
679.772541	874.919692	57.005773	50.067000
679.772538	874.917175	57.005771	50.067000
679.772540	874.914691	57.005772	50.067000
679.772541	874.912186	57.005769	50.067000
679.772539	874.909683	57.005771	50.068000
679.772540	874.907078	57.005768	50.068000
679.772541	874.904692	57.005772	50.069000
679.772541	874.902190	57.005770	50.070000
679.772540	874.899695	57.005769	50.070000
679.772540	874.896771	57.005772	50.071000
679.772537	874.894388	57.005770	50.072000
679.772540	874.891989	57.005768	50.073000
679.772538	874.889475	57.005769	50.074000
679.772538	874.886988	57.005771	50.075000
679.772538	874.884594	57.005770	50.077000
679.772544	874.882093	57.005770	50.078000
679.772540	874.879499	57.005771	50.079000
679.772536	874.876987	57.005770	50.080000
679.772542	874.874380	57.005771	50.081000
679.772537	874.871986	57.005771	50.082000
679.772542	874.869486	57.005769	50.084000
679.772538	874.866987	57.005771	50.085000
679.772541	874.864492	57.005769	50.086000
679.772539	874.861882	57.005768	50.087000
679.772539	874.859398	57.005769	50.088000
679.772542	874.856883	57.005771	50.089000
679.772538	874.854383	57.005771	50.090000
679.772540	874.851889	57.005770	50.091000
679.772542	874.849482	57.005770	50.092000
679.772538	874.846992	57.005768	50.092000
679.772536	874.844397	57.005770	50.093000
679.772539	874.841988	57.005772	50.093000
679.772541	874.839502	57.005769	50.094000
679.772541	874.836982	57.005768	50.094000
679.772540	874.834484	57.005768	50.094000
679.772541	874.831888	57.005770	50.094000
679.772540	874.829484	57.005771	50.095000
679.772539	874.826984	57.005772	50.095000
679.772538	874.824488	57.005772	50.095000
679.772539	874.821687	57.005770	50.094000
679.772539	874.819307	57.005769	50.094000
679.772542	874.816796	57.005771	50.093000
679.772539	874.814183	57.005770	50.093000
679.772543	874.811779	57.005769	50.092000
679.772538	874.809387	57.005769	50.091000
679.772540	874.806792	57.005769	50.090000
679.772540	874.804402	57.005771	50.089000
679.772541	874.801786	57.005771	50.088000
679.772540	874.799395	57.005770	50.086000
679.772538	874.796881	57.005772	50.085000
679.772539	874.794389	57.005772	50.084000
679.772538	874.791883	57.005770	50.082000
679.772537	874.789280	57.005771	50.080000
679.772538	874.786880	57.005770	50.078000
679.772541	874.784192	57.005769	50.075000
679.772539	874.781690	57.005770	50.073000
679.772541	874.779195	57.005769	50.071000
679.772538	874.776682	57.005771	50.068000
679.772544	874.774186	57.005773	50.066000
679.772537	874.771687	57.005771	50.064000
679.772540	874.769283	57.005771	50.062000
679.772542	874.766786	57.005769	50.060000
679.772538	874.764300	57.005771	50.058000
679.772539	874.761790	57.005768	50.056000
679.772539	874.759303	57.005769	50.054000
679.772539	874.756778	57.005768	50.052000
679.772542	874.754085	57.005768	50.049000
679.772539	874.751583	57.005770	50.047000
679.772540	874.749086	57.005771	50.045000
679.772545	874.746592	57.005771	50.043000
679.772538	874.743795	57.005769	50.041000
679.772538	874.741387	57.005769	50.040000
679.772540	874.738900	57.005770	50.038000
679.772542	874.736387	57.005772	50.037000
679.772539	874.733889	57.005770	50.036000
679.772544	874.731488	57.005769	50.035000
679.772538	874.728981	57.005767	50.034000
679.772544	874.726484	57.005769	50.034000
679.772543	874.723893	57.005769	50.033000
679.772539	874.721489	57.005772	50.032000
679.772538	874.718996	57.005770	50.031000
679.772540	874.716479	57.005769	50.029000
679.772538	874.713990	57.005770	50.028000
679.772538	874.711384	57.005768	50.027000
679.772540	874.708976	57.005770	50.026000
679.772539	874.706286	57.005768	50.025000
679.772542	874.703801	57.005768	50.025000
679.772542	874.701277	57.005770	50.025000
679.772539	874.698794	57.005771	50.026000
679.772540	874.696278	57.005769	50.027000
679.772539	874.693791	57.005770	50.029000
679.772539	874.691383	57.005770	50.031000
679.772541	874.688877	57.005770	50.032000
679.772539	874.686386	57.005771	50.034000
679.772542	874.683887	57.005768	50.036000
679.772539	874.681385	57.005770	50.037000
679.772543	874.678892	57.005773	50.038000
679.772540	874.676381	57.005772	50.040000
679.772539	874.673879	57.005769	50.041000
679.772539	874.671386	57.005770	50.043000
679.772537	874.668674	57.005769	50.044000
679.772541	874.665985	57.005769	50.046000
679.772538	874.663487	57.005771	50.047000
679.772539	874.660990	57.005769	50.049000
679.772537	874.658491	57.005770	50.051000
679.772539	874.655971	57.005771	50.053000
679.772545	874.653585	57.005771	50.055000
679.772540	874.650979	57.005771	50.057000
679.772540	874.648585	57.005771	50.058000
679.772541	874.645986	57.005769	50.059000
679.772543	874.643585	57.005769	50.060000
679.772539	874.641080	57.005769	50.060000
679.772541	874.638495	57.005770	50.060000
679.772541	874.636071	57.005768	50.059000
679.772538	874.633583	57.005770	50.059000
679.772539	874.631077	57.005772	50.058000
679.772541	874.628388	57.005770	50.058000
679.772537	874.625882	57.005769	50.058000
679.772538	874.623391	57.005771	50.059000
679.772541	874.620884	57.005768	50.060000
679.772538	874.618387	57.005770	50.062000
679.772541	874.615976	57.005771	50.063000
679.772542	874.613482	57.005770	50.064000
679.772538	874.610978	57.005770	50.066000
679.772538	874.608486	57.005770	50.067000
679.772539	874.605988	57.005771	50.068000
679.772542	874.603491	57.005769	50.069000
679.772539	874.600885	57.005769	50.070000
679.772540	874.598495	57.005770	50.072000
679.772544	874.595876	57.005767	50.073000
679.772538	874.593489	57.005770	50.075000
679.772539	874.590681	57.005770	50.077000
679.772540	874.588275	57.005767	50.078000
679.772540	874.585789	57.005769	50.080000
679.772542	874.583287	57.005770	50.082000
679.772536	874.580791	57.005771	50.083000
679.772542	874.578287	57.005769	50.084000
679.772539	874.575773	57.005772	50.085000
679.772543	874.573391	57.005768	50.087000
679.772542	874.570883	57.005770	50.088000
679.772540	874.568377	57.005773	50.089000
679.772541	874.565888	57.005772	50.091000
679.772543	874.563290	57.005768	50.093000
679.772541	874.560787	57.005771	50.094000
679.772539	874.558386	57.005769	50.095000
679.772540	874.555867	57.005771	50.097000
679.772540	874.553390	57.005772	50.098000
679.772541	874.550677	57.005770	50.099000
679.772539	874.548176	57.005768	50.099000
679.772539	874.545686	57.005771	50.100000
679.772539	874.543191	57.005771	50.100000
679.772540	874.540782	57.005770	50.100000
679.772541	874.538092	57.005770	50.100000
679.772541	874.535772	57.005771	50.100000
679.772539	874.533286	57.005769	50.100000
679.772543	874.530778	57.005769	50.100000
679.772540	874.528272	57.005768	50.101000
679.772537	874.525786	57.005771	50.101000
679.772540	874.523284	57.005771	50.101000
679.772537	874.520683	57.005771	50.102000
679.772539	874.518288	57.005769	50.102000
679.772540	874.515774	57.005771	50.102000
679.772537	874.513082	57.005769	50.102000
679.772539	874.510576	57.005771	50.102000
679.772541	874.508075	57.005769	50.102000
679.772538	874.505588	57.005770	50.102000
679.772539	874.503077	57.005771	50.102000
679.772539	874.500580	57.005769	50.102000
679.772540	874.498179	57.005770	50.102000
679.772537	874.495373	57.005769	50.101000
679.772541	874.493189	57.005768	50.101000
679.772539	874.490679	57.005770	50.100000
679.772538	874.488176	57.005771	50.099000
679.772538	874.485582	57.005770	50.098000
679.772539	874.483085	57.005771	50.098000
679.772542	874.480679	57.005770	50.097000
679.772537	874.478086	57.005771	50.096000
679.772543	874.475465	57.005771	50.095000
679.772537	874.472979	57.005771	50.094000
679.772537	874.470473	57.005768	50.093000
679.772537	874.467973	57.005768	50.092000
679.772539	874.465585	57.005768	50.091000
679.772540	874.462884	57.005768	50.089000
679.772540	874.460576	57.005768	50.087000
679.772536	874.458089	57.005770	50.086000
679.772541	874.455574	57.005770	50.085000
679.772540	874.452989	57.005771	50.084000
679.772539	874.450575	57.005771	50.084000
679.772539	874.448073	57.005768	50.084000
679.772539	874.445585	57.005768	50.084000
679.772542	874.443081	57.005771	50.084000
679.772540	874.440583	57.005771	50.084000
679.772541	874.437981	57.005769	50.084000
679.772541	874.435469	57.005772	50.083000
679.772537	874.432878	57.005769	50.081000
679.772537	874.430482	57.005770	50.080000
679.772538	874.427979	57.005770	50.078000
679.772539	874.425487	57.005769	50.077000
679.772539	874.423083	57.005768	50.076000
679.772540	874.420585	57.005770	50.075000
679.772539	874.418095	57.005771	50.075000
679.772541	874.415574	57.005768	50.074000
679.772541	874.413080	57.005771	50.074000
679.772544	874.410576	57.005768	50.073000
679.772541	874.408087	57.005770	50.072000
679.772539	874.405491	57.005769	50.070000
679.772539	874.403086	57.005769	50.068000
679.772541	874.400383	57.005771	50.067000
679.772541	874.397895	57.005772	50.066000
679.772540	874.395375	57.005769	50.065000
679.772540	874.392885	57.005768	50.064000
679.772541	874.390377	57.005769	50.064000
679.772542	874.387986	57.005769	50.064000
679.772535	874.385389	57.005769	50.065000
679.772540	874.382986	57.005769	50.065000
679.772537	874.380489	57.005770	50.065000
679.772540	874.377993	57.005771	50.065000
679.772539	874.375473	57.005769	50.065000
679.772537	874.372995	57.005769	50.065000
679.772539	874.370388	57.005768	50.065000
679.772539	874.367981	57.005768	50.064000
679.772538	874.365479	57.005771	50.063000
679.772540	874.362786	57.005770	50.062000
679.772537	874.360294	57.005770	50.061000
679.772542	874.357794	57.005771	50.061000
679.772540	874.355273	57.005769	50.060000
679.772540	874.352783	57.005769	50.059000
679.772543	874.350183	57.005769	50.059000
679.772540	874.347689	57.005770	50.058000
679.772544	874.344186	57.005768	50.057000
679.772543	874.341681	57.005770	50.056000
679.772541	874.339193	57.005771	50.055000
679.772537	874.336682	57.005768	50.054000
679.772540	874.334180	57.005772	50.052000
679.772540	874.331683	57.005769	50.051000
679.772544	874.329182	57.005769	50.050000
679.772539	874.326582	57.005770	50.049000
679.772542	874.323987	57.005767	50.048000
679.772538	874.321490	57.005768	50.048000
679.772542	874.318995	57.005770	50.048000
679.772540	874.316473	57.005772	50.049000
679.772540	874.313977	57.005770	50.049000
679.772539	874.311488	57.005769	50.050000
679.772541	874.308985	57.005768	50.050000
679.772539	874.306582	57.005771	50.051000
679.772541	874.304099	57.005770	50.051000
679.772539	874.301486	57.005772	50.051000
679.772541	874.299098	57.005770	50.051000
679.772541	874.296571	57.005770	50.050000
679.772542	874.294089	57.005771	50.050000
679.772539	874.291589	57.005768	50.050000
679.772537	874.289075	57.005771	50.050000
679.772539	874.286582	57.005772	50.051000
679.772535	874.283894	57.005770	50.052000
679.772536	874.281291	57.005771	50.053000
679.772538	874.278893	57.005769	50.054000
679.772540	874.276370	57.005771	50.056000
679.772540	874.274002	57.005770	50.057000
679.772537	874.271377	57.005771	50.059000
679.772542	874.268867	57.005769	50.060000
679.772538	874.266386	57.005770	50.062000
679.772537	874.263901	57.005769	50.063000
679.772539	874.261387	57.005771	50.064000
679.772541	874.258794	57.005770	50.065000
679.772538	874.256388	57.005770	50.066000
679.772540	874.253890	57.005770	50.067000
679.772542	874.251385	57.005771	50.068000
679.772540	874.248772	57.005771	50.069000
679.772541	874.246291	57.005769	50.070000
679.772544	874.243798	57.005769	50.071000
679.772540	874.241294	57.005772	50.072000
679.772537	874.238793	57.005772	50.072000
679.772542	874.236171	57.005769	50.073000
679.772539	874.233788	57.005768	50.073000
679.772536	874.231384	57.005769	50.073000
679.772539	874.228887	57.005770	50.072000
679.772540	874.226392	57.005768	50.072000
679.772538	874.223897	57.005772	50.071000
679.772539	874.221395	57.005769	50.070000
679.772540	874.218894	57.005770	50.068000
679.772544	874.215082	57.005768	50.067000
679.772539	874.212699	57.005770	50.066000
679.772538	874.209878	57.005771	50.065000
679.772537	874.207494	57.005771	50.064000
679.772541	874.204993	57.005770	50.064000
679.772538	874.202494	57.005769	50.064000
679.772541	874.199993	57.005771	50.063000
679.772544	874.197496	57.005769	50.062000
679.772541	874.195086	57.005768	50.061000
679.772543	874.192591	57.005771	50.059000
679.772542	874.190086	57.005769	50.057000
679.772541	874.187581	57.005772	50.055000
679.772540	874.185091	57.005772	50.054000
679.772539	874.182593	57.005769	50.052000
679.772541	874.180101	57.005770	50.051000
679.772539	874.177585	57.005770	50.051000
679.772543	874.175077	57.005768	50.051000
679.772543	874.172388	57.005769	50.051000
679.772539	874.169876	57.005773	50.052000
679.772539	874.167376	57.005769	50.053000
679.772538	874.165001	57.005770	50.054000
679.772538	874.162393	57.005770	50.054000
679.772536	874.159888	57.005771	50.053000
679.772542	874.157385	57.005769	50.053000
679.772540	874.154886	57.005772	50.052000
679.772541	874.152491	57.005772	50.052000
679.772538	874.149980	57.005769	50.051000
679.772540	874.147480	57.005770	50.051000
679.772543	874.144999	57.005770	50.052000
679.772541	874.142487	57.005769	50.052000
679.772537	874.139984	57.005769	50.053000
679.772540	874.137482	57.005769	50.054000
679.772539	874.134788	57.005771	50.055000
679.772541	874.131790	57.005770	50.056000
679.772537	874.129777	57.005771	50.057000
679.772539	874.127285	57.005769	50.057000
679.772540	874.124803	57.005769	50.058000
679.772541	874.122184	57.005769	50.058000
679.772539	874.119593	57.005771	50.058000
679.772542	874.117089	57.005771	50.058000
679.772538	874.114583	57.005768	50.058000
679.772539	874.112094	57.005767	50.058000
679.772540	874.109680	57.005773	50.059000
679.772540	874.107080	57.005767	50.060000
679.772539	874.104693	57.005772	50.060000
679.772540	874.102193	57.005769	50.062000
679.772540	874.099598	57.005771	50.063000
679.772539	874.097178	57.005770	50.064000
679.772542	874.094679	57.005772	50.065000
679.772540	874.092087	57.005771	50.066000
679.772540	874.089680	57.005772	50.067000
679.772538	874.087184	57.005770	50.068000
679.772540	874.084698	57.005771	50.069000
679.772541	874.081884	57.005770	50.070000
679.772541	874.079490	57.005769	50.071000
679.772540	874.076976	57.005771	50.073000
679.772542	874.074587	57.005772	50.074000
679.772535	874.071989	57.005772	50.075000
679.772542	874.069579	57.005767	50.076000
679.772541	874.067078	57.005771	50.078000
679.772542	874.064487	57.005769	50.079000
679.772538	874.062089	57.005768	50.080000
679.772543	874.059191	57.005769	50.082000
679.772540	874.056575	57.005770	50.083000
679.772539	874.054176	57.005772	50.085000
679.772537	874.051683	57.005773	50.086000
679.772543	874.049174	57.005772	50.087000
679.772540	874.046685	57.005768	50.087000
679.772544	874.044000	57.005769	50.087000
679.772539	874.041490	57.005769	50.087000
679.772539	874.038992	57.005769	50.086000
679.772540	874.036473	57.005768	50.085000
679.772541	874.033983	57.005769	50.084000
679.772537	874.031582	57.005770	50.084000
679.772540	874.029076	57.005768	50.083000
679.772537	874.026580	57.005768	50.083000
679.772537	874.023991	57.005772	50.083000
679.772541	874.021586	57.005770	50.083000
679.772541	874.019092	57.005771	50.083000
679.772538	874.016585	57.005772	50.082000
679.772537	874.014090	57.005769	50.082000
679.772539	874.011586	57.005769	50.081000
679.772539	874.009077	57.005771	50.081000
679.772541	874.006480	57.005767	50.081000
679.772542	874.003996	57.005768	50.081000
679.772540	874.001482	57.005767	50.082000
679.772539	873.999000	57.005769	50.082000
679.772540	873.996479	57.005772	50.083000
679.772539	873.994087	57.005770	50.084000
679.772542	873.991587	57.005770	50.084000
679.772539	873.989084	57.005768	50.084000
679.772540	873.986593	57.005767	50.083000
679.772538	873.984094	57.005766	50.082000
679.772543	873.981581	57.005768	50.080000
679.772540	873.978999	57.005773	50.078000
679.772544	873.976576	57.005768	50.076000
679.772542	873.974090	57.005770	50.075000
679.772543	873.971590	57.005773	50.074000
679.772535	873.968876	57.005771	50.073000
679.772542	873.966391	57.005772	50.072000
679.772537	873.963906	57.005771	50.072000
679.772538	873.961385	57.005768	50.071000
679.772540	873.958793	57.005772	50.071000
679.772540	873.956377	57.005769	50.071000
679.772538	873.953897	57.005771	50.070000
679.772539	873.951390	57.005772	50.070000
679.772538	873.948886	57.005772	50.070000
679.772544	873.946387	57.005771	50.070000
679.772541	873.943902	57.005769	50.069000
679.772541	873.941385	57.005768	50.069000
679.772540	873.938802	57.005771	50.068000
679.772540	873.935682	57.005772	50.067000
679.772540	873.933189	57.005770	50.066000
679.772541	873.930487	57.005769	50.065000
679.772543	873.927896	57.005769	50.064000
679.772540	873.925497	57.005769	50.063000
679.772541	873.922995	57.005771	50.062000
679.772540	873.920498	57.005768	50.063000
679.772542	873.917997	57.005769	50.063000
679.772537	873.915583	57.005768	50.063000
679.772540	873.913086	57.005770	50.063000
679.772542	873.910581	57.005772	50.063000
679.772542	873.908086	57.005768	50.062000
679.772541	873.905596	57.005770	50.062000
679.772539	873.903096	57.005769	50.061000
679.772539	873.900592	57.005770	50.060000
679.772538	873.898093	57.005770	50.060000
679.772538	873.895579	57.005772	50.059000
679.772540	873.892998	57.005768	50.059000
679.772537	873.890388	57.005772	50.060000
679.772542	873.887880	57.005772	50.060000
679.772541	873.885391	57.005773	50.061000
679.772539	873.882800	57.005767	50.061000
679.772541	873.880392	57.005774	50.062000
679.772537	873.877894	57.005772	50.062000
679.772538	873.875484	57.005766	50.062000
679.772538	873.872994	57.005768	50.062000
679.772542	873.870486	57.005768	50.062000
679.772539	873.867985	57.005768	50.062000
679.772537	873.865494	57.005771	50.061000
679.772541	873.862994	57.005773	50.061000
679.772538	873.860492	57.005771	50.061000
679.772537	873.857988	57.005769	50.060000
679.772541	873.855475	57.005770	50.060000
679.772541	873.852797	57.005768	50.060000
679.772541	873.850281	57.005767	50.059000
679.772540	873.847777	57.005769	50.059000
679.772541	873.845292	57.005770	50.059000
679.772541	873.842792	57.005769	50.059000
679.772540	873.840383	57.005770	50.060000
679.772540	873.837788	57.005771	50.060000
679.772540	873.835383	57.005769	50.061000
679.772542	873.832891	57.005769	50.061000
679.772539	873.830385	57.005768	50.062000
679.772542	873.827879	57.005767	50.062000
679.772540	873.825393	57.005767	50.063000
679.772540	873.822889	57.005767	50.063000
679.772538	873.820299	57.005771	50.064000
679.772539	873.817886	57.005768	50.065000
679.772541	873.815178	57.005768	50.065000
679.772540	873.812685	57.005769	50.066000
679.772540	873.810180	57.005771	50.067000
679.772542	873.807682	57.005771	50.068000
679.772538	873.805190	57.005769	50.068000
679.772540	873.802688	57.005767	50.068000
679.772539	873.800296	57.005771	50.068000
679.772537	873.797791	57.005770	50.068000
679.772542	873.795278	57.005768	50.068000
679.772543	873.792787	57.005770	50.068000
679.772540	873.790281	57.005771	50.068000
679.772539	873.787778	57.005771	50.068000
679.772542	873.785290	57.005770	50.068000
679.772541	873.782789	57.005768	50.068000
679.772539	873.780289	57.005770	50.068000
679.772542	873.777591	57.005769	50.068000
679.772538	873.774981	57.005773	50.068000
679.772538	873.772587	57.005768	50.068000
679.772539	873.770079	57.005771	50.069000
679.772541	873.767578	57.005770	50.069000
679.772543	873.765095	57.005768	50.070000
679.772537	873.762590	57.005772	50.071000
679.772541	873.760093	57.005771	50.071000
679.772542	873.757684	57.005770	50.072000
679.772540	873.755180	57.005772	50.073000
679.772542	873.752684	57.005771	50.074000
679.772539	873.750077	57.005772	50.075000
679.772539	873.747685	57.005770	50.075000
679.772539	873.745090	57.005770	50.076000
679.772540	873.742691	57.005771	50.076000
679.772540	873.740182	57.005769	50.076000
679.772541	873.737485	57.005770	50.076000
679.772538	873.734875	57.005772	50.077000
679.772539	873.732483	57.005767	50.077000
679.772540	873.729987	57.005767	50.078000
679.772539	873.727586	57.005773	50.079000
679.772540	873.725088	57.005770	50.080000
679.772540	873.722577	57.005772	50.081000
679.772540	873.720090	57.005773	50.082000
679.772538	873.717600	57.005772	50.082000
679.772538	873.715080	57.005772	50.082000
679.772542	873.712483	57.005767	50.082000
679.772541	873.710077	57.005770	50.082000
679.772539	873.707586	57.005770	50.081000
679.772539	873.705096	57.005769	50.080000
679.772542	873.702593	57.005768	50.080000
679.772539	873.699887	57.005768	50.080000
679.772537	873.697388	57.005771	50.079000
679.772539	873.694882	57.005770	50.079000
679.772541	873.692396	57.005773	50.080000
679.772542	873.689874	57.005772	50.080000
679.772541	873.687482	57.005767	50.079000
679.772544	873.684992	57.005767	50.079000
679.772540	873.682491	57.005767	50.078000
679.772540	873.679997	57.005767	50.077000
679.772541	873.677287	57.005768	50.075000
679.772541	873.674980	57.005771	50.074000
679.772539	873.672494	57.005769	50.072000
679.772536	873.669990	57.005771	50.071000
679.772540	873.667383	57.005773	50.070000
679.772541	873.664989	57.005767	50.069000
679.772539	873.662296	57.005768	50.068000
679.772536	873.659795	57.005769	50.067000
679.772541	873.657296	57.005770	50.066000
679.772542	873.654785	57.005771	50.066000
679.772541	873.652293	57.005771	50.065000
679.772540	873.649882	57.005769	50.065000
679.772541	873.647385	57.005771	50.064000
679.772539	873.644894	57.005771	50.063000
679.772545	873.642391	57.005769	50.063000
679.772539	873.639889	57.005767	50.063000
679.772541	873.637282	57.005772	50.063000
679.772538	873.634779	57.005770	50.063000
679.772543	873.632291	57.005767	50.064000
679.772536	873.629875	57.005772	50.064000
679.772542	873.627377	57.005774	50.064000
679.772541	873.624699	57.005768	50.063000
679.772542	873.622088	57.005772	50.063000
679.772539	873.619691	57.005770	50.062000
679.772540	873.617174	57.005770	50.061000
679.772540	873.614774	57.005768	50.060000
679.772540	873.611687	57.005773	50.059000
679.772538	873.609179	57.005772	50.058000
679.772539	873.606785	57.005767	50.057000
679.772544	873.604294	57.005768	50.056000
679.772539	873.601788	57.005768	50.056000
679.772541	873.599290	57.005773	50.055000
679.772542	873.596777	57.005773	50.054000
679.772540	873.594186	57.005769	50.054000
679.772543	873.591777	57.005772	50.054000
679.772539	873.589276	57.005772	50.054000
679.772543	873.586683	57.005769	50.054000
679.772538	873.583989	57.005769	50.055000
679.772541	873.581578	57.005772	50.055000
679.772539	873.578986	57.005767	50.056000
679.772542	873.576473	57.005768	50.056000
679.772541	873.573976	57.005769	50.056000
679.772539	873.571573	57.005770	50.057000
679.772536	873.569078	57.005771	50.057000
679.772540	873.566575	57.005773	50.056000
679.772539	873.564083	57.005773	50.056000
679.772536	873.561582	57.005770	50.057000
679.772537	873.559087	57.005771	50.057000
679.772537	873.556565	57.005771	50.057000
679.772539	873.554082	57.005771	50.057000
679.772540	873.551468	57.005769	50.058000
679.772538	873.548873	57.005771	50.058000
679.772541	873.546381	57.005768	50.058000
679.772537	873.543888	57.005768	50.059000
679.772539	873.541280	57.005772	50.059000
679.772539	873.538792	57.005770	50.059000
679.772538	873.536374	57.005769	50.059000
679.772539	873.533881	57.005770	50.059000
679.772539	873.531376	57.005768	50.060000
679.772539	873.528974	57.005771	50.060000
679.772543	873.526376	57.005768	50.061000
679.772537	873.523989	57.005772	50.061000
679.772541	873.521475	57.005772	50.062000
679.772538	873.518996	57.005771	50.063000
679.772539	873.516365	57.005769	50.064000
679.772538	873.513980	57.005769	50.065000
679.772540	873.511475	57.005769	50.066000
679.772539	873.508679	57.005767	50.067000
679.772539	873.506283	57.005772	50.067000
679.772540	873.503782	57.005773	50.068000
679.772542	873.501273	57.005773	50.068000
679.772539	873.498789	57.005772	50.068000
679.772540	873.496269	57.005770	50.067000
679.772542	873.493780	57.005769	50.067000
679.772539	873.491382	57.005772	50.067000
679.772542	873.488878	57.005772	50.067000
679.772540	873.486383	57.005772	50.067000
679.772538	873.483890	57.005771	50.066000
679.772538	873.481384	57.005770	50.066000
679.772539	873.478888	57.005769	50.065000
679.772538	873.476369	57.005766	50.064000
679.772542	873.473878	57.005766	50.063000
679.772540	873.471183	57.005775	50.062000
679.772542	873.468681	57.005766	50.060000
679.772540	873.466186	57.005770	50.059000
679.772541	873.463693	57.005773	50.058000
679.772539	873.461181	57.005772	50.057000
679.772540	873.458687	57.005768	50.057000
679.772536	873.456179	57.005770	50.057000
679.772542	873.453782	57.005770	50.057000
679.772540	873.451275	57.005768	50.057000
679.772539	873.448783	57.005775	50.057000
679.772538	873.446290	57.005768	50.057000
679.772543	873.443787	57.005768	50.057000
679.772540	873.441290	57.005768	50.057000
679.772544	873.438796	57.005769	50.058000
679.772539	873.436376	57.005766	50.058000
679.772544	873.433682	57.005771	50.058000
679.772539	873.431189	57.005773	50.059000
679.772540	873.428384	57.005771	50.059000
679.772537	873.425890	57.005774	50.059000
679.772540	873.423391	57.005772	50.060000
679.772538	873.420992	57.005772	50.060000
679.772541	873.418494	57.005773	50.060000
679.772538	873.415982	57.005769	50.060000
679.772543	873.413486	57.005767	50.060000
679.772537	873.410990	57.005774	50.059000
679.772541	873.408383	57.005774	50.059000
679.772538	873.405994	57.005768	50.059000
679.772545	873.403489	57.005768	50.059000
679.772539	873.400993	57.005768	50.058000
679.772540	873.398396	57.005770	50.059000
679.772539	873.395981	57.005773	50.059000
679.772540	873.393290	57.005770	50.059000
679.772538	873.390790	57.005766	50.059000
679.772543	873.388190	57.005766	50.059000
679.772538	873.385692	57.005773	50.059000
679.772538	873.383396	57.005773	50.060000
679.772540	873.380788	57.005774	50.060000
679.772538	873.378290	57.005770	50.061000
679.772542	873.375879	57.005768	50.062000
679.772540	873.373395	57.005770	50.063000
679.772540	873.370895	57.005772	50.064000
679.772539	873.368382	57.005772	50.065000
679.772539	873.365892	57.005771	50.065000
679.772540	873.363396	57.005771	50.066000
679.772541	873.360886	57.005770	50.066000
679.772538	873.358391	57.005773	50.066000
679.772542	873.355678	57.005768	50.066000
679.772540	873.353184	57.005768	50.066000
679.772539	873.350685	57.005767	50.066000
679.772539	873.348186	57.005767	50.065000
679.772539	873.345691	57.005772	50.065000
679.772540	873.343090	57.005771	50.064000
679.772539	873.340786	57.005771	50.064000
679.772540	873.338292	57.005769	50.064000
679.772541	873.335770	57.005768	50.064000
679.772537	873.333285	57.005772	50.065000
679.772536	873.330773	57.005773	50.065000
679.772540	873.328279	57.005769	50.066000
679.772540	873.325789	57.005766	50.067000
679.772539	873.323287	57.005772	50.069000
679.772540	873.320784	57.005772	50.070000
679.772540	873.318292	57.005766	50.071000
679.772538	873.315573	57.005771	50.072000
679.772536	873.313082	57.005772	50.073000
679.772541	873.310481	57.005770	50.073000
679.772538	873.308082	57.005767	50.074000
679.772539	873.305592	57.005774	50.075000
679.772541	873.303096	57.005771	50.075000
679.772541	873.300584	57.005771	50.076000
679.772538	873.298187	57.005773	50.076000
679.772540	873.295677	57.005771	50.077000
679.772542	873.293194	57.005768	50.077000
679.772543	873.290677	57.005767	50.078000
679.772540	873.288184	57.005772	50.078000
679.772539	873.285686	57.005773	50.078000
679.772540	873.283188	57.005770	50.078000
679.772539	873.280682	57.005767	50.077000
679.772539	873.278193	57.005771	50.077000
679.772540	873.272483	57.005764	50.076000
679.772536	873.270679	57.005774	50.074000
679.772539	873.268183	57.005768	50.073000
679.772541	873.265487	57.005775	50.072000
679.772537	873.263186	57.005772	50.070000
679.772538	873.260780	57.005775	50.069000
679.772541	873.258189	57.005775	50.068000
679.772540	873.255776	57.005772	50.067000
679.772541	873.253192	57.005770	50.066000
679.772539	873.250684	57.005774	50.065000
679.772538	873.248184	57.005767	50.065000
679.772541	873.245697	57.005771	50.064000
679.772538	873.243196	57.005771	50.062000
679.772539	873.240687	57.005769	50.061000
679.772543	873.238190	57.005769	50.060000
679.772539	873.235476	57.005777	50.059000
679.772540	873.232990	57.005763	50.058000
679.772539	873.230489	57.005775	50.057000
679.772543	873.227984	57.005766	50.056000
679.772540	873.225491	57.005772	50.055000
679.772536	873.223092	57.005774	50.054000
679.772538	873.220589	57.005766	50.053000
679.772542	873.218089	57.005772	50.052000
679.772535	873.215571	57.005772	50.052000
679.772544	873.213081	57.005768	50.051000
679.772536	873.210576	57.005773	50.051000
679.772540	873.208079	57.005766	50.051000
679.772537	873.205591	57.005773	50.051000
679.772539	873.203089	57.005771	50.051000
679.772540	873.200589	57.005766	50.052000
679.772541	873.197888	57.005771	50.052000
679.772541	873.195369	57.005768	50.053000
679.772542	873.192782	57.005771	50.054000
679.772544	873.190373	57.005768	50.054000
679.772543	873.187878	57.005772	50.055000
679.772541	873.185396	57.005766	50.055000
679.772546	873.182792	57.005766	50.056000
679.772539	873.180489	57.005777	50.056000
679.772541	873.177991	57.005763	50.057000
679.772537	873.175487	57.005775	50.058000
679.772541	873.172986	57.005766	50.058000
679.772539	873.170479	57.005773	50.059000
679.772544	873.167875	57.005766	50.059000
679.772544	873.165489	57.005769	50.059000
679.772539	873.162994	57.005769	50.059000
679.772538	873.160491	57.005772	50.059000
679.772541	873.157789	57.005772	50.058000
679.772538	873.155278	57.005771	50.058000
679.772541	873.152790	57.005768	50.058000
679.772539	873.150180	57.005774	50.058000
679.772539	873.147878	57.005771	50.058000
679.772542	873.145391	57.005768	50.058000
679.772542	873.142785	57.005768	50.058000
679.772540	873.140390	57.005764	50.058000
679.772541	873.137888	57.005773	50.059000
679.772542	873.135376	57.005773	50.059000
679.772543	873.132889	57.005763	50.059000
679.772537	873.130390	57.005776	50.060000
679.772540	873.127888	57.005764	50.061000
679.772540	873.125397	57.005775	50.062000
679.772541	873.122888	57.005764	50.063000
679.772539	873.120187	57.005775	50.064000
679.772540	873.117690	57.005765	50.064000
679.772541	873.115080	57.005764	50.065000
679.772540	873.112689	57.005765	50.064000
679.772541	873.110188	57.005776	50.064000
679.772535	873.107589	57.005775	50.063000
679.772541	873.105201	57.005776	50.062000
679.772538	873.102697	57.005763	50.061000
679.772540	873.098998	57.005775	50.060000
679.772540	873.097488	57.005772	50.060000
679.772541	873.094985	57.005768	50.060000
679.772537	873.092391	57.005770	50.060000
679.772543	873.089887	57.005768	50.061000
679.772543	873.086987	57.005765	50.061000
679.772542	873.084906	57.005766	50.062000
679.772536	873.081691	57.005774	50.063000
679.772540	873.078896	57.005764	50.063000
679.772536	873.076382	57.005776	50.063000
679.772540	873.073888	57.005765	50.063000
679.772540	873.071292	57.005765	50.063000
679.772537	873.068886	57.005770	50.064000
679.772540	873.066491	57.005771	50.064000
679.772540	873.064001	57.005771	50.064000
679.772542	873.061493	57.005766	50.064000
679.772538	873.058997	57.005776	50.064000
679.772543	873.056479	57.005763	50.064000
679.772533	873.053991	57.005776	50.063000
679.772542	873.051486	57.005766	50.062000
679.772537	873.048981	57.005775	50.061000
679.772539	873.046485	57.005766	50.061000
679.772539	873.043791	57.005770	50.060000
679.772540	873.041286	57.005771	50.059000
679.772539	873.038802	57.005770	50.059000
679.772543	873.036277	57.005766	50.059000
679.772539	873.033783	57.005774	50.059000
679.772543	873.031282	57.005771	50.059000
679.772541	873.028783	57.005767	50.059000
679.772541	873.026391	57.005766	50.059000
679.772536	873.023902	57.005769	50.060000
679.772541	873.021384	57.005775	50.060000
679.772542	873.018889	57.005765	50.061000
679.772537	873.016376	57.005776	50.061000
679.772542	873.013889	57.005764	50.063000
679.772540	873.011388	57.005776	50.064000
679.772541	873.008876	57.005763	50.065000
679.772541	873.006181	57.005767	50.066000
679.772536	873.003697	57.005776	50.067000
679.772543	873.001190	57.005764	50.069000
679.772542	872.998693	57.005776	50.070000
679.772543	872.996078	57.005769	50.071000
679.772539	872.993694	57.005768	50.072000
679.772540	872.991191	57.005778	50.072000
679.772542	872.988779	57.005777	50.072000
679.772540	872.986285	57.005765	50.072000
679.772538	872.983796	57.005774	50.072000
679.772541	872.981291	57.005766	50.071000
679.772540	872.978800	57.005771	50.071000
679.772540	872.976279	57.005770	50.071000
679.772542	872.973791	57.005773	50.070000
679.772541	872.971292	57.005763	50.070000
679.772542	872.968780	57.005776	50.070000
679.772539	872.966184	57.005771	50.070000
679.772539	872.963594	57.005767	50.070000
679.772542	872.960985	57.005766	50.069000
679.772540	872.958492	57.005769	50.069000
679.772539	872.955876	57.005769	50.068000
679.772542	872.953494	57.005765	50.068000
679.772536	872.950982	57.005772	50.067000
679.772542	872.948484	57.005770	50.067000
679.772540	872.946087	57.005768	50.067000
679.772541	872.943595	57.005772	50.068000
679.772541	872.941089	57.005772	50.068000
679.772537	872.938489	57.005775	50.069000
679.772539	872.935978	57.005764	50.069000
679.772543	872.933387	57.005765	50.069000
679.772540	872.930887	57.005776	50.069000
679.772540	872.928080	57.005765	50.069000
679.772536	872.925682	57.005765	50.069000
679.772539	872.923189	57.005777	50.068000
679.772539	872.920687	57.005764	50.068000
679.772541	872.918287	57.005767	50.068000
679.772539	872.915681	57.005777	50.068000
679.772542	872.913201	57.005763	50.069000
679.772537	872.910687	57.005774	50.069000
679.772538	872.908279	57.005776	50.069000
679.772538	872.905775	57.005766	50.069000
679.772536	872.903295	57.005770	50.069000
679.772539	872.900784	57.005774	50.069000
679.772540	872.898287	57.005763	50.068000
679.772541	872.895777	57.005775	50.067000
679.772545	872.893284	57.005772	50.066000
679.772538	872.890778	57.005763	50.065000
679.772541	872.888093	57.005773	50.064000
679.772540	872.885598	57.005766	50.063000
679.772541	872.883083	57.005776	50.062000
679.772541	872.880584	57.005764	50.061000
679.772541	872.878092	57.005776	50.060000
679.772536	872.875692	57.005777	50.059000
679.772542	872.873074	57.005773	50.058000
679.772538	872.870669	57.005775	50.057000
679.772544	872.868184	57.005767	50.056000
679.772539	872.865692	57.005773	50.055000
679.772540	872.863198	57.005767	50.055000
679.772540	872.860694	57.005765	50.054000
679.772539	872.858188	57.005776	50.052000
679.772542	872.855671	57.005763	50.052000
679.772542	872.853082	57.005770	50.051000
679.772539	872.850482	57.005778	50.050000
679.772540	872.847883	57.005768	50.050000
679.772541	872.845287	57.005763	50.049000
679.772544	872.842786	57.005772	50.049000
679.772542	872.840387	57.005771	50.049000
679.772539	872.837985	57.005770	50.050000
679.772541	872.835374	57.005761	50.051000
679.772542	872.832982	57.005765	50.051000
679.772543	872.830477	57.005768	50.052000
679.772539	872.827871	57.005763	50.053000
679.772542	872.825482	57.005763	50.054000
679.772537	872.822977	57.005777	50.054000
679.772541	872.820484	57.005766	50.055000
679.772541	872.817981	57.005767	50.055000
679.772537	872.815475	57.005778	50.055000
679.772541	872.812786	57.005774	50.055000
679.772540	872.810273	57.005762	50.055000
679.772535	872.807769	57.005776	50.056000
679.772541	872.805289	57.005765	50.057000
679.772543	872.802883	57.005766	50.057000
679.772537	872.800383	57.005770	50.058000
679.772539	872.797677	57.005778	50.059000
679.772542	872.795374	57.005762	50.060000
679.772538	872.792883	57.005771	50.061000
679.772543	872.790278	57.005763	50.062000
679.772542	872.787879	57.005763	50.063000
679.772541	872.785381	57.005776	50.063000
679.772543	872.782889	57.005769	50.064000
679.772536	872.780285	57.005778	50.065000
679.772536	872.777879	57.005777	50.066000
679.772537	872.775172	57.005777	50.067000
679.772543	872.772687	57.005763	50.068000
679.772541	872.770082	57.005766	50.069000
679.772541	872.767675	57.005765	50.070000
679.772544	872.765289	57.005763	50.072000
679.772540	872.762688	57.005770	50.073000
679.772543	872.760289	57.005771	50.074000
679.772544	872.757783	57.005762	50.076000
679.772539	872.755272	57.005775	50.078000
679.772542	872.752790	57.005766	50.079000
679.772538	872.750279	57.005772	50.081000
679.772540	872.747780	57.005770	50.082000
679.772545	872.745291	57.005764	50.083000
679.772536	872.742791	57.005778	50.083000
679.772542	872.740290	57.005765	50.084000
679.772537	872.737685	57.005772	50.085000
679.772541	872.735171	57.005764	50.085000
679.772537	872.732686	57.005778	50.085000
679.772541	872.730077	57.005765	50.085000
679.772537	872.727580	57.005777	50.084000
679.772541	872.725091	57.005765	50.084000
679.772538	872.722790	57.005773	50.083000
679.772540	872.720289	57.005768	50.082000
679.772537	872.717793	57.005778	50.080000
679.772539	872.715175	57.005770	50.078000
679.772542	872.712792	57.005767	50.076000
679.772539	872.710276	57.005779	50.075000
679.772542	872.707773	57.005766	50.073000
679.772542	872.705098	57.005764	50.072000
679.772540	872.702799	57.005773	50.071000
679.772542	872.700089	57.005765	50.070000
679.772536	872.697590	57.005777	50.068000
679.772541	872.695083	57.005763	50.067000
679.772536	872.692590	57.005774	50.066000
679.772540	872.690181	57.005771	50.064000
679.772541	872.687582	57.005761	50.062000
679.772543	872.685188	57.005766	50.060000
679.772539	872.682680	57.005770	50.058000
679.772538	872.680193	57.005771	50.056000
679.772538	872.677595	57.005777	50.055000
679.772537	872.675188	57.005777	50.054000
679.772541	872.672686	57.005764	50.053000
679.772539	872.670175	57.005774	50.052000
679.772542	872.667687	57.005766	50.052000
679.772541	872.665191	57.005775	50.051000
679.772538	872.662483	57.005766	50.050000
679.772536	872.659987	57.005774	50.049000
679.772539	872.657490	57.005766	50.048000
679.772540	872.655085	57.005765	50.047000
679.772541	872.652484	57.005767	50.046000
679.772538	872.650079	57.005772	50.045000
679.772541	872.647382	57.005775	50.045000
679.772535	872.644998	57.005775	50.045000
679.772539	872.642597	57.005773	50.046000
679.772538	872.640089	57.005767	50.047000
679.772538	872.637574	57.005776	50.048000
679.772537	872.635072	57.005764	50.049000
679.772540	872.632586	57.005775	50.050000
679.772537	872.630089	57.005768	50.051000
679.772541	872.627478	57.005773	50.052000
679.772538	872.625084	57.005772	50.052000
679.772546	872.622380	57.005764	50.051000
679.772538	872.619892	57.005771	50.051000
679.772537	872.617383	57.005776	50.050000
679.772539	872.614874	57.005764	50.050000
679.772537	872.612384	57.005776	50.051000
679.772540	872.609882	57.005764	50.051000
679.772537	872.607376	57.005775	50.052000
679.772539	872.604991	57.005775	50.053000
679.772542	872.602486	57.005763	50.054000
679.772538	872.599998	57.005776	50.055000
679.772541	872.597486	57.005766	50.056000
679.772538	872.594973	57.005771	50.056000
679.772539	872.592486	57.005769	50.057000
679.772540	872.589980	57.005772	50.056000
679.772542	872.587472	57.005767	50.056000
679.772538	872.584986	57.005775	50.055000
679.772540	872.582286	57.005766	50.055000
679.772537	872.579795	57.005775	50.054000
679.772542	872.577284	57.005764	50.054000
679.772540	872.574878	57.005764	50.055000
679.772541	872.572187	57.005775	50.056000
679.772541	872.569880	57.005764	50.058000
679.772537	872.567373	57.005774	50.059000
679.772539	872.564789	57.005771	50.061000
679.772540	872.562389	57.005766	50.062000
679.772539	872.559895	57.005775	50.064000
679.772542	872.557381	57.005765	50.065000
679.772538	872.554681	57.005772	50.065000
679.772543	872.551889	57.005766	50.066000
679.772538	872.549379	57.005770	50.066000
679.772540	872.546581	57.005768	50.066000
679.772542	872.543996	57.005767	50.066000
679.772539	872.541588	57.005773	50.067000
679.772540	872.539096	57.005766	50.067000
679.772540	872.536583	57.005769	50.068000
679.772537	872.533987	57.005766	50.069000
679.772541	872.531688	57.005768	50.070000
679.772537	872.529179	57.005773	50.071000
679.772541	872.526678	57.005766	50.072000
679.772539	872.524193	57.005776	50.072000
679.772538	872.521682	57.005766	50.073000
679.772536	872.519198	57.005773	50.073000
679.772543	872.516680	57.005766	50.073000
679.772534	872.514186	57.005772	50.074000
679.772539	872.511579	57.005772	50.074000
679.772539	872.509180	57.005767	50.075000
679.772542	872.506581	57.005766	50.075000
679.772540	872.504097	57.005774	50.076000
679.772541	872.501580	57.005766	50.077000
679.772540	872.499094	57.005773	50.078000
679.772539	872.496580	57.005767	50.079000
679.772537	872.494083	57.005774	50.080000
679.772541	872.491587	57.005764	50.081000
679.772539	872.489184	57.005764	50.082000
679.772538	872.486688	57.005773	50.083000
679.772540	872.484191	57.005769	50.084000
679.772542	872.481679	57.005768	50.084000
679.772539	872.479197	57.005774	50.085000
679.772538	872.476682	57.005769	50.085000
679.772540	872.474181	57.005769	50.085000
679.772534	872.471678	57.005773	50.085000
679.772541	872.468977	57.005770	50.085000
679.772541	872.466481	57.005771	50.086000
679.772540	872.463996	57.005770	50.087000
679.772542	872.461484	57.005769	50.088000
679.772541	872.459004	57.005769	50.088000
679.772542	872.456576	57.005769	50.089000
679.772541	872.453983	57.005766	50.090000
679.772539	872.451483	57.005771	50.091000
679.772539	872.448978	57.005772	50.091000
679.772541	872.446583	57.005769	50.091000
679.772539	872.444095	57.005767	50.092000
679.772541	872.441588	57.005768	50.092000
679.772537	872.439092	57.005768	50.092000
679.772539	872.436582	57.005772	50.092000
679.772540	872.434088	57.005772	50.092000
679.772540	872.431585	57.005773	50.093000
679.772540	872.428880	57.005771	50.093000
679.772539	872.426380	57.005772	50.093000
679.772536	872.423889	57.005772	50.093000
679.772538	872.421387	57.005773	50.093000
679.772538	872.418897	57.005770	50.093000
679.772542	872.416382	57.005767	50.093000
679.772542	872.413978	57.005773	50.093000
679.772537	872.411476	57.005771	50.093000
679.772541	872.408982	57.005772	50.093000
679.772539	872.406479	57.005772	50.093000
679.772541	872.403886	57.005770	50.093000
679.772540	872.401482	57.005771	50.092000
679.772542	872.399003	57.005772	50.092000
679.772541	872.396479	57.005769	50.091000
679.772542	872.393978	57.005768	50.090000
679.772542	872.391285	57.005769	50.089000
679.772540	872.388786	57.005771	50.089000
679.772538	872.386285	57.005772	50.088000
679.772540	872.383786	57.005772	50.088000
679.772540	872.381284	57.005769	50.088000
679.772544	872.378896	57.005771	50.089000
679.772537	872.376181	57.005773	50.088000
679.772543	872.373782	57.005766	50.088000
679.772540	872.371183	57.005770	50.087000
679.772538	872.368681	57.005771	50.085000
679.772543	872.366285	57.005769	50.084000
679.772541	872.363791	57.005767	50.082000
679.772541	872.361282	57.005769	50.080000
679.772540	872.358791	57.005770	50.078000
679.772540	872.356280	57.005771	50.077000
679.772538	872.353784	57.005772	50.076000
679.772541	872.351282	57.005768	50.076000
679.772544	872.348577	57.005767	50.075000
679.772539	872.346095	57.005770	50.074000
679.772540	872.343595	57.005772	50.074000
679.772540	872.341084	57.005771	50.073000
679.772540	872.338589	57.005769	50.071000
679.772541	872.336083	57.005769	50.070000
679.772543	872.333588	57.005769	50.068000
679.772541	872.331190	57.005768	50.067000
679.772541	872.328679	57.005769	50.065000
679.772541	872.326184	57.005771	50.064000
679.772543	872.323694	57.005771	50.064000
679.772540	872.321195	57.005769	50.063000
679.772543	872.318691	57.005770	50.063000
679.772540	872.316178	57.005771	50.062000
679.772545	872.313691	57.005770	50.061000
679.772540	872.311183	57.005768	50.060000
679.772540	872.308680	57.005770	50.059000
679.772540	872.306086	57.005769	50.058000
679.772541	872.303493	57.005768	50.056000
679.772541	872.300994	57.005768	50.054000
679.772539	872.298495	57.005771	50.053000
679.772540	872.295982	57.005771	50.052000
679.772540	872.293490	57.005769	50.052000
679.772543	872.291088	57.005770	50.052000
679.772542	872.288482	57.005769	50.053000
679.772541	872.285987	57.005771	50.054000
679.772542	872.283593	57.005771	50.056000
679.772540	872.281088	57.005770	50.057000
679.772539	872.278602	57.005769	50.058000
679.772542	872.276080	57.005770	50.059000
679.772538	872.273593	57.005770	50.060000
679.772542	872.271081	57.005771	50.060000
679.772538	872.268581	57.005768	50.060000
679.772537	872.265985	57.005770	50.060000
679.772538	872.263494	57.005769	50.059000
679.772541	872.260984	57.005770	50.059000
679.772539	872.258496	57.005772	50.058000
679.772539	872.255978	57.005769	50.058000
679.772538	872.253591	57.005769	50.057000
679.772541	872.251075	57.005769	50.057000
679.772540	872.248584	57.005771	50.056000
679.772540	872.246088	57.005769	50.056000
679.772543	872.243596	57.005770	50.056000
679.772542	872.241083	57.005771	50.056000
679.772541	872.238593	57.005769	50.056000
679.772539	872.236077	57.005772	50.057000
679.772540	872.233590	57.005769	50.058000
679.772539	872.231083	57.005769	50.058000
679.772539	872.228387	57.005771	50.059000
679.772538	872.225887	57.005772	50.060000
679.772541	872.223394	57.005769	50.060000
679.772539	872.220792	57.005771	50.061000
679.772540	872.218495	57.005769	50.061000
679.772538	872.215880	57.005768	50.061000
679.772537	872.213387	57.005771	50.061000
679.772539	872.210978	57.005772	50.062000
679.772540	872.208486	57.005771	50.062000
679.772543	872.205998	57.005767	50.062000
679.772539	872.203494	57.005769	50.063000
679.772538	872.200987	57.005771	50.063000
679.772537	872.198500	57.005768	50.063000
679.772538	872.195982	57.005772	50.062000
679.772537	872.193479	57.005770	50.062000
679.772541	872.190781	57.005769	50.061000
679.772540	872.188283	57.005771	50.061000
679.772539	872.185691	57.005771	50.060000
679.772540	872.183295	57.005770	50.060000
679.772538	872.180789	57.005769	50.060000
679.772543	872.178401	57.005769	50.061000
679.772538	872.175883	57.005769	50.062000
679.772539	872.173291	57.005769	50.063000
679.772537	872.170883	57.005769	50.064000
679.772538	872.168287	57.005770	50.065000
679.772538	872.165893	57.005771	50.066000
679.772539	872.163392	57.005769	50.066000
679.772534	872.160897	57.005772	50.066000
679.772535	872.158399	57.005768	50.066000
679.772536	872.155880	57.005770	50.065000
679.772540	872.153386	57.005771	50.064000
679.772539	872.150679	57.005770	50.062000
679.772537	872.148184	57.005770	50.060000
679.772540	872.145585	57.005768	50.059000
679.772538	872.143194	57.005768	50.057000
679.772536	872.140694	57.005770	50.056000
679.772539	872.138295	57.005769	50.055000
679.772537	872.135679	57.005768	50.054000
679.772540	872.133292	57.005769	50.052000
679.772537	872.130787	57.005771	50.051000
679.772538	872.128276	57.005769	50.050000
679.772537	872.125684	57.005769	50.049000
679.772538	872.123293	57.005768	50.048000
679.772536	872.120784	57.005771	50.047000
679.772542	872.118286	57.005769	50.047000
679.772537	872.115780	57.005770	50.047000
679.772540	872.113090	57.005771	50.048000
679.772540	872.110578	57.005769	50.049000
679.772539	872.108077	57.005770	50.050000
679.772538	872.105594	57.005770	50.051000
679.772540	872.103086	57.005770	50.052000
679.772541	872.100582	57.005771	50.053000
679.772539	872.098084	57.005769	50.053000
679.772540	872.095583	57.005771	50.053000
679.772540	872.093180	57.005772	50.052000
679.772538	872.090678	57.005772	50.051000
679.772542	872.088177	57.005771	50.050000
679.772538	872.085691	57.005769	50.049000
679.772539	872.083187	57.005768	50.048000
679.772538	872.080591	57.005768	50.048000
679.772543	872.078187	57.005769	50.047000
679.772538	872.075480	57.005768	50.046000
679.772542	872.072993	57.005770	50.045000
679.772538	872.070282	57.005771	50.045000
679.772543	872.067965	57.005768	50.044000
679.772540	872.065492	57.005770	50.044000
679.772543	872.062988	57.005771	50.044000
679.772538	872.060482	57.005768	50.045000
679.772541	872.058085	57.005771	50.045000
679.772539	872.055582	57.005769	50.046000
679.772539	872.053089	57.005771	50.046000
679.772542	872.050568	57.005770	50.047000
679.772539	872.048073	57.005771	50.048000
679.772539	872.045595	57.005770	50.049000
679.772541	872.043090	57.005769	50.050000
679.772539	872.040584	57.005770	50.050000
679.772539	872.037884	57.005770	50.051000
679.772539	872.035369	57.005771	50.052000
679.772539	872.032886	57.005768	50.053000
679.772538	872.030378	57.005771	50.054000
679.772541	872.027875	57.005769	50.056000
679.772543	872.025386	57.005771	50.057000
679.772541	872.022985	57.005772	50.058000
679.772540	872.020387	57.005770	50.059000
679.772540	872.017990	57.005770	50.060000
679.772541	872.015472	57.005772	50.061000
679.772541	872.012988	57.005769	50.061000
679.772541	872.010479	57.005769	50.062000
679.772539	872.007969	57.005771	50.063000
679.772543	872.005482	57.005770	50.063000
679.772540	872.002990	57.005770	50.064000
679.772543	872.000289	57.005770	50.065000
679.772538	871.997784	57.005770	50.065000
679.772541	871.995274	57.005770	50.067000
679.772539	871.992784	57.005769	50.068000
679.772541	871.990377	57.005770	50.069000
679.772541	871.987875	57.005769	50.070000
679.772544	871.985379	57.005772	50.071000
679.772540	871.982783	57.005771	50.072000
679.772540	871.980283	57.005769	50.072000
679.772539	871.977891	57.005771	50.072000
679.772538	871.975386	57.005768	50.072000
679.772540	871.972876	57.005771	50.072000
679.772542	871.970371	57.005770	50.072000
679.772539	871.967874	57.005769	50.072000
679.772541	871.965378	57.005771	50.073000
679.772538	871.962691	57.005772	50.073000
679.772539	871.960196	57.005772	50.074000
679.772539	871.957687	57.005769	50.074000
679.772538	871.955167	57.005768	50.074000
679.772542	871.952687	57.005768	50.074000
679.772542	871.950177	57.005768	50.074000
679.772538	871.947781	57.005771	50.073000
679.772540	871.945286	57.005772	50.073000
679.772543	871.942802	57.005772	50.072000
679.772539	871.940297	57.005771	50.072000
679.772542	871.937787	57.005770	50.072000
679.772540	871.935267	57.005767	50.072000
679.772540	871.932788	57.005768	50.073000
679.772542	871.930282	57.005771	50.073000
679.772539	871.927789	57.005772	50.073000
679.772540	871.925201	57.005770	50.073000
679.772540	871.922690	57.005771	50.073000
679.772541	871.920193	57.005773	50.072000
679.772539	871.917696	57.005772	50.072000
679.772541	871.915183	57.005770	50.071000
679.772540	871.912793	57.005771	50.071000
679.772540	871.910180	57.005768	50.070000
679.772542	871.907783	57.005769	50.070000
679.772542	871.905292	57.005767	50.070000
679.772542	871.902794	57.005768	50.070000
679.772545	871.900290	57.005768	50.069000
679.772538	871.897795	57.005768	50.069000
679.772540	871.895279	57.005768	50.069000
679.772540	871.892794	57.005771	50.070000
679.772539	871.890281	57.005769	50.070000
679.772540	871.887579	57.005768	50.070000
679.772541	871.885089	57.005767	50.070000
679.772541	871.882591	57.005768	50.070000
679.772540	871.880089	57.005767	50.070000
679.772540	871.877497	57.005772	50.071000
679.772539	871.874881	57.005768	50.071000
679.772541	871.872383	57.005769	50.072000
679.772539	871.869772	57.005770	50.073000
679.772542	871.867282	57.005768	50.074000
679.772539	871.864898	57.005771	50.075000
679.772541	871.862485	57.005770	50.076000
679.772538	871.859892	57.005772	50.076000
679.772542	871.857391	57.005772	50.076000
679.772539	871.854887	57.005771	50.076000
679.772538	871.852392	57.005773	50.076000
679.772541	871.849472	57.005771	50.075000
679.772540	871.846890	57.005771	50.074000
679.772539	871.844500	57.005773	50.074000
679.772537	871.841993	57.005772	50.073000
679.772541	871.839498	57.005773	50.073000
679.772539	871.836984	57.005771	50.073000
679.772536	871.834486	57.005768	50.074000
679.772539	871.832087	57.005772	50.074000
679.772542	871.829578	57.005772	50.075000
679.772541	871.827089	57.005772	50.075000
679.772540	871.824597	57.005772	50.076000
679.772541	871.822077	57.005772	50.076000
679.772542	871.819588	57.005770	50.076000
679.772540	871.817088	57.005767	50.076000
679.772540	871.814588	57.005767	50.076000
679.772537	871.811882	57.005769	50.075000
679.772541	871.808981	57.005773	50.075000
679.772538	871.806887	57.005774	50.075000
679.772537	871.804393	57.005771	50.075000
679.772539	871.801681	57.005767	50.074000
679.772541	871.799391	57.005766	50.074000
679.772542	871.796880	57.005770	50.074000
679.772542	871.794483	57.005768	50.074000
679.772540	871.791984	57.005767	50.074000
679.772542	871.789474	57.005768	50.073000
679.772541	871.786987	57.005772	50.073000
679.772541	871.784499	57.005772	50.072000
679.772541	871.781982	57.005772	50.072000
679.772539	871.779496	57.005773	50.071000
679.772536	871.776982	57.005772	50.070000
679.772541	871.774473	57.005772	50.069000
679.772540	871.771787	57.005767	50.067000
679.772540	871.769279	57.005767	50.066000
679.772539	871.766785	57.005768	50.064000
679.772538	871.764191	57.005771	50.063000
679.772543	871.761781	57.005767	50.062000
679.772539	871.759190	57.005770	50.060000
679.772541	871.756887	57.005771	50.059000
679.772539	871.754377	57.005766	50.057000
679.772539	871.751780	57.005772	50.056000
679.772539	871.749376	57.005767	50.055000
679.772538	871.746886	57.005769	50.053000
679.772537	871.744292	57.005771	50.052000
679.772536	871.741883	57.005772	50.050000
679.772538	871.739394	57.005772	50.049000
679.772537	871.736881	57.005773	50.046000
679.772540	871.734076	57.005774	50.044000
679.772541	871.731674	57.005767	50.041000
679.772539	871.729179	57.005769	50.039000
679.772538	871.726675	57.005772	50.037000
679.772539	871.724085	57.005767	50.035000
679.772541	871.721680	57.005772	50.033000
679.772541	871.719298	57.005768	50.032000
679.772542	871.715466	57.005770	50.030000
679.772540	871.712984	57.005770	50.030000
679.772541	871.710471	57.005773	50.030000
679.772541	871.707974	57.005772	50.029000
679.772540	871.705484	57.005773	50.028000
679.772541	871.702978	57.005772	50.027000
679.772540	871.700487	57.005771	50.026000
679.772542	871.697991	57.005771	50.025000
679.772537	871.695267	57.005772	50.025000
679.772539	871.692772	57.005772	50.024000
679.772540	871.690382	57.005767	50.024000
679.772542	871.687773	57.005771	50.025000
679.772540	871.685292	57.005769	50.025000
679.772539	871.682783	57.005770	50.026000
679.772537	871.680195	57.005773	50.026000
679.772539	871.677882	57.005774	50.027000
679.772539	871.675371	57.005773	50.027000
679.772542	871.672886	57.005771	50.027000
679.772543	871.670377	57.005769	50.027000
679.772541	871.667869	57.005770	50.027000
679.772540	871.665388	57.005770	50.027000
679.772540	871.662883	57.005770	50.026000
679.772542	871.660371	57.005770	50.025000
679.772536	871.657675	57.005768	50.024000
679.772538	871.655079	57.005773	50.023000
679.772540	871.652585	57.005773	50.022000
679.772541	871.650082	57.005772	50.021000
679.772539	871.647471	57.005769	50.020000
679.772539	871.645187	57.005767	50.019000
679.772538	871.642579	57.005773	50.018000
679.772540	871.640185	57.005767	50.018000
679.772538	871.637678	57.005768	50.018000
679.772543	871.635162	57.005767	50.018000
679.772541	871.632684	57.005769	50.019000
679.772541	871.630079	57.005771	50.019000
679.772540	871.627683	57.005768	50.019000
679.772541	871.625091	57.005773	50.018000
679.772538	871.622685	57.005767	50.018000
679.772543	871.619988	57.005768	50.017000
679.772540	871.617482	57.005768	50.017000
679.772541	871.614983	57.005771	50.017000
679.772538	871.612386	57.005768	50.018000
679.772540	871.609974	57.005772	50.019000
679.772540	871.607478	57.005773	50.020000
679.772540	871.605094	57.005767	50.021000
679.772540	871.602585	57.005768	50.022000
679.772539	871.600092	57.005768	50.024000
679.772539	871.597578	57.005768	50.025000
679.772539	871.595079	57.005768	50.026000
679.772537	871.592591	57.005768	50.027000
679.772539	871.590081	57.005769	50.027000
679.772542	871.587581	57.005767	50.028000
679.772540	871.585199	57.005772	50.028000
679.772539	871.580487	57.005769	50.029000
679.772540	871.577992	57.005767	50.029000
679.772543	871.575577	57.005774	50.030000
679.772540	871.572995	57.005769	50.030000
679.772542	871.570477	57.005771	50.031000
679.772540	871.567984	57.005769	50.032000
679.772537	871.565595	57.005771	50.034000
679.772539	871.563094	57.005772	50.035000
679.772540	871.560591	57.005772	50.037000
679.772540	871.558103	57.005772	50.039000
679.772539	871.555584	57.005772	50.041000
679.772539	871.553089	57.005773	50.043000
679.772539	871.550579	57.005771	50.044000
679.772539	871.548083	57.005772	50.045000
679.772540	871.545496	57.005768	50.046000
679.772541	871.542892	57.005773	50.046000
679.772538	871.540394	57.005771	50.047000
679.772540	871.537793	57.005772	50.048000
679.772539	871.535384	57.005768	50.049000
679.772543	871.532891	57.005770	50.050000
679.772539	871.530491	57.005769	50.051000
679.772540	871.527984	57.005768	50.053000
679.772537	871.525398	57.005770	50.055000
679.772539	871.522990	57.005772	50.057000
679.772538	871.520488	57.005771	50.059000
679.772542	871.517998	57.005771	50.060000
679.772540	871.515485	57.005770	50.061000
679.772543	871.512994	57.005769	50.062000
679.772540	871.510484	57.005771	50.062000
679.772541	871.507785	57.005772	50.062000
679.772537	871.505198	57.005771	50.062000
679.772543	871.502689	57.005769	50.061000
679.772541	871.500190	57.005771	50.061000
679.772536	871.497692	57.005771	50.060000
679.772540	871.495181	57.005767	50.060000
679.772543	871.492786	57.005769	50.061000
679.772541	871.490183	57.005769	50.061000
679.772536	871.487790	57.005769	50.062000
679.772537	871.485294	57.005770	50.063000
679.772538	871.482795	57.005771	50.064000
679.772542	871.480293	57.005770	50.065000
679.772535	871.477796	57.005770	50.066000
679.772542	871.475275	57.005769	50.066000
679.772537	871.472693	57.005768	50.067000
679.772538	871.470185	57.005770	50.067000
679.772540	871.467578	57.005768	50.068000
679.772542	871.464995	57.005770	50.068000
679.772540	871.462592	57.005773	50.068000
679.772538	871.460197	57.005770	50.069000
679.772539	871.457589	57.005770	50.069000
679.772537	871.455079	57.005769	50.069000
679.772538	871.452701	57.005770	50.069000
679.772538	871.450189	57.005769	50.069000
679.772541	871.447678	57.005771	50.068000
679.772539	871.445200	57.005770	50.068000
679.772544	871.442692	57.005770	50.068000
679.772536	871.440195	57.005769	50.068000
679.772542	871.437588	57.005768	50.068000
679.772540	871.435183	57.005769	50.068000
679.772541	871.432697	57.005770	50.068000
679.772540	871.429991	57.005769	50.067000
679.772537	871.427489	57.005771	50.067000
679.772538	871.424998	57.005770	50.067000
679.772542	871.422490	57.005769	50.066000
679.772541	871.419989	57.005770	50.066000
679.772539	871.417589	57.005769	50.065000
679.772539	871.415079	57.005770	50.065000
679.772539	871.412593	57.005770	50.065000
679.772538	871.410072	57.005769	50.065000
679.772539	871.407583	57.005769	50.064000
679.772541	871.405090	57.005771	50.063000
679.772541	871.402492	57.005768	50.062000
679.772540	871.400084	57.005768	50.061000
679.772538	871.397584	57.005770	50.059000
679.772539	871.395078	57.005769	50.057000
679.772542	871.392288	57.005769	50.056000
679.772539	871.389863	57.005770	50.055000
679.772540	871.387371	57.005771	50.054000
679.772541	871.384888	57.005768	50.054000
679.772539	871.382386	57.005771	50.053000
679.772537	871.379888	57.005772	50.053000
679.772542	871.377476	57.005771	50.052000
679.772541	871.374973	57.005769	50.051000
679.772539	871.372487	57.005770	50.050000
679.772536	871.369971	57.005770	50.049000
679.772538	871.367472	57.005771	50.047000
679.772540	871.364988	57.005769	50.046000
679.772539	871.362481	57.005770	50.045000
679.772539	871.359988	57.005770	50.044000
679.772539	871.357478	57.005769	50.043000
679.772539	871.354972	57.005769	50.043000
679.772543	871.352275	57.005770	50.043000
679.772545	871.349776	57.005769	50.043000
679.772541	871.347273	57.005771	50.042000
679.772536	871.344785	57.005771	50.042000
679.772553	871.344122	57.005771	50.042000
