679.770337	876.344381	57.005771	50.025000
679.772561	876.309196	57.005771	50.035000
679.772550	876.306683	57.005771	50.039000
679.772548	876.304158	57.005770	50.042000
679.772542	876.301632	57.005768	50.046000
679.772546	876.299122	57.005768	50.049000
679.772539	876.296599	57.005770	50.052000
679.772542	876.293919	57.005771	50.054000
679.772535	876.291307	57.005769	50.054000
679.772542	876.288885	57.005769	50.054000
679.772537	876.286382	57.005771	50.054000
679.772538	876.283909	57.005771	50.053000
679.772538	876.281402	57.005771	50.053000
679.772539	876.278999	57.005770	50.052000
679.772536	876.276458	57.005771	50.052000
679.772537	876.273882	57.005770	50.052000
679.772539	876.271512	57.005770	50.053000
679.772540	876.269005	57.005770	50.054000
679.772538	876.266508	57.005769	50.055000
679.772536	876.264113	57.005770	50.055000
679.772536	876.261503	57.005771	50.055000
679.772538	876.259015	57.005772	50.054000
679.772539	876.256291	57.005770	50.054000
679.772536	876.253694	57.005771	50.053000
679.772537	876.251191	57.005771	50.052000
679.772539	876.248699	57.005770	50.052000
679.772540	876.246200	57.005768	50.051000
679.772538	876.243799	57.005770	50.051000
679.772538	876.241186	57.005772	50.051000
679.772538	876.238709	57.005771	50.051000
679.772540	876.236291	57.005769	50.052000
679.772535	876.233791	57.005770	50.052000
679.772541	876.231289	57.005770	50.053000
679.772536	876.228787	57.005771	50.054000
679.772541	876.226297	57.005771	50.055000
679.772535	876.223796	57.005770	50.056000
679.772538	876.221285	57.005770	50.057000
679.772537	876.218596	57.005769	50.057000
679.772536	876.216084	57.005770	50.058000
679.772539	876.213589	57.005771	50.058000
679.772540	876.210982	57.005769	50.057000
679.772534	876.208675	57.005772	50.056000
679.772538	876.206178	57.005771	50.055000
679.772539	876.203688	57.005769	50.054000
679.772540	876.201175	57.005771	50.053000
679.772539	876.198584	57.005769	50.053000
679.772537	876.196170	57.005771	50.053000
679.772539	876.193684	57.005769	50.054000
679.772540	876.191173	57.005770	50.055000
679.772532	876.188674	57.005771	50.055000
679.772538	876.186181	57.005769	50.056000
679.772535	876.183694	57.005769	50.055000
679.772541	876.181183	57.005770	50.054000
679.772538	876.178490	57.005771	50.053000
679.772540	876.175966	57.005771	50.052000
679.772542	876.173481	57.005768	50.050000
679.772540	876.170975	57.005769	50.049000
679.772540	876.168374	57.005770	50.048000
679.772541	876.165981	57.005771	50.048000
679.772534	876.163581	57.005770	50.048000
679.772538	876.161077	57.005771	50.048000
679.772538	876.158589	57.005772	50.048000
679.772536	876.156068	57.005772	50.048000
679.772539	876.153582	57.005771	50.048000
679.772540	876.151074	57.005769	50.048000
679.772539	876.148569	57.005770	50.048000
679.772538	876.146074	57.005768	50.048000
679.772540	876.143584	57.005768	50.048000
679.772540	876.140880	57.005768	50.048000
679.772538	876.138386	57.005770	50.048000
679.772541	876.135969	57.005769	50.048000
679.772539	876.133495	57.005768	50.048000
679.772538	876.130880	57.005769	50.048000
679.772536	876.128470	57.005770	50.047000
679.772539	876.125974	57.005769	50.047000
679.772539	876.123385	57.005772	50.046000
679.772538	876.120981	57.005770	50.046000
679.772537	876.118486	57.005771	50.045000
679.772538	876.115974	57.005770	50.046000
679.772538	876.113484	57.005768	50.046000
679.772542	876.110976	57.005770	50.047000
679.772540	876.108477	57.005772	50.048000
679.772537	876.105984	57.005771	50.048000
679.772539	876.103379	57.005770	50.048000
679.772536	876.100870	57.005771	50.048000
679.772540	876.098385	57.005769	50.048000
679.772539	876.095765	57.005771	50.048000
679.772535	876.093386	57.005772	50.048000
679.772534	876.090869	57.005771	50.048000
679.772538	876.088468	57.005769	50.049000
679.772538	876.085983	57.005769	50.050000
679.772542	876.083483	57.005771	50.051000
679.772535	876.080981	57.005770	50.052000
679.772540	876.078481	57.005770	50.054000
679.772538	876.075867	57.005770	50.055000
679.772538	876.073379	57.005770	50.056000
679.772538	876.070973	57.005768	50.057000
679.772537	876.068470	57.005772	50.058000
679.772537	876.065677	57.005768	50.058000
679.772541	876.063281	57.005771	50.059000
679.772537	876.060775	57.005772	50.061000
679.772538	876.058289	57.005770	50.062000
679.772537	876.055763	57.005769	50.064000
679.772538	876.053277	57.005769	50.067000
679.772538	876.050768	57.005769	50.069000
679.772540	876.048177	57.005771	50.071000
679.772538	876.045783	57.005771	50.073000
679.772538	876.043285	57.005772	50.075000
679.772537	876.040784	57.005771	50.077000
679.772535	876.038284	57.005771	50.078000
679.772539	876.035774	57.005771	50.080000
679.772537	876.033381	57.005771	50.081000
679.772539	876.030770	57.005769	50.082000
679.772537	876.028272	57.005769	50.083000
679.772537	876.025586	57.005772	50.084000
679.772539	876.023082	57.005772	50.086000
679.772537	876.020584	57.005772	50.087000
679.772539	876.018092	57.005772	50.088000
679.772536	876.015680	57.005767	50.089000
679.772539	876.013188	57.005770	50.090000
679.772540	876.010677	57.005771	50.090000
679.772538	876.008179	57.005771	50.091000
679.772538	876.005688	57.005772	50.091000
679.772540	876.003185	57.005771	50.091000
679.772535	876.000683	57.005770	50.091000
679.772537	875.998185	57.005771	50.092000
679.772537	875.995677	57.005772	50.093000
679.772536	875.993190	57.005773	50.094000
679.772537	875.990682	57.005770	50.095000
679.772538	875.987981	57.005768	50.097000
679.772540	875.985492	57.005767	50.098000
679.772541	875.982780	57.005773	50.099000
679.772539	875.979898	57.005770	50.100000
679.772540	875.977387	57.005767	50.101000
679.772538	875.974872	57.005771	50.101000
679.772541	875.972385	57.005774	50.102000
679.772537	875.969888	57.005768	50.102000
679.772538	875.967386	57.005767	50.103000
679.772535	875.964889	57.005772	50.103000
679.772537	875.962382	57.005772	50.103000
679.772539	875.959901	57.005772	50.103000
679.772540	875.957383	57.005766	50.102000
679.772536	875.954889	57.005773	50.101000
679.772539	875.952396	57.005766	50.099000
679.772535	875.949786	57.005766	50.098000
679.772539	875.947087	57.005773	50.095000
679.772538	875.944699	57.005767	50.093000
679.772536	875.942188	57.005771	50.091000
679.772535	875.939702	57.005772	50.089000
679.772541	875.937284	57.005773	50.087000
679.772537	875.934784	57.005771	50.085000
679.772538	875.932294	57.005767	50.083000
679.772539	875.929693	57.005765	50.081000
679.772536	875.927285	57.005769	50.079000
679.772537	875.924694	57.005772	50.077000
679.772539	875.922289	57.005773	50.075000
679.772538	875.919798	57.005769	50.073000
679.772540	875.917282	57.005768	50.072000
679.772539	875.914786	57.005774	50.070000
679.772538	875.912294	57.005769	50.069000
679.772536	875.909590	57.005773	50.069000
679.772540	875.906990	57.005776	50.068000
679.772535	875.904395	57.005776	50.068000
679.772541	875.901883	57.005766	50.067000
679.772539	875.899402	57.005774	50.067000
679.772538	875.896984	57.005773	50.066000
679.772536	875.894494	57.005771	50.066000
679.772539	875.891983	57.005766	50.065000
679.772536	875.889484	57.005769	50.064000
679.772535	875.886986	57.005775	50.063000
679.772539	875.884508	57.005765	50.062000
679.772538	875.881993	57.005773	50.061000
679.772538	875.879498	57.005770	50.060000
679.772540	875.876986	57.005767	50.060000
679.772536	875.874287	57.005772	50.059000
679.772541	875.871793	57.005769	50.059000
679.772543	875.869292	57.005767	50.058000
679.772539	875.866790	57.005774	50.057000
679.772540	875.864306	57.005767	50.056000
679.772536	875.861790	57.005773	50.055000
679.772537	875.859397	57.005774	50.053000
679.772541	875.856883	57.005768	50.052000
679.772540	875.854293	57.005773	50.051000
679.772537	875.851888	57.005771	50.051000
679.772541	875.849383	57.005771	50.051000
679.772536	875.846789	57.005771	50.052000
679.772538	875.844403	57.005773	50.052000
679.772538	875.841886	57.005766	50.052000
679.772537	875.839400	57.005772	50.052000
679.772539	875.836688	57.005766	50.052000
679.772538	875.834191	57.005770	50.052000
679.772540	875.831687	57.005774	50.051000
679.772541	875.829190	57.005765	50.051000
679.772539	875.826688	57.005774	50.051000
679.772538	875.824202	57.005765	50.052000
679.772540	875.821689	57.005776	50.053000
679.772540	875.819304	57.005775	50.054000
679.772540	875.816794	57.005765	50.055000
679.772540	875.814302	57.005774	50.056000
679.772541	875.811789	57.005766	50.057000
679.772540	875.809190	57.005765	50.058000
679.772541	875.806795	57.005765	50.058000
679.772540	875.804309	57.005774	50.058000
679.772539	875.801783	57.005767	50.059000
679.772539	875.799099	57.005775	50.059000
679.772540	875.796587	57.005764	50.059000
679.772536	875.794101	57.005776	50.060000
679.772537	875.791585	57.005764	50.061000
679.772539	875.789086	57.005776	50.062000
679.772540	875.786592	57.005765	50.063000
679.772544	875.784196	57.005766	50.065000
679.772539	875.781583	57.005767	50.066000
679.772542	875.779192	57.005765	50.066000
679.772539	875.776683	57.005773	50.067000
679.772541	875.774177	57.005770	50.068000
679.772539	875.771693	57.005768	50.069000
679.772540	875.769185	57.005771	50.069000
679.772542	875.766693	57.005771	50.069000
679.772542	875.764195	57.005765	50.070000
679.772541	875.761688	57.005775	50.070000
679.772542	875.758995	57.005765	50.070000
679.772541	875.756473	57.005775	50.071000
679.772540	875.753992	57.005766	50.071000
679.772534	875.751497	57.005775	50.071000
679.772539	875.748986	57.005766	50.072000
679.772535	875.746498	57.005775	50.072000
679.772539	875.744101	57.005774	50.073000
679.772539	875.741598	57.005766	50.073000
679.772540	875.739103	57.005774	50.073000
679.772537	875.736481	57.005776	50.073000
679.772537	875.734085	57.005775	50.073000
679.772538	875.731590	57.005765	50.073000
679.772537	875.729086	57.005777	50.073000
679.772542	875.726592	57.005764	50.073000
679.772539	875.724093	57.005775	50.073000
679.772540	875.721388	57.005767	50.073000
679.772537	875.718894	57.005773	50.073000
679.772540	875.716383	57.005767	50.074000
679.772540	875.713989	57.005767	50.074000
679.772538	875.711482	57.005768	50.073000
679.772536	875.708976	57.005775	50.072000
679.772539	875.706485	57.005764	50.071000
679.772537	875.703999	57.005776	50.070000
679.772539	875.701493	57.005768	50.069000
679.772538	875.698999	57.005768	50.069000
679.772535	875.696481	57.005775	50.068000
679.772537	875.693897	57.005775	50.068000
679.772537	875.691493	57.005776	50.068000
679.772542	875.688981	57.005766	50.068000
679.772537	875.686191	57.005769	50.067000
679.772538	875.683392	57.005774	50.067000
679.772536	875.680995	57.005774	50.066000
679.772541	875.678501	57.005766	50.066000
679.772538	875.675988	57.005775	50.066000
679.772540	875.673490	57.005764	50.066000
679.772540	875.671087	57.005764	50.067000
679.772542	875.668485	57.005765	50.068000
679.772542	875.666091	57.005768	50.070000
679.772540	875.663491	57.005775	50.071000
679.772539	875.660990	57.005763	50.073000
679.772541	875.658495	57.005776	50.074000
679.772537	875.656083	57.005774	50.075000
679.772539	875.653590	57.005770	50.076000
679.772539	875.651091	57.005766	50.076000
679.772539	875.648581	57.005775	50.076000
679.772542	875.646097	57.005765	50.076000
679.772540	875.643387	57.005774	50.075000
679.772538	875.640894	57.005769	50.075000
679.772542	875.638396	57.005765	50.075000
679.772538	875.635877	57.005777	50.074000
679.772534	875.633488	57.005776	50.075000
679.772541	875.630886	57.005766	50.075000
679.772543	875.628482	57.005766	50.075000
679.772540	875.625989	57.005775	50.075000
679.772541	875.623492	57.005764	50.074000
679.772542	875.620983	57.005776	50.074000
679.772539	875.618495	57.005766	50.073000
679.772539	875.615975	57.005769	50.072000
679.772540	875.613490	57.005776	50.071000
679.772542	875.610981	57.005764	50.070000
679.772538	875.608481	57.005768	50.069000
679.772537	875.605795	57.005775	50.069000
679.772537	875.603190	57.005772	50.069000
679.772541	875.600687	57.005769	50.069000
679.772541	875.598186	57.005767	50.070000
679.772540	875.595775	57.005767	50.070000
679.772538	875.593288	57.005777	50.070000
679.772540	875.590779	57.005766	50.070000
679.772535	875.588284	57.005768	50.070000
679.772540	875.585792	57.005774	50.069000
679.772542	875.583291	57.005763	50.069000
679.772536	875.580793	57.005771	50.068000
679.772536	875.578293	57.005777	50.067000
679.772538	875.575670	57.005772	50.066000
679.772537	875.573284	57.005769	50.065000
679.772540	875.570782	57.005775	50.065000
679.772542	875.568078	57.005767	50.065000
679.772536	875.565592	57.005772	50.064000
679.772535	875.563087	57.005773	50.064000
679.772539	875.560587	57.005762	50.064000
679.772538	875.558197	57.005764	50.065000
679.772538	875.555676	57.005770	50.065000
679.772537	875.553093	57.005762	50.065000
679.772542	875.550388	57.005767	50.065000
679.772540	875.548078	57.005770	50.065000
679.772540	875.545585	57.005769	50.065000
679.772538	875.543095	57.005774	50.064000
679.772542	875.540594	57.005762	50.063000
679.772536	875.538100	57.005769	50.061000
679.772542	875.535576	57.005776	50.060000
679.772541	875.533088	57.005764	50.059000
679.772541	875.530381	57.005766	50.057000
679.772539	875.527885	57.005776	50.056000
679.772543	875.525398	57.005767	50.055000
679.772539	875.522893	57.005764	50.054000
679.772536	875.520394	57.005776	50.054000
679.772539	875.517888	57.005771	50.054000
679.772540	875.515376	57.005764	50.054000
679.772541	875.512999	57.005763	50.054000
679.772540	875.510386	57.005772	50.054000
679.772540	875.507992	57.005777	50.054000
679.772543	875.505490	57.005764	50.055000
679.772538	875.502986	57.005768	50.056000
679.772537	875.500487	57.005777	50.057000
679.772539	875.497992	57.005769	50.058000
679.772541	875.495484	57.005762	50.059000
679.772535	875.492991	57.005772	50.061000
679.772538	875.490283	57.005776	50.063000
679.772540	875.487784	57.005769	50.064000
679.772539	875.485293	57.005763	50.065000
679.772536	875.482792	57.005773	50.066000
679.772535	875.480387	57.005768	50.067000
679.772540	875.477789	57.005764	50.068000
679.772539	875.475174	57.005767	50.069000
679.772538	875.472888	57.005771	50.070000
679.772538	875.470390	57.005776	50.071000
679.772540	875.467891	57.005765	50.072000
679.772539	875.465294	57.005773	50.074000
679.772540	875.462884	57.005774	50.075000
679.772541	875.460389	57.005763	50.077000
679.772539	875.457896	57.005767	50.078000
679.772541	875.455375	57.005778	50.079000
679.772541	875.452886	57.005772	50.080000
679.772540	875.450179	57.005768	50.080000
679.772543	875.447684	57.005764	50.080000
679.772536	875.445197	57.005775	50.080000
679.772539	875.442593	57.005766	50.080000
679.772540	875.440188	57.005767	50.079000
679.772540	875.437687	57.005773	50.079000
679.772543	875.435283	57.005769	50.079000
679.772538	875.432793	57.005774	50.079000
679.772539	875.430171	57.005775	50.080000
679.772544	875.427783	57.005775	50.080000
679.772542	875.425300	57.005764	50.080000
679.772538	875.422794	57.005775	50.081000
679.772543	875.420294	57.005765	50.081000
679.772540	875.417789	57.005775	50.082000
679.772539	875.415276	57.005765	50.082000
679.772540	875.412690	57.005775	50.082000
679.772541	875.410175	57.005764	50.082000
679.772541	875.407577	57.005767	50.082000
679.772537	875.405289	57.005775	50.082000
679.772539	875.402786	57.005764	50.082000
679.772539	875.400286	57.005776	50.082000
679.772541	875.397792	57.005770	50.081000
679.772538	875.395278	57.005764	50.080000
679.772542	875.392690	57.005767	50.080000
679.772539	875.390077	57.005774	50.079000
679.772540	875.387776	57.005768	50.077000
679.772537	875.385292	57.005773	50.076000
679.772542	875.382785	57.005769	50.074000
679.772540	875.380284	57.005768	50.072000
679.772543	875.377685	57.005766	50.071000
679.772539	875.375075	57.005765	50.070000
679.772539	875.372576	57.005776	50.068000
679.772541	875.370075	57.005766	50.067000
679.772540	875.367672	57.005768	50.066000
679.772538	875.365090	57.005775	50.066000
679.772543	875.362574	57.005763	50.065000
679.772541	875.360183	57.005766	50.065000
679.772542	875.357681	57.005767	50.064000
679.772540	875.355175	57.005777	50.064000
679.772539	875.352685	57.005767	50.063000
679.772539	875.350177	57.005770	50.062000
679.772541	875.347679	57.005777	50.061000
679.772541	875.345191	57.005766	50.059000
679.772542	875.342679	57.005764	50.058000
679.772541	875.340189	57.005776	50.057000
679.772538	875.337692	57.005766	50.056000
679.772542	875.334965	57.005763	50.055000
679.772541	875.332485	57.005771	50.054000
679.772537	875.329977	57.005777	50.053000
679.772539	875.327486	57.005767	50.053000
679.772536	875.324894	57.005775	50.052000
679.772542	875.322484	57.005776	50.052000
679.772537	875.320094	57.005776	50.052000
679.772537	875.317487	57.005762	50.053000
679.772535	875.314984	57.005774	50.053000
679.772540	875.312583	57.005772	50.052000
679.772540	875.310082	57.005770	50.052000
679.772538	875.307592	57.005772	50.052000
679.772539	875.305100	57.005768	50.052000
679.772536	875.302588	57.005772	50.052000
679.772542	875.300094	57.005770	50.052000
679.772541	875.297390	57.005763	50.053000
679.772538	875.294883	57.005772	50.054000
679.772539	875.292391	57.005772	50.055000
679.772534	875.289780	57.005777	50.056000
679.772538	875.287377	57.005773	50.057000
679.772539	875.284991	57.005768	50.058000
679.772540	875.282490	57.005777	50.058000
679.772539	875.279995	57.005770	50.058000
679.772539	875.277486	57.005763	50.058000
679.772540	875.274880	57.005770	50.058000
679.772537	875.272486	57.005774	50.057000
679.772539	875.269978	57.005764	50.057000
679.772537	875.267483	57.005776	50.056000
679.772539	875.264894	57.005764	50.056000
679.772536	875.262483	57.005763	50.056000
679.772539	875.259785	57.005765	50.056000
679.772534	875.257287	57.005777	50.056000
679.772544	875.254782	57.005767	50.056000
679.772538	875.252186	57.005774	50.056000
679.772537	875.248879	57.005769	50.056000
679.772537	875.245989	57.005768	50.056000
679.772537	875.243492	57.005776	50.056000
679.772540	875.240986	57.005766	50.056000
679.772540	875.238498	57.005766	50.057000
679.772539	875.235973	57.005777	50.057000
679.772544	875.233482	57.005770	50.058000
679.772539	875.230879	57.005776	50.059000
679.772539	875.228479	57.005776	50.060000
679.772540	875.225993	57.005773	50.061000
679.772540	875.223292	57.005768	50.062000
679.772540	875.220785	57.005762	50.062000
679.772539	875.218290	57.005774	50.062000
679.772538	875.215773	57.005772	50.062000
679.772539	875.213387	57.005774	50.062000
679.772535	875.210779	57.005776	50.062000
679.772538	875.208374	57.005770	50.062000
679.772539	875.205889	57.005775	50.062000
679.772536	875.203393	57.005764	50.061000
679.772539	875.200884	57.005772	50.061000
679.772538	875.198393	57.005775	50.061000
679.772540	875.195776	57.005773	50.061000
679.772537	875.193388	57.005767	50.062000
679.772538	875.190878	57.005776	50.062000
679.772540	875.188372	57.005767	50.062000
679.772540	875.185882	57.005766	50.062000
679.772539	875.183187	57.005771	50.062000
679.772535	875.180687	57.005778	50.062000
679.772538	875.178194	57.005768	50.062000
679.772537	875.175783	57.005771	50.062000
679.772539	875.173287	57.005762	50.062000
679.772539	875.170776	57.005769	50.063000
679.772534	875.168280	57.005777	50.063000
679.772542	875.165785	57.005767	50.064000
679.772537	875.163184	57.005778	50.065000
679.772538	875.160786	57.005775	50.066000
679.772538	875.158292	57.005770	50.066000
679.772538	875.155773	57.005765	50.067000
679.772533	875.153297	57.005776	50.068000
679.772544	875.150781	57.005768	50.068000
679.772540	875.148277	57.005763	50.069000
679.772540	875.145591	57.005767	50.069000
679.772541	875.142986	57.005764	50.069000
679.772540	875.140481	57.005772	50.069000
679.772538	875.137990	57.005776	50.069000
679.772545	875.135482	57.005765	50.069000
679.772537	875.133087	57.005771	50.070000
679.772543	875.130581	57.005763	50.071000
679.772536	875.128082	57.005772	50.072000
679.772543	875.125592	57.005772	50.073000
679.772534	875.122987	57.005777	50.075000
679.772539	875.120588	57.005772	50.077000
679.772537	875.118084	57.005778	50.079000
679.772542	875.115572	57.005767	50.081000
679.772539	875.113089	57.005768	50.083000
679.772538	875.110581	57.005776	50.084000
679.772540	875.107885	57.005770	50.086000
679.772540	875.105387	57.005763	50.086000
679.772537	875.102885	57.005774	50.087000
679.772541	875.100386	57.005775	50.087000
679.772542	875.097892	57.005764	50.088000
679.772540	875.095363	57.005768	50.088000
679.772543	875.092986	57.005763	50.088000
679.772541	875.090373	57.005768	50.089000
679.772541	875.087983	57.005771	50.090000
679.772540	875.085485	57.005764	50.091000
679.772538	875.082992	57.005776	50.091000
679.772540	875.080487	57.005772	50.093000
679.772541	875.077990	57.005763	50.093000
679.772540	875.075465	57.005775	50.093000
679.772542	875.072986	57.005765	50.093000
679.772539	875.070477	57.005775	50.093000
679.772539	875.067780	57.005774	50.093000
679.772541	875.065288	57.005763	50.092000
679.772537	875.062781	57.005770	50.092000
679.772536	875.060293	57.005776	50.093000
679.772542	875.057795	57.005764	50.093000
679.772541	875.055377	57.005765	50.094000
679.772541	875.052897	57.005774	50.095000
679.772538	875.050379	57.005766	50.095000
679.772541	875.047780	57.005764	50.096000
679.772541	875.045394	57.005764	50.096000
679.772541	875.042889	57.005775	50.096000
679.772538	875.040288	57.005771	50.095000
679.772541	875.037890	57.005773	50.095000
679.772539	875.035375	57.005770	50.095000
679.772543	875.032891	57.005769	50.096000
679.772540	875.030077	57.005775	50.096000
679.772537	875.027678	57.005775	50.096000
679.772541	875.025195	57.005763	50.097000
679.772537	875.022690	57.005775	50.097000
679.772540	875.020186	57.005765	50.097000
679.772543	875.017777	57.005766	50.096000
679.772539	875.015178	57.005766	50.096000
679.772541	875.012691	57.005772	50.095000
679.772540	875.010280	57.005767	50.094000
679.772538	875.007774	57.005770	50.093000
679.772541	875.005290	57.005773	50.092000
679.772541	875.002787	57.005766	50.090000
679.772537	875.000290	57.005775	50.089000
679.772541	874.997787	57.005765	50.088000
679.772541	874.995270	57.005774	50.086000
679.772540	874.992787	57.005764	50.084000
679.772537	874.990076	57.005770	50.082000
679.772539	874.987576	57.005770	50.080000
679.772537	874.985096	57.005773	50.078000
679.772540	874.982584	57.005768	50.076000
679.772538	874.980086	57.005774	50.075000
679.772540	874.977587	57.005765	50.074000
679.772542	874.975177	57.005765	50.073000
679.772535	874.972686	57.005775	50.073000
679.772538	874.970181	57.005766	50.072000
679.772537	874.967670	57.005775	50.071000
679.772537	874.965188	57.005766	50.071000
679.772539	874.962684	57.005771	50.070000
679.772540	874.960189	57.005771	50.069000
679.772536	874.957681	57.005774	50.067000
679.772538	874.954084	57.005767	50.066000
679.772539	874.952187	57.005770	50.065000
679.772538	874.948977	57.005769	50.064000
679.772542	874.946471	57.005767	50.064000
679.772538	874.943690	57.005768	50.064000
679.772537	874.941479	57.005771	50.064000
679.772540	874.938987	57.005773	50.065000
679.772542	874.936374	57.005771	50.066000
679.772540	874.933781	57.005770	50.066000
679.772540	874.931480	57.005770	50.067000
679.772542	874.928977	57.005774	50.067000
679.772538	874.926481	57.005765	50.068000
679.772539	874.923988	57.005775	50.068000
679.772541	874.921477	57.005766	50.067000
679.772539	874.918995	57.005774	50.067000
679.772540	874.916281	57.005768	50.067000
679.772538	874.913687	57.005772	50.067000
679.772541	874.911281	57.005768	50.068000
679.772541	874.908776	57.005768	50.068000
679.772541	874.906287	57.005767	50.068000
679.772542	874.903786	57.005769	50.069000
679.772539	874.901388	57.005770	50.070000
679.772539	874.898893	57.005768	50.071000
679.772540	874.896381	57.005769	50.071000
679.772539	874.893891	57.005768	50.072000
679.772540	874.891286	57.005766	50.073000
679.772538	874.888885	57.005772	50.074000
679.772541	874.886389	57.005771	50.076000
679.772542	874.883893	57.005770	50.077000
679.772537	874.881293	57.005769	50.078000
679.772539	874.878702	57.005769	50.079000
679.772539	874.876270	57.005770	50.080000
679.772539	874.873687	57.005769	50.082000
679.772539	874.871188	57.005772	50.083000
679.772538	874.868685	57.005766	50.084000
679.772541	874.866183	57.005770	50.085000
679.772538	874.863596	57.005769	50.086000
679.772541	874.860986	57.005772	50.087000
679.772543	874.858699	57.005770	50.088000
679.772538	874.856179	57.005770	50.089000
679.772539	874.853698	57.005768	50.090000
679.772541	874.851089	57.005771	50.091000
679.772542	874.848683	57.005768	50.092000
679.772537	874.846184	57.005768	50.092000
679.772541	874.843694	57.005767	50.093000
679.772538	874.841082	57.005771	50.093000
679.772536	874.838597	57.005773	50.094000
679.772540	874.836078	57.005772	50.094000
679.772538	874.833590	57.005772	50.094000
679.772539	874.831185	57.005773	50.094000
679.772544	874.828583	57.005770	50.094000
679.772539	874.825989	57.005767	50.095000
679.772541	874.823701	57.005768	50.094000
679.772539	874.821190	57.005770	50.094000
679.772539	874.818599	57.005767	50.094000
679.772540	874.816177	57.005773	50.093000
679.772541	874.811684	57.005771	50.092000
679.772540	874.809783	57.005768	50.091000
679.772541	874.807390	57.005774	50.090000
679.772538	874.804993	57.005769	50.089000
679.772538	874.802494	57.005771	50.088000
679.772545	874.799691	57.005768	50.087000
679.772539	874.797384	57.005770	50.085000
679.772541	874.794786	57.005773	50.084000
679.772539	874.792191	57.005772	50.082000
679.772541	874.789681	57.005770	50.080000
679.772540	874.787181	57.005773	50.078000
679.772539	874.784691	57.005769	50.076000
679.772541	874.781981	57.005772	50.073000
679.772543	874.779587	57.005766	50.071000
679.772538	874.777082	57.005775	50.069000
679.772542	874.774479	57.005774	50.067000
679.772543	874.772087	57.005772	50.065000
679.772539	874.769574	57.005772	50.063000
679.772539	874.767088	57.005767	50.061000
679.772538	874.764295	57.005771	50.058000
679.772540	874.761988	57.005774	50.056000
679.772539	874.759394	57.005773	50.054000
679.772537	874.756885	57.005770	50.052000
679.772538	874.754483	57.005772	50.050000
679.772539	874.751987	57.005773	50.048000
679.772542	874.749475	57.005771	50.046000
679.772543	874.746883	57.005771	50.044000
679.772541	874.744500	57.005767	50.042000
679.772541	874.741983	57.005770	50.040000
679.772539	874.739488	57.005774	50.038000
679.772541	874.736983	57.005767	50.037000
679.772537	874.734484	57.005772	50.036000
679.772541	874.731992	57.005770	50.035000
679.772538	874.729477	57.005769	50.034000
679.772538	874.726787	57.005771	50.034000
679.772540	874.724294	57.005767	50.033000
679.772540	874.721786	57.005773	50.032000
679.772538	874.719291	57.005772	50.031000
679.772537	874.716681	57.005769	50.030000
679.772539	874.714282	57.005769	50.029000
679.772538	874.711786	57.005769	50.027000
679.772539	874.709279	57.005771	50.026000
679.772539	874.706792	57.005772	50.025000
679.772538	874.704297	57.005769	50.025000
679.772535	874.701785	57.005770	50.025000
679.772538	874.699287	57.005771	50.025000
679.772538	874.696779	57.005768	50.027000
679.772539	874.694285	57.005767	50.028000
679.772541	874.691782	57.005768	50.030000
679.772538	874.689171	57.005770	50.032000
679.772541	874.686782	57.005773	50.033000
679.772544	874.684090	57.005768	50.035000
679.772537	874.681584	57.005768	50.037000
679.772539	874.679090	57.005767	50.038000
679.772539	874.676676	57.005773	50.039000
679.772542	874.673984	57.005768	50.040000
679.772538	874.671488	57.005769	50.042000
679.772541	874.668973	57.005769	50.043000
679.772538	874.666479	57.005772	50.045000
679.772542	874.663990	57.005771	50.047000
679.772541	874.661478	57.005771	50.048000
679.772542	874.658994	57.005773	50.050000
679.772539	874.656476	57.005772	50.052000
679.772536	874.653986	57.005772	50.054000
679.772538	874.651479	57.005774	50.056000
679.772539	874.648979	57.005771	50.058000
679.772536	874.646179	57.005771	50.059000
679.772536	874.643692	57.005771	50.060000
679.772536	874.641276	57.005772	50.060000
679.772537	874.638790	57.005772	50.060000
679.772541	874.636271	57.005774	50.060000
679.772543	874.633884	57.005771	50.059000
679.772542	874.631376	57.005772	50.058000
679.772541	874.628876	57.005773	50.058000
679.772541	874.626391	57.005772	50.058000
679.772540	874.623898	57.005771	50.059000
679.772537	874.621388	57.005772	50.060000
679.772541	874.618891	57.005773	50.061000
679.772540	874.616371	57.005772	50.062000
679.772540	874.613788	57.005768	50.064000
679.772539	874.611286	57.005771	50.065000
679.772537	874.608671	57.005771	50.067000
679.772539	874.606186	57.005771	50.068000
679.772538	874.603689	57.005773	50.069000
679.772539	874.601194	57.005772	50.070000
679.772536	874.598697	57.005772	50.071000
679.772537	874.596173	57.005770	50.072000
679.772540	874.593583	57.005771	50.074000
679.772538	874.591292	57.005770	50.076000
679.772543	874.588780	57.005768	50.078000
679.772545	874.586278	57.005771	50.079000
679.772541	874.583791	57.005769	50.081000
679.772540	874.581284	57.005768	50.082000
679.772538	874.578791	57.005771	50.084000
679.772541	874.576273	57.005771	50.085000
679.772539	874.573786	57.005770	50.086000
679.772542	874.571279	57.005771	50.087000
679.772539	874.568477	57.005769	50.089000
679.772539	874.566084	57.005771	50.090000
679.772540	874.563590	57.005771	50.092000
679.772538	874.561078	57.005773	50.094000
679.772537	874.558694	57.005767	50.095000
679.772539	874.556076	57.005771	50.096000
679.772537	874.553686	57.005771	50.097000
679.772538	874.551179	57.005772	50.098000
679.772535	874.548677	57.005772	50.099000
679.772540	874.546082	57.005769	50.099000
679.772540	874.543692	57.005770	50.099000
679.772538	874.541187	57.005770	50.100000
679.772541	874.538689	57.005768	50.100000
679.772538	874.536167	57.005767	50.100000
679.772539	874.533680	57.005768	50.100000
679.772539	874.530974	57.005770	50.100000
679.772538	874.528274	57.005771	50.100000
679.772544	874.525889	57.005769	50.101000
679.772535	874.523483	57.005772	50.101000
679.772540	874.520975	57.005771	50.101000
679.772540	874.518485	57.005772	50.102000
679.772539	874.516076	57.005770	50.102000
679.772539	874.513583	57.005770	50.102000
679.772538	874.511079	57.005772	50.102000
679.772538	874.508573	57.005771	50.102000
679.772540	874.506088	57.005769	50.102000
679.772537	874.503587	57.005770	50.102000
679.772537	874.501075	57.005772	50.102000
679.772538	874.498580	57.005770	50.101000
679.772537	874.496071	57.005768	50.101000
679.772537	874.493485	57.005771	50.100000
679.772541	874.490876	57.005771	50.100000
679.772540	874.488372	57.005772	50.099000
679.772540	874.485785	57.005771	50.098000
679.772537	874.483385	57.005769	50.097000
679.772541	874.480877	57.005771	50.097000
679.772536	874.478389	57.005770	50.096000
679.772541	874.475959	57.005772	50.095000
679.772536	874.473480	57.005771	50.094000
679.772538	874.470973	57.005771	50.093000
679.772539	874.468480	57.005771	50.092000
679.772539	874.465975	57.005770	50.091000
679.772537	874.463479	57.005773	50.089000
679.772539	874.460881	57.005768	50.088000
679.772538	874.458494	57.005772	50.086000
679.772536	874.455982	57.005770	50.085000
679.772539	874.453277	57.005769	50.084000
679.772540	874.450675	57.005771	50.084000
679.772538	874.448276	57.005771	50.084000
679.772539	874.445882	57.005769	50.084000
679.772542	874.443380	57.005768	50.084000
679.772537	874.440884	57.005769	50.084000
679.772541	874.438390	57.005769	50.084000
679.772537	874.435875	57.005768	50.083000
679.772542	874.433383	57.005768	50.082000
679.772537	874.430878	57.005769	50.080000
679.772539	874.428281	57.005771	50.078000
679.772540	874.425895	57.005770	50.077000
679.772543	874.423387	57.005768	50.076000
679.772539	874.420881	57.005768	50.075000
679.772539	874.418186	57.005767	50.074000
679.772541	874.415471	57.005768	50.074000
679.772539	874.413096	57.005772	50.073000
679.772541	874.409980	57.005771	50.072000
679.772540	874.407575	57.005769	50.071000
679.772538	874.404994	57.005771	50.070000
679.772536	874.402584	57.005772	50.069000
679.772541	874.400095	57.005771	50.067000
679.772537	874.397576	57.005772	50.066000
679.772541	874.395084	57.005771	50.065000
679.772537	874.392592	57.005771	50.064000
679.772537	874.390079	57.005768	50.064000
679.772540	874.387574	57.005770	50.064000
679.772537	874.385091	57.005770	50.065000
679.772540	874.382592	57.005769	50.065000
679.772537	874.379892	57.005769	50.065000
679.772542	874.377381	57.005771	50.065000
679.772541	874.374778	57.005772	50.065000
679.772542	874.372393	57.005770	50.065000
679.772537	874.369878	57.005772	50.064000
679.772539	874.367379	57.005771	50.063000
679.772541	874.364894	57.005768	50.062000
679.772536	874.362487	57.005772	50.062000
679.772541	874.359891	57.005768	50.061000
679.772541	874.357484	57.005770	50.060000
679.772539	874.354976	57.005770	50.059000
679.772540	874.352486	57.005771	50.059000
679.772538	874.349979	57.005770	50.058000
679.772541	874.347483	57.005768	50.058000
679.772543	874.344994	57.005769	50.057000
679.772541	874.342485	57.005769	50.056000
679.772541	874.339781	57.005774	50.055000
679.772540	874.337380	57.005767	50.054000
679.772540	874.334689	57.005770	50.053000
679.772540	874.332387	57.005770	50.051000
679.772540	874.329877	57.005769	50.050000
679.772537	874.327382	57.005770	50.049000
679.772539	874.324891	57.005771	50.048000
679.772543	874.322388	57.005770	50.048000
679.772536	874.319892	57.005770	50.048000
679.772544	874.317279	57.005768	50.048000
679.772540	874.314877	57.005771	50.049000
679.772544	874.312380	57.005771	50.049000
679.772538	874.309782	57.005769	50.050000
679.772541	874.307290	57.005770	50.050000
679.772539	874.304595	57.005768	50.051000
679.772538	874.302083	57.005768	50.051000
679.772540	874.299597	57.005768	50.051000
679.772542	874.297081	57.005768	50.050000
679.772539	874.294582	57.005769	50.050000
679.772541	874.292187	57.005768	50.050000
679.772538	874.289576	57.005772	50.050000
679.772538	874.287185	57.005770	50.050000
679.772542	874.284699	57.005770	50.051000
679.772539	874.281881	57.005771	50.052000
679.772541	874.279189	57.005769	50.054000
679.772539	874.276582	57.005771	50.056000
679.772541	874.274089	57.005770	50.057000
679.772537	874.271587	57.005768	50.058000
679.772541	874.269074	57.005768	50.060000
679.772540	874.266382	57.005771	50.061000
679.772542	874.263893	57.005771	50.063000
679.772539	874.261380	57.005771	50.064000
679.772540	874.258898	57.005772	50.065000
679.772540	874.256478	57.005769	50.066000
679.772540	874.253987	57.005767	50.067000
679.772540	874.251489	57.005768	50.068000
679.772542	874.248985	57.005770	50.069000
679.772540	874.246500	57.005771	50.070000
679.772542	874.243988	57.005771	50.071000
679.772541	874.241488	57.005770	50.071000
679.772541	874.238995	57.005769	50.072000
679.772539	874.236468	57.005771	50.073000
679.772538	874.233986	57.005769	50.073000
679.772539	874.231502	57.005768	50.073000
679.772539	874.228783	57.005768	50.072000
679.772539	874.226285	57.005768	50.072000
679.772540	874.223800	57.005768	50.071000
679.772542	874.221094	57.005768	50.070000
679.772538	874.218589	57.005770	50.068000
679.772539	874.215972	57.005774	50.067000
679.772542	874.213594	57.005767	50.066000
679.772537	874.211097	57.005768	50.065000
679.772541	874.208487	57.005771	50.065000
679.772539	874.205989	57.005769	50.064000
679.772540	874.203592	57.005771	50.063000
679.772538	874.200990	57.005770	50.063000
679.772538	874.198602	57.005771	50.062000
679.772536	874.196090	57.005770	50.061000
679.772538	874.193591	57.005770	50.060000
679.772541	874.190875	57.005768	50.058000
679.772542	874.188380	57.005768	50.056000
679.772542	874.185894	57.005768	50.054000
679.772541	874.183392	57.005767	50.052000
679.772539	874.180888	57.005767	50.051000
679.772537	874.178501	57.005771	50.050000
679.772540	874.175975	57.005769	50.050000
679.772540	874.173487	57.005768	50.051000
679.772538	874.170982	57.005770	50.052000
679.772539	874.168487	57.005768	50.053000
679.772544	874.165986	57.005769	50.053000
679.772539	874.163492	57.005770	50.054000
679.772540	874.160984	57.005773	50.053000
679.772540	874.158490	57.005772	50.053000
679.772540	874.155970	57.005773	50.052000
679.772541	874.153287	57.005770	50.052000
679.772542	874.150786	57.005772	50.051000
679.772542	874.148283	57.005772	50.051000
679.772541	874.145582	57.005771	50.051000
679.772538	874.142986	57.005771	50.052000
679.772540	874.140488	57.005772	50.053000
679.772541	874.138094	57.005769	50.054000
679.772540	874.135475	57.005771	50.055000
679.772540	874.133088	57.005771	50.056000
679.772535	874.130589	57.005771	50.057000
679.772542	874.127980	57.005768	50.057000
679.772540	874.125588	57.005769	50.058000
679.772538	874.123099	57.005768	50.058000
679.772539	874.120592	57.005767	50.058000
679.772542	874.118090	57.005768	50.058000
679.772542	874.115379	57.005768	50.058000
679.772540	874.112793	57.005771	50.058000
679.772535	874.110282	57.005772	50.058000
679.772537	874.107774	57.005770	50.059000
679.772537	874.105294	57.005769	50.060000
679.772540	874.102886	57.005772	50.061000
679.772537	874.100388	57.005771	50.062000
679.772539	874.097887	57.005772	50.063000
679.772539	874.095383	57.005772	50.065000
679.772539	874.092790	57.005769	50.066000
679.772539	874.090377	57.005771	50.067000
679.772538	874.087886	57.005771	50.068000
679.772540	874.085293	57.005769	50.069000
679.772538	874.082886	57.005771	50.069000
679.772540	874.080381	57.005768	50.071000
679.772539	874.077681	57.005773	50.072000
679.772541	874.075091	57.005768	50.073000
679.772539	874.072685	57.005772	50.075000
679.772537	874.070173	57.005772	50.076000
679.772541	874.067682	57.005771	50.077000
679.772538	874.065191	57.005769	50.078000
679.772537	874.062789	57.005772	50.080000
679.772540	874.060287	57.005772	50.081000
679.772540	874.057795	57.005771	50.083000
679.772540	874.055278	57.005771	50.084000
679.772542	874.052782	57.005770	50.085000
679.772539	874.050271	57.005768	50.086000
679.772540	874.047773	57.005768	50.087000
679.772537	874.045291	57.005770	50.087000
679.772540	874.042788	57.005770	50.087000
679.772540	874.040092	57.005771	50.086000
679.772540	874.037585	57.005769	50.085000
679.772536	874.035075	57.005768	50.085000
679.772539	874.032583	57.005769	50.084000
679.772541	874.030083	57.005769	50.083000
679.772541	874.027683	57.005769	50.083000
679.772538	874.025201	57.005768	50.082000
679.772536	874.022682	57.005772	50.082000
679.772542	874.019290	57.005771	50.082000
679.772540	874.017082	57.005771	50.082000
679.772538	874.014583	57.005772	50.082000
679.772540	874.012091	57.005771	50.081000
679.772539	874.009576	57.005772	50.081000
679.772540	874.007082	57.005771	50.081000
679.772539	874.004499	57.005771	50.081000
679.772542	874.001885	57.005770	50.081000
679.772537	873.999498	57.005771	50.082000
679.772540	873.996985	57.005769	50.083000
679.772539	873.994488	57.005767	50.083000
679.772539	873.992089	57.005770	50.084000
679.772542	873.989480	57.005771	50.084000
679.772540	873.986983	57.005768	50.083000
679.772542	873.984598	57.005768	50.082000
679.772541	873.982088	57.005771	50.081000
679.772535	873.979592	57.005772	50.079000
679.772540	873.977083	57.005768	50.077000
679.772538	873.974583	57.005769	50.075000
679.772541	873.972094	57.005768	50.074000
679.772540	873.969580	57.005769	50.073000
679.772537	873.967084	57.005772	50.072000
679.772539	873.964396	57.005771	50.072000
679.772536	873.961897	57.005768	50.071000
679.772542	873.959400	57.005771	50.071000
679.772539	873.956877	57.005771	50.071000
679.772538	873.954387	57.005769	50.070000
679.772537	873.951994	57.005770	50.070000
679.772540	873.949480	57.005770	50.070000
679.772537	873.946982	57.005771	50.070000
679.772537	873.944497	57.005770	50.069000
679.772538	873.941995	57.005770	50.069000
679.772539	873.939504	57.005772	50.068000
679.772538	873.936984	57.005773	50.067000
679.772540	873.934494	57.005772	50.066000
679.772538	873.931896	57.005769	50.065000
679.772539	873.929489	57.005770	50.064000
679.772538	873.926885	57.005770	50.063000
679.772541	873.924304	57.005769	50.063000
679.772540	873.921790	57.005772	50.062000
679.772539	873.919295	57.005772	50.062000
679.772543	873.916680	57.005770	50.062000
679.772540	873.914288	57.005770	50.063000
679.772541	873.911793	57.005771	50.063000
679.772539	873.909282	57.005769	50.062000
679.772542	873.906885	57.005767	50.062000
679.772537	873.904402	57.005770	50.061000
679.772540	873.901899	57.005772	50.061000
679.772541	873.899401	57.005772	50.060000
679.772540	873.896884	57.005771	50.059000
679.772537	873.894387	57.005769	50.059000
679.772542	873.891893	57.005772	50.059000
679.772544	873.889281	57.005770	50.060000
679.772541	873.884101	57.005769	50.061000
679.772541	873.880998	57.005770	50.061000
679.772541	873.878490	57.005770	50.062000
679.772541	873.875972	57.005769	50.062000
679.772537	873.873095	57.005771	50.062000
679.772539	873.870595	57.005769	50.062000
679.772537	873.868087	57.005770	50.062000
679.772540	873.865581	57.005769	50.061000
679.772536	873.863092	57.005771	50.061000
679.772539	873.860594	57.005769	50.061000
679.772537	873.858092	57.005771	50.060000
679.772541	873.855576	57.005770	50.060000
679.772539	873.852995	57.005769	50.059000
679.772540	873.850374	57.005769	50.059000
679.772537	873.847883	57.005771	50.059000
679.772539	873.845387	57.005769	50.059000
679.772534	873.842890	57.005770	50.059000
679.772539	873.840388	57.005769	50.059000
679.772538	873.837888	57.005770	50.060000
679.772537	873.835377	57.005772	50.060000
679.772540	873.832890	57.005771	50.061000
679.772537	873.830483	57.005772	50.061000
679.772539	873.827980	57.005772	50.062000
679.772539	873.825488	57.005770	50.062000
679.772538	873.822876	57.005772	50.063000
679.772539	873.820492	57.005769	50.063000
679.772536	873.817984	57.005773	50.064000
679.772538	873.815473	57.005771	50.065000
679.772539	873.812978	57.005770	50.066000
679.772541	873.810279	57.005771	50.067000
679.772539	873.807784	57.005769	50.067000
679.772539	873.805294	57.005770	50.068000
679.772540	873.802785	57.005771	50.068000
679.772540	873.800381	57.005773	50.068000
679.772541	873.797891	57.005770	50.068000
679.772540	873.795375	57.005771	50.068000
679.772536	873.792887	57.005770	50.068000
679.772541	873.790378	57.005768	50.068000
679.772540	873.787881	57.005769	50.068000
679.772537	873.785386	57.005771	50.068000
679.772539	873.782883	57.005771	50.068000
679.772539	873.780395	57.005771	50.068000
679.772541	873.777901	57.005773	50.068000
679.772540	873.775373	57.005773	50.068000
679.772540	873.772689	57.005771	50.068000
679.772540	873.770175	57.005772	50.068000
679.772540	873.767680	57.005772	50.069000
679.772539	873.765186	57.005771	50.070000
679.772545	873.762692	57.005770	50.070000
679.772544	873.760195	57.005770	50.071000
679.772540	873.757786	57.005772	50.072000
679.772542	873.755183	57.005768	50.073000
679.772541	873.752780	57.005772	50.074000
679.772538	873.750272	57.005772	50.074000
679.772543	873.747785	57.005771	50.075000
679.772541	873.745087	57.005772	50.075000
679.772542	873.742581	57.005771	50.075000
679.772539	873.740099	57.005769	50.076000
679.772540	873.737586	57.005772	50.076000
679.772541	873.734878	57.005772	50.077000
679.772539	873.732378	57.005774	50.077000
679.772540	873.729882	57.005772	50.078000
679.772541	873.727375	57.005771	50.079000
679.772538	873.724904	57.005772	50.080000
679.772538	873.722498	57.005767	50.081000
679.772538	873.719999	57.005768	50.081000
679.772540	873.717479	57.005766	50.082000
679.772544	873.714966	57.005767	50.082000
679.772538	873.712489	57.005768	50.082000
679.772539	873.709983	57.005769	50.081000
679.772542	873.707476	57.005770	50.081000
679.772539	873.704996	57.005770	50.080000
679.772540	873.702395	57.005770	50.080000
679.772544	873.699991	57.005769	50.079000
679.772542	873.697291	57.005769	50.079000
679.772539	873.694782	57.005769	50.079000
679.772539	873.692287	57.005769	50.079000
679.772542	873.689788	57.005770	50.079000
679.772538	873.687281	57.005770	50.079000
679.772543	873.684792	57.005769	50.079000
679.772540	873.682382	57.005772	50.078000
679.772539	873.679787	57.005773	50.077000
679.772540	873.677385	57.005768	50.075000
679.772539	873.674892	57.005769	50.074000
679.772536	873.672399	57.005772	50.072000
679.772539	873.669878	57.005771	50.070000
679.772541	873.667388	57.005771	50.069000
679.772540	873.664898	57.005768	50.068000
679.772539	873.662389	57.005768	50.068000
679.772539	873.659799	57.005771	50.067000
679.772538	873.657287	57.005766	50.066000
679.772538	873.654780	57.005772	50.066000
679.772538	873.652285	57.005774	50.065000
679.772540	873.649790	57.005769	50.064000
679.772536	873.647286	57.005767	50.064000
679.772539	873.644892	57.005773	50.063000
679.772541	873.642378	57.005771	50.063000
679.772540	873.639893	57.005766	50.063000
679.772536	873.637389	57.005771	50.063000
679.772535	873.634888	57.005773	50.063000
679.772542	873.632286	57.005768	50.063000
679.772541	873.629875	57.005772	50.064000
679.772537	873.627281	57.005770	50.064000
679.772539	873.624897	57.005768	50.063000
679.772540	873.622389	57.005768	50.062000
679.772542	873.619686	57.005769	50.062000
679.772536	873.617185	57.005774	50.061000
679.772544	873.614685	57.005766	50.060000
679.772539	873.612188	57.005772	50.059000
679.772538	873.609676	57.005773	50.058000
679.772537	873.607285	57.005768	50.057000
679.772545	873.604289	57.005773	50.056000
679.772537	873.601777	57.005773	50.056000
679.772542	873.599294	57.005767	50.055000
679.772544	873.596780	57.005768	50.054000
679.772539	873.594278	57.005774	50.054000
679.772540	873.591780	57.005765	50.054000
679.772539	873.589278	57.005775	50.054000
679.772537	873.586687	57.005774	50.054000
679.772540	873.584288	57.005773	50.054000
679.772541	873.581581	57.005766	50.055000
679.772540	873.579094	57.005772	50.055000
679.772541	873.576476	57.005768	50.056000
679.772537	873.574162	57.005768	50.056000
679.772536	873.571676	57.005776	50.056000
679.772541	873.569174	57.005764	50.057000
679.772537	873.566685	57.005774	50.056000
679.772536	873.564191	57.005770	50.056000
679.772541	873.561671	57.005768	50.056000
679.772541	873.559190	57.005768	50.057000
679.772539	873.556671	57.005772	50.057000
679.772542	873.554182	57.005766	50.057000
679.772540	873.551582	57.005770	50.057000
679.772540	873.549171	57.005768	50.058000
679.772538	873.546671	57.005771	50.058000
679.772537	873.543982	57.005772	50.059000
679.772537	873.541384	57.005773	50.059000
679.772540	873.538993	57.005771	50.059000
679.772542	873.536369	57.005776	50.059000
679.772540	873.533979	57.005775	50.059000
679.772540	873.531481	57.005764	50.060000
679.772536	873.528984	57.005775	50.060000
679.772538	873.526383	57.005775	50.061000
679.772538	873.523973	57.005773	50.062000
679.772541	873.521482	57.005768	50.062000
679.772536	873.518887	57.005766	50.063000
679.772539	873.516465	57.005768	50.064000
679.772538	873.513980	57.005774	50.065000
679.772534	873.511385	57.005776	50.065000
679.772536	873.508170	57.005767	50.066000
679.772543	873.505681	57.005773	50.067000
679.772540	873.503177	57.005766	50.067000
679.772543	873.500576	57.005769	50.068000
679.772538	873.498286	57.005775	50.068000
679.772543	873.495770	57.005764	50.067000
679.772540	873.493279	57.005776	50.067000
679.772538	873.490775	57.005765	50.067000
679.772538	873.488174	57.005765	50.067000
679.772543	873.485782	57.005765	50.066000
679.772539	873.483287	57.005775	50.066000
679.772541	873.480779	57.005763	50.066000
679.772541	873.478285	57.005776	50.065000
679.772539	873.475782	57.005767	50.064000
679.772543	873.473286	57.005771	50.063000
679.772539	873.470771	57.005770	50.061000
679.772538	873.468069	57.005776	50.060000
679.772537	873.465592	57.005764	50.059000
679.772540	873.463097	57.005775	50.058000
679.772541	873.460589	57.005764	50.057000
679.772539	873.458080	57.005776	50.057000
679.772540	873.455574	57.005766	50.057000
679.772540	873.453191	57.005765	50.057000
679.772540	873.450682	57.005772	50.057000
679.772541	873.448181	57.005768	50.057000
679.772540	873.445593	57.005767	50.057000
679.772540	873.443190	57.005771	50.057000
679.772542	873.440686	57.005769	50.057000
679.772538	873.438187	57.005771	50.057000
679.772542	873.435675	57.005770	50.058000
679.772541	873.433295	57.005769	50.058000
679.772537	873.430473	57.005776	50.058000
679.772539	873.428088	57.005774	50.059000
679.772537	873.425495	57.005775	50.059000
679.772541	873.422785	57.005767	50.060000
679.772539	873.420496	57.005775	50.060000
679.772541	873.417988	57.005765	50.060000
679.772540	873.415571	57.005765	50.059000
679.772539	873.413087	57.005775	50.059000
679.772541	873.410586	57.005765	50.059000
679.772537	873.408089	57.005776	50.059000
679.772540	873.405584	57.005765	50.059000
679.772536	873.402891	57.005774	50.058000
679.772544	873.400491	57.005773	50.058000
679.772539	873.397903	57.005775	50.058000
679.772544	873.395376	57.005764	50.058000
679.772540	873.392686	57.005772	50.058000
679.772541	873.390188	57.005770	50.058000
679.772539	873.387691	57.005770	50.059000
679.772541	873.385194	57.005771	50.059000
679.772540	873.382796	57.005769	50.060000
679.772541	873.380191	57.005773	50.060000
679.772543	873.377789	57.005772	50.061000
679.772544	873.375278	57.005767	50.062000
679.772541	873.372692	57.005766	50.063000
679.772542	873.370189	57.005771	50.064000
679.772539	873.367787	57.005768	50.065000
679.772541	873.365284	57.005773	50.065000
679.772542	873.362786	57.005770	50.065000
679.772539	873.360294	57.005768	50.066000
679.772540	873.357796	57.005770	50.066000
679.772542	873.355080	57.005766	50.066000
679.772538	873.352588	57.005775	50.066000
679.772540	873.350075	57.005766	50.065000
679.772543	873.347475	57.005764	50.065000
679.772539	873.345192	57.005776	50.064000
679.772541	873.342584	57.005775	50.064000
679.772542	873.340192	57.005775	50.064000
679.772545	873.337681	57.005765	50.064000
679.772536	873.333780	57.005769	50.064000
679.772538	873.332287	57.005775	50.065000
679.772540	873.329786	57.005765	50.065000
679.772539	873.327181	57.005776	50.067000
679.772538	873.324784	57.005777	50.068000
679.772540	873.322176	57.005773	50.069000
679.772534	873.319788	57.005772	50.070000
679.772541	873.316985	57.005768	50.071000
679.772539	873.314583	57.005774	50.072000
679.772540	873.311987	57.005775	50.073000
679.772538	873.309581	57.005775	50.073000
679.772540	873.307185	57.005776	50.074000
679.772540	873.304696	57.005766	50.074000
679.772540	873.302188	57.005768	50.075000
679.772540	873.299696	57.005775	50.076000
679.772544	873.297184	57.005763	50.076000
679.772536	873.294681	57.005772	50.077000
679.772541	873.292084	57.005766	50.077000
679.772541	873.289578	57.005776	50.077000
679.772543	873.287089	57.005765	50.077000
679.772536	873.284597	57.005770	50.077000
679.772542	873.282084	57.005771	50.077000
679.772541	873.279389	57.005767	50.077000
679.772541	873.276879	57.005771	50.076000
679.772540	873.274383	57.005770	50.075000
679.772544	873.271884	57.005771	50.074000
679.772538	873.269380	57.005769	50.073000
679.772539	873.266988	57.005772	50.072000
679.772542	873.264494	57.005771	50.071000
679.772543	873.261986	57.005767	50.070000
679.772541	873.259492	57.005774	50.069000
679.772542	873.256979	57.005764	50.068000
679.772541	873.254485	57.005775	50.067000
679.772542	873.251988	57.005770	50.066000
679.772542	873.249476	57.005764	50.065000
679.772537	873.246986	57.005776	50.064000
679.772543	873.244500	57.005765	50.063000
679.772541	873.241984	57.005773	50.062000
679.772539	873.239192	57.005764	50.060000
679.772541	873.236784	57.005763	50.059000
679.772539	873.234276	57.005773	50.058000
679.772539	873.231779	57.005774	50.057000
679.772541	873.228784	57.005764	50.056000
679.772543	873.226393	57.005762	50.055000
679.772538	873.224092	57.005776	50.054000
679.772540	873.221570	57.005763	50.053000
679.772539	873.219084	57.005771	50.052000
679.772541	873.216584	57.005773	50.051000
679.772536	873.213989	57.005776	50.051000
679.772540	873.211478	57.005772	50.050000
679.772536	873.208982	57.005763	50.050000
679.772546	873.202791	57.005768	50.051000
679.772539	873.199284	57.005768	50.052000
679.772538	873.196780	57.005778	50.052000
679.772541	873.194276	57.005768	50.053000
679.772537	873.191789	57.005764	50.054000
679.772541	873.189284	57.005776	50.054000
679.772538	873.186889	57.005777	50.055000
679.772541	873.184393	57.005767	50.055000
679.772541	873.181794	57.005778	50.056000
679.772540	873.179397	57.005778	50.056000
679.772543	873.176874	57.005771	50.057000
679.772541	873.174175	57.005764	50.057000
679.772539	873.171684	57.005772	50.058000
679.772538	873.169181	57.005772	50.058000
679.772540	873.166694	57.005762	50.059000
679.772536	873.163991	57.005769	50.059000
679.772537	873.161480	57.005773	50.058000
679.772539	873.158893	57.005776	50.058000
679.772541	873.156387	57.005765	50.058000
679.772544	873.153994	57.005765	50.058000
679.772544	873.151391	57.005769	50.058000
679.772538	873.148971	57.005772	50.058000
679.772540	873.146481	57.005764	50.058000
679.772540	873.143996	57.005776	50.058000
679.772540	873.141493	57.005764	50.058000
679.772537	873.138995	57.005771	50.058000
679.772536	873.136481	57.005776	50.059000
679.772541	873.133982	57.005764	50.059000
679.772536	873.131481	57.005773	50.060000
679.772538	873.128978	57.005771	50.060000
679.772543	873.126292	57.005765	50.061000
679.772542	873.123697	57.005776	50.062000
679.772542	873.121088	57.005773	50.063000
679.772541	873.118796	57.005768	50.064000
679.772539	873.116382	57.005770	50.064000
679.772540	873.113786	57.005775	50.064000
679.772542	873.111284	57.005764	50.063000
679.772541	873.108888	57.005767	50.063000
679.772539	873.106390	57.005764	50.062000
679.772534	873.103898	57.005778	50.061000
679.772544	873.101390	57.005767	50.060000
679.772541	873.098905	57.005765	50.060000
679.772538	873.096382	57.005777	50.059000
679.772538	873.093892	57.005768	50.060000
679.772540	873.091292	57.005777	50.060000
679.772538	873.088690	57.005772	50.061000
679.772542	873.086190	57.005776	50.061000
679.772544	873.083697	57.005763	50.062000
679.772541	873.081087	57.005773	50.062000
679.772539	873.078800	57.005767	50.062000
679.772541	873.076280	57.005777	50.063000
679.772540	873.073792	57.005765	50.063000
679.772539	873.071289	57.005769	50.063000
679.772539	873.068793	57.005777	50.063000
679.772543	873.066295	57.005764	50.064000
679.772541	873.063808	57.005767	50.064000
679.772541	873.061285	57.005777	50.064000
679.772539	873.058795	57.005765	50.063000
679.772538	873.056284	57.005774	50.063000
679.772539	873.053790	57.005768	50.063000
679.772543	873.051284	57.005766	50.062000
679.772539	873.048578	57.005775	50.061000
679.772538	873.046188	57.005773	50.060000
679.772539	873.043501	57.005777	50.060000
679.772540	873.041080	57.005773	50.059000
679.772540	873.038694	57.005773	50.059000
679.772540	873.036081	57.005766	50.059000
679.772543	873.033690	57.005765	50.059000
679.772540	873.031179	57.005777	50.059000
679.772542	873.028577	57.005766	50.059000
679.772542	873.026187	57.005764	50.059000
679.772538	873.023689	57.005778	50.059000
679.772542	873.021186	57.005768	50.060000
679.772540	873.018594	57.005777	50.061000
679.772537	873.016192	57.005777	50.061000
679.772541	873.013787	57.005772	50.062000
679.772537	873.010878	57.005771	50.063000
679.772540	873.008380	57.005771	50.065000
679.772540	873.005983	57.005770	50.066000
679.772541	873.003488	57.005768	50.068000
679.772540	873.000999	57.005772	50.069000
679.772539	872.998304	57.005763	50.070000
679.772540	872.995982	57.005776	50.071000
679.772538	872.993489	57.005772	50.072000
679.772540	872.990988	57.005763	50.072000
679.772537	872.987984	57.005776	50.072000
679.772537	872.985595	57.005773	50.072000
679.772539	872.983093	57.005773	50.071000
679.772539	872.980591	57.005762	50.071000
679.772540	872.977994	57.005774	50.071000
679.772541	872.975485	57.005763	50.070000
679.772540	872.972786	57.005772	50.070000
679.772541	872.970384	57.005770	50.070000
679.772539	872.967590	57.005767	50.070000
679.772541	872.965100	57.005762	50.069000
679.772539	872.962582	57.005775	50.069000
679.772539	872.960084	57.005775	50.069000
679.772544	872.957392	57.005767	50.068000
679.772539	872.954882	57.005767	50.068000
679.772540	872.952489	57.005763	50.068000
679.772539	872.949878	57.005769	50.067000
679.772539	872.947477	57.005775	50.067000
679.772541	872.944989	57.005763	50.067000
679.772537	872.942491	57.005772	50.068000
679.772539	872.939992	57.005776	50.068000
679.772539	872.937285	57.005773	50.069000
679.772543	872.934786	57.005762	50.069000
679.772540	872.932091	57.005768	50.069000
679.772542	872.929481	57.005763	50.069000
679.772538	872.926984	57.005772	50.069000
679.772542	872.924388	57.005761	50.068000
679.772540	872.921985	57.005765	50.068000
679.772542	872.919594	57.005771	50.068000
679.772539	872.917088	57.005764	50.068000
679.772539	872.914575	57.005778	50.068000
679.772542	872.912085	57.005770	50.068000
679.772542	872.909589	57.005761	50.068000
679.772539	872.906989	57.005770	50.068000
679.772541	872.904591	57.005774	50.068000
679.772540	872.902083	57.005762	50.068000
679.772537	872.899593	57.005776	50.068000
679.772536	872.896883	57.005779	50.068000
679.772543	872.894382	57.005765	50.067000
679.772539	872.891786	57.005775	50.066000
679.772539	872.889383	57.005776	50.064000
679.772537	872.886785	57.005775	50.063000
679.772538	872.884397	57.005773	50.062000
679.772542	872.881884	57.005772	50.061000
679.772542	872.879395	57.005762	50.060000
679.772536	872.876879	57.005775	50.059000
679.772540	872.874380	57.005773	50.059000
679.772543	872.871888	57.005762	50.058000
679.772537	872.869380	57.005773	50.057000
679.772540	872.866879	57.005778	50.056000
679.772540	872.864397	57.005764	50.055000
679.772539	872.861889	57.005768	50.053000
679.772536	872.859191	57.005776	50.053000
679.772540	872.856671	57.005774	50.052000
679.772544	872.854186	57.005762	50.051000
679.772537	872.851689	57.005771	50.050000
679.772540	872.849177	57.005773	50.050000
679.772543	872.846677	57.005763	50.049000
679.772539	872.844187	57.005777	50.049000
679.772542	872.841688	57.005769	50.049000
679.772541	872.839191	57.005761	50.050000
679.772544	872.836778	57.005763	50.050000
679.772536	872.834278	57.005768	50.051000
679.772536	872.831780	57.005777	50.052000
679.772538	872.829272	57.005769	50.052000
679.772542	872.826777	57.005763	50.053000
679.772542	872.824186	57.005765	50.054000
679.772542	872.821777	57.005769	50.054000
679.772541	872.819087	57.005764	50.055000
679.772540	872.816572	57.005771	50.055000
679.772537	872.814086	57.005777	50.055000
679.772544	872.811580	57.005764	50.055000
679.772538	872.809064	57.005768	50.055000
679.772539	872.806580	57.005777	50.056000
679.772537	872.804186	57.005777	50.057000
679.772540	872.801677	57.005768	50.057000
679.772542	872.799186	57.005764	50.058000
679.772541	872.796675	57.005778	50.059000
679.772539	872.794181	57.005768	50.060000
679.772540	872.791677	57.005766	50.061000
679.772538	872.789170	57.005777	50.062000
679.772541	872.786680	57.005764	50.063000
679.772539	872.784189	57.005767	50.064000
679.772545	872.779686	57.005769	50.065000
679.772537	872.777077	57.005777	50.066000
679.772538	872.774475	57.005768	50.067000
679.772544	872.772176	57.005774	50.068000
679.772540	872.769575	57.005775	50.069000
679.772537	872.767087	57.005771	50.071000
679.772539	872.764489	57.005776	50.072000
679.772540	872.762082	57.005776	50.073000
679.772543	872.759589	57.005762	50.075000
679.772541	872.757087	57.005773	50.076000
679.772544	872.754577	57.005773	50.077000
679.772542	872.752090	57.005762	50.079000
679.772537	872.749568	57.005773	50.080000
679.772540	872.747085	57.005773	50.081000
679.772542	872.744388	57.005765	50.083000
679.772537	872.741882	57.005775	50.083000
679.772540	872.739386	57.005763	50.084000
679.772535	872.736881	57.005776	50.084000
679.772538	872.734387	57.005765	50.085000
679.772541	872.731985	57.005766	50.085000
679.772537	872.729469	57.005769	50.085000
679.772540	872.726980	57.005778	50.084000
679.772542	872.724493	57.005766	50.083000
679.772539	872.721879	57.005776	50.082000
679.772541	872.719393	57.005763	50.081000
679.772541	872.716984	57.005766	50.080000
679.772538	872.714487	57.005764	50.078000
679.772537	872.711985	57.005777	50.076000
679.772537	872.709485	57.005769	50.074000
679.772537	872.706986	57.005767	50.073000
679.772537	872.704292	57.005775	50.071000
679.772540	872.701784	57.005769	50.070000
679.772537	872.699296	57.005768	50.069000
679.772538	872.696784	57.005779	50.068000
679.772540	872.694285	57.005767	50.067000
679.772541	872.691789	57.005766	50.065000
679.772540	872.689388	57.005763	50.063000
679.772537	872.686883	57.005776	50.061000
679.772540	872.684394	57.005766	50.059000
679.772537	872.681882	57.005771	50.057000
679.772539	872.679299	57.005762	50.055000
679.772542	872.676877	57.005765	50.054000
679.772539	872.674380	57.005770	50.053000
679.772537	872.671882	57.005774	50.052000
679.772543	872.669380	57.005763	50.052000
679.772539	872.666685	57.005766	50.051000
679.772539	872.664194	57.005778	50.051000
679.772539	872.661686	57.005770	50.050000
679.772538	872.659203	57.005764	50.049000
679.772539	872.656779	57.005766	50.048000
679.772539	872.654185	57.005766	50.047000
679.772542	872.651785	57.005768	50.046000
679.772541	872.646777	57.005764	50.045000
679.772543	872.643690	57.005764	50.045000
679.772539	872.641181	57.005775	50.046000
679.772543	872.638687	57.005766	50.047000
679.772537	872.636174	57.005775	50.048000
679.772539	872.633684	57.005765	50.050000
679.772536	872.631180	57.005775	50.051000
679.772542	872.628479	57.005770	50.052000
679.772540	872.625986	57.005769	50.052000
679.772538	872.623494	57.005773	50.051000
679.772538	872.620983	57.005767	50.051000
679.772537	872.618492	57.005769	50.051000
679.772538	872.616073	57.005770	50.050000
679.772539	872.613579	57.005766	50.050000
679.772539	872.610379	57.005772	50.051000
679.772543	872.607979	57.005769	50.051000
679.772535	872.605490	57.005771	50.052000
679.772542	872.602993	57.005770	50.053000
679.772540	872.600288	57.005764	50.055000
679.772539	872.597988	57.005775	50.056000
679.772543	872.595475	57.005763	50.056000
679.772543	872.592984	57.005777	50.056000
679.772539	872.590178	57.005763	50.056000
679.772541	872.587775	57.005764	50.056000
679.772535	872.585287	57.005775	50.055000
679.772538	872.582790	57.005768	50.054000
679.772538	872.580388	57.005773	50.054000
679.772538	872.577586	57.005774	50.054000
679.772537	872.575076	57.005771	50.055000
679.772543	872.572591	57.005766	50.056000
679.772542	872.570081	57.005774	50.057000
679.772541	872.567577	57.005770	50.059000
679.772538	872.564995	57.005771	50.060000
679.772534	872.562585	57.005774	50.062000
679.772540	872.559984	57.005768	50.063000
679.772539	872.557490	57.005771	50.065000
679.772541	872.554888	57.005773	50.065000
679.772543	872.552187	57.005766	50.066000
679.772538	872.549669	57.005775	50.066000
679.772542	872.547181	57.005765	50.066000
679.772541	872.544699	57.005776	50.066000
679.772543	872.542189	57.005764	50.066000
679.772537	872.539700	57.005774	50.067000
679.772539	872.537280	57.005773	50.068000
679.772541	872.534785	57.005768	50.069000
679.772545	872.532285	57.005768	50.069000
679.772541	872.529786	57.005774	50.070000
679.772540	872.527185	57.005771	50.071000
679.772539	872.524794	57.005765	50.072000
679.772538	872.522286	57.005776	50.072000
679.772542	872.519791	57.005764	50.073000
679.772539	872.517090	57.005775	50.073000
679.772542	872.514682	57.005774	50.074000
679.772538	872.512187	57.005768	50.074000
679.772542	872.509680	57.005768	50.074000
679.772542	872.507087	57.005767	50.075000
679.772537	872.504694	57.005774	50.076000
679.772541	872.502189	57.005771	50.076000
679.772541	872.499794	57.005773	50.077000
679.772539	872.497288	57.005772	50.079000
679.772541	872.494777	57.005773	50.080000
679.772545	872.492290	57.005765	50.081000
679.772540	872.489782	57.005774	50.082000
679.772539	872.487285	57.005772	50.082000
679.772543	872.484788	57.005769	50.083000
679.772538	872.482280	57.005772	50.084000
679.772542	872.479800	57.005771	50.084000
679.772535	872.477078	57.005771	50.085000
679.772537	872.474580	57.005772	50.085000
679.772540	872.472092	57.005770	50.085000
679.772541	872.469578	57.005770	50.085000
679.772541	872.467084	57.005769	50.085000
679.772540	872.464494	57.005767	50.086000
679.772542	872.462188	57.005769	50.087000
679.772539	872.459698	57.005770	50.087000
679.772541	872.457184	57.005771	50.088000
679.772542	872.454680	57.005767	50.089000
679.772542	872.452189	57.005769	50.090000
679.772542	872.449674	57.005770	50.091000
679.772539	872.447182	57.005772	50.091000
679.772538	872.444692	57.005771	50.091000
679.772540	872.442088	57.005768	50.092000
679.772541	872.439492	57.005771	50.092000
679.772537	872.436981	57.005771	50.092000
679.772542	872.434483	57.005770	50.092000
679.772539	872.431890	57.005771	50.092000
679.772539	872.429578	57.005768	50.092000
679.772536	872.426973	57.005773	50.093000
679.772539	872.424592	57.005768	50.093000
679.772538	872.422086	57.005767	50.093000
679.772540	872.419591	57.005769	50.093000
679.772539	872.417077	57.005771	50.093000
679.772538	872.414580	57.005770	50.093000
679.772542	872.412086	57.005769	50.093000
679.772538	872.409579	57.005768	50.093000
679.772540	872.406976	57.005772	50.093000
679.772537	872.404483	57.005772	50.093000
679.772539	872.401882	57.005768	50.092000
679.772537	872.399297	57.005768	50.092000
679.772541	872.396882	57.005769	50.091000
679.772538	872.394284	57.005767	50.090000
679.772538	872.391886	57.005773	50.089000
679.772537	872.389385	57.005770	50.088000
679.772541	872.386877	57.005768	50.088000
679.772540	872.384493	57.005768	50.088000
679.772542	872.381985	57.005768	50.088000
679.772539	872.379497	57.005771	50.088000
679.772539	872.376979	57.005771	50.088000
679.772539	872.374583	57.005771	50.088000
679.772540	872.371983	57.005768	50.087000
679.772541	872.369475	57.005767	50.086000
679.772541	872.366985	57.005767	50.084000
679.772540	872.363492	57.005772	50.081000
679.772537	872.360982	57.005772	50.080000
679.772540	872.358490	57.005769	50.078000
679.772543	872.355975	57.005768	50.077000
679.772540	872.353488	57.005770	50.076000
679.772540	872.351079	57.005768	50.076000
679.772538	872.348482	57.005772	50.075000
679.772540	872.345987	57.005770	50.075000
679.772539	872.343497	57.005768	50.074000
679.772540	872.340985	57.005769	50.072000
679.772544	872.338500	57.005771	50.071000
679.772540	872.335976	57.005771	50.069000
679.772542	872.333291	57.005772	50.068000
679.772539	872.330777	57.005771	50.066000
679.772542	872.328285	57.005768	50.065000
679.772539	872.325788	57.005769	50.064000
679.772539	872.323290	57.005770	50.063000
679.772542	872.320784	57.005771	50.063000
679.772538	872.318303	57.005769	50.063000
679.772543	872.315784	57.005769	50.062000
679.772540	872.313284	57.005771	50.061000
679.772538	872.310881	57.005771	50.060000
679.772543	872.308385	57.005772	50.059000
679.772540	872.305585	57.005769	50.057000
679.772540	872.303088	57.005771	50.055000
679.772541	872.300692	57.005770	50.054000
679.772538	872.298197	57.005771	50.053000
679.772539	872.295586	57.005771	50.052000
679.772538	872.293092	57.005769	50.052000
679.772538	872.290583	57.005771	50.052000
679.772542	872.288084	57.005769	50.053000
679.772540	872.285596	57.005771	50.054000
679.772543	872.283089	57.005770	50.055000
679.772536	872.280591	57.005770	50.057000
679.772540	872.278193	57.005771	50.058000
679.772541	872.275677	57.005769	50.059000
679.772540	872.273185	57.005770	50.060000
679.772542	872.270484	57.005771	50.060000
679.772542	872.268188	57.005769	50.060000
679.772539	872.265691	57.005771	50.060000
679.772539	872.263185	57.005772	50.059000
679.772539	872.260695	57.005770	50.059000
679.772540	872.257995	57.005768	50.058000
679.772539	872.255478	57.005769	50.057000
679.772541	872.252988	57.005771	50.057000
679.772542	872.250481	57.005769	50.056000
679.772541	872.248080	57.005769	50.056000
679.772542	872.245492	57.005770	50.056000
679.772539	872.242991	57.005770	50.056000
679.772544	872.240490	57.005770	50.056000
679.772539	872.237991	57.005769	50.056000
679.772541	872.235480	57.005771	50.057000
679.772536	872.232991	57.005769	50.058000
679.772538	872.230481	57.005771	50.058000
679.772541	872.227982	57.005770	50.059000
679.772539	872.225493	57.005770	50.060000
679.772540	872.222992	57.005771	50.060000
679.772538	872.220291	57.005770	50.061000
679.772541	872.217790	57.005770	50.061000
679.772538	872.215377	57.005771	50.061000
679.772539	872.212788	57.005770	50.061000
679.772540	872.210292	57.005769	50.061000
679.772540	872.207784	57.005772	50.062000
679.772541	872.205395	57.005771	50.062000
679.772539	872.202793	57.005770	50.062000
679.772539	872.200391	57.005771	50.062000
679.772539	872.197890	57.005770	50.062000
679.772539	872.195379	57.005769	50.062000
679.772540	872.192891	57.005770	50.062000
679.772535	872.190375	57.005770	50.061000
679.772539	872.187863	57.005769	50.060000
679.772538	872.185407	57.005770	50.060000
679.772542	872.182599	57.005772	50.060000
679.772540	872.180195	57.005771	50.060000
679.772541	872.177578	57.005772	50.061000
679.772542	872.175178	57.005771	50.062000
679.772537	872.172703	57.005773	50.063000
679.772540	872.170180	57.005770	50.064000
679.772541	872.167577	57.005772	50.065000
679.772537	872.165284	57.005767	50.066000
679.772539	872.162786	57.005769	50.066000
679.772537	872.160296	57.005770	50.066000
679.772540	872.157697	57.005769	50.066000
679.772538	872.155283	57.005768	50.065000
679.772539	872.152783	57.005769	50.063000
679.772539	872.150182	57.005769	50.062000
679.772537	872.147790	57.005771	50.060000
679.772537	872.145297	57.005769	50.058000
679.772541	872.142585	57.005771	50.057000
679.772540	872.140087	57.005772	50.056000
679.772540	872.137593	57.005771	50.054000
679.772540	872.135081	57.005769	50.053000
679.772540	872.132586	57.005771	50.052000
679.772538	872.130172	57.005771	50.051000
679.772541	872.127681	57.005769	50.049000
679.772539	872.125197	57.005768	50.048000
679.772540	872.122692	57.005771	50.048000
679.772536	872.120190	57.005771	50.047000
679.772540	872.117683	57.005769	50.047000
679.772538	872.115179	57.005770	50.047000
679.772541	872.112692	57.005771	50.048000
679.772540	872.110082	57.005771	50.049000
679.772538	872.107580	57.005769	50.050000
679.772541	872.105086	57.005770	50.051000
679.772540	872.102586	57.005770	50.052000
679.772541	872.100096	57.005770	50.053000
679.772541	872.097581	57.005770	50.053000
679.772539	872.095079	57.005770	50.052000
679.772540	872.092586	57.005771	50.052000
679.772538	872.090181	57.005771	50.051000
679.772539	872.087679	57.005770	50.050000
679.772537	872.085182	57.005769	50.049000
679.772538	872.082688	57.005772	50.048000
679.772542	872.080192	57.005772	50.047000
679.772536	872.077683	57.005773	50.046000
679.772540	872.075168	57.005772	50.046000
679.772540	872.072687	57.005771	50.045000
679.772539	872.070186	57.005768	50.044000
679.772536	872.067580	57.005772	50.044000
679.772542	872.065084	57.005772	50.044000
679.772539	872.062586	57.005770	50.044000
679.772538	872.060088	57.005771	50.044000
679.772537	872.057583	57.005769	50.045000
679.772541	872.055074	57.005769	50.046000
679.772541	872.052677	57.005772	50.046000
679.772539	872.050172	57.005773	50.047000
679.772541	872.047678	57.005772	50.048000
679.772538	872.045189	57.005769	50.049000
679.772542	872.042684	57.005768	50.049000
679.772539	872.040191	57.005768	50.050000
679.772542	872.037678	57.005770	50.051000
679.772538	872.035067	57.005768	50.052000
679.772543	872.032680	57.005772	50.053000
679.772540	872.030185	57.005771	50.054000
679.772542	872.027481	57.005771	50.055000
679.772541	872.024985	57.005773	50.057000
679.772541	872.022476	57.005772	50.058000
679.772540	872.019981	57.005772	50.059000
679.772541	872.017488	57.005771	50.060000
679.772539	872.014987	57.005770	50.061000
679.772541	872.012494	57.005769	50.061000
679.772542	872.010071	57.005772	50.062000
679.772539	872.007579	57.005770	50.062000
679.772542	872.005087	57.005768	50.063000
679.772541	872.002587	57.005768	50.063000
679.772544	872.000087	57.005768	50.064000
679.772541	871.997581	57.005767	50.065000
679.772544	871.995070	57.005768	50.066000
679.772539	871.992488	57.005771	50.068000
679.772540	871.990073	57.005770	50.069000
679.772539	871.987373	57.005773	50.070000
679.772539	871.984886	57.005773	50.071000
679.772539	871.982386	57.005769	50.072000
679.772538	871.979893	57.005766	50.072000
679.772540	871.977477	57.005772	50.072000
679.772540	871.974972	57.005772	50.072000
679.772540	871.972483	57.005769	50.072000
679.772539	871.969980	57.005768	50.072000
679.772535	871.967478	57.005769	50.072000
679.772542	871.964985	57.005771	50.072000
679.772538	871.962482	57.005773	50.073000
679.772539	871.959897	57.005768	50.073000
679.772541	871.957484	57.005772	50.074000
679.772540	871.954985	57.005773	50.074000
679.772543	871.952481	57.005773	50.074000
679.772540	871.949779	57.005772	50.074000
679.772542	871.947278	57.005769	50.073000
679.772539	871.944801	57.005768	50.073000
679.772540	871.942286	57.005768	50.072000
679.772538	871.939793	57.005767	50.072000
679.772540	871.937385	57.005771	50.072000
679.772539	871.934884	57.005770	50.072000
679.772541	871.932394	57.005770	50.072000
679.772540	871.929885	57.005771	50.072000
679.772537	871.927385	57.005773	50.073000
679.772540	871.924901	57.005772	50.073000
679.772539	871.922290	57.005773	50.073000
679.772539	871.919895	57.005768	50.072000
679.772541	871.917397	57.005770	50.072000
679.772540	871.914992	57.005766	50.071000
679.772541	871.911988	57.005770	50.070000
679.772541	871.909676	57.005772	50.070000
679.772539	871.907188	57.005772	50.070000
679.772538	871.904701	57.005773	50.070000
679.772541	871.902191	57.005773	50.069000
679.772541	871.899795	57.005767	50.069000
679.772543	871.897289	57.005767	50.069000
679.772541	871.894787	57.005767	50.069000
679.772540	871.892292	57.005770	50.069000
679.772537	871.889781	57.005768	50.069000
679.772538	871.887276	57.005768	50.069000
679.772538	871.884792	57.005768	50.070000
679.772542	871.882286	57.005767	50.070000
679.772540	871.879793	57.005767	50.070000
679.772538	871.877282	57.005770	50.070000
679.772538	871.874576	57.005773	50.071000
679.772538	871.871984	57.005769	50.072000
679.772539	871.869479	57.005771	50.073000
679.772540	871.866981	57.005771	50.074000
679.772541	871.864493	57.005773	50.075000
679.772542	871.862076	57.005767	50.076000
679.772539	871.859595	57.005768	50.076000
679.772541	871.856981	57.005770	50.076000
679.772540	871.854576	57.005769	50.076000
679.772540	871.852087	57.005769	50.076000
679.772540	871.847582	57.005771	50.074000
679.772543	871.845094	57.005767	50.074000
679.772541	871.842588	57.005766	50.073000
679.772542	871.840090	57.005767	50.073000
679.772538	871.837483	57.005771	50.073000
679.772541	871.834977	57.005769	50.073000
679.772541	871.832490	57.005768	50.074000
679.772537	871.829978	57.005766	50.074000
679.772538	871.827579	57.005772	50.075000
679.772538	871.825087	57.005771	50.075000
679.772537	871.822485	57.005769	50.076000
679.772537	871.820096	57.005770	50.076000
679.772542	871.817485	57.005770	50.075000
679.772536	871.814977	57.005772	50.075000
679.772542	871.812584	57.005770	50.075000
679.772542	871.809981	57.005771	50.075000
679.772538	871.807581	57.005770	50.075000
679.772538	871.805086	57.005767	50.075000
679.772541	871.802584	57.005767	50.074000
679.772538	871.800190	57.005774	50.074000
679.772540	871.797484	57.005770	50.074000
679.772535	871.794877	57.005772	50.074000
679.772541	871.792383	57.005773	50.073000
679.772538	871.789877	57.005772	50.073000
679.772538	871.787480	57.005768	50.073000
679.772541	871.784989	57.005771	50.072000
679.772536	871.782489	57.005773	50.071000
679.772540	871.779990	57.005773	50.070000
679.772537	871.777488	57.005772	50.070000
679.772540	871.774873	57.005768	50.068000
679.772541	871.772486	57.005771	50.067000
679.772539	871.769975	57.005770	50.066000
679.772542	871.767475	57.005769	50.064000
679.772541	871.764887	57.005766	50.063000
679.772541	871.762585	57.005767	50.061000
679.772541	871.759793	57.005772	50.060000
679.772536	871.757281	57.005772	50.059000
679.772539	871.754778	57.005772	50.057000
679.772539	871.752289	57.005773	50.056000
679.772539	871.749881	57.005772	50.054000
679.772541	871.747282	57.005769	50.053000
679.772542	871.744892	57.005767	50.052000
679.772541	871.742388	57.005768	50.050000
679.772539	871.739889	57.005767	50.049000
679.772539	871.737389	57.005771	50.047000
679.772538	871.734879	57.005771	50.044000
679.772538	871.732384	57.005772	50.042000
679.772535	871.729874	57.005773	50.040000
679.772540	871.727380	57.005772	50.037000
679.772537	871.724896	57.005769	50.035000
679.772537	871.722080	57.005773	50.033000
679.772541	871.719685	57.005769	50.032000
679.772540	871.717184	57.005769	50.031000
679.772543	871.714679	57.005767	50.030000
679.772538	871.712182	57.005768	50.030000
679.772540	871.709771	57.005772	50.029000
679.772538	871.707278	57.005770	50.028000
679.772537	871.704794	57.005772	50.028000
679.772539	871.702284	57.005772	50.027000
679.772537	871.699792	57.005773	50.026000
679.772537	871.697282	57.005772	50.025000
679.772538	871.694779	57.005773	50.025000
679.772538	871.692285	57.005771	50.024000
679.772540	871.689680	57.005767	50.024000
679.772536	871.687278	57.005774	50.025000
679.772541	871.684693	57.005767	50.025000
679.772539	871.682185	57.005769	50.025000
679.772539	871.679592	57.005770	50.026000
679.772539	871.677186	57.005768	50.026000
679.772540	871.674685	57.005768	50.027000
679.772540	871.672188	57.005768	50.027000
679.772537	871.669779	57.005771	50.027000
679.772539	871.667282	57.005768	50.027000
679.772538	871.664794	57.005768	50.026000
679.772542	871.662281	57.005767	50.026000
679.772540	871.659790	57.005769	50.025000
679.772541	871.657284	57.005770	50.024000
679.772540	871.654777	57.005772	50.023000
679.772539	871.652283	57.005771	50.022000
679.772538	871.649782	57.005771	50.021000
679.772539	871.647085	57.005769	50.019000
679.772538	871.644495	57.005771	50.018000
679.772540	871.642078	57.005771	50.018000
679.772541	871.639594	57.005771	50.018000
679.772542	871.637087	57.005768	50.018000
679.772541	871.634680	57.005770	50.018000
679.772539	871.632178	57.005768	50.019000
679.772540	871.629686	57.005771	50.019000
679.772543	871.627185	57.005770	50.019000
679.772541	871.624691	57.005767	50.018000
679.772539	871.622184	57.005771	50.017000
679.772536	871.619694	57.005771	50.017000
679.772538	871.617181	57.005769	50.017000
679.772541	871.614784	57.005772	50.017000
679.772539	871.612185	57.005768	50.017000
679.772541	871.609480	57.005769	50.018000
679.772538	871.606990	57.005771	50.019000
679.772540	871.604491	57.005769	50.021000
679.772539	871.601990	57.005769	50.022000
679.772542	871.599496	57.005771	50.023000
679.772542	871.596988	57.005770	50.025000
679.772540	871.594578	57.005772	50.025000
679.772540	871.592092	57.005771	50.026000
679.772542	871.589581	57.005767	50.027000
679.772542	871.587090	57.005768	50.028000
679.772542	871.584599	57.005771	50.028000
679.772539	871.582092	57.005772	50.029000
679.772538	871.579298	57.005768	50.029000
679.772542	871.576787	57.005769	50.029000
679.772538	871.574081	57.005770	50.030000
679.772539	871.571692	57.005770	50.030000
679.772540	871.569079	57.005769	50.031000
679.772540	871.566590	57.005771	50.033000
679.772541	871.564095	57.005769	50.034000
679.772539	871.561591	57.005771	50.036000
679.772540	871.559200	57.005771	50.038000
679.772536	871.556683	57.005769	50.040000
679.772537	871.554189	57.005771	50.042000
679.772540	871.551692	57.005770	50.043000
679.772539	871.549182	57.005768	50.045000
679.772541	871.546482	57.005769	50.045000
679.772537	871.544195	57.005771	50.046000
679.772543	871.541689	57.005768	50.047000
679.772536	871.539198	57.005772	50.047000
679.772542	871.536581	57.005769	50.048000
679.772539	871.534186	57.005768	50.049000
679.772540	871.531491	57.005769	50.050000
679.772541	871.528880	57.005769	50.052000
679.772539	871.526484	57.005770	50.054000
679.772542	871.523993	57.005769	50.056000
679.772536	871.521484	57.005771	50.057000
679.772537	871.519095	57.005769	50.059000
679.772535	871.516582	57.005771	50.061000
679.772542	871.514084	57.005771	50.062000
679.772542	871.511590	57.005769	50.062000
679.772541	871.508984	57.005769	50.062000
679.772541	871.506588	57.005770	50.062000
679.772540	871.503996	57.005768	50.062000
679.772538	871.501584	57.005768	50.061000
679.772540	871.498992	57.005771	50.061000
679.772541	871.496377	57.005771	50.061000
679.772541	871.493885	57.005768	50.061000
679.772539	871.491387	57.005771	50.061000
679.772541	871.488879	57.005770	50.062000
679.772539	871.486490	57.005770	50.063000
679.772541	871.483997	57.005770	50.064000
679.772542	871.481188	57.005769	50.064000
679.772542	871.478793	57.005770	50.065000
679.772541	871.476279	57.005770	50.066000
679.772540	871.473789	57.005770	50.067000
679.772541	871.471283	57.005771	50.067000
679.772542	871.468678	57.005772	50.068000
679.772541	871.466283	57.005771	50.068000
679.772541	871.463594	57.005770	50.068000
679.772539	871.461280	57.005771	50.069000
679.772540	871.458798	57.005769	50.069000
679.772544	871.456080	57.005771	50.069000
679.772539	871.453590	57.005772	50.069000
679.772540	871.451085	57.005769	50.069000
679.772539	871.448588	57.005771	50.068000
679.772542	871.446096	57.005770	50.068000
679.772541	871.443592	57.005769	50.068000
679.772537	871.441082	57.005771	50.068000
679.772539	871.438690	57.005771	50.068000
679.772543	871.436187	57.005769	50.068000
679.772541	871.433693	57.005768	50.068000
679.772540	871.431185	57.005771	50.068000
679.772538	871.428677	57.005772	50.067000
679.772540	871.426191	57.005769	50.066000
679.772540	871.423693	57.005770	50.066000
679.772542	871.421187	57.005770	50.065000
679.772537	871.418492	57.005771	50.065000
679.772541	871.415972	57.005769	50.065000
679.772538	871.413469	57.005770	50.065000
679.772540	871.410972	57.005769	50.065000
679.772544	871.408585	57.005769	50.065000
679.772538	871.406090	57.005770	50.064000
679.772541	871.403590	57.005770	50.063000
679.772540	871.401081	57.005770	50.061000
679.772543	871.398588	57.005769	50.059000
679.772540	871.395973	57.005771	50.058000
679.772536	871.393577	57.005772	50.056000
679.772543	871.391075	57.005769	50.055000
679.772540	871.388577	57.005770	50.054000
679.772542	871.385982	57.005770	50.054000
679.772541	871.383582	57.005770	50.053000
679.772538	871.380880	57.005770	50.053000
679.772541	871.378286	57.005769	50.052000
679.772538	871.375769	57.005771	50.051000
679.772543	871.373383	57.005769	50.050000
679.772536	871.370876	57.005770	50.049000
679.772540	871.368476	57.005771	50.048000
679.772538	871.365976	57.005770	50.046000
679.772540	871.363489	57.005769	50.045000
679.772540	871.360980	57.005771	50.044000
679.772540	871.358483	57.005770	50.043000
679.772539	871.355963	57.005771	50.043000
679.772540	871.353483	57.005769	50.042000
679.772541	871.350974	57.005770	50.042000
679.772538	871.348476	57.005771	50.042000
679.772539	871.345982	57.005769	50.042000
679.772546	871.344144	57.005771	50.042000
