704.550263	888.332385	50.020647	55.550000
704.588056	888.332348	50.020648	55.544000
704.590590	888.332348	50.020651	55.543000
704.593131	888.332347	50.020651	55.543000
704.595738	888.332349	50.020648	55.544000
704.598270	888.332349	50.020648	55.545000
704.600683	888.332348	50.020651	55.546000
704.603223	888.332351	50.020653	55.547000
704.605796	888.332354	50.020646	55.549000
704.608351	888.332349	50.020649	55.550000
704.610862	888.332348	50.020652	55.551000
704.613336	888.332353	50.020652	55.551000
704.615824	888.332351	50.020652	55.552000
704.618347	888.332354	50.020653	55.552000
704.620858	888.332349	50.020653	55.552000
704.623376	888.332349	50.020654	55.551000
704.625830	888.332348	50.020654	55.551000
704.628377	888.332353	50.020651	55.551000
704.630873	888.332351	50.020648	55.551000
704.633349	888.332353	50.020648	55.550000
704.635836	888.332351	50.020648	55.550000
704.638362	888.332345	50.020648	55.551000
704.640965	888.332352	50.020652	55.551000
704.643583	888.332349	50.020646	55.552000
704.646044	888.332347	50.020646	55.553000
704.648482	888.332347	50.020652	55.554000
704.650988	888.332352	50.020654	55.555000
704.653453	888.332350	50.020654	55.556000
704.655926	888.332353	50.020653	55.557000
704.658571	888.332349	50.020650	55.557000
704.660963	888.332350	50.020653	55.558000
704.663504	888.332349	50.020653	55.559000
704.665940	888.332348	50.020653	55.560000
704.668586	888.332346	50.020649	55.561000
704.670981	888.332351	50.020652	55.561000
704.673454	888.332352	50.020652	55.563000
704.675837	888.332346	50.020648	55.564000
704.678484	888.332350	50.020653	55.565000
704.681072	888.332353	50.020646	55.567000
704.683696	888.332351	50.020650	55.569000
704.686046	888.332347	50.020652	55.570000
704.688608	888.332348	50.020652	55.572000
704.691093	888.332351	50.020653	55.573000
704.693553	888.332351	50.020654	55.574000
704.696051	888.332348	50.020655	55.574000
704.698591	888.332349	50.020653	55.574000
704.701074	888.332351	50.020653	55.575000
704.703593	888.332346	50.020651	55.576000
704.706058	888.332351	50.020651	55.577000
704.708696	888.332346	50.020653	55.579000
704.711091	888.332348	50.020647	55.581000
704.713557	888.332344	50.020647	55.583000
704.716145	888.332350	50.020653	55.585000
704.718989	888.332351	50.020653	55.587000
704.721273	888.332351	50.020654	55.589000
704.723787	888.332349	50.020653	55.591000
704.726152	888.332352	50.020647	55.593000
704.728695	888.332346	50.020647	55.594000
704.731190	888.332352	50.020646	55.596000
704.733659	888.332347	50.020646	55.597000
704.736140	888.332349	50.020646	55.598000
704.738699	888.332351	50.020648	55.599000
704.741176	888.332345	50.020647	55.600000
704.743699	888.332352	50.020647	55.600000
704.746141	888.332348	50.020650	55.601000
704.748702	888.332351	50.020652	55.602000
704.751187	888.332349	50.020653	55.602000
704.753656	888.332347	50.020654	55.602000
704.756333	888.332349	50.020651	55.602000
704.758794	888.332351	50.020650	55.601000
704.761273	888.332351	50.020654	55.600000
704.763789	888.332349	50.020653	55.598000
704.766247	888.332349	50.020654	55.597000
704.768782	888.332352	50.020654	55.596000
704.771282	888.332351	50.020653	55.595000
704.773744	888.332350	50.020651	55.594000
704.776233	888.332348	50.020651	55.594000
704.778779	888.332348	50.020648	55.594000
704.781267	888.332350	50.020648	55.594000
704.783790	888.332349	50.020646	55.595000
704.786238	888.332348	50.020646	55.595000
704.788793	888.332350	50.020648	55.595000
704.791276	888.332349	50.020647	55.595000
704.793756	888.332349	50.020649	55.595000
704.796443	888.332351	50.020654	55.595000
704.798986	888.332350	50.020653	55.595000
704.801474	888.332352	50.020649	55.594000
704.803896	888.332347	50.020650	55.594000
704.806344	888.332348	50.020651	55.593000
704.808887	888.332353	50.020653	55.592000
704.811385	888.332346	50.020654	55.591000
704.813848	888.332351	50.020654	55.590000
704.816332	888.332347	50.020651	55.590000
704.818880	888.332353	50.020651	55.589000
704.821462	888.332346	50.020653	55.588000
704.823883	888.332351	50.020647	55.588000
704.826445	888.332346	50.020654	55.587000
704.828887	888.332352	50.020646	55.587000
704.831379	888.332348	50.020649	55.586000
704.833942	888.332348	50.020646	55.585000
704.836443	888.332350	50.020646	55.585000
704.838977	888.332349	50.020647	55.584000
704.841564	888.332351	50.020648	55.584000
704.843979	888.332348	50.020651	55.583000
704.846447	888.332353	50.020654	55.582000
704.848978	888.332349	50.020654	55.580000
704.851468	888.332353	50.020651	55.579000
704.853950	888.332346	50.020645	55.577000
704.856445	888.332353	50.020645	55.575000
704.858983	888.332347	50.020648	55.573000
704.861462	888.332350	50.020648	55.570000
704.863982	888.332352	50.020647	55.567000
704.866443	888.332350	50.020647	55.564000
704.868988	888.332350	50.020647	55.561000
704.871671	888.332353	50.020653	55.558000
704.874146	888.332350	50.020653	55.556000
704.876627	888.332349	50.020652	55.555000
704.879077	888.332351	50.020651	55.554000
704.881562	888.332349	50.020650	55.553000
704.884083	888.332353	50.020648	55.553000
704.886542	888.332352	50.020646	55.552000
704.889091	888.332353	50.020646	55.552000
704.891586	888.332351	50.020648	55.551000
704.894135	888.332350	50.020651	55.550000
704.896536	888.332351	50.020648	55.549000
704.899075	888.332347	50.020651	55.547000
704.901469	888.332350	50.020652	55.545000
704.904261	888.332353	50.020654	55.543000
704.906545	888.332348	50.020653	55.541000
704.909184	888.332353	50.020646	55.540000
704.911679	888.332352	50.020647	55.538000
704.914132	888.332350	50.020647	55.537000
704.916626	888.332353	50.020648	55.536000
704.919167	888.332354	50.020647	55.535000
704.921660	888.332350	50.020649	55.534000
704.924163	888.332349	50.020649	55.534000
704.926639	888.332352	50.020647	55.533000
704.929181	888.332351	50.020646	55.533000
704.931666	888.332348	50.020647	55.532000
704.934144	888.332348	50.020646	55.532000
704.936624	888.332350	50.020647	55.532000
704.939162	888.332351	50.020647	55.533000
704.941662	888.332350	50.020650	55.534000
704.944275	888.332352	50.020646	55.536000
704.946735	888.332353	50.020646	55.537000
704.949375	888.332351	50.020653	55.539000
704.951762	888.332349	50.020646	55.540000
704.954331	888.332348	50.020653	55.540000
704.956829	888.332346	50.020653	55.541000
704.959265	888.332352	50.020646	55.541000
704.961763	888.332347	50.020646	55.541000
704.964263	888.332349	50.020647	55.540000
704.966742	888.332348	50.020647	55.539000
704.969289	888.332349	50.020650	55.539000
704.971776	888.332352	50.020651	55.538000
704.974227	888.332350	50.020650	55.538000
704.976833	888.332349	50.020652	55.538000
704.979275	888.332348	50.020648	55.538000
704.981770	888.332351	50.020648	55.538000
704.984459	888.332349	50.020647	55.537000
704.986839	888.332351	50.020653	55.537000
704.989392	888.332351	50.020652	55.536000
704.991878	888.332352	50.020652	55.535000
704.994444	888.332350	50.020646	55.534000
704.997036	888.332351	50.020651	55.532000
704.999375	888.332353	50.020653	55.531000
705.001865	888.332349	50.020652	55.530000
705.004369	888.332353	50.020651	55.529000
705.006844	888.332352	50.020652	55.530000
705.009389	888.332349	50.020650	55.530000
705.011869	888.332348	50.020647	55.532000
705.014344	888.332352	50.020648	55.534000
705.016941	888.332352	50.020653	55.536000
705.019361	888.332351	50.020651	55.538000
705.022056	888.332348	50.020647	55.541000
705.024548	888.332352	50.020646	55.543000
705.026945	888.332352	50.020654	55.545000
705.029486	888.332349	50.020654	55.547000
705.031969	888.332348	50.020653	55.549000
705.034435	888.332348	50.020652	55.551000
705.036941	888.332350	50.020650	55.552000
705.039451	888.332348	50.020648	55.553000
705.041964	888.332352	50.020647	55.554000
705.044463	888.332348	50.020646	55.554000
705.046947	888.332350	50.020647	55.554000
705.049484	888.332351	50.020649	55.554000
705.051971	888.332348	50.020650	55.554000
705.054443	888.332349	50.020651	55.554000
705.056941	888.332349	50.020652	55.554000
705.059652	888.332348	50.020653	55.554000
705.062065	888.332351	50.020647	55.555000
705.064650	888.332350	50.020654	55.557000
705.067041	888.332350	50.020646	55.559000
705.069692	888.332349	50.020650	55.562000
705.072077	888.332350	50.020647	55.565000
705.074540	888.332353	50.020647	55.567000
705.077043	888.332353	50.020648	55.570000
705.079557	888.332350	50.020652	55.572000
705.082060	888.332351	50.020653	55.574000
705.084558	888.332350	50.020654	55.575000
705.087044	888.332351	50.020654	55.576000
705.089595	888.332349	50.020652	55.578000
705.092073	888.332352	50.020652	55.579000
705.094541	888.332354	50.020653	55.580000
705.097242	888.332354	50.020649	55.580000
705.099857	888.332352	50.020654	55.581000
705.102167	888.332353	50.020652	55.581000
705.104649	888.332350	50.020650	55.581000
705.107159	888.332350	50.020651	55.580000
705.109686	888.332354	50.020650	55.579000
705.112173	888.332352	50.020649	55.579000
705.114638	888.332348	50.020648	55.578000
705.117134	888.332350	50.020649	55.578000
705.119652	888.332353	50.020652	55.578000
705.122164	888.332352	50.020653	55.578000
705.124555	888.332350	50.020650	55.578000
705.127046	888.332351	50.020647	55.578000
705.129789	888.332349	50.020649	55.578000
705.132165	888.332350	50.020653	55.578000
705.134640	888.332350	50.020652	55.577000
705.137235	888.332351	50.020652	55.576000
705.139759	888.332352	50.020652	55.574000
705.142276	888.332347	50.020651	55.572000
705.144740	888.332352	50.020653	55.571000
705.147248	888.332353	50.020652	55.570000
705.149791	888.332349	50.020650	55.569000
705.152270	888.332349	50.020649	55.569000
705.154731	888.332353	50.020651	55.569000
705.157230	888.332345	50.020652	55.570000
705.159750	888.332352	50.020654	55.571000
705.162269	888.332349	50.020654	55.571000
705.164745	888.332353	50.020653	55.572000
705.167251	888.332352	50.020654	55.572000
705.169898	888.332351	50.020650	55.572000
705.172463	888.332348	50.020648	55.571000
705.174929	888.332348	50.020649	55.570000
705.177436	888.332351	50.020649	55.568000
705.180051	888.332349	50.020650	55.567000
705.182457	888.332352	50.020653	55.566000
705.184962	888.332349	50.020652	55.566000
705.187459	888.332352	50.020652	55.566000
705.189994	888.332351	50.020652	55.567000
705.192456	888.332349	50.020651	55.569000
705.194941	888.332352	50.020650	55.570000
705.197446	888.332354	50.020650	55.572000
705.199958	888.332348	50.020647	55.574000
705.202465	888.332350	50.020645	55.576000
705.204947	888.332349	50.020646	55.577000
705.207451	888.332351	50.020646	55.578000
705.209994	888.332347	50.020646	55.579000
705.212665	888.332348	50.020653	55.580000
705.215038	888.332350	50.020647	55.581000
705.217639	888.332348	50.020653	55.581000
705.220162	888.332350	50.020652	55.582000
705.222664	888.332346	50.020652	55.582000
705.225141	888.332347	50.020654	55.583000
705.227657	888.332352	50.020654	55.583000
705.230199	888.332350	50.020653	55.583000
705.232674	888.332350	50.020652	55.582000
705.235140	888.332348	50.020654	55.581000
705.237638	888.332348	50.020654	55.581000
705.240148	888.332347	50.020654	55.580000
705.242656	888.332346	50.020653	55.580000
705.245252	888.332349	50.020652	55.580000
705.247656	888.332350	50.020647	55.580000
705.250397	888.332351	50.020648	55.580000
705.252755	888.332346	50.020654	55.581000
705.255327	888.332348	50.020648	55.581000
705.257734	888.332352	50.020655	55.582000
705.260270	888.332350	50.020653	55.583000
705.262859	888.332349	50.020651	55.583000
705.265247	888.332349	50.020651	55.584000
705.267753	888.332350	50.020650	55.583000
705.270305	888.332351	50.020650	55.583000
705.272772	888.332349	50.020650	55.583000
705.275237	888.332350	50.020651	55.583000
705.277734	888.332344	50.020651	55.582000
705.280266	888.332350	50.020651	55.582000
705.282860	888.332349	50.020652	55.582000
705.285247	888.332349	50.020652	55.583000
705.287945	888.332348	50.020646	55.584000
705.290492	888.332355	50.020645	55.585000
705.293064	888.332351	50.020651	55.586000
705.295330	888.332353	50.020653	55.587000
705.297934	888.332351	50.020650	55.588000
705.300359	888.332347	50.020653	55.590000
705.302854	888.332351	50.020652	55.591000
705.305338	888.332349	50.020653	55.593000
705.307859	888.332354	50.020653	55.594000
705.310389	888.332347	50.020653	55.596000
705.312856	888.332353	50.020653	55.597000
705.315333	888.332346	50.020652	55.597000
705.317824	888.332349	50.020652	55.598000
705.320360	888.332353	50.020650	55.598000
705.322857	888.332350	50.020648	55.599000
705.325558	888.332351	50.020650	55.599000
705.328062	888.332352	50.020649	55.599000
705.330789	888.332346	50.020653	55.599000
705.333054	888.332353	50.020649	55.599000
705.335531	888.332350	50.020649	55.599000
705.338143	888.332351	50.020645	55.599000
705.340570	888.332347	50.020654	55.599000
705.343061	888.332349	50.020653	55.599000
705.345545	888.332351	50.020654	55.599000
705.348062	888.332347	50.020653	55.598000
705.350495	888.332349	50.020648	55.598000
705.352968	888.332351	50.020647	55.597000
705.355529	888.332352	50.020653	55.596000
705.358040	888.332349	50.020652	55.595000
705.360575	888.332348	50.020650	55.594000
705.363172	888.332349	50.020653	55.593000
705.365741	888.332349	50.020647	55.591000
705.368179	888.332347	50.020654	55.590000
705.370693	888.332353	50.020653	55.588000
705.373159	888.332351	50.020654	55.587000
705.375727	888.332351	50.020648	55.585000
705.378151	888.332351	50.020651	55.583000
705.380665	888.332347	50.020649	55.581000
705.383170	888.332352	50.020650	55.579000
705.385847	888.332345	50.020646	55.577000
705.388174	888.332349	50.020648	55.576000
705.390695	888.332348	50.020647	55.575000
705.393161	888.332353	50.020647	55.574000
705.395645	888.332352	50.020646	55.574000
705.398151	888.332350	50.020647	55.574000
705.400772	888.332349	50.020651	55.575000
705.403378	888.332351	50.020646	55.575000
705.405747	888.332352	50.020654	55.575000
705.408273	888.332352	50.020655	55.575000
705.410800	888.332352	50.020654	55.574000
705.413256	888.332350	50.020653	55.574000
705.415736	888.332349	50.020653	55.573000
705.418245	888.332350	50.020653	55.571000
705.420768	888.332348	50.020654	55.570000
705.423279	888.332348	50.020653	55.568000
705.425752	888.332353	50.020652	55.566000
705.428281	888.332348	50.020653	55.565000
705.430792	888.332349	50.020651	55.563000
705.433258	888.332352	50.020650	55.561000
705.435733	888.332349	50.020649	55.560000
705.438350	888.332351	50.020647	55.558000
705.440958	888.332348	50.020653	55.556000
705.443383	888.332351	50.020646	55.554000
705.445946	888.332345	50.020653	55.552000
705.448481	888.332350	50.020653	55.550000
705.450885	888.332350	50.020648	55.549000
705.453365	888.332349	50.020649	55.547000
705.455829	888.332344	50.020650	55.546000
705.458357	888.332348	50.020650	55.545000
705.460864	888.332348	50.020650	55.544000
705.463390	888.332350	50.020649	55.543000
705.465846	888.332349	50.020651	55.542000
705.468366	888.332348	50.020652	55.541000
705.470884	888.332349	50.020652	55.539000
705.473359	888.332349	50.020649	55.537000
705.476034	888.332349	50.020650	55.535000
705.478561	888.332349	50.020650	55.534000
705.480960	888.332349	50.020650	55.532000
705.483473	888.332348	50.020650	55.530000
705.485934	888.332354	50.020647	55.528000
705.488685	888.332353	50.020648	55.527000
705.490997	888.332351	50.020651	55.525000
705.493456	888.332348	50.020653	55.524000
705.495929	888.332350	50.020652	55.522000
705.498569	888.332350	50.020647	55.520000
705.500962	888.332348	50.020651	55.518000
705.503486	888.332350	50.020651	55.516000
705.505938	888.332351	50.020650	55.514000
705.508480	888.332350	50.020650	55.512000
705.510997	888.332351	50.020651	55.511000
705.513662	888.332350	50.020654	55.511000
705.516132	888.332346	50.020654	55.510000
705.518566	888.332350	50.020646	55.511000
705.521072	888.332349	50.020647	55.511000
705.523593	888.332352	50.020649	55.512000
705.526048	888.332350	50.020648	55.512000
705.528588	888.332350	50.020651	55.512000
705.531199	888.332353	50.020647	55.512000
705.533552	888.332350	50.020652	55.512000
705.536031	888.332351	50.020654	55.512000
705.538570	888.332348	50.020653	55.513000
705.541074	888.332350	50.020655	55.513000
705.543586	888.332350	50.020652	55.514000
705.546033	888.332347	50.020653	55.515000
705.548594	888.332348	50.020653	55.517000
705.551195	888.332350	50.020652	55.519000
705.553654	888.332352	50.020652	55.521000
705.556034	888.332349	50.020650	55.523000
705.558575	888.332352	50.020652	55.524000
705.561068	888.332349	50.020653	55.526000
705.563592	888.332349	50.020652	55.527000
705.566042	888.332354	50.020651	55.529000
705.568591	888.332351	50.020652	55.530000
705.571193	888.332348	50.020646	55.531000
705.573663	888.332349	50.020646	55.532000
705.576129	888.332350	50.020646	55.533000
705.578669	888.332352	50.020647	55.534000
705.581172	888.332347	50.020648	55.535000
705.583693	888.332352	50.020648	55.536000
705.586146	888.332345	50.020647	55.537000
705.588689	888.332352	50.020648	55.538000
705.591291	888.332349	50.020653	55.540000
705.593755	888.332349	50.020654	55.541000
705.596238	888.332352	50.020654	55.542000
705.598674	888.332350	50.020647	55.544000
705.601179	888.332351	50.020647	55.546000
705.603685	888.332349	50.020648	55.549000
705.606151	888.332348	50.020650	55.551000
705.608692	888.332348	50.020653	55.553000
705.611300	888.332351	50.020647	55.555000
705.613665	888.332351	50.020654	55.555000
705.616129	888.332350	50.020654	55.555000
705.618675	888.332350	50.020654	55.554000
705.621265	888.332351	50.020646	55.552000
705.623696	888.332350	50.020653	55.550000
705.626139	888.332353	50.020653	55.548000
705.628892	888.332353	50.020648	55.546000
705.631384	888.332352	50.020648	55.544000
705.633753	888.332352	50.020650	55.543000
705.636236	888.332350	50.020650	55.543000
705.638869	888.332350	50.020650	55.543000
705.641361	888.332349	50.020652	55.543000
705.643791	888.332353	50.020652	55.542000
705.646245	888.332350	50.020652	55.542000
705.648791	888.332350	50.020652	55.541000
705.651289	888.332348	50.020654	55.540000
705.653751	888.332351	50.020653	55.539000
705.656232	888.332352	50.020653	55.537000
705.658771	888.332347	50.020652	55.536000
705.661260	888.332348	50.020652	55.535000
705.663795	888.332348	50.020650	55.535000
705.666347	888.332352	50.020648	55.535000
705.668988	888.332352	50.020652	55.536000
705.671491	888.332351	50.020651	55.536000
705.673842	888.332351	50.020650	55.536000
705.676333	888.332356	50.020647	55.537000
705.678871	888.332352	50.020647	55.537000
705.681375	888.332351	50.020647	55.536000
705.683896	888.332349	50.020647	55.535000
705.686343	888.332352	50.020645	55.535000
705.688896	888.332350	50.020647	55.534000
705.691379	888.332349	50.020650	55.535000
705.693855	888.332352	50.020649	55.536000
705.696323	888.332351	50.020649	55.538000
705.698876	888.332350	50.020650	55.541000
705.701357	888.332348	50.020649	55.545000
705.704191	888.332349	50.020646	55.549000
705.706438	888.332351	50.020649	55.553000
705.709002	888.332350	50.020648	55.556000
705.711481	888.332350	50.020650	55.558000
705.714241	888.332348	50.020654	55.559000
705.716429	888.332349	50.020651	55.559000
705.718969	888.332351	50.020649	55.559000
705.721469	888.332351	50.020650	55.558000
705.723987	888.332349	50.020650	55.557000
705.726346	888.332349	50.020648	55.557000
705.728988	888.332349	50.020650	55.558000
705.731482	888.332351	50.020650	55.560000
705.733953	888.332349	50.020648	55.562000
705.736428	888.332348	50.020648	55.565000
705.739073	888.332348	50.020654	55.567000
705.741571	888.332351	50.020654	55.570000
705.744078	888.332349	50.020654	55.572000
705.746434	888.332352	50.020647	55.573000
705.748996	888.332350	50.020649	55.574000
705.751490	888.332351	50.020650	55.574000
705.753949	888.332351	50.020650	55.573000
705.756419	888.332353	50.020649	55.573000
705.758979	888.332350	50.020649	55.572000
705.761473	888.332349	50.020648	55.571000
705.763990	888.332351	50.020648	55.571000
705.766443	888.332348	50.020646	55.571000
705.769004	888.332352	50.020645	55.572000
705.771497	888.332349	50.020647	55.573000
705.773953	888.332352	50.020646	55.574000
705.776334	888.332351	50.020653	55.576000
705.779173	888.332348	50.020650	55.577000
705.781577	888.332344	50.020651	55.579000
705.784183	888.332352	50.020652	55.580000
705.786544	888.332347	50.020649	55.580000
705.789192	888.332348	50.020653	55.581000
705.791592	888.332349	50.020651	55.581000
705.794045	888.332348	50.020654	55.581000
705.796530	888.332349	50.020653	55.581000
705.799069	888.332348	50.020654	55.581000
705.801564	888.332353	50.020653	55.581000
705.804081	888.332350	50.020654	55.580000
705.806548	888.332348	50.020653	55.580000
705.809088	888.332348	50.020654	55.580000
705.811573	888.332355	50.020653	55.580000
705.814050	888.332348	50.020655	55.580000
705.816734	888.332348	50.020651	55.581000
705.819276	888.332347	50.020651	55.582000
705.821674	888.332349	50.020648	55.584000
705.824185	888.332350	50.020651	55.585000
705.826653	888.332347	50.020653	55.586000
705.829190	888.332351	50.020653	55.587000
705.831684	888.332349	50.020654	55.588000
705.834152	888.332349	50.020653	55.588000
705.836738	888.332353	50.020648	55.587000
705.839170	888.332349	50.020651	55.587000
705.841660	888.332347	50.020648	55.586000
705.844186	888.332346	50.020646	55.586000
705.846642	888.332349	50.020647	55.586000
705.849197	888.332347	50.020647	55.586000
705.851687	888.332348	50.020647	55.588000
705.854442	888.332348	50.020646	55.589000
705.856942	888.332349	50.020647	55.591000
705.859277	888.332349	50.020649	55.592000
705.861771	888.332350	50.020649	55.593000
705.864273	888.332348	50.020649	55.594000
705.866742	888.332351	50.020651	55.594000
705.869283	888.332347	50.020650	55.594000
705.871780	888.332350	50.020650	55.593000
705.874251	888.332349	50.020650	55.591000
705.876847	888.332351	50.020654	55.590000
705.879278	888.332350	50.020646	55.588000
705.881769	888.332350	50.020646	55.587000
705.884281	888.332351	50.020647	55.586000
705.886744	888.332354	50.020646	55.586000
705.889288	888.332354	50.020646	55.587000
705.891880	888.332351	50.020653	55.588000
705.894347	888.332352	50.020652	55.590000
705.896738	888.332351	50.020646	55.592000
705.899277	888.332350	50.020650	55.594000
705.901764	888.332353	50.020650	55.596000
705.904281	888.332352	50.020652	55.597000
705.906746	888.332351	50.020652	55.598000
705.909288	888.332351	50.020653	55.599000
705.911790	888.332354	50.020653	55.599000
705.914248	888.332350	50.020654	55.599000
705.916733	888.332353	50.020653	55.599000
705.919265	888.332349	50.020654	55.599000
705.921882	888.332347	50.020647	55.599000
705.924286	888.332348	50.020654	55.600000
705.926743	888.332351	50.020654	55.600000
705.929588	888.332349	50.020650	55.601000
705.931979	888.332352	50.020652	55.603000
705.934450	888.332351	50.020651	55.604000
705.936839	888.332354	50.020648	55.606000
705.939377	888.332350	50.020647	55.609000
705.941870	888.332350	50.020647	55.612000
705.944381	888.332349	50.020647	55.614000
705.946843	888.332351	50.020648	55.616000
705.949396	888.332353	50.020646	55.617000
705.951893	888.332348	50.020647	55.618000
705.954344	888.332351	50.020648	55.618000
705.956824	888.332349	50.020646	55.618000
705.959458	888.332350	50.020654	55.617000
705.961866	888.332348	50.020646	55.616000
705.964377	888.332350	50.020646	55.615000
705.966847	888.332351	50.020647	55.615000
705.969599	888.332349	50.020653	55.614000
705.972080	888.332349	50.020652	55.613000
705.974444	888.332354	50.020649	55.613000
705.976933	888.332351	50.020647	55.613000
705.979469	888.332350	50.020646	55.614000
705.981971	888.332350	50.020646	55.614000
705.984479	888.332350	50.020646	55.615000
705.986951	888.332349	50.020646	55.617000
705.989595	888.332348	50.020651	55.618000
705.991989	888.332350	50.020648	55.619000
705.994548	888.332350	50.020651	55.619000
705.997029	888.332347	50.020650	55.620000
705.999469	888.332348	50.020647	55.620000
706.001970	888.332354	50.020647	55.620000
706.004485	888.332353	50.020647	55.619000
706.007038	888.332353	50.020652	55.618000
706.009705	888.332348	50.020651	55.616000
706.012085	888.332354	50.020651	55.615000
706.014545	888.332350	50.020652	55.613000
706.017030	888.332351	50.020651	55.611000
706.019564	888.332350	50.020650	55.610000
706.022068	888.332347	50.020649	55.608000
706.024569	888.332350	50.020650	55.608000
706.027048	888.332347	50.020650	55.607000
706.029592	888.332351	50.020650	55.607000
706.032082	888.332348	50.020651	55.607000
706.034542	888.332353	50.020652	55.607000
706.037032	888.332351	50.020653	55.607000
706.039562	888.332353	50.020653	55.606000
706.042071	888.332350	50.020653	55.605000
706.044661	888.332349	50.020650	55.604000
706.047255	888.332349	50.020647	55.602000
706.049695	888.332350	50.020650	55.601000
706.052177	888.332354	50.020647	55.600000
706.054646	888.332350	50.020649	55.600000
706.057143	888.332353	50.020650	55.601000
706.059667	888.332349	50.020652	55.603000
706.062162	888.332357	50.020653	55.605000
706.064661	888.332350	50.020654	55.607000
706.067154	888.332354	50.020653	55.609000
706.069700	888.332355	50.020654	55.611000
706.072173	888.332349	50.020653	55.612000
706.074649	888.332349	50.020654	55.613000
706.077144	888.332349	50.020654	55.613000
706.079666	888.332350	50.020654	55.613000
706.082169	888.332349	50.020653	55.612000
706.084760	888.332352	50.020647	55.612000
706.087151	888.332349	50.020652	55.612000
706.089698	888.332350	50.020649	55.613000
706.092182	888.332350	50.020646	55.613000
706.094648	888.332352	50.020647	55.614000
706.097142	888.332351	50.020649	55.615000
706.099660	888.332350	50.020649	55.616000
706.102174	888.332352	50.020648	55.617000
706.104661	888.332351	50.020646	55.617000
706.107159	888.332350	50.020647	55.617000
706.109702	888.332346	50.020649	55.617000
706.112187	888.332353	50.020647	55.616000
706.114651	888.332351	50.020647	55.616000
706.117136	888.332351	50.020650	55.615000
706.119751	888.332350	50.020653	55.614000
706.122372	888.332355	50.020646	55.613000
706.124761	888.332350	50.020652	55.612000
706.127253	888.332350	50.020653	55.612000
706.129801	888.332346	50.020652	55.611000
706.132279	888.332349	50.020650	55.611000
706.134747	888.332349	50.020650	55.611000
706.137238	888.332350	50.020650	55.611000
706.139756	888.332351	50.020650	55.611000
706.142274	888.332352	50.020648	55.612000
706.144765	888.332353	50.020649	55.612000
706.147252	888.332351	50.020651	55.613000
706.149802	888.332347	50.020654	55.614000
706.152280	888.332351	50.020654	55.615000
706.154741	888.332351	50.020654	55.616000
706.157343	888.332350	50.020651	55.617000
706.159850	888.332349	50.020651	55.617000
706.162369	888.332349	50.020653	55.617000
706.164842	888.332350	50.020653	55.618000
706.167353	888.332349	50.020655	55.618000
706.169896	888.332349	50.020654	55.618000
706.172374	888.332348	50.020653	55.617000
706.174838	888.332347	50.020653	55.617000
706.177339	888.332348	50.020653	55.617000
706.179845	888.332349	50.020652	55.616000
706.182369	888.332347	50.020654	55.616000
706.184849	888.332352	50.020652	55.616000
706.187365	888.332348	50.020650	55.616000
706.189887	888.332350	50.020648	55.616000
706.192373	888.332351	50.020647	55.616000
706.195153	888.332352	50.020647	55.616000
706.197442	888.332350	50.020652	55.615000
706.199944	888.332348	50.020652	55.615000
706.202469	888.332351	50.020650	55.614000
706.205042	888.332350	50.020653	55.612000
706.207443	888.332348	50.020649	55.611000
706.210002	888.332351	50.020650	55.610000
706.212379	888.332350	50.020649	55.609000
706.214941	888.332349	50.020651	55.608000
706.217436	888.332351	50.020648	55.607000
706.219957	888.332352	50.020648	55.606000
706.222469	888.332348	50.020646	55.606000
706.224942	888.332351	50.020647	55.605000
706.227451	888.332347	50.020647	55.606000
706.229990	888.332349	50.020647	55.606000
706.232662	888.332350	50.020647	55.607000
706.235043	888.332348	50.020652	55.607000
706.237538	888.332350	50.020652	55.607000
706.240046	888.332351	50.020650	55.607000
706.242574	888.332352	50.020649	55.608000
706.245243	888.332351	50.020653	55.608000
706.247554	888.332349	50.020647	55.608000
706.250107	888.332349	50.020647	55.608000
706.252576	888.332353	50.020647	55.608000
706.255136	888.332350	50.020652	55.608000
706.257546	888.332351	50.020647	55.608000
706.260059	888.332352	50.020646	55.607000
706.262568	888.332353	50.020647	55.606000
706.265043	888.332350	50.020647	55.606000
706.267548	888.332347	50.020649	55.605000
706.270312	888.332349	50.020647	55.603000
706.272774	888.332349	50.020646	55.602000
706.275136	888.332353	50.020652	55.601000
706.277634	888.332350	50.020651	55.600000
706.280161	888.332349	50.020649	55.600000
706.282664	888.332352	50.020650	55.600000
706.285148	888.332352	50.020653	55.600000
706.287649	888.332351	50.020654	55.601000
706.290197	888.332353	50.020652	55.602000
706.292668	888.332347	50.020652	55.603000
706.295143	888.332352	50.020652	55.604000
706.297733	888.332350	50.020646	55.604000
706.300150	888.332351	50.020654	55.604000
706.302667	888.332347	50.020653	55.604000
706.305141	888.332353	50.020653	55.604000
706.307653	888.332350	50.020653	55.603000
706.310404	888.332349	50.020650	55.602000
706.312787	888.332352	50.020647	55.601000
706.315234	888.332349	50.020649	55.599000
706.317728	888.332352	50.020649	55.598000
706.320256	888.332349	50.020648	55.597000
706.322774	888.332350	50.020648	55.596000
706.325251	888.332347	50.020647	55.596000
706.327856	888.332351	50.020651	55.595000
706.330393	888.332349	50.020650	55.595000
706.332773	888.332350	50.020648	55.594000
706.335245	888.332347	50.020647	55.594000
706.337739	888.332353	50.020647	55.594000
706.340275	888.332351	50.020648	55.594000
706.342768	888.332351	50.020649	55.594000
706.345152	888.332351	50.020648	55.593000
706.347952	888.332351	50.020646	55.593000
706.350512	888.332351	50.020646	55.593000
706.352979	888.332350	50.020647	55.592000
706.355344	888.332349	50.020651	55.592000
706.357829	888.332352	50.020648	55.592000
706.360368	888.332353	50.020648	55.592000
706.362879	888.332350	50.020649	55.592000
706.365355	888.332350	50.020650	55.592000
706.367856	888.332347	50.020650	55.592000
706.370501	888.332349	50.020646	55.593000
706.372878	888.332353	50.020653	55.593000
706.375330	888.332350	50.020652	55.593000
706.377829	888.332350	50.020653	55.594000
706.380364	888.332351	50.020654	55.594000
706.382860	888.332350	50.020654	55.593000
706.385456	888.332346	50.020650	55.592000
706.388056	888.332349	50.020649	55.591000
706.390488	888.332347	50.020648	55.590000
706.392975	888.332352	50.020649	55.589000
706.395443	888.332346	50.020648	55.588000
706.397940	888.332350	50.020649	55.586000
706.400473	888.332351	50.020649	55.585000
706.403061	888.332351	50.020652	55.584000
706.405451	888.332355	50.020647	55.583000
706.407950	888.332350	50.020646	55.582000
706.410499	888.332354	50.020646	55.581000
706.412970	888.332352	50.020647	55.579000
706.415440	888.332353	50.020647	55.578000
706.417932	888.332345	50.020647	55.576000
706.420571	888.332352	50.020652	55.574000
706.423066	888.332351	50.020651	55.572000
706.425652	888.332352	50.020646	55.569000
706.428060	888.332350	50.020654	55.567000
706.430592	888.332353	50.020654	55.565000
706.433069	888.332354	50.020653	55.564000
706.435536	888.332351	50.020652	55.562000
706.438033	888.332348	50.020653	55.560000
706.440569	888.332350	50.020653	55.559000
706.443060	888.332353	50.020653	55.557000
706.445645	888.332350	50.020647	55.557000
706.448055	888.332351	50.020654	55.556000
706.450593	888.332350	50.020653	55.555000
706.453057	888.332349	50.020653	55.554000
706.455533	888.332350	50.020655	55.554000
706.458037	888.332350	50.020652	55.553000
706.460765	888.332349	50.020646	55.552000
706.463163	888.332353	50.020653	55.551000
706.465657	888.332350	50.020654	55.550000
706.468176	888.332351	50.020653	55.549000
706.470799	888.332349	50.020646	55.548000
706.473160	888.332347	50.020654	55.548000
706.475639	888.332349	50.020651	55.547000
706.478147	888.332347	50.020647	55.547000
706.480679	888.332349	50.020649	55.547000
706.483160	888.332347	50.020649	55.548000
706.485652	888.332349	50.020651	55.548000
706.488168	888.332345	50.020650	55.549000
706.490694	888.332351	50.020648	55.549000
706.493167	888.332348	50.020646	55.549000
706.495643	888.332351	50.020647	55.549000
706.498352	888.332352	50.020651	55.549000
706.500867	888.332352	50.020653	55.549000
706.503283	888.332349	50.020647	55.549000
706.505756	888.332348	50.020646	55.549000
706.508269	888.332347	50.020647	55.550000
706.510792	888.332352	50.020646	55.552000
706.513270	888.332352	50.020646	55.553000
706.515747	888.332350	50.020647	55.554000
706.518254	888.332350	50.020649	55.555000
706.520761	888.332348	50.020651	55.555000
706.523263	888.332350	50.020653	55.555000
706.525753	888.332354	50.020654	55.554000
706.528281	888.332352	50.020654	55.553000
706.530797	888.332348	50.020651	55.551000
706.533260	888.332347	50.020650	55.548000
706.535940	888.332352	50.020646	55.547000
706.538460	888.332348	50.020647	55.545000
706.540867	888.332350	50.020654	55.545000
706.543475	888.332348	50.020648	55.546000
706.545842	888.332350	50.020653	55.547000
706.548387	888.332349	50.020647	55.549000
706.550905	888.332349	50.020647	55.550000
706.553361	888.332348	50.020647	55.551000
706.555825	888.332351	50.020647	55.551000
706.558350	888.332350	50.020648	55.551000
706.560869	888.332351	50.020646	55.551000
706.563484	888.332350	50.020651	55.551000
706.565845	888.332354	50.020650	55.552000
706.568359	888.332352	50.020654	55.553000
706.570903	888.332353	50.020653	55.555000
706.573375	888.332352	50.020649	55.557000
706.575921	888.332348	50.020653	55.560000
706.578353	888.332350	50.020647	55.561000
706.580881	888.332347	50.020648	55.562000
706.583377	888.332353	50.020647	55.562000
706.585950	888.332350	50.020653	55.561000
706.588362	888.332347	50.020650	55.559000
706.590895	888.332349	50.020653	55.556000
706.593369	888.332353	50.020653	55.553000
706.595841	888.332353	50.020652	55.550000
706.598447	888.332354	50.020650	55.546000
706.600859	888.332354	50.020651	55.542000
706.603268	888.332351	50.020650	55.539000
706.605856	888.332349	50.020647	55.537000
706.608374	888.332349	50.020647	55.535000
706.610898	888.332352	50.020645	55.534000
706.613557	888.332350	50.020652	55.533000
706.616029	888.332349	50.020654	55.532000
706.618557	888.332348	50.020653	55.531000
706.620978	888.332352	50.020647	55.530000
706.623493	888.332350	50.020649	55.527000
706.625923	888.332347	50.020648	55.525000
706.628456	888.332349	50.020649	55.523000
706.631004	888.332352	50.020650	55.520000
706.633473	888.332351	50.020652	55.519000
706.635933	888.332352	50.020652	55.518000
706.638440	888.332346	50.020653	55.518000
706.640960	888.332346	50.020652	55.519000
706.643489	888.332348	50.020654	55.519000
706.646064	888.332352	50.020651	55.519000
706.648464	888.332351	50.020648	55.519000
706.650990	888.332350	50.020646	55.518000
706.653660	888.332351	50.020653	55.516000
706.656266	888.332356	50.020650	55.514000
706.658560	888.332346	50.020648	55.511000
706.661014	888.332347	50.020649	55.507000
706.663600	888.332347	50.020653	55.504000
706.666287	888.332357	50.020650	55.501000
706.668593	888.332352	50.020651	55.498000
706.671078	888.332352	50.020649	55.497000
706.673641	888.332348	50.020653	55.496000
706.676142	888.332351	50.020647	55.496000
706.678575	888.332350	50.020651	55.497000
706.681084	888.332355	50.020649	55.499000
706.683590	888.332347	50.020648	55.501000
706.686131	888.332357	50.020652	55.502000
706.688586	888.332351	50.020647	55.503000
706.691207	888.332352	50.020651	55.504000
706.693760	888.332347	50.020653	55.505000
706.696217	888.332352	50.020652	55.505000
706.698689	888.332351	50.020648	55.505000
706.701182	888.332348	50.020647	55.505000
706.703797	888.332350	50.020649	55.505000
706.706141	888.332348	50.020650	55.505000
706.708682	888.332347	50.020648	55.505000
706.711194	888.332353	50.020647	55.505000
706.713672	888.332353	50.020648	55.505000
706.716142	888.332351	50.020647	55.505000
706.718659	888.332351	50.020646	55.505000
706.721148	888.332352	50.020651	55.505000
706.723693	888.332353	50.020653	55.505000
706.726165	888.332351	50.020652	55.506000
706.728799	888.332349	50.020649	55.507000
706.731390	888.332350	50.020650	55.508000
706.733861	888.332349	50.020651	55.510000
706.736233	888.332351	50.020648	55.512000
706.738865	888.332348	50.020653	55.515000
706.741371	888.332352	50.020652	55.519000
706.743909	888.332349	50.020651	55.522000
706.746343	888.332350	50.020647	55.524000
706.748886	888.332346	50.020647	55.526000
706.751391	888.332345	50.020651	55.528000
706.753856	888.332346	50.020653	55.529000
706.756335	888.332352	50.020652	55.530000
706.758976	888.332347	50.020654	55.532000
706.761361	888.332350	50.020647	55.534000
706.763887	888.332351	50.020653	55.536000
706.766334	888.332351	50.020653	55.540000
706.768997	888.332350	50.020651	55.543000
706.771489	888.332349	50.020652	55.547000
706.773945	888.332351	50.020654	55.550000
706.776419	888.332347	50.020650	55.552000
706.778968	888.332351	50.020646	55.555000
706.781463	888.332350	50.020648	55.556000
706.783998	888.332351	50.020647	55.557000
706.786444	888.332347	50.020648	55.558000
706.789002	888.332349	50.020647	55.559000
706.791502	888.332348	50.020647	55.560000
706.793951	888.332350	50.020646	55.562000
706.796491	888.332346	50.020648	55.564000
706.798946	888.332344	50.020649	55.566000
706.801358	888.332357	50.020651	55.569000
706.804037	888.332349	50.020653	55.571000
706.806437	888.332351	50.020647	55.572000
706.809157	888.332341	50.020648	55.572000
706.811624	888.332350	50.020646	55.572000
706.814063	888.332353	50.020652	55.571000
706.816536	888.332357	50.020651	55.570000
706.819070	888.332342	50.020651	55.569000
706.821696	888.332348	50.020652	55.569000
706.824099	888.332351	50.020648	55.569000
706.826529	888.332347	50.020648	55.570000
706.829072	888.332356	50.020647	55.572000
706.831691	888.332355	50.020652	55.575000
706.834066	888.332349	50.020648	55.577000
706.836506	888.332346	50.020649	55.580000
706.839082	888.332354	50.020647	55.582000
706.841576	888.332353	50.020647	55.584000
706.844099	888.332353	50.020650	55.585000
706.846743	888.332347	50.020653	55.586000
706.849271	888.332348	50.020648	55.585000
706.851768	888.332351	50.020647	55.584000
706.854168	888.332353	50.020652	55.583000
706.856650	888.332351	50.020651	55.581000
706.859166	888.332348	50.020648	55.579000
706.861660	888.332350	50.020646	55.578000
706.864278	888.332351	50.020648	55.576000
706.866649	888.332352	50.020654	55.575000
706.869200	888.332351	50.020649	55.574000
706.871694	888.332353	50.020646	55.574000
706.874152	888.332349	50.020649	55.574000
706.876635	888.332351	50.020651	55.575000
706.879183	888.332347	50.020653	55.576000
706.881774	888.332349	50.020648	55.577000
706.884385	888.332354	50.020652	55.579000
706.886848	888.332348	50.020648	55.581000
706.889392	888.332347	50.020647	55.583000
706.891787	888.332349	50.020652	55.584000
706.894264	888.332349	50.020649	55.586000
706.896734	888.332350	50.020648	55.587000
706.899273	888.332352	50.020647	55.587000
706.901769	888.332352	50.020651	55.587000
706.904303	888.332351	50.020654	55.585000
706.906850	888.332345	50.020653	55.584000
706.909200	888.332350	50.020654	55.583000
706.911792	888.332349	50.020653	55.582000
706.914251	888.332350	50.020653	55.581000
706.916724	888.332348	50.020652	55.582000
706.919280	888.332349	50.020651	55.583000
706.921973	888.332352	50.020652	55.585000
706.924378	888.332353	50.020647	55.586000
706.926825	888.332344	50.020647	55.589000
706.929409	888.332351	50.020649	55.591000
706.931907	888.332354	50.020651	55.592000
706.934354	888.332349	50.020652	55.593000
706.936831	888.332349	50.020652	55.594000
706.939467	888.332348	50.020647	55.594000
706.942068	888.332351	50.020651	55.594000
706.944392	888.332349	50.020651	55.594000
706.946848	888.332352	50.020650	55.594000
706.949405	888.332346	50.020651	55.594000
706.951888	888.332346	50.020653	55.594000
706.954443	888.332347	50.020650	55.595000
706.956834	888.332351	50.020650	55.595000
706.959582	888.332351	50.020648	55.595000
706.961971	888.332352	50.020651	55.595000
706.964484	888.332350	50.020647	55.595000
706.966952	888.332353	50.020647	55.595000
706.969496	888.332350	50.020653	55.595000
706.971986	888.332349	50.020652	55.596000
706.974543	888.332348	50.020653	55.597000
706.976928	888.332354	50.020648	55.599000
706.979485	888.332351	50.020652	55.601000
706.981981	888.332348	50.020653	55.603000
706.984485	888.332354	50.020646	55.605000
706.986947	888.332355	50.020648	55.606000
706.989496	888.332349	50.020651	55.607000
706.991986	888.332354	50.020653	55.609000
706.994449	888.332351	50.020654	55.609000
706.997135	888.332348	50.020646	55.610000
706.999666	888.332349	50.020651	55.610000
707.002162	888.332351	50.020653	55.611000
707.004578	888.332351	50.020648	55.612000
707.007051	888.332355	50.020648	55.613000
707.009599	888.332348	50.020651	55.615000
707.012099	888.332350	50.020650	55.616000
707.014548	888.332348	50.020650	55.617000
707.017020	888.332347	50.020652	55.618000
707.019565	888.332348	50.020654	55.618000
707.022071	888.332350	50.020648	55.617000
707.024760	888.332346	50.020652	55.616000
707.027036	888.332348	50.020654	55.614000
707.029577	888.332349	50.020647	55.611000
707.032088	888.332352	50.020649	55.608000
707.034857	888.332348	50.020655	55.605000
707.037134	888.332350	50.020653	55.603000
707.039659	888.332353	50.020645	55.602000
707.042265	888.332350	50.020648	55.602000
707.044662	888.332349	50.020653	55.602000
707.047149	888.332347	50.020652	55.603000
707.049690	888.332348	50.020645	55.604000
707.052178	888.332348	50.020651	55.605000
707.054639	888.332348	50.020654	55.607000
707.057138	888.332353	50.020651	55.608000
707.059660	888.332352	50.020649	55.608000
707.062170	888.332349	50.020647	55.608000
707.064666	888.332348	50.020648	55.607000
707.067144	888.332347	50.020654	55.606000
707.069688	888.332346	50.020652	55.604000
707.072378	888.332350	50.020647	55.603000
707.074841	888.332353	50.020654	55.601000
707.077329	888.332351	50.020652	55.600000
707.079756	888.332349	50.020650	55.600000
707.082261	888.332350	50.020653	55.599000
707.084769	888.332346	50.020650	55.599000
707.087246	888.332349	50.020648	55.599000
707.089797	888.332348	50.020647	55.599000
707.092373	888.332349	50.020645	55.598000
707.094741	888.332345	50.020652	55.597000
707.097235	888.332350	50.020647	55.595000
707.099759	888.332351	50.020648	55.593000
707.102267	888.332352	50.020653	55.589000
707.104776	888.332351	50.020649	55.585000
707.107253	888.332347	50.020648	55.581000
707.110007	888.332351	50.020651	55.577000
707.112385	888.332354	50.020655	55.574000
707.114936	888.332350	50.020653	55.572000
707.117336	888.332348	50.020647	55.571000
707.119854	888.332350	50.020649	55.572000
707.122367	888.332350	50.020653	55.573000
707.124951	888.332353	50.020649	55.574000
707.127354	888.332350	50.020650	55.574000
707.129905	888.332350	50.020646	55.574000
707.132385	888.332350	50.020653	55.573000
707.134843	888.332350	50.020653	55.571000
707.137343	888.332353	50.020651	55.568000
707.139855	888.332350	50.020645	55.565000
707.142364	888.332354	50.020655	55.561000
707.144767	888.332348	50.020647	55.557000
707.147575	888.332349	50.020652	55.554000
707.150104	888.332350	50.020654	55.552000
707.152574	888.332353	50.020648	55.551000
707.154930	888.332354	50.020655	55.551000
707.157439	888.332349	50.020649	55.552000
707.159944	888.332346	50.020647	55.554000
707.162479	888.332347	50.020648	55.555000
707.164962	888.332352	50.020648	55.555000
707.167457	888.332352	50.020646	55.555000
707.169994	888.332355	50.020648	55.553000
707.172476	888.332350	50.020652	55.552000
707.174946	888.332352	50.020652	55.549000
707.177537	888.332348	50.020648	55.547000
707.180050	888.332349	50.020645	55.545000
707.182472	888.332350	50.020650	55.543000
707.185135	888.332356	50.020652	55.541000
707.187662	888.332351	50.020654	55.541000
707.190100	888.332349	50.020653	55.541000
707.192567	888.332349	50.020653	55.542000
707.195041	888.332351	50.020646	55.543000
707.197551	888.332352	50.020646	55.543000
707.200056	888.332352	50.020651	55.544000
707.202563	888.332349	50.020655	55.544000
707.205039	888.332347	50.020652	55.544000
707.207558	888.332348	50.020645	55.542000
707.210102	888.332352	50.020647	55.541000
707.212583	888.332354	50.020650	55.539000
707.215041	888.332349	50.020654	55.537000
707.217637	888.332349	50.020649	55.535000
707.220052	888.332349	50.020647	55.533000
707.222761	888.332351	50.020653	55.531000
707.225247	888.332352	50.020654	55.530000
707.227657	888.332348	50.020651	55.529000
707.230194	888.332351	50.020654	55.528000
707.232672	888.332353	50.020647	55.527000
707.235144	888.332347	50.020647	55.527000
707.237628	888.332348	50.020653	55.526000
707.240152	888.332350	50.020654	55.525000
707.242675	888.332347	50.020647	55.523000
707.245148	888.332353	50.020646	55.522000
707.247664	888.332349	50.020653	55.521000
707.250301	888.332353	50.020648	55.519000
707.252681	888.332351	50.020646	55.518000
707.255133	888.332351	50.020648	55.518000
707.257639	888.332349	50.020654	55.518000
707.260367	888.332352	50.020649	55.518000
707.262863	888.332347	50.020645	55.519000
707.265241	888.332352	50.020654	55.520000
707.267759	888.332351	50.020653	55.522000
707.270308	888.332349	50.020646	55.524000
707.272777	888.332349	50.020646	55.525000
707.275237	888.332352	50.020654	55.527000
707.277739	888.332349	50.020654	55.528000
707.280259	888.332353	50.020645	55.529000
707.282864	888.332350	50.020650	55.529000
707.285247	888.332352	50.020655	55.530000
707.287741	888.332351	50.020654	55.530000
707.290403	888.332350	50.020656	55.531000
707.292869	888.332353	50.020649	55.531000
707.295236	888.332353	50.020656	55.531000
707.297924	888.332352	50.020644	55.531000
707.300459	888.332348	50.020649	55.531000
707.302957	888.332347	50.020655	55.531000
707.305453	888.332352	50.020646	55.532000
707.307852	888.332348	50.020655	55.532000
707.310405	888.332352	50.020648	55.532000
707.312884	888.332351	50.020646	55.533000
707.315338	888.332351	50.020655	55.534000
707.317835	888.332355	50.020650	55.534000
707.320458	888.332347	50.020655	55.534000
707.322856	888.332348	50.020649	55.535000
707.325450	888.332348	50.020644	55.535000
707.327849	888.332347	50.020651	55.536000
707.330397	888.332348	50.020646	55.536000
707.332876	888.332351	50.020648	55.537000
707.335537	888.332349	50.020653	55.537000
707.337934	888.332348	50.020649	55.538000
707.340463	888.332349	50.020655	55.539000
707.342954	888.332348	50.020652	55.540000
707.345456	888.332348	50.020645	55.542000
707.347958	888.332348	50.020648	55.544000
707.350489	888.332351	50.020654	55.547000
707.352963	888.332347	50.020653	55.548000
707.355444	888.332351	50.020646	55.550000
707.357931	888.332351	50.020648	55.551000
707.360461	888.332347	50.020655	55.551000
707.363057	888.332347	50.020652	55.551000
707.365450	888.332349	50.020645	55.550000
707.367961	888.332349	50.020648	55.549000
707.370397	888.332351	50.020646	55.547000
707.373167	888.332347	50.020646	55.546000
707.375643	888.332353	50.020647	55.545000
707.378032	888.332352	50.020649	55.544000
707.380572	888.332349	50.020644	55.544000
707.383060	888.332350	50.020650	55.545000
707.385550	888.332353	50.020654	55.546000
707.388068	888.332349	50.020652	55.547000
707.390591	888.332353	50.020645	55.548000
707.393080	888.332353	50.020651	55.549000
707.395645	888.332352	50.020646	55.550000
707.398032	888.332349	50.020651	55.550000
707.400564	888.332345	50.020645	55.550000
707.403055	888.332354	50.020649	55.549000
707.405551	888.332348	50.020656	55.548000
707.408061	888.332354	50.020649	55.548000
707.410792	888.332350	50.020652	55.547000
707.413265	888.332348	50.020655	55.546000
707.415742	888.332348	50.020649	55.546000
707.418139	888.332351	50.020655	55.547000
707.420666	888.332349	50.020653	55.547000
707.423261	888.332350	50.020656	55.548000
707.425747	888.332350	50.020651	55.549000
707.428153	888.332355	50.020653	55.550000
707.430702	888.332351	50.020655	55.551000
707.433182	888.332351	50.020649	55.551000
707.435628	888.332351	50.020644	55.551000
707.438119	888.332349	50.020651	55.551000
707.440666	888.332348	50.020655	55.551000
707.443169	888.332352	50.020651	55.551000
707.445651	888.332348	50.020644	55.551000
707.448353	888.332349	50.020655	55.551000
707.450891	888.332350	50.020653	55.552000
707.453372	888.332346	50.020646	55.552000
707.455728	888.332349	50.020655	55.552000
707.458223	888.332353	50.020649	55.553000
707.460761	888.332347	50.020645	55.553000
707.463263	888.332349	50.020647	55.553000
707.465754	888.332350	50.020653	55.553000
707.468359	888.332346	50.020646	55.553000
707.470781	888.332350	50.020653	55.552000
707.473261	888.332352	50.020649	55.552000
707.475825	888.332354	50.020655	55.552000
707.478129	888.332350	50.020655	55.551000
707.480773	888.332350	50.020649	55.551000
707.483255	888.332352	50.020654	55.551000
707.485955	888.332350	50.020650	55.551000
707.488472	888.332352	50.020645	55.550000
707.490893	888.332352	50.020653	55.550000
707.493453	888.332352	50.020654	55.549000
707.495834	888.332351	50.020645	55.548000
707.498439	888.332350	50.020648	55.547000
707.500864	888.332354	50.020654	55.546000
707.503373	888.332344	50.020654	55.544000
707.505849	888.332351	50.020648	55.543000
707.508372	888.332354	50.020645	55.541000
707.510904	888.332354	50.020653	55.540000
707.513368	888.332349	50.020653	55.539000
707.515823	888.332348	50.020647	55.538000
707.518330	888.332352	50.020646	55.537000
707.520878	888.332353	50.020648	55.536000
707.523599	888.332350	50.020652	55.535000
707.526048	888.332353	50.020647	55.534000
707.528578	888.332355	50.020645	55.532000
707.530992	888.332348	50.020655	55.531000
707.533468	888.332350	50.020652	55.529000
707.535942	888.332351	50.020646	55.528000
707.538450	888.332345	50.020646	55.527000
707.540965	888.332350	50.020649	55.526000
707.543476	888.332353	50.020655	55.524000
707.546057	888.332348	50.020652	55.523000
707.548470	888.332353	50.020647	55.521000
707.551089	888.332347	50.020654	55.520000
707.553461	888.332351	50.020650	55.519000
707.555933	888.332347	50.020655	55.518000
707.558437	888.332350	50.020652	55.517000
707.561169	888.332350	50.020645	55.516000
707.563683	888.332346	50.020653	55.516000
707.566047	888.332352	50.020646	55.516000
707.568681	888.332346	50.020653	55.516000
707.571095	888.332352	50.020647	55.517000
707.573563	888.332350	50.020652	55.518000
707.576029	888.332349	50.020655	55.519000
707.578548	888.332348	50.020652	55.521000
707.581069	888.332349	50.020646	55.522000
707.583688	888.332351	50.020651	55.523000
707.586049	888.332353	50.020654	55.524000
707.588583	888.332350	50.020653	55.525000
707.591095	888.332349	50.020648	55.526000
707.593566	888.332353	50.020645	55.526000
707.596038	888.332348	50.020645	55.526000
707.598776	888.332348	50.020653	55.526000
707.601162	888.332350	50.020647	55.525000
707.603799	888.332352	50.020654	55.524000
707.606250	888.332347	50.020648	55.524000
707.608795	888.332351	50.020645	55.523000
707.611392	888.332350	50.020651	55.522000
707.613866	888.332349	50.020647	55.520000
707.616233	888.332351	50.020654	55.520000
707.618877	888.332350	50.020648	55.519000
707.621268	888.332352	50.020653	55.519000
707.623796	888.332349	50.020647	55.520000
707.626354	888.332349	50.020654	55.521000
707.628795	888.332346	50.020646	55.523000
707.631299	888.332351	50.020648	55.524000
707.633762	888.332349	50.020652	55.526000
707.636234	888.332353	50.020654	55.528000
707.638977	888.332351	50.020651	55.529000
707.641472	888.332352	50.020646	55.530000
707.643995	888.332348	50.020645	55.530000
707.646344	888.332349	50.020653	55.530000
707.648886	888.332348	50.020652	55.530000
707.651394	888.332353	50.020646	55.529000
707.653865	888.332351	50.020646	55.527000
707.656333	888.332348	50.020651	55.526000
707.658981	888.332349	50.020645	55.525000
707.661365	888.332348	50.020655	55.524000
707.663896	888.332351	50.020652	55.523000
707.666349	888.332350	50.020648	55.522000
707.668988	888.332350	50.020654	55.522000
707.671395	888.332347	50.020646	55.521000
707.673863	888.332351	50.020652	55.520000
707.676533	888.332346	50.020653	55.519000
707.679072	888.332351	50.020648	55.519000
707.681569	888.332347	50.020645	55.519000
707.684101	888.332353	50.020646	55.519000
707.686444	888.332351	50.020654	55.521000
707.688991	888.332350	50.020652	55.523000
707.691498	888.332349	50.020648	55.527000
707.693956	888.332352	50.020647	55.530000
707.696429	888.332349	50.020646	55.534000
707.698972	888.332349	50.020647	55.538000
707.701564	888.332351	50.020650	55.542000
707.703998	888.332351	50.020646	55.545000
707.706441	888.332354	50.020649	55.548000
707.708985	888.332348	50.020653	55.550000
707.711487	888.332351	50.020655	55.553000
707.713952	888.332348	50.020654	55.555000
707.716632	888.332351	50.020647	55.557000
707.719070	888.332353	50.020650	55.560000
707.721658	888.332347	50.020646	55.563000
707.724197	888.332349	50.020646	55.566000
707.726542	888.332349	50.020655	55.570000
707.729090	888.332351	50.020653	55.573000
707.731587	888.332349	50.020652	55.575000
707.734058	888.332354	50.020647	55.577000
707.736527	888.332350	50.020646	55.579000
707.739076	888.332351	50.020645	55.579000
707.741576	888.332347	50.020647	55.579000
707.744292	888.332350	50.020651	55.578000
707.746545	888.332349	50.020647	55.578000
707.749093	888.332353	50.020647	55.576000
707.751595	888.332349	50.020651	55.575000
707.754253	888.332347	50.020654	55.574000
707.756731	888.332351	50.020653	55.573000
707.759274	888.332351	50.020652	55.573000
707.761669	888.332351	50.020647	55.573000
707.764294	888.332352	50.020648	55.573000
707.766645	888.332352	50.020651	55.574000
707.769193	888.332348	50.020653	55.575000
707.771787	888.332352	50.020646	55.576000
707.774248	888.332349	50.020647	55.577000
707.776827	888.332353	50.020653	55.578000
707.779276	888.332351	50.020646	55.579000
707.781856	888.332350	50.020652	55.579000
707.784300	888.332351	50.020649	55.579000
707.786740	888.332351	50.020654	55.579000
707.789294	888.332348	50.020655	55.579000
707.791688	888.332351	50.020646	55.579000
707.794454	888.332346	50.020649	55.579000
707.796929	888.332348	50.020650	55.579000
707.799472	888.332354	50.020647	55.579000
707.801968	888.332348	50.020646	55.579000
707.804389	888.332347	50.020655	55.579000
707.806848	888.332349	50.020655	55.580000
707.809392	888.332350	50.020654	55.580000
707.811889	888.332350	50.020652	55.579000
707.814343	888.332349	50.020649	55.579000
707.816832	888.332346	50.020650	55.579000
707.819470	888.332348	50.020653	55.578000
707.821868	888.332349	50.020646	55.577000
707.824387	888.332350	50.020645	55.576000
707.826852	888.332350	50.020646	55.575000
707.829392	888.332348	50.020648	55.573000
707.832087	888.332346	50.020653	55.570000
707.834556	888.332347	50.020652	55.568000
707.837048	888.332348	50.020649	55.565000
707.839563	888.332351	50.020647	55.563000
707.841961	888.332349	50.020652	55.561000
707.844584	888.332350	50.020653	55.559000
707.846946	888.332350	50.020648	55.557000
707.849489	888.332348	50.020646	55.556000
707.851987	888.332349	50.020646	55.556000
707.854545	888.332346	50.020654	55.555000
707.856933	888.332350	50.020646	55.555000
707.859479	888.332349	50.020646	55.554000
707.861973	888.332352	50.020646	55.553000
707.864486	888.332353	50.020646	55.552000
707.866942	888.332349	50.020646	55.551000
707.869688	888.332349	50.020647	55.549000
707.872190	888.332350	50.020647	55.547000
707.874546	888.332352	50.020653	55.546000
707.877132	888.332350	50.020650	55.545000
707.879562	888.332347	50.020653	55.543000
707.882065	888.332347	50.020651	55.542000
707.884578	888.332352	50.020651	55.541000
707.887250	888.332350	50.020646	55.541000
707.889586	888.332347	50.020651	55.540000
707.892081	888.332349	50.020648	55.539000
707.894748	888.332352	50.020646	55.538000
707.897038	888.332348	50.020648	55.538000
707.899569	888.332351	50.020650	55.537000
707.902064	888.332355	50.020649	55.535000
707.904579	888.332349	50.020647	55.534000
707.907046	888.332352	50.020646	55.532000
707.909785	888.332348	50.020646	55.530000
707.912278	888.332352	50.020646	55.528000
707.914641	888.332351	50.020653	55.527000
707.917136	888.332350	50.020654	55.525000
707.919675	888.332353	50.020654	55.524000
707.922164	888.332353	50.020653	55.523000
707.924677	888.332351	50.020650	55.523000
707.927153	888.332347	50.020648	55.522000
707.929797	888.332353	50.020649	55.522000
707.932178	888.332351	50.020654	55.522000
707.934645	888.332352	50.020653	55.522000
707.937133	888.332352	50.020654	55.522000
707.939665	888.332350	50.020652	55.522000
707.942175	888.332347	50.020652	55.522000
707.944688	888.332350	50.020650	55.522000
707.947345	888.332347	50.020653	55.521000
707.949894	888.332353	50.020652	55.521000
707.952380	888.332352	50.020649	55.521000
707.954847	888.332349	50.020647	55.522000
707.957232	888.332347	50.020654	55.523000
707.959762	888.332353	50.020654	55.524000
707.962272	888.332350	50.020652	55.526000
707.964774	888.332351	50.020648	55.528000
707.967243	888.332354	50.020646	55.529000
707.969782	888.332350	50.020646	55.531000
707.972280	888.332350	50.020646	55.532000
707.974746	888.332348	50.020646	55.532000
707.977229	888.332350	50.020647	55.533000
707.979758	888.332350	50.020646	55.533000
707.982277	888.332353	50.020644	55.532000
707.984959	888.332351	50.020647	55.532000
707.987454	888.332348	50.020647	55.531000
707.989895	888.332348	50.020654	55.531000
707.992384	888.332350	50.020653	55.531000
707.994852	888.332350	50.020653	55.532000
707.997330	888.332350	50.020651	55.533000
707.999855	888.332351	50.020650	55.535000
708.002367	888.332348	50.020648	55.538000
708.004962	888.332353	50.020651	55.541000
708.007356	888.332347	50.020646	55.544000
708.009893	888.332352	50.020647	55.547000
708.012489	888.332350	50.020652	55.550000
708.014841	888.332349	50.020646	55.552000
708.017329	888.332352	50.020646	55.553000
708.019860	888.332352	50.020645	55.555000
708.022564	888.332347	50.020647	55.555000
708.025058	888.332349	50.020648	55.555000
708.027561	888.332349	50.020649	55.555000
708.030000	888.332353	50.020648	55.555000
708.032487	888.332349	50.020646	55.554000
708.034945	888.332350	50.020646	55.554000
708.037540	888.332352	50.020654	55.554000
708.039961	888.332352	50.020646	55.554000
708.042474	888.332354	50.020646	55.554000
708.044963	888.332350	50.020648	55.554000
708.047554	888.332350	50.020653	55.554000
708.049995	888.332351	50.020649	55.554000
708.052480	888.332353	50.020651	55.555000
708.055045	888.332350	50.020651	55.555000
708.057432	888.332348	50.020654	55.555000
708.060144	888.332351	50.020649	55.555000
708.062665	888.332348	50.020651	55.555000
708.065144	888.332350	50.020653	55.555000
708.067655	888.332351	50.020654	55.556000
708.070095	888.332351	50.020648	55.557000
708.072575	888.332348	50.020650	55.558000
708.075045	888.332351	50.020649	55.559000
708.077540	888.332348	50.020650	55.561000
708.080041	888.332354	50.020653	55.562000
708.082578	888.332347	50.020653	55.563000
708.085043	888.332350	50.020653	55.565000
708.087556	888.332349	50.020654	55.565000
708.090089	888.332350	50.020654	55.565000
708.092573	888.332353	50.020653	55.565000
708.095046	888.332351	50.020651	55.564000
708.097735	888.332351	50.020651	55.562000
708.100253	888.332349	50.020650	55.561000
708.102769	888.332351	50.020648	55.558000
708.105239	888.332347	50.020649	55.556000
708.107648	888.332350	50.020646	55.554000
708.110300	888.332342	50.020653	55.553000
708.112683	888.332350	50.020647	55.551000
708.115131	888.332349	50.020649	55.550000
708.117631	888.332348	50.020651	55.550000
708.120254	888.332350	50.020649	55.549000
708.122668	888.332347	50.020653	55.549000
708.125141	888.332350	50.020653	55.550000
708.127645	888.332350	50.020649	55.550000
708.130292	888.332351	50.020651	55.551000
708.132773	888.332347	50.020654	55.551000
708.135342	888.332353	50.020647	55.551000
708.137833	888.332348	50.020647	55.550000
708.140343	888.332353	50.020649	55.549000
708.142766	888.332347	50.020648	55.548000
708.145337	888.332355	50.020652	55.546000
708.147758	888.332346	50.020648	55.544000
708.150293	888.332349	50.020650	55.542000
708.152775	888.332347	50.020653	55.540000
708.155234	888.332350	50.020652	55.539000
708.157745	888.332350	50.020652	55.539000
708.160242	888.332349	50.020649	55.539000
708.162764	888.332352	50.020647	55.539000
708.165346	888.332350	50.020654	55.540000
708.167759	888.332351	50.020650	55.540000
708.170304	888.332347	50.020651	55.540000
708.172774	888.332351	50.020654	55.539000
708.175441	888.332350	50.020651	55.538000
708.177925	888.332353	50.020652	55.537000
708.180460	888.332351	50.020653	55.535000
708.182866	888.332347	50.020651	55.532000
708.185350	888.332350	50.020653	55.530000
708.187854	888.332347	50.020650	55.529000
708.190405	888.332349	50.020648	55.528000
708.192878	888.332352	50.020647	55.528000
708.195441	888.332349	50.020651	55.528000
708.197828	888.332350	50.020651	55.529000
708.200354	888.332352	50.020653	55.529000
708.202868	888.332349	50.020652	55.529000
708.205353	888.332351	50.020650	55.529000
708.207865	888.332350	50.020648	55.529000
708.210408	888.332351	50.020647	55.528000
708.213081	888.332350	50.020647	55.527000
708.215551	888.332353	50.020651	55.526000
708.217941	888.332352	50.020650	55.526000
708.220466	888.332351	50.020650	55.525000
708.222964	888.332352	50.020646	55.524000
708.225460	888.332354	50.020646	55.524000
708.227966	888.332352	50.020647	55.524000
708.230408	888.332348	50.020649	55.525000
708.232982	888.332352	50.020654	55.525000
708.235443	888.332351	50.020653	55.526000
708.238035	888.332349	50.020648	55.527000
708.240467	888.332353	50.020649	55.527000
708.242957	888.332351	50.020647	55.528000
708.245462	888.332352	50.020645	55.529000
708.248162	888.332353	50.020648	55.531000
708.250702	888.332351	50.020646	55.532000
708.253172	888.332352	50.020648	55.534000
708.255644	888.332351	50.020651	55.537000
708.258033	888.332351	50.020646	55.539000
708.260572	888.332352	50.020648	55.542000
708.263053	888.332349	50.020650	55.544000
708.265661	888.332350	50.020651	55.547000
708.268054	888.332349	50.020652	55.548000
708.270595	888.332348	50.020650	55.550000
708.273272	888.332349	50.020650	55.550000
708.275545	888.332352	50.020646	55.550000
708.278030	888.332349	50.020648	55.550000
708.280566	888.332347	50.020651	55.550000
708.283059	888.332348	50.020653	55.550000
708.285656	888.332351	50.020646	55.550000
708.288265	888.332352	50.020653	55.552000
708.290789	888.332350	50.020648	55.553000
708.293270	888.332352	50.020649	55.556000
708.295634	888.332349	50.020647	55.558000
708.298129	888.332351	50.020650	55.561000
708.300658	888.332348	50.020652	55.563000
708.303154	888.332352	50.020649	55.565000
708.305652	888.332347	50.020651	55.566000
708.308153	888.332349	50.020649	55.567000
708.310689	888.332353	50.020650	55.567000
708.313270	888.332353	50.020647	55.567000
708.315637	888.332352	50.020649	55.566000
708.318123	888.332349	50.020650	55.565000
708.320663	888.332346	50.020652	55.565000
708.323152	888.332350	50.020649	55.565000
708.325854	888.332355	50.020649	55.566000
708.328351	888.332351	50.020652	55.567000
708.330903	888.332353	50.020648	55.569000
708.333269	888.332350	50.020650	55.571000
708.335739	888.332350	50.020650	55.573000
708.338227	888.332352	50.020649	55.574000
708.340766	888.332351	50.020652	55.576000
708.343261	888.332347	50.020652	55.578000
708.345848	888.332350	50.020652	55.579000
708.348354	888.332347	50.020652	55.580000
708.350791	888.332350	50.020653	55.581000
708.353270	888.332353	50.020650	55.583000
708.355735	888.332352	50.020648	55.584000
708.358222	888.332350	50.020650	55.584000
708.360957	888.332347	50.020652	55.585000
708.363463	888.332348	50.020654	55.586000
708.365948	888.332348	50.020651	55.586000
708.368351	888.332352	50.020653	55.586000
708.370996	888.332349	50.020647	55.586000
708.373365	888.332351	50.020647	55.586000
708.375828	888.332349	50.020646	55.585000
708.378325	888.332347	50.020649	55.583000
708.380860	888.332350	50.020651	55.582000
708.383353	888.332346	50.020652	55.580000
708.385851	888.332353	50.020648	55.579000
708.388563	888.332352	50.020647	55.577000
708.390903	888.332351	50.020652	55.576000
708.393367	888.332348	50.020650	55.576000
708.395934	888.332348	50.020651	55.576000
708.398539	888.332351	50.020649	55.576000
708.401065	888.332349	50.020653	55.576000
708.403584	888.332350	50.020649	55.577000
708.406153	888.332350	50.020649	55.579000
708.408581	888.332345	50.020648	55.580000
708.410996	888.332347	50.020645	55.580000
708.413472	888.332347	50.020648	55.581000
708.415933	888.332350	50.020651	55.580000
708.418440	888.332350	50.020650	55.580000
708.421067	888.332346	50.020652	55.578000
708.423681	888.332351	50.020651	55.576000
708.425952	888.332349	50.020650	55.574000
708.428480	888.332353	50.020651	55.571000
708.431003	888.332349	50.020649	55.568000
708.433474	888.332351	50.020650	55.565000
708.436135	888.332352	50.020649	55.562000
708.438652	888.332350	50.020651	55.558000
708.441172	888.332353	50.020647	55.555000
708.443687	888.332352	50.020651	55.552000
708.446062	888.332352	50.020650	55.549000
708.448682	888.332352	50.020647	55.546000
708.451107	888.332348	50.020649	55.544000
708.453569	888.332350	50.020647	55.541000
708.456038	888.332352	50.020650	55.540000
708.458537	888.332349	50.020651	55.538000
708.461076	888.332350	50.020651	55.536000
708.463580	888.332350	50.020647	55.535000
708.466158	888.332351	50.020649	55.533000
708.468573	888.332347	50.020650	55.531000
708.471109	888.332354	50.020650	55.529000
708.473772	888.332351	50.020649	55.527000
708.476229	888.332351	50.020651	55.524000
708.478762	888.332349	50.020649	55.522000
708.481263	888.332351	50.020649	55.519000
708.483794	888.332351	50.020648	55.517000
708.486158	888.332350	50.020646	55.515000
708.488786	888.332349	50.020650	55.513000
708.491202	888.332351	50.020650	55.512000
708.493670	888.332350	50.020650	55.511000
708.496228	888.332352	50.020653	55.511000
708.498654	888.332355	50.020652	55.510000
708.501168	888.332350	50.020653	55.510000
708.503674	888.332353	50.020650	55.509000
708.506154	888.332351	50.020647	55.508000
708.508667	888.332350	50.020649	55.508000
708.511396	888.332349	50.020651	55.507000
708.513854	888.332349	50.020652	55.506000
708.516328	888.332349	50.020648	55.505000
708.518759	888.332352	50.020648	55.504000
708.521268	888.332349	50.020651	55.503000
708.523892	888.332353	50.020653	55.502000
708.526251	888.332348	50.020651	55.501000
708.528778	888.332349	50.020649	55.500000
708.531487	888.332348	50.020653	55.499000
708.533762	888.332351	50.020648	55.498000
708.536233	888.332351	50.020646	55.497000
708.538755	888.332350	50.020647	55.496000
708.541363	888.332351	50.020651	55.495000
708.543785	888.332353	50.020652	55.493000
708.546252	888.332349	50.020648	55.493000
708.548987	888.332353	50.020647	55.492000
708.551491	888.332353	50.020651	55.492000
708.553962	888.332351	50.020651	55.492000
708.556429	888.332353	50.020648	55.492000
708.558855	888.332351	50.020651	55.493000
708.561368	888.332347	50.020646	55.494000
708.563890	888.332349	50.020649	55.494000
708.566352	888.332348	50.020652	55.494000
708.568882	888.332350	50.020649	55.494000
708.571395	888.332350	50.020652	55.494000
708.573859	888.332352	50.020653	55.493000
708.576333	888.332348	50.020648	55.493000
708.578865	888.332351	50.020651	55.493000
708.581467	888.332352	50.020647	55.493000
708.583890	888.332353	50.020648	55.494000
708.586544	888.332348	50.020647	55.495000
708.589086	888.332348	50.020653	55.496000
708.591696	888.332352	50.020648	55.498000
708.594061	888.332351	50.020648	55.499000
708.596431	888.332349	50.020649	55.500000
708.598964	888.332347	50.020647	55.501000
708.601457	888.332354	50.020651	55.502000
708.603988	888.332349	50.020649	55.502000
708.606442	888.332350	50.020651	55.503000
708.608995	888.332351	50.020648	55.503000
708.611486	888.332349	50.020654	55.504000
708.614059	888.332352	50.020648	55.506000
708.616425	888.332350	50.020648	55.508000
708.618970	888.332350	50.020653	55.511000
708.621454	888.332349	50.020650	55.513000
708.624388	888.332349	50.020652	55.516000
708.626633	888.332347	50.020649	55.518000
708.629192	888.332348	50.020652	55.519000
708.631685	888.332349	50.020648	55.520000
708.634063	888.332348	50.020652	55.520000
708.636533	888.332349	50.020647	55.520000
708.639073	888.332350	50.020647	55.521000
708.641559	888.332351	50.020652	55.522000
708.644097	888.332351	50.020653	55.524000
708.646545	888.332352	50.020648	55.527000
708.649091	888.332347	50.020650	55.530000
708.651594	888.332350	50.020654	55.534000
708.654066	888.332350	50.020651	55.538000
708.656539	888.332351	50.020646	55.542000
708.659071	888.332345	50.020652	55.545000
708.661762	888.332353	50.020652	55.548000
708.664287	888.332347	50.020647	55.550000
708.666749	888.332349	50.020651	55.551000
708.669192	888.332349	50.020647	55.552000
708.671681	888.332353	50.020653	55.553000
708.674158	888.332348	50.020650	55.553000
708.676634	888.332354	50.020647	55.554000
708.679181	888.332351	50.020650	55.555000
708.681655	888.332344	50.020653	55.555000
708.684191	888.332351	50.020648	55.556000
708.686650	888.332351	50.020648	55.557000
708.689194	888.332349	50.020653	55.557000
708.691692	888.332345	50.020653	55.558000
708.694165	888.332345	50.020648	55.558000
708.696640	888.332348	50.020650	55.559000
708.699371	888.332350	50.020651	55.559000
708.701863	888.332350	50.020650	55.560000
708.704289	888.332350	50.020650	55.561000
708.706856	888.332349	50.020652	55.561000
708.709288	888.332351	50.020652	55.562000
708.711788	888.332350	50.020652	55.562000
708.714454	888.332351	50.020651	55.562000
708.716744	888.332353	50.020647	55.561000
708.719272	888.332349	50.020652	55.560000
708.721767	888.332349	50.020650	55.559000
708.724390	888.332355	50.020653	55.558000
708.726857	888.332350	50.020654	55.556000
708.729286	888.332351	50.020653	55.555000
708.731888	888.332349	50.020648	55.554000
708.734262	888.332347	50.020647	55.553000
708.737040	888.332353	50.020653	55.552000
708.739474	888.332350	50.020650	55.552000
708.741870	888.332348	50.020650	55.553000
708.744390	888.332351	50.020652	55.554000
708.746849	888.332350	50.020648	55.556000
708.749387	888.332350	50.020646	55.558000
708.751886	888.332351	50.020650	55.559000
708.754363	888.332350	50.020650	55.560000
708.756841	888.332348	50.020651	55.561000
708.759374	888.332349	50.020647	55.561000
708.761866	888.332352	50.020649	55.561000
708.764488	888.332348	50.020651	55.561000
708.766849	888.332349	50.020653	55.560000
708.769389	888.332350	50.020649	55.559000
708.771893	888.332348	50.020650	55.559000
708.774658	888.332347	50.020650	55.558000
708.777039	888.332348	50.020654	55.558000
708.779471	888.332349	50.020653	55.559000
708.782073	888.332352	50.020650	55.559000
708.784493	888.332349	50.020650	55.559000
708.786961	888.332349	50.020653	55.560000
708.789498	888.332348	50.020650	55.561000
708.791996	888.332354	50.020646	55.562000
708.794461	888.332353	50.020649	55.563000
708.796936	888.332353	50.020652	55.564000
708.799575	888.332349	50.020652	55.565000
708.801970	888.332351	50.020652	55.566000
708.804490	888.332351	50.020652	55.567000
708.807051	888.332352	50.020652	55.567000
708.809590	888.332350	50.020652	55.567000
708.812190	888.332350	50.020651	55.566000
708.814652	888.332348	50.020648	55.565000
708.817237	888.332349	50.020653	55.564000
708.819577	888.332355	50.020646	55.564000
708.822075	888.332354	50.020650	55.564000
708.824682	888.332350	50.020648	55.564000
708.827053	888.332352	50.020647	55.564000
708.829587	888.332351	50.020651	55.566000
708.832084	888.332348	50.020654	55.567000
708.834540	888.332355	50.020653	55.569000
708.837037	888.332351	50.020648	55.571000
708.839663	888.332351	50.020653	55.572000
708.842063	888.332353	50.020651	55.573000
708.844583	888.332349	50.020653	55.573000
708.847055	888.332349	50.020650	55.573000
708.849887	888.332349	50.020648	55.573000
708.852290	888.332350	50.020648	55.572000
708.854751	888.332348	50.020651	55.571000
708.857142	888.332351	50.020650	55.571000
708.859759	888.332350	50.020648	55.570000
708.862171	888.332354	50.020649	55.570000
708.864679	888.332346	50.020649	55.570000
708.867145	888.332351	50.020651	55.569000
708.869686	888.332349	50.020648	55.568000
708.872181	888.332349	50.020651	55.567000
708.874757	888.332351	50.020647	55.566000
708.877132	888.332353	50.020652	55.566000
708.879663	888.332352	50.020648	55.565000
708.882166	888.332351	50.020652	55.565000
708.884681	888.332352	50.020649	55.565000
708.887345	888.332350	50.020647	55.567000
708.889892	888.332350	50.020648	55.569000
708.892376	888.332348	50.020652	55.571000
708.894754	888.332352	50.020652	55.572000
708.897236	888.332350	50.020648	55.574000
708.899764	888.332352	50.020652	55.574000
708.902269	888.332350	50.020651	55.575000
708.904774	888.332351	50.020646	55.574000
708.907348	888.332350	50.020650	55.573000
708.909786	888.332350	50.020650	55.572000
708.912285	888.332352	50.020648	55.570000
708.914755	888.332350	50.020652	55.570000
708.917245	888.332350	50.020648	55.570000
708.919770	888.332349	50.020652	55.570000
708.922269	888.332349	50.020652	55.570000
708.924965	888.332354	50.020651	55.570000
708.927457	888.332349	50.020648	55.569000
708.929991	888.332348	50.020652	55.567000
708.932489	888.332351	50.020650	55.565000
708.934853	888.332350	50.020652	55.561000
708.937338	888.332349	50.020649	55.557000
708.939952	888.332349	50.020653	55.552000
708.942374	888.332349	50.020652	55.547000
708.944877	888.332348	50.020652	55.541000
708.947349	888.332353	50.020648	55.535000
708.949985	888.332345	50.020652	55.530000
708.952378	888.332348	50.020651	55.525000
708.954846	888.332350	50.020649	55.521000
708.957434	888.332348	50.020649	55.518000
708.959851	888.332349	50.020650	55.516000
708.962471	888.332348	50.020647	55.515000
708.964963	888.332349	50.020649	55.515000
708.967451	888.332348	50.020653	55.515000
708.969887	888.332350	50.020649	55.517000
708.972476	888.332350	50.020648	55.519000
708.974857	888.332350	50.020648	55.522000
708.977340	888.332350	50.020652	55.524000
708.979860	888.332346	50.020647	55.527000
708.982371	888.332347	50.020652	55.530000
708.984869	888.332350	50.020654	55.532000
708.987354	888.332351	50.020648	55.534000
708.989885	888.332346	50.020649	55.535000
708.992383	888.332347	50.020651	55.536000
708.994847	888.332349	50.020651	55.537000
708.997327	888.332348	50.020649	55.538000
709.000144	888.332348	50.020648	55.538000
709.002571	888.332350	50.020650	55.538000
709.005066	888.332350	50.020647	55.538000
709.007559	888.332352	50.020652	55.539000
709.009995	888.332350	50.020652	55.540000
709.012473	888.332349	50.020652	55.542000
709.014951	888.332349	50.020648	55.544000
709.017439	888.332350	50.020648	55.545000
709.019953	888.332349	50.020653	55.547000
709.022470	888.332346	50.020649	55.548000
709.025064	888.332349	50.020655	55.548000
709.027458	888.332350	50.020648	55.549000
709.029984	888.332351	50.020653	55.548000
709.032672	888.332346	50.020654	55.547000
709.034945	888.332348	50.020649	55.546000
709.037631	888.332351	50.020647	55.543000
709.040137	888.332350	50.020653	55.541000
709.042774	888.332354	50.020647	55.539000
709.045055	888.332349	50.020654	55.537000
709.047657	888.332350	50.020647	55.536000
709.050093	888.332353	50.020647	55.535000
709.052590	888.332349	50.020652	55.536000
709.055045	888.332348	50.020653	55.538000
709.057537	888.332352	50.020649	55.541000
709.060049	888.332350	50.020647	55.544000
709.062569	888.332347	50.020653	55.548000
709.065058	888.332351	50.020653	55.551000
709.067649	888.332349	50.020649	55.554000
709.070102	888.332348	50.020647	55.556000
709.072576	888.332352	50.020651	55.557000
709.075349	888.332351	50.020649	55.558000
709.077734	888.332347	50.020653	55.557000
709.080251	888.332350	50.020648	55.556000
709.082769	888.332350	50.020646	55.555000
709.085354	888.332352	50.020653	55.552000
709.087659	888.332355	50.020646	55.549000
709.090194	888.332352	50.020650	55.546000
709.092676	888.332350	50.020653	55.543000
709.095149	888.332350	50.020654	55.540000
709.097645	888.332349	50.020650	55.538000
709.100147	888.332350	50.020647	55.536000
709.102674	888.332348	50.020650	55.535000
709.105154	888.332351	50.020653	55.534000
709.107661	888.332350	50.020651	55.534000
709.110195	888.332349	50.020647	55.535000
709.112874	888.332353	50.020647	55.536000
709.115246	888.332351	50.020648	55.538000
709.117739	888.332349	50.020648	55.539000
709.120246	888.332350	50.020653	55.541000
709.122869	888.332351	50.020647	55.544000
709.125447	888.332349	50.020651	55.547000
709.127749	888.332350	50.020648	55.549000
709.130297	888.332351	50.020652	55.552000
709.132777	888.332347	50.020653	55.554000
709.135347	888.332349	50.020651	55.556000
709.137734	888.332352	50.020652	55.558000
709.140246	888.332356	50.020654	55.559000
709.142768	888.332352	50.020653	55.560000
709.145241	888.332356	50.020648	55.560000
709.147751	888.332348	50.020650	55.560000
709.150492	888.332352	50.020653	55.560000
709.152875	888.332350	50.020648	55.559000
709.155439	888.332351	50.020649	55.559000
709.157932	888.332353	50.020647	55.559000
709.160351	888.332349	50.020648	55.559000
709.162873	888.332350	50.020649	55.559000
709.165344	888.332347	50.020654	55.560000
709.167854	888.332346	50.020653	55.560000
709.170399	888.332352	50.020648	55.561000
709.172882	888.332349	50.020646	55.562000
709.175342	888.332351	50.020651	55.563000
709.177935	888.332353	50.020647	55.563000
709.180345	888.332352	50.020647	55.563000
709.182866	888.332355	50.020647	55.563000
709.185343	888.332351	50.020653	55.563000
709.188155	888.332354	50.020648	55.564000
709.190600	888.332346	50.020652	55.565000
709.192974	888.332351	50.020653	55.566000
709.195537	888.332347	50.020651	55.568000
709.197921	888.332349	50.020652	55.570000
709.200451	888.332350	50.020651	55.573000
709.202965	888.332350	50.020645	55.575000
709.205445	888.332347	50.020648	55.577000
709.207956	888.332349	50.020653	55.579000
709.210506	888.332349	50.020651	55.580000
709.212976	888.332352	50.020647	55.581000
709.215438	888.332354	50.020648	55.582000
709.217933	888.332351	50.020652	55.582000
709.220455	888.332348	50.020655	55.582000
709.222968	888.332353	50.020651	55.582000
709.225651	888.332354	50.020649	55.582000
709.228261	888.332347	50.020653	55.582000
709.230694	888.332350	50.020651	55.582000
709.233083	888.332353	50.020647	55.582000
709.235643	888.332346	50.020650	55.581000
709.238234	888.332349	50.020653	55.581000
709.240561	888.332350	50.020648	55.581000
709.243069	888.332351	50.020645	55.580000
709.245556	888.332346	50.020651	55.580000
709.248066	888.332354	50.020653	55.580000
709.250610	888.332351	50.020647	55.580000
709.253083	888.332350	50.020650	55.579000
709.255545	888.332350	50.020653	55.579000
709.258041	888.332346	50.020648	55.580000
709.260564	888.332352	50.020649	55.580000
709.263266	888.332350	50.020652	55.581000
709.265764	888.332350	50.020652	55.581000
709.268163	888.332350	50.020654	55.582000
709.270806	888.332347	50.020647	55.583000
709.273178	888.332349	50.020649	55.584000
709.275645	888.332353	50.020647	55.585000
709.278230	888.332348	50.020651	55.585000
709.280664	888.332349	50.020654	55.586000
709.283161	888.332351	50.020650	55.586000
709.285659	888.332352	50.020646	55.586000
709.288163	888.332352	50.020648	55.585000
709.290702	888.332351	50.020654	55.585000
709.293177	888.332350	50.020653	55.584000
709.295646	888.332347	50.020648	55.583000
709.298139	888.332348	50.020646	55.582000
709.300869	888.332352	50.020646	55.582000
709.303272	888.332350	50.020650	55.583000
709.305866	888.332352	50.020653	55.584000
709.308362	888.332353	50.020653	55.585000
709.311007	888.332351	50.020649	55.587000
709.313277	888.332352	50.020654	55.589000
709.315740	888.332350	50.020653	55.591000
709.318232	888.332352	50.020650	55.593000
709.320873	888.332351	50.020653	55.594000
709.323171	888.332348	50.020649	55.594000
709.325762	888.332345	50.020653	55.594000
709.328260	888.332351	50.020651	55.592000
709.330800	888.332350	50.020647	55.590000
709.333272	888.332350	50.020647	55.588000
709.335737	888.332351	50.020652	55.586000
709.338226	888.332349	50.020648	55.585000
709.340965	888.332350	50.020649	55.584000
709.343456	888.332349	50.020652	55.584000
709.345964	888.332349	50.020650	55.584000
709.348366	888.332349	50.020653	55.586000
709.351011	888.332353	50.020651	55.588000
709.353477	888.332349	50.020653	55.590000
709.355841	888.332350	50.020652	55.592000
709.358337	888.332351	50.020652	55.594000
709.360873	888.332351	50.020648	55.595000
709.363364	888.332348	50.020651	55.597000
709.365863	888.332353	50.020653	55.598000
709.368368	888.332351	50.020651	55.599000
709.370906	888.332347	50.020646	55.600000
709.373384	888.332349	50.020649	55.600000
709.375843	888.332349	50.020653	55.601000
709.378544	888.332352	50.020653	55.601000
709.381070	888.332350	50.020649	55.602000
709.383568	888.332352	50.020647	55.602000
709.386067	888.332349	50.020651	55.602000
709.388465	888.332349	50.020645	55.602000
709.390997	888.332346	50.020648	55.601000
709.393478	888.332348	50.020652	55.601000
709.395949	888.332350	50.020654	55.600000
709.398435	888.332347	50.020650	55.599000
709.401073	888.332351	50.020652	55.598000
709.403465	888.332348	50.020647	55.596000
709.405963	888.332347	50.020652	55.595000
709.408469	888.332350	50.020650	55.594000
709.411000	888.332352	50.020647	55.593000
709.413474	888.332348	50.020648	55.592000
709.416144	888.332353	50.020651	55.592000
709.418650	888.332349	50.020649	55.592000
709.421073	888.332352	50.020649	55.591000
709.423571	888.332356	50.020646	55.591000
709.426059	888.332349	50.020648	55.591000
709.428676	888.332349	50.020651	55.590000
709.431100	888.332347	50.020652	55.590000
709.433568	888.332352	50.020647	55.590000
709.436033	888.332351	50.020647	55.590000
709.438541	888.332353	50.020653	55.589000
709.441072	888.332350	50.020649	55.589000
709.443563	888.332351	50.020647	55.589000
709.446052	888.332349	50.020651	55.588000
709.448567	888.332348	50.020653	55.587000
709.451090	888.332347	50.020651	55.587000
709.453764	888.332354	50.020649	55.586000
709.456134	888.332351	50.020653	55.586000
709.458752	888.332350	50.020648	55.585000
709.461263	888.332349	50.020652	55.584000
709.463773	888.332350	50.020651	55.583000
709.466148	888.332352	50.020653	55.582000
709.468666	888.332353	50.020651	55.581000
709.471288	888.332350	50.020653	55.579000
709.473650	888.332346	50.020651	55.578000
709.476128	888.332350	50.020653	55.577000
709.478627	888.332349	50.020651	55.575000
709.481159	888.332352	50.020647	55.574000
709.483664	888.332349	50.020647	55.574000
709.486146	888.332349	50.020651	55.574000
709.488659	888.332351	50.020651	55.574000
709.491385	888.332348	50.020649	55.575000
709.493953	888.332351	50.020652	55.576000
709.496228	888.332344	50.020649	55.577000
709.498837	888.332348	50.020652	55.578000
709.501348	888.332350	50.020654	55.580000
709.503767	888.332349	50.020650	55.581000
709.506234	888.332348	50.020654	55.582000
709.508760	888.332351	50.020652	55.583000
709.511286	888.332352	50.020647	55.582000
709.513854	888.332353	50.020652	55.581000
709.516216	888.332349	50.020652	55.580000
709.518727	888.332348	50.020647	55.578000
709.521251	888.332349	50.020650	55.575000
709.523866	888.332352	50.020647	55.573000
709.526237	888.332352	50.020647	55.572000
709.528973	888.332354	50.020647	55.570000
709.531493	888.332351	50.020649	55.570000
709.533859	888.332353	50.020646	55.570000
709.536422	888.332350	50.020651	55.571000
709.538833	888.332345	50.020652	55.572000
709.541359	888.332349	50.020648	55.573000
709.543875	888.332349	50.020651	55.574000
709.546348	888.332355	50.020650	55.574000
709.548872	888.332349	50.020646	55.574000
709.551389	888.332350	50.020651	55.573000
709.553018	888.332345	50.020646	55.571000
