704.551196	888.332390	55.020646	50.532000
704.552165	888.332347	55.020644	50.534000
704.554634	888.332336	55.020645	50.531000
704.557374	888.332349	55.020647	50.531000
704.559923	888.332335	55.020645	50.530000
704.562771	888.332355	55.020646	50.529000
704.565349	888.332342	55.020643	50.529000
704.567839	888.332347	55.020647	50.531000
704.570439	888.332347	55.020645	50.532000
704.573016	888.332349	55.020646	50.534000
704.575488	888.332348	55.020646	50.536000
704.578018	888.332350	55.020645	50.539000
704.580543	888.332351	55.020644	50.540000
704.583085	888.332347	55.020648	50.542000
704.585717	888.332353	55.020643	50.542000
704.588151	888.332349	55.020644	50.542000
704.590692	888.332349	55.020642	50.541000
704.593216	888.332347	55.020645	50.540000
704.596007	888.332354	55.020645	50.538000
704.598455	888.332350	55.020646	50.535000
704.600861	888.332353	55.020644	50.532000
704.603503	888.332350	55.020647	50.529000
704.605871	888.332345	55.020644	50.526000
704.608422	888.332350	55.020644	50.523000
704.610943	888.332349	55.020644	50.519000
704.613409	888.332353	55.020644	50.516000
704.615906	888.332350	55.020643	50.512000
704.618448	888.332350	55.020646	50.509000
704.621031	888.332350	55.020647	50.506000
704.623467	888.332351	55.020644	50.504000
704.625923	888.332351	55.020646	50.502000
704.628475	888.332354	55.020645	50.501000
704.630956	888.332346	55.020646	50.501000
704.633535	888.332349	55.020644	50.500000
704.636033	888.332349	55.020646	50.500000
704.638563	888.332352	55.020646	50.500000
704.641053	888.332349	55.020644	50.499000
704.643479	888.332352	55.020644	50.497000
704.645939	888.332352	55.020646	50.495000
704.648482	888.332348	55.020646	50.493000
704.650980	888.332350	55.020646	50.491000
704.653546	888.332349	55.020646	50.489000
704.655933	888.332350	55.020646	50.487000
704.658487	888.332348	55.020645	50.486000
704.660969	888.332354	55.020646	50.486000
704.663500	888.332350	55.020645	50.486000
704.665945	888.332350	55.020646	50.487000
704.668602	888.332347	55.020645	50.489000
704.671195	888.332354	55.020645	50.491000
704.673664	888.332351	55.020645	50.492000
704.676054	888.332350	55.020645	50.493000
704.678593	888.332351	55.020646	50.493000
704.681170	888.332349	55.020643	50.492000
704.683609	888.332347	55.020644	50.491000
704.686069	888.332349	55.020643	50.488000
704.688609	888.332352	55.020643	50.486000
704.691105	888.332348	55.020645	50.485000
704.693567	888.332348	55.020645	50.484000
704.696052	888.332351	55.020645	50.483000
704.698598	888.332353	55.020645	50.484000
704.701091	888.332349	55.020644	50.485000
704.703619	888.332350	55.020645	50.486000
704.706071	888.332351	55.020647	50.487000
704.708825	888.332348	55.020644	50.487000
704.711205	888.332349	55.020647	50.487000
704.713762	888.332348	55.020643	50.485000
704.716162	888.332352	55.020645	50.482000
704.718914	888.332349	55.020645	50.479000
704.721393	888.332354	55.020643	50.476000
704.723812	888.332347	55.020645	50.473000
704.726270	888.332353	55.020645	50.471000
704.728822	888.332348	55.020645	50.469000
704.731293	888.332352	55.020645	50.468000
704.733783	888.332348	55.020644	50.467000
704.736253	888.332347	55.020643	50.467000
704.738902	888.332348	55.020647	50.468000
704.741282	888.332352	55.020642	50.468000
704.743820	888.332352	55.020643	50.470000
704.746265	888.332352	55.020644	50.472000
704.748809	888.332352	55.020645	50.475000
704.751495	888.332346	55.020647	50.479000
704.753963	888.332351	55.020646	50.483000
704.756453	888.332351	55.020648	50.487000
704.758990	888.332349	55.020647	50.490000
704.761375	888.332345	55.020643	50.492000
704.763897	888.332349	55.020645	50.494000
704.766357	888.332349	55.020644	50.494000
704.768886	888.332349	55.020647	50.492000
704.771576	888.332350	55.020647	50.489000
704.774043	888.332349	55.020647	50.486000
704.776343	888.332353	55.020648	50.482000
704.778876	888.332352	55.020648	50.478000
704.781365	888.332347	55.020648	50.475000
704.783888	888.332351	55.020647	50.473000
704.786350	888.332354	55.020645	50.473000
704.789091	888.332346	55.020643	50.474000
704.791575	888.332347	55.020644	50.476000
704.794043	888.332351	55.020644	50.479000
704.796539	888.332348	55.020644	50.482000
704.798992	888.332351	55.020648	50.486000
704.801461	888.332350	55.020649	50.489000
704.804086	888.332349	55.020645	50.491000
704.806450	888.332352	55.020645	50.493000
704.808993	888.332351	55.020643	50.495000
704.811478	888.332350	55.020643	50.496000
704.813954	888.332352	55.020642	50.496000
704.816535	888.332348	55.020648	50.496000
704.818976	888.332351	55.020643	50.496000
704.821464	888.332348	55.020643	50.497000
704.823981	888.332350	55.020641	50.497000
704.826636	888.332350	55.020646	50.498000
704.829177	888.332351	55.020648	50.500000
704.831664	888.332347	55.020647	50.502000
704.834136	888.332351	55.020647	50.505000
704.836638	888.332347	55.020646	50.507000
704.839168	888.332348	55.020646	50.510000
704.841659	888.332348	55.020643	50.512000
704.844082	888.332348	55.020645	50.514000
704.846546	888.332354	55.020646	50.515000
704.849086	888.332349	55.020647	50.516000
704.851562	888.332350	55.020648	50.516000
704.854033	888.332347	55.020647	50.515000
704.856529	888.332351	55.020647	50.515000
704.859072	888.332350	55.020646	50.514000
704.861565	888.332353	55.020646	50.514000
704.864176	888.332349	55.020645	50.514000
704.866637	888.332350	55.020646	50.515000
704.869184	888.332350	55.020646	50.516000
704.871665	888.332352	55.020648	50.517000
704.874139	888.332349	55.020646	50.518000
704.876625	888.332347	55.020645	50.518000
704.879067	888.332354	55.020647	50.519000
704.881559	888.332345	55.020644	50.518000
704.884074	888.332348	55.020646	50.517000
704.886538	888.332348	55.020645	50.516000
704.889186	888.332348	55.020645	50.513000
704.891671	888.332342	55.020648	50.511000
704.894036	888.332351	55.020644	50.509000
704.896529	888.332347	55.020645	50.508000
704.899067	888.332350	55.020644	50.507000
704.901756	888.332351	55.020643	50.507000
704.904262	888.332349	55.020642	50.508000
704.906741	888.332350	55.020643	50.509000
704.909281	888.332349	55.020644	50.511000
704.911769	888.332350	55.020644	50.513000
704.914130	888.332348	55.020644	50.514000
704.916619	888.332349	55.020643	50.516000
704.919163	888.332346	55.020643	50.516000
704.921753	888.332351	55.020647	50.516000
704.924163	888.332349	55.020644	50.515000
704.926633	888.332350	55.020646	50.513000
704.929185	888.332352	55.020646	50.511000
704.931668	888.332349	55.020646	50.509000
704.934139	888.332350	55.020644	50.508000
704.936619	888.332347	55.020644	50.507000
704.939349	888.332350	55.020644	50.506000
704.941861	888.332348	55.020645	50.506000
704.944368	888.332350	55.020646	50.508000
704.946833	888.332351	55.020647	50.509000
704.949375	888.332349	55.020645	50.512000
704.951864	888.332347	55.020643	50.514000
704.954333	888.332349	55.020645	50.516000
704.956728	888.332345	55.020644	50.519000
704.959262	888.332352	55.020644	50.521000
704.961761	888.332350	55.020647	50.523000
704.964267	888.332348	55.020644	50.526000
704.966742	888.332349	55.020645	50.529000
704.969281	888.332348	55.020644	50.532000
704.971771	888.332348	55.020646	50.536000
704.974240	888.332346	55.020647	50.539000
704.976935	888.332350	55.020647	50.542000
704.979454	888.332349	55.020644	50.543000
704.981969	888.332349	55.020648	50.545000
704.984459	888.332349	55.020644	50.545000
704.986841	888.332353	55.020644	50.544000
704.989393	888.332348	55.020644	50.543000
704.991866	888.332349	55.020646	50.542000
704.994338	888.332351	55.020646	50.540000
704.997140	888.332350	55.020644	50.538000
704.999372	888.332350	55.020645	50.537000
705.001854	888.332351	55.020645	50.535000
705.004364	888.332352	55.020645	50.535000
705.006842	888.332349	55.020646	50.534000
705.009390	888.332351	55.020644	50.534000
705.011876	888.332351	55.020645	50.534000
705.014533	888.332353	55.020645	50.534000
705.017044	888.332350	55.020644	50.534000
705.019551	888.332354	55.020645	50.534000
705.022064	888.332351	55.020645	50.533000
705.024458	888.332348	55.020645	50.532000
705.027053	888.332349	55.020644	50.531000
705.029595	888.332350	55.020646	50.530000
705.031967	888.332350	55.020646	50.530000
705.034439	888.332352	55.020645	50.529000
705.036941	888.332353	55.020645	50.529000
705.039558	888.332348	55.020644	50.529000
705.041960	888.332353	55.020645	50.529000
705.044464	888.332348	55.020644	50.529000
705.046955	888.332350	55.020647	50.530000
705.049491	888.332348	55.020644	50.530000
705.052166	888.332349	55.020646	50.531000
705.054640	888.332350	55.020645	50.531000
705.057234	888.332350	55.020643	50.532000
705.059653	888.332351	55.020645	50.532000
705.062072	888.332347	55.020644	50.533000
705.064562	888.332351	55.020646	50.533000
705.067152	888.332348	55.020645	50.533000
705.069589	888.332355	55.020645	50.533000
705.072076	888.332351	55.020644	50.532000
705.074632	888.332354	55.020646	50.531000
705.077044	888.332347	55.020645	50.529000
705.079555	888.332351	55.020645	50.528000
705.082173	888.332347	55.020645	50.527000
705.084647	888.332356	55.020644	50.525000
705.087148	888.332351	55.020646	50.525000
705.089792	888.332350	55.020645	50.525000
705.092270	888.332351	55.020645	50.526000
705.094726	888.332349	55.020647	50.527000
705.097342	888.332348	55.020646	50.529000
705.099748	888.332351	55.020646	50.531000
705.102269	888.332354	55.020643	50.533000
705.104646	888.332351	55.020644	50.534000
705.107149	888.332350	55.020645	50.535000
705.109686	888.332347	55.020645	50.536000
705.112166	888.332351	55.020646	50.536000
705.114732	888.332351	55.020646	50.536000
705.117130	888.332351	55.020646	50.536000
705.119646	888.332352	55.020645	50.536000
705.122160	888.332351	55.020645	50.536000
705.124649	888.332348	55.020645	50.536000
705.127139	888.332351	55.020646	50.536000
705.129893	888.332348	55.020645	50.535000
705.132365	888.332349	55.020645	50.535000
705.134840	888.332352	55.020645	50.534000
705.137244	888.332348	55.020643	50.534000
705.139756	888.332352	55.020646	50.532000
705.142361	888.332349	55.020645	50.531000
705.144743	888.332355	55.020645	50.530000
705.147254	888.332348	55.020645	50.529000
705.149795	888.332351	55.020646	50.528000
705.152267	888.332350	55.020645	50.528000
705.154732	888.332351	55.020645	50.528000
705.157339	888.332352	55.020645	50.528000
705.159842	888.332349	55.020644	50.529000
705.162274	888.332351	55.020644	50.529000
705.164748	888.332349	55.020646	50.529000
705.167557	888.332349	55.020645	50.529000
705.169992	888.332353	55.020646	50.529000
705.172464	888.332352	55.020645	50.528000
705.174936	888.332347	55.020643	50.527000
705.177435	888.332350	55.020646	50.526000
705.179852	888.332350	55.020645	50.525000
705.182362	888.332356	55.020645	50.524000
705.184842	888.332351	55.020644	50.523000
705.187350	888.332351	55.020643	50.521000
705.189893	888.332347	55.020644	50.520000
705.192366	888.332349	55.020645	50.519000
705.194841	888.332350	55.020644	50.517000
705.197332	888.332351	55.020645	50.515000
705.199967	888.332351	55.020645	50.512000
705.202368	888.332350	55.020647	50.510000
705.205048	888.332349	55.020646	50.507000
705.207553	888.332351	55.020644	50.505000
705.210199	888.332351	55.020646	50.503000
705.212458	888.332349	55.020646	50.502000
705.215035	888.332350	55.020645	50.501000
705.217532	888.332347	55.020645	50.500000
705.219954	888.332350	55.020646	50.499000
705.222475	888.332350	55.020649	50.498000
705.224947	888.332349	55.020647	50.497000
705.227465	888.332350	55.020645	50.496000
705.229997	888.332351	55.020645	50.494000
705.232575	888.332349	55.020645	50.492000
705.235034	888.332349	55.020646	50.490000
705.237444	888.332352	55.020646	50.488000
705.239959	888.332348	55.020645	50.487000
705.242455	888.332350	55.020644	50.485000
705.245047	888.332349	55.020647	50.485000
705.247559	888.332348	55.020647	50.485000
705.250093	888.332350	55.020645	50.484000
705.252562	888.332351	55.020644	50.484000
705.254947	888.332351	55.020646	50.484000
705.257537	888.332348	55.020645	50.484000
705.259968	888.332349	55.020645	50.483000
705.262468	888.332350	55.020644	50.482000
705.264941	888.332349	55.020646	50.482000
705.267457	888.332349	55.020647	50.481000
705.269995	888.332348	55.020647	50.481000
705.272464	888.332351	55.020646	50.481000
705.274941	888.332350	55.020645	50.481000
705.277441	888.332351	55.020649	50.481000
705.279957	888.332350	55.020647	50.481000
705.282668	888.332354	55.020643	50.480000
705.285148	888.332351	55.020644	50.478000
705.287660	888.332352	55.020645	50.476000
705.290192	888.332352	55.020645	50.473000
705.292562	888.332353	55.020645	50.470000
705.295126	888.332351	55.020647	50.468000
705.297646	888.332351	55.020647	50.466000
705.300058	888.332351	55.020648	50.464000
705.302661	888.332353	55.020646	50.463000
705.305043	888.332346	55.020642	50.462000
705.307551	888.332351	55.020642	50.462000
705.310097	888.332348	55.020650	50.462000
705.312560	888.332350	55.020647	50.462000
705.315041	888.332350	55.020642	50.463000
705.317649	888.332352	55.020642	50.463000
705.320055	888.332351	55.020645	50.464000
705.322654	888.332345	55.020646	50.466000
705.325152	888.332349	55.020645	50.467000
705.327654	888.332352	55.020643	50.470000
705.330187	888.332354	55.020644	50.473000
705.332767	888.332351	55.020646	50.475000
705.335039	888.332347	55.020645	50.477000
705.337543	888.332347	55.020646	50.478000
705.340058	888.332351	55.020647	50.479000
705.342562	888.332349	55.020649	50.479000
705.345050	888.332350	55.020643	50.479000
705.347561	888.332350	55.020642	50.479000
705.350090	888.332349	55.020647	50.479000
705.352567	888.332352	55.020646	50.480000
705.355141	888.332350	55.020648	50.481000
705.357544	888.332351	55.020642	50.483000
705.360271	888.332351	55.020647	50.484000
705.362852	888.332353	55.020645	50.485000
705.365347	888.332350	55.020647	50.486000
705.367869	888.332349	55.020647	50.486000
705.370303	888.332349	55.020646	50.486000
705.372678	888.332354	55.020642	50.486000
705.375241	888.332349	55.020644	50.486000
705.377638	888.332352	55.020648	50.486000
705.380164	888.332350	55.020645	50.487000
705.382673	888.332349	55.020643	50.487000
705.385159	888.332353	55.020643	50.487000
705.387660	888.332347	55.020644	50.487000
705.390195	888.332349	55.020647	50.488000
705.392770	888.332348	55.020647	50.488000
705.395236	888.332352	55.020647	50.488000
705.397644	888.332346	55.020646	50.488000
705.400379	888.332350	55.020645	50.488000
705.402863	888.332351	55.020642	50.488000
705.405355	888.332349	55.020645	50.488000
705.407763	888.332348	55.020643	50.489000
705.410389	888.332350	55.020644	50.489000
705.412779	888.332351	55.020646	50.489000
705.415233	888.332350	55.020648	50.488000
705.417939	888.332352	55.020644	50.487000
705.420266	888.332350	55.020644	50.486000
705.422759	888.332350	55.020644	50.485000
705.425355	888.332349	55.020644	50.484000
705.427762	888.332352	55.020647	50.485000
705.430300	888.332352	55.020648	50.486000
705.432773	888.332351	55.020643	50.489000
705.435435	888.332348	55.020646	50.491000
705.438036	888.332352	55.020642	50.495000
705.440474	888.332350	55.020643	50.498000
705.442955	888.332352	55.020644	50.500000
705.445444	888.332348	55.020641	50.502000
705.447850	888.332348	55.020646	50.504000
705.450401	888.332349	55.020645	50.505000
705.452860	888.332349	55.020643	50.505000
705.455327	888.332353	55.020642	50.505000
705.457929	888.332350	55.020643	50.505000
705.460364	888.332349	55.020648	50.506000
705.462964	888.332348	55.020644	50.508000
705.465344	888.332353	55.020645	50.511000
705.467851	888.332352	55.020644	50.514000
705.470392	888.332349	55.020645	50.517000
705.472866	888.332350	55.020647	50.520000
705.475429	888.332353	55.020645	50.523000
705.477927	888.332350	55.020646	50.526000
705.480451	888.332347	55.020647	50.529000
705.482854	888.332354	55.020643	50.532000
705.485442	888.332349	55.020643	50.535000
705.487960	888.332351	55.020642	50.538000
705.490396	888.332350	55.020644	50.540000
705.492865	888.332351	55.020642	50.542000
705.495327	888.332349	55.020647	50.544000
705.497826	888.332354	55.020647	50.547000
705.500365	888.332347	55.020643	50.549000
705.502852	888.332352	55.020643	50.553000
705.505351	888.332347	55.020650	50.556000
705.507956	888.332348	55.020648	50.559000
705.510396	888.332351	55.020641	50.562000
705.513063	888.332349	55.020647	50.564000
705.515538	888.332350	55.020641	50.565000
705.518039	888.332353	55.020645	50.566000
705.520566	888.332354	55.020648	50.566000
705.522969	888.332350	55.020648	50.565000
705.525553	888.332356	55.020647	50.564000
705.527967	888.332354	55.020641	50.564000
705.530503	888.332350	55.020649	50.563000
705.532972	888.332350	55.020644	50.564000
705.535440	888.332351	55.020644	50.564000
705.537932	888.332354	55.020650	50.566000
705.540472	888.332350	55.020644	50.568000
705.542968	888.332352	55.020642	50.571000
705.545458	888.332347	55.020648	50.574000
705.547966	888.332351	55.020644	50.578000
705.550690	888.332346	55.020646	50.581000
705.553260	888.332350	55.020645	50.584000
705.555731	888.332350	55.020650	50.586000
705.558155	888.332348	55.020644	50.588000
705.560669	888.332351	55.020649	50.589000
705.563169	888.332352	55.020641	50.589000
705.565555	888.332352	55.020647	50.589000
705.568281	888.332350	55.020643	50.588000
705.570602	888.332350	55.020646	50.587000
705.573071	888.332348	55.020649	50.585000
705.575544	888.332353	55.020642	50.583000
705.578040	888.332352	55.020642	50.582000
705.580675	888.332351	55.020641	50.581000
705.583062	888.332348	55.020645	50.580000
705.585551	888.332352	55.020642	50.579000
705.588378	888.332348	55.020648	50.580000
705.590901	888.332350	55.020647	50.581000
705.593262	888.332349	55.020650	50.582000
705.595832	888.332348	55.020648	50.582000
705.598261	888.332351	55.020642	50.582000
705.600674	888.332350	55.020644	50.580000
705.603177	888.332347	55.020641	50.578000
705.605656	888.332351	55.020648	50.576000
705.608174	888.332350	55.020647	50.573000
705.610693	888.332351	55.020641	50.572000
705.613166	888.332355	55.020648	50.570000
705.615634	888.332352	55.020645	50.570000
705.618148	888.332351	55.020642	50.569000
705.620669	888.332351	55.020648	50.570000
705.623172	888.332351	55.020641	50.571000
705.625849	888.332348	55.020649	50.572000
705.628378	888.332351	55.020643	50.573000
705.630895	888.332346	55.020644	50.574000
705.633362	888.332350	55.020648	50.573000
705.635841	888.332348	55.020642	50.572000
705.638353	888.332350	55.020644	50.571000
705.640762	888.332352	55.020646	50.570000
705.643276	888.332349	55.020641	50.569000
705.645749	888.332353	55.020648	50.568000
705.648265	888.332346	55.020645	50.568000
705.650791	888.332349	55.020641	50.569000
705.653259	888.332346	55.020648	50.569000
705.655727	888.332352	55.020646	50.569000
705.658245	888.332346	55.020640	50.568000
705.660864	888.332351	55.020642	50.566000
705.663269	888.332347	55.020645	50.562000
705.665845	888.332349	55.020646	50.557000
705.668379	888.332346	55.020643	50.553000
705.670790	888.332352	55.020643	50.548000
705.673263	888.332352	55.020646	50.545000
705.675724	888.332347	55.020649	50.542000
705.678243	888.332347	55.020644	50.540000
705.680766	888.332351	55.020641	50.538000
705.683376	888.332350	55.020641	50.536000
705.685745	888.332349	55.020648	50.534000
705.688256	888.332350	55.020641	50.532000
705.690787	888.332348	55.020645	50.529000
705.693248	888.332347	55.020649	50.525000
705.695726	888.332351	55.020642	50.522000
705.698240	888.332345	55.020645	50.518000
705.700763	888.332354	55.020646	50.514000
705.703586	888.332349	55.020643	50.511000
705.705942	888.332351	55.020647	50.508000
705.708475	888.332348	55.020644	50.505000
705.710993	888.332350	55.020643	50.503000
705.713457	888.332353	55.020648	50.502000
705.715829	888.332349	55.020644	50.500000
705.718357	888.332348	55.020649	50.500000
705.720861	888.332350	55.020642	50.500000
705.723377	888.332345	55.020643	50.500000
705.725837	888.332345	55.020650	50.500000
705.728369	888.332349	55.020647	50.501000
705.730880	888.332345	55.020640	50.501000
705.733357	888.332349	55.020645	50.502000
705.735826	888.332348	55.020648	50.502000
705.738346	888.332351	55.020643	50.502000
705.741067	888.332351	55.020647	50.502000
705.743581	888.332349	55.020648	50.501000
705.746049	888.332348	55.020642	50.500000
705.748485	888.332349	55.020647	50.500000
705.751083	888.332349	55.020648	50.499000
705.753450	888.332353	55.020645	50.499000
705.755933	888.332349	55.020647	50.499000
705.758464	888.332350	55.020645	50.499000
705.760972	888.332350	55.020645	50.500000
705.763583	888.332350	55.020643	50.501000
705.765950	888.332347	55.020646	50.502000
705.768483	888.332351	55.020643	50.503000
705.770996	888.332349	55.020642	50.505000
705.773465	888.332350	55.020645	50.506000
705.775938	888.332351	55.020645	50.506000
705.778680	888.332349	55.020646	50.507000
705.781172	888.332352	55.020643	50.507000
705.783688	888.332350	55.020642	50.507000
705.786036	888.332351	55.020648	50.507000
705.788694	888.332345	55.020648	50.507000
705.791088	888.332350	55.020644	50.507000
705.793658	888.332350	55.020645	50.507000
705.796027	888.332352	55.020645	50.507000
705.798671	888.332350	55.020644	50.508000
705.801070	888.332348	55.020645	50.508000
705.803588	888.332350	55.020645	50.508000
705.806143	888.332351	55.020644	50.509000
705.808589	888.332350	55.020645	50.508000
705.811098	888.332349	55.020648	50.508000
705.813559	888.332353	55.020646	50.507000
705.816330	888.332352	55.020644	50.506000
705.818767	888.332350	55.020645	50.505000
705.821270	888.332352	55.020643	50.504000
705.823796	888.332345	55.020644	50.503000
705.826243	888.332348	55.020644	50.502000
705.828673	888.332348	55.020645	50.501000
705.831395	888.332350	55.020645	50.501000
705.833658	888.332349	55.020644	50.501000
705.836144	888.332352	55.020646	50.501000
705.838673	888.332347	55.020647	50.502000
705.841167	888.332349	55.020647	50.502000
705.843692	888.332349	55.020647	50.502000
705.846145	888.332348	55.020648	50.503000
705.848693	888.332349	55.020648	50.503000
705.851187	888.332351	55.020649	50.503000
705.853853	888.332349	55.020644	50.503000
705.856329	888.332350	55.020642	50.503000
705.858876	888.332348	55.020643	50.503000
705.861367	888.332352	55.020644	50.503000
705.863890	888.332352	55.020645	50.503000
705.866346	888.332349	55.020645	50.504000
705.868790	888.332351	55.020646	50.504000
705.871290	888.332348	55.020644	50.505000
705.873864	888.332353	55.020645	50.505000
705.876234	888.332349	55.020645	50.504000
705.878770	888.332351	55.020645	50.504000
705.881262	888.332351	55.020646	50.503000
705.883790	888.332351	55.020646	50.502000
705.886247	888.332350	55.020645	50.500000
705.888794	888.332353	55.020645	50.498000
705.891488	888.332350	55.020645	50.497000
705.893944	888.332349	55.020645	50.496000
705.896534	888.332349	55.020645	50.496000
705.898978	888.332350	55.020645	50.497000
705.901476	888.332347	55.020643	50.499000
705.904003	888.332348	55.020646	50.501000
705.906548	888.332351	55.020645	50.505000
705.909086	888.332351	55.020644	50.509000
705.911388	888.332350	55.020645	50.512000
705.913855	888.332347	55.020646	50.514000
705.916333	888.332349	55.020647	50.516000
705.918879	888.332352	55.020645	50.516000
705.921361	888.332350	55.020646	50.516000
705.923898	888.332349	55.020644	50.514000
705.926344	888.332349	55.020647	50.512000
705.929093	888.332353	55.020646	50.509000
705.931590	888.332349	55.020644	50.506000
705.934049	888.332349	55.020645	50.503000
705.936536	888.332351	55.020647	50.501000
705.939077	888.332349	55.020646	50.498000
705.941466	888.332351	55.020643	50.496000
705.943988	888.332350	55.020645	50.495000
705.946445	888.332353	55.020644	50.494000
705.948991	888.332352	55.020646	50.494000
705.951489	888.332349	55.020644	50.494000
705.953947	888.332351	55.020646	50.494000
705.956432	888.332349	55.020644	50.494000
705.958965	888.332351	55.020644	50.495000
705.961461	888.332353	55.020647	50.496000
705.963988	888.332351	55.020646	50.497000
705.966440	888.332349	55.020645	50.498000
705.969188	888.332348	55.020646	50.500000
705.971684	888.332350	55.020645	50.501000
705.974146	888.332349	55.020645	50.502000
705.976526	888.332347	55.020646	50.502000
705.979171	888.332351	55.020645	50.502000
705.981570	888.332352	55.020644	50.502000
705.984095	888.332348	55.020645	50.501000
705.986550	888.332351	55.020646	50.501000
705.989095	888.332352	55.020645	50.501000
705.991579	888.332351	55.020646	50.502000
705.994047	888.332351	55.020643	50.502000
705.996530	888.332348	55.020646	50.504000
705.999083	888.332350	55.020646	50.505000
706.001568	888.332346	55.020646	50.505000
706.004087	888.332351	55.020645	50.505000
706.006742	888.332347	55.020644	50.504000
706.009294	888.332348	55.020645	50.503000
706.011783	888.332350	55.020645	50.501000
706.014250	888.332350	55.020646	50.500000
706.016633	888.332351	55.020646	50.499000
706.019173	888.332347	55.020647	50.498000
706.021672	888.332348	55.020645	50.498000
706.024278	888.332349	55.020646	50.498000
706.026652	888.332349	55.020644	50.499000
706.029283	888.332350	55.020645	50.498000
706.031676	888.332352	55.020644	50.498000
706.034149	888.332346	55.020646	50.497000
706.036636	888.332351	55.020647	50.495000
706.039176	888.332350	55.020646	50.493000
706.041668	888.332352	55.020645	50.491000
706.044383	888.332349	55.020644	50.490000
706.046849	888.332352	55.020645	50.489000
706.049395	888.332349	55.020645	50.489000
706.051876	888.332352	55.020646	50.490000
706.054355	888.332350	55.020645	50.491000
706.056728	888.332349	55.020643	50.492000
706.059268	888.332349	55.020645	50.493000
706.061771	888.332348	55.020647	50.494000
706.064283	888.332351	55.020645	50.494000
706.066842	888.332351	55.020644	50.493000
706.069294	888.332350	55.020645	50.492000
706.071791	888.332350	55.020646	50.491000
706.074249	888.332352	55.020648	50.490000
706.076740	888.332352	55.020645	50.490000
706.079276	888.332355	55.020644	50.490000
706.081683	888.332350	55.020647	50.491000
706.084481	888.332353	55.020644	50.493000
706.086950	888.332349	55.020645	50.494000
706.089496	888.332349	55.020645	50.495000
706.091888	888.332354	55.020646	50.495000
706.094454	888.332349	55.020645	50.496000
706.096842	888.332348	55.020646	50.495000
706.099369	888.332345	55.020645	50.495000
706.101875	888.332352	55.020646	50.495000
706.104382	888.332350	55.020644	50.495000
706.106854	888.332350	55.020646	50.495000
706.109396	888.332351	55.020645	50.495000
706.111989	888.332352	55.020646	50.496000
706.114359	888.332347	55.020646	50.497000
706.116836	888.332350	55.020644	50.499000
706.119366	888.332350	55.020645	50.499000
706.122170	888.332348	55.020644	50.500000
706.124569	888.332351	55.020644	50.500000
706.127053	888.332347	55.020646	50.500000
706.129595	888.332350	55.020645	50.499000
706.132182	888.332350	55.020644	50.498000
706.134452	888.332354	55.020645	50.498000
706.136941	888.332350	55.020647	50.497000
706.139472	888.332351	55.020645	50.497000
706.142074	888.332350	55.020645	50.497000
706.144476	888.332351	55.020646	50.497000
706.146964	888.332349	55.020645	50.496000
706.149483	888.332353	55.020645	50.496000
706.151976	888.332350	55.020645	50.495000
706.154453	888.332355	55.020646	50.494000
706.156945	888.332352	55.020645	50.493000
706.159661	888.332350	55.020647	50.492000
706.162175	888.332351	55.020645	50.492000
706.164752	888.332348	55.020645	50.492000
706.167052	888.332350	55.020645	50.492000
706.169700	888.332351	55.020646	50.493000
706.172180	888.332351	55.020644	50.493000
706.174545	888.332353	55.020644	50.493000
706.177029	888.332350	55.020646	50.494000
706.179558	888.332352	55.020645	50.494000
706.182166	888.332349	55.020645	50.494000
706.184567	888.332354	55.020644	50.493000
706.187046	888.332346	55.020645	50.493000
706.189593	888.332350	55.020646	50.493000
706.192076	888.332350	55.020645	50.494000
706.194550	888.332351	55.020644	50.494000
706.197238	888.332349	55.020645	50.494000
706.199748	888.332348	55.020644	50.494000
706.202265	888.332350	55.020645	50.494000
706.204753	888.332350	55.020646	50.494000
706.207248	888.332351	55.020645	50.494000
706.209701	888.332351	55.020645	50.493000
706.212176	888.332351	55.020644	50.493000
706.214640	888.332351	55.020647	50.493000
706.217224	888.332350	55.020646	50.493000
706.219650	888.332349	55.020646	50.494000
706.222173	888.332349	55.020645	50.494000
706.224661	888.332348	55.020646	50.495000
706.227157	888.332352	55.020644	50.495000
706.229690	888.332351	55.020648	50.496000
706.232182	888.332349	55.020645	50.495000
706.234840	888.332347	55.020645	50.495000
706.237338	888.332352	55.020645	50.493000
706.239843	888.332348	55.020647	50.491000
706.242376	888.332349	55.020644	50.489000
706.244848	888.332352	55.020646	50.486000
706.247244	888.332352	55.020645	50.484000
706.249898	888.332352	55.020645	50.481000
706.252276	888.332350	55.020645	50.480000
706.254751	888.332351	55.020644	50.479000
706.257240	888.332348	55.020645	50.478000
706.259756	888.332355	55.020644	50.478000
706.262273	888.332347	55.020646	50.478000
706.264758	888.332351	55.020643	50.478000
706.267245	888.332348	55.020647	50.478000
706.269792	888.332350	55.020644	50.478000
706.272476	888.332348	55.020647	50.477000
706.274945	888.332348	55.020645	50.477000
706.277426	888.332351	55.020645	50.477000
706.279949	888.332351	55.020645	50.477000
706.282479	888.332352	55.020646	50.478000
706.284847	888.332347	55.020646	50.478000
706.287439	888.332350	55.020643	50.478000
706.289886	888.332349	55.020647	50.478000
706.292479	888.332355	55.020645	50.477000
706.294835	888.332349	55.020647	50.477000
706.297437	888.332352	55.020643	50.475000
706.299851	888.332348	55.020646	50.473000
706.302378	888.332354	55.020644	50.471000
706.304946	888.332347	55.020644	50.468000
706.307348	888.332350	55.020643	50.466000
706.309906	888.332347	55.020644	50.464000
706.312579	888.332348	55.020644	50.462000
706.315145	888.332350	55.020645	50.462000
706.317546	888.332351	55.020646	50.462000
706.320062	888.332352	55.020645	50.463000
706.322560	888.332348	55.020647	50.465000
706.325046	888.332354	55.020644	50.467000
706.327554	888.332348	55.020645	50.469000
706.330002	888.332352	55.020645	50.470000
706.332478	888.332349	55.020645	50.472000
706.334948	888.332353	55.020645	50.472000
706.337445	888.332352	55.020646	50.472000
706.339948	888.332351	55.020646	50.472000
706.342478	888.332348	55.020646	50.471000
706.344945	888.332349	55.020645	50.470000
706.347454	888.332347	55.020646	50.469000
706.350202	888.332351	55.020648	50.469000
706.352684	888.332348	55.020644	50.469000
706.355142	888.332348	55.020644	50.469000
706.357551	888.332349	55.020645	50.470000
706.360063	888.332349	55.020645	50.472000
706.362672	888.332351	55.020645	50.473000
706.365045	888.332351	55.020646	50.473000
706.367555	888.332350	55.020644	50.473000
706.370100	888.332354	55.020645	50.473000
706.372573	888.332350	55.020645	50.471000
706.375052	888.332351	55.020646	50.470000
706.377542	888.332348	55.020644	50.468000
706.380060	888.332352	55.020647	50.466000
706.382573	888.332352	55.020648	50.465000
706.385042	888.332351	55.020646	50.464000
706.387848	888.332351	55.020645	50.464000
706.390303	888.332350	55.020644	50.464000
706.392766	888.332351	55.020647	50.465000
706.395236	888.332352	55.020645	50.466000
706.397738	888.332350	55.020644	50.468000
706.400259	888.332348	55.020645	50.469000
706.402662	888.332350	55.020644	50.470000
706.405141	888.332350	55.020644	50.471000
706.407661	888.332349	55.020648	50.472000
706.410400	888.332350	55.020644	50.472000
706.412675	888.332349	55.020647	50.472000
706.415135	888.332351	55.020645	50.472000
706.417643	888.332354	55.020646	50.471000
706.420159	888.332350	55.020645	50.470000
706.422665	888.332350	55.020645	50.469000
706.425346	888.332350	55.020646	50.467000
706.427860	888.332350	55.020645	50.466000
706.430398	888.332348	55.020644	50.464000
706.432862	888.332347	55.020645	50.463000
706.435236	888.332351	55.020644	50.463000
706.437937	888.332352	55.020645	50.463000
706.440259	888.332353	55.020647	50.464000
706.442854	888.332351	55.020642	50.466000
706.445448	888.332353	55.020646	50.468000
706.447752	888.332350	55.020649	50.471000
706.450296	888.332351	55.020648	50.475000
706.452772	888.332350	55.020646	50.478000
706.455243	888.332349	55.020647	50.481000
706.457729	888.332349	55.020646	50.484000
706.460265	888.332351	55.020646	50.486000
706.462957	888.332350	55.020646	50.488000
706.465459	888.332348	55.020646	50.489000
706.467965	888.332348	55.020646	50.489000
706.470496	888.332350	55.020644	50.488000
706.472978	888.332349	55.020645	50.487000
706.475337	888.332349	55.020647	50.485000
706.477843	888.332351	55.020647	50.483000
706.480357	888.332351	55.020645	50.480000
706.482868	888.332352	55.020643	50.478000
706.485346	888.332350	55.020644	50.477000
706.487958	888.332354	55.020646	50.477000
706.490411	888.332353	55.020645	50.477000
706.492876	888.332349	55.020645	50.478000
706.495336	888.332351	55.020646	50.479000
706.497823	888.332350	55.020645	50.480000
706.500570	888.332347	55.020648	50.481000
706.503063	888.332349	55.020647	50.481000
706.505558	888.332348	55.020646	50.482000
706.507950	888.332353	55.020646	50.482000
706.510606	888.332351	55.020644	50.483000
706.512965	888.332347	55.020645	50.484000
706.515540	888.332346	55.020647	50.485000
706.517929	888.332349	55.020646	50.486000
706.520471	888.332352	55.020644	50.488000
706.522958	888.332347	55.020647	50.490000
706.525452	888.332353	55.020644	50.492000
706.527958	888.332349	55.020645	50.494000
706.530514	888.332353	55.020643	50.496000
706.532971	888.332347	55.020645	50.498000
706.535429	888.332355	55.020646	50.501000
706.537934	888.332348	55.020648	50.502000
706.540669	888.332349	55.020643	50.504000
706.543167	888.332349	55.020648	50.506000
706.545657	888.332352	55.020645	50.508000
706.548060	888.332349	55.020646	50.509000
706.550695	888.332349	55.020644	50.510000
706.553166	888.332347	55.020646	50.510000
706.555535	888.332351	55.020645	50.510000
706.558031	888.332347	55.020644	50.510000
706.560569	888.332348	55.020648	50.510000
706.563067	888.332351	55.020646	50.510000
706.565556	888.332348	55.020645	50.512000
706.568057	888.332352	55.020644	50.514000
706.570701	888.332347	55.020642	50.518000
706.573070	888.332350	55.020644	50.522000
706.575535	888.332349	55.020643	50.527000
706.578250	888.332352	55.020644	50.531000
706.580767	888.332349	55.020643	50.536000
706.583275	888.332352	55.020644	50.539000
706.585751	888.332348	55.020644	50.542000
706.588162	888.332350	55.020647	50.542000
706.590797	888.332350	55.020645	50.542000
706.593161	888.332349	55.020647	50.541000
706.595638	888.332350	55.020644	50.540000
706.598133	888.332347	55.020645	50.540000
706.600666	888.332347	55.020643	50.541000
706.603161	888.332348	55.020645	50.543000
706.605645	888.332350	55.020647	50.547000
706.608160	888.332349	55.020646	50.551000
706.610697	888.332350	55.020645	50.555000
706.613266	888.332351	55.020646	50.558000
706.615827	888.332351	55.020641	50.560000
706.618346	888.332350	55.020644	50.560000
706.620858	888.332351	55.020645	50.559000
706.623373	888.332352	55.020645	50.558000
706.625746	888.332349	55.020646	50.557000
706.628379	888.332351	55.020643	50.556000
706.630792	888.332352	55.020644	50.557000
706.633269	888.332351	55.020643	50.558000
706.635739	888.332352	55.020645	50.561000
706.638253	888.332351	55.020644	50.566000
706.640770	888.332353	55.020646	50.572000
706.643372	888.332352	55.020643	50.579000
706.645863	888.332346	55.020644	50.587000
706.648270	888.332350	55.020644	50.594000
706.650790	888.332352	55.020646	50.600000
706.653565	888.332347	55.020644	50.606000
706.655937	888.332350	55.020645	50.609000
706.658456	888.332349	55.020644	50.612000
706.660964	888.332349	55.020645	50.613000
706.663379	888.332350	55.020643	50.614000
706.665951	888.332348	55.020648	50.614000
706.668376	888.332351	55.020643	50.613000
706.670887	888.332350	55.020644	50.611000
706.673364	888.332350	55.020646	50.609000
706.675923	888.332349	55.020645	50.607000
706.678340	888.332352	55.020648	50.605000
706.680861	888.332349	55.020645	50.604000
706.683487	888.332351	55.020646	50.603000
706.685844	888.332347	55.020646	50.602000
706.688474	888.332350	55.020645	50.603000
706.691086	888.332349	55.020645	50.603000
706.693661	888.332353	55.020644	50.604000
706.696035	888.332347	55.020647	50.605000
706.698458	888.332349	55.020643	50.605000
706.701067	888.332349	55.020644	50.605000
706.703478	888.332348	55.020646	50.605000
706.705943	888.332351	55.020647	50.605000
706.708472	888.332349	55.020644	50.605000
706.711004	888.332353	55.020645	50.605000
706.713465	888.332348	55.020648	50.605000
706.715929	888.332353	55.020646	50.606000
706.718433	888.332344	55.020647	50.608000
706.721064	888.332351	55.020645	50.609000
706.723482	888.332344	55.020644	50.611000
706.725949	888.332348	55.020644	50.613000
706.728689	888.332351	55.020645	50.615000
706.731307	888.332351	55.020643	50.616000
706.733670	888.332351	55.020645	50.617000
706.736128	888.332346	55.020645	50.618000
706.738662	888.332352	55.020644	50.618000
706.741068	888.332351	55.020646	50.619000
706.743601	888.332351	55.020647	50.620000
706.746052	888.332350	55.020646	50.621000
706.748584	888.332351	55.020644	50.622000
706.751105	888.332353	55.020645	50.623000
706.753573	888.332353	55.020644	50.623000
706.756125	888.332351	55.020646	50.623000
706.758554	888.332350	55.020647	50.622000
706.761076	888.332351	55.020646	50.621000
706.763589	888.332353	55.020645	50.618000
706.766240	888.332348	55.020645	50.614000
706.768796	888.332350	55.020646	50.610000
706.771294	888.332350	55.020646	50.607000
706.773748	888.332348	55.020646	50.603000
706.776138	888.332350	55.020645	50.600000
706.778772	888.332351	55.020646	50.596000
706.781273	888.332347	55.020646	50.593000
706.783687	888.332349	55.020646	50.591000
706.786146	888.332351	55.020647	50.588000
706.788683	888.332351	55.020646	50.585000
706.791191	888.332353	55.020646	50.582000
706.793661	888.332352	55.020646	50.580000
706.796125	888.332350	55.020645	50.577000
706.798665	888.332350	55.020644	50.574000
706.801165	888.332349	55.020646	50.571000
706.803904	888.332351	55.020647	50.567000
706.806244	888.332347	55.020646	50.563000
706.809092	888.332347	55.020644	50.559000
706.811296	888.332350	55.020644	50.555000
706.813855	888.332351	55.020646	50.550000
706.816223	888.332346	55.020647	50.547000
706.819082	888.332354	55.020646	50.543000
706.821263	888.332348	55.020644	50.539000
706.823786	888.332352	55.020644	50.535000
706.826247	888.332349	55.020644	50.532000
706.828794	888.332353	55.020646	50.529000
706.831291	888.332348	55.020645	50.526000
706.833752	888.332352	55.020644	50.524000
706.836238	888.332349	55.020645	50.521000
706.838774	888.332350	55.020645	50.520000
706.841553	888.332348	55.020643	50.518000
706.843986	888.332349	55.020645	50.517000
706.846449	888.332344	55.020647	50.515000
706.848991	888.332349	55.020644	50.513000
706.851490	888.332349	55.020645	50.511000
706.853854	888.332345	55.020645	50.508000
706.856328	888.332350	55.020645	50.504000
706.858875	888.332349	55.020645	50.500000
706.861361	888.332351	55.020645	50.496000
706.863894	888.332347	55.020645	50.492000
706.866330	888.332349	55.020646	50.489000
706.868997	888.332352	55.020647	50.488000
706.871394	888.332346	55.020646	50.489000
706.873855	888.332348	55.020645	50.490000
706.876330	888.332347	55.020645	50.493000
706.879187	888.332350	55.020645	50.496000
706.881568	888.332350	55.020645	50.499000
706.884093	888.332352	55.020646	50.500000
706.886551	888.332346	55.020645	50.501000
706.889106	888.332354	55.020646	50.500000
706.891599	888.332348	55.020645	50.499000
706.893954	888.332349	55.020646	50.497000
706.896429	888.332353	55.020646	50.496000
706.898984	888.332349	55.020644	50.495000
706.901466	888.332355	55.020646	50.495000
706.903996	888.332348	55.020644	50.497000
706.906454	888.332352	55.020645	50.499000
706.908989	888.332349	55.020645	50.502000
706.911507	888.332351	55.020645	50.504000
706.913954	888.332349	55.020646	50.506000
706.916633	888.332352	55.020647	50.507000
706.919176	888.332348	55.020645	50.508000
706.921667	888.332354	55.020646	50.508000
706.924186	888.332349	55.020645	50.508000
706.926745	888.332349	55.020644	50.510000
706.929109	888.332347	55.020645	50.512000
706.931674	888.332351	55.020646	50.514000
706.934045	888.332350	55.020645	50.517000
706.936519	888.332347	55.020644	50.520000
706.939069	888.332348	55.020645	50.522000
706.941651	888.332355	55.020646	50.524000
706.944104	888.332352	55.020646	50.525000
706.946545	888.332347	55.020645	50.524000
706.949097	888.332351	55.020645	50.523000
706.951603	888.332352	55.020645	50.520000
706.954362	888.332351	55.020644	50.518000
706.956730	888.332350	55.020645	50.515000
706.959281	888.332350	55.020645	50.513000
706.961876	888.332351	55.020645	50.512000
706.964199	888.332350	55.020645	50.511000
706.966759	888.332349	55.020645	50.511000
706.969196	888.332352	55.020645	50.512000
706.971700	888.332352	55.020645	50.512000
706.974161	888.332351	55.020644	50.513000
706.976735	888.332348	55.020644	50.513000
706.979176	888.332345	55.020646	50.513000
706.981669	888.332354	55.020644	50.512000
706.984201	888.332349	55.020645	50.511000
706.986640	888.332351	55.020644	50.510000
706.989193	888.332348	55.020645	50.508000
706.991690	888.332354	55.020645	50.505000
706.994354	888.332348	55.020645	50.503000
706.996840	888.332353	55.020646	50.501000
706.999278	888.332347	55.020645	50.500000
707.001856	888.332352	55.020645	50.498000
707.004383	888.332354	55.020643	50.497000
707.006748	888.332352	55.020645	50.496000
707.009394	888.332351	55.020644	50.496000
707.011882	888.332347	55.020646	50.496000
707.014248	888.332346	55.020645	50.496000
707.016736	888.332348	55.020644	50.497000
707.019288	888.332353	55.020646	50.498000
707.021879	888.332354	55.020646	50.500000
707.024285	888.332351	55.020646	50.502000
707.026752	888.332350	55.020645	50.504000
707.029291	888.332351	55.020644	50.506000
707.031982	888.332351	55.020644	50.508000
707.034451	888.332349	55.020646	50.510000
707.036940	888.332356	55.020644	50.511000
707.039476	888.332353	55.020643	50.512000
707.041864	888.332348	55.020645	50.514000
707.044379	888.332350	55.020643	50.516000
707.046837	888.332353	55.020642	50.518000
707.049387	888.332353	55.020643	50.521000
707.051897	888.332351	55.020643	50.524000
707.054449	888.332351	55.020647	50.528000
707.056830	888.332349	55.020642	50.532000
707.059366	888.332350	55.020643	50.535000
707.061865	888.332351	55.020642	50.538000
707.064577	888.332350	55.020644	50.539000
707.066834	888.332351	55.020644	50.538000
707.069588	888.332349	55.020643	50.537000
707.072085	888.332351	55.020644	50.535000
707.074642	888.332349	55.020646	50.533000
707.076927	888.332352	55.020648	50.531000
707.079562	888.332349	55.020643	50.529000
707.081972	888.332351	55.020649	50.530000
707.084486	888.332353	55.020647	50.531000
707.086954	888.332352	55.020646	50.533000
707.089494	888.332350	55.020648	50.535000
707.091998	888.332349	55.020645	50.538000
707.094456	888.332349	55.020645	50.540000
707.096944	888.332351	55.020644	50.542000
707.099470	888.332350	55.020646	50.543000
707.101964	888.332352	55.020644	50.544000
707.104472	888.332348	55.020646	50.544000
707.107152	888.332344	55.020643	50.544000
707.109691	888.332348	55.020644	50.543000
707.112188	888.332351	55.020644	50.543000
707.114641	888.332349	55.020646	50.543000
707.117038	888.332354	55.020644	50.544000
707.119582	888.332351	55.020645	50.545000
707.122087	888.332352	55.020647	50.545000
707.124582	888.332351	55.020645	50.545000
707.127146	888.332350	55.020644	50.545000
707.129587	888.332348	55.020642	50.543000
707.132089	888.332347	55.020644	50.541000
707.134667	888.332349	55.020645	50.539000
707.137051	888.332352	55.020646	50.536000
707.139566	888.332348	55.020642	50.533000
707.142064	888.332346	55.020648	50.530000
707.144868	888.332351	55.020646	50.527000
707.147248	888.332347	55.020646	50.525000
707.149692	888.332350	55.020647	50.523000
707.152187	888.332351	55.020645	50.521000
707.154749	888.332352	55.020643	50.519000
707.157139	888.332348	55.020644	50.518000
707.159653	888.332345	55.020645	50.517000
707.162161	888.332351	55.020645	50.516000
707.164674	888.332351	55.020646	50.515000
707.167164	888.332352	55.020645	50.514000
707.169695	888.332345	55.020647	50.514000
707.172178	888.332349	55.020645	50.515000
707.174631	888.332346	55.020644	50.515000
707.177125	888.332355	55.020644	50.516000
707.179675	888.332348	55.020646	50.517000
707.182378	888.332349	55.020646	50.519000
707.184853	888.332350	55.020644	50.520000
707.187340	888.332345	55.020645	50.521000
707.189891	888.332348	55.020645	50.522000
707.192384	888.332355	55.020644	50.523000
707.194753	888.332351	55.020644	50.524000
707.197334	888.332348	55.020646	50.525000
707.199764	888.332350	55.020643	50.527000
707.202267	888.332349	55.020644	50.529000
707.204759	888.332352	55.020646	50.531000
707.207241	888.332351	55.020646	50.533000
707.209805	888.332351	55.020645	50.535000
707.212393	888.332350	55.020645	50.537000
707.214749	888.332348	55.020645	50.539000
707.217221	888.332350	55.020644	50.540000
707.219937	888.332351	55.020645	50.540000
707.222466	888.332349	55.020646	50.540000
707.224953	888.332349	55.020648	50.539000
707.227454	888.332348	55.020644	50.538000
707.229997	888.332351	55.020644	50.536000
707.232478	888.332350	55.020644	50.535000
707.234846	888.332351	55.020644	50.534000
707.237338	888.332349	55.020646	50.534000
707.239851	888.332345	55.020645	50.535000
707.242368	888.332349	55.020644	50.537000
707.244952	888.332348	55.020646	50.540000
707.247452	888.332352	55.020644	50.544000
707.249901	888.332351	55.020644	50.546000
707.252380	888.332350	55.020645	50.548000
707.254944	888.332349	55.020646	50.549000
707.257544	888.332351	55.020645	50.549000
707.260158	888.332349	55.020645	50.547000
707.262765	888.332348	55.020646	50.544000
707.265248	888.332353	55.020642	50.541000
707.267653	888.332349	55.020646	50.536000
707.270205	888.332350	55.020645	50.532000
707.272678	888.332352	55.020644	50.528000
707.275149	888.332353	55.020646	50.525000
707.277742	888.332347	55.020645	50.522000
707.280153	888.332348	55.020645	50.520000
707.282667	888.332348	55.020643	50.518000
707.285141	888.332350	55.020643	50.516000
707.287670	888.332351	55.020646	50.513000
707.290201	888.332354	55.020648	50.508000
707.292671	888.332350	55.020644	50.504000
707.295346	888.332352	55.020645	50.499000
707.297843	888.332351	55.020643	50.496000
707.300358	888.332351	55.020646	50.493000
707.302859	888.332346	55.020644	50.492000
707.305251	888.332350	55.020644	50.493000
707.307758	888.332350	55.020646	50.495000
707.310295	888.332350	55.020645	50.498000
707.312969	888.332349	55.020646	50.501000
707.315441	888.332350	55.020645	50.504000
707.317937	888.332350	55.020647	50.506000
707.320462	888.332347	55.020644	50.507000
707.322958	888.332349	55.020645	50.507000
707.325440	888.332348	55.020645	50.508000
707.327950	888.332351	55.020646	50.508000
707.330500	888.332347	55.020645	50.509000
707.333178	888.332351	55.020647	50.510000
707.335638	888.332350	55.020643	50.511000
707.338118	888.332348	55.020646	50.513000
707.340664	888.332351	55.020647	50.515000
707.343050	888.332352	55.020646	50.517000
707.345844	888.332347	55.020646	50.519000
707.348152	888.332350	55.020644	50.521000
707.350607	888.332350	55.020644	50.522000
707.353078	888.332346	55.020646	50.524000
707.355532	888.332349	55.020646	50.525000
707.358022	888.332350	55.020644	50.527000
707.360565	888.332351	55.020646	50.529000
707.363168	888.332351	55.020646	50.530000
707.365552	888.332347	55.020647	50.532000
707.368050	888.332348	55.020646	50.532000
707.370790	888.332354	55.020645	50.532000
707.373181	888.332351	55.020647	50.532000
707.375641	888.332353	55.020645	50.531000
707.378028	888.332352	55.020646	50.529000
707.380665	888.332349	55.020646	50.528000
707.383159	888.332348	55.020646	50.528000
707.385547	888.332351	55.020647	50.527000
707.388060	888.332350	55.020645	50.527000
707.390614	888.332351	55.020646	50.528000
707.393071	888.332348	55.020644	50.528000
707.395532	888.332346	55.020647	50.529000
707.398029	888.332350	55.020645	50.529000
707.400665	888.332350	55.020643	50.529000
707.403056	888.332351	55.020644	50.529000
707.405552	888.332352	55.020646	50.528000
707.408261	888.332351	55.020645	50.527000
707.410905	888.332349	55.020646	50.526000
707.413266	888.332351	55.020644	50.526000
707.415635	888.332355	55.020645	50.525000
707.418128	888.332350	55.020645	50.526000
707.420666	888.332352	55.020643	50.527000
707.423153	888.332350	55.020646	50.528000
707.425659	888.332349	55.020646	50.529000
707.428261	888.332348	55.020646	50.530000
707.430693	888.332347	55.020644	50.530000
707.433169	888.332350	55.020646	50.530000
707.435636	888.332349	55.020645	50.530000
707.438130	888.332351	55.020646	50.529000
707.440666	888.332349	55.020643	50.528000
707.443155	888.332352	55.020647	50.528000
707.445850	888.332352	55.020644	50.527000
707.448363	888.332350	55.020646	50.527000
707.450899	888.332348	55.020643	50.527000
707.453755	888.332348	55.020643	50.528000
707.456230	888.332349	55.020646	50.530000
707.458653	888.332352	55.020646	50.531000
707.461161	888.332348	55.020643	50.532000
707.463683	888.332348	55.020647	50.533000
707.466230	888.332346	55.020646	50.534000
707.468680	888.332352	55.020646	50.534000
707.471283	888.332348	55.020646	50.533000
707.473758	888.332351	55.020643	50.533000
707.476131	888.332347	55.020643	50.533000
707.478661	888.332349	55.020645	50.533000
707.481164	888.332351	55.020646	50.533000
707.483896	888.332350	55.020647	50.534000
707.486246	888.332349	55.020648	50.535000
707.488887	888.332349	55.020647	50.536000
707.491391	888.332352	55.020644	50.537000
707.493758	888.332348	55.020643	50.538000
707.496242	888.332347	55.020647	50.540000
707.498763	888.332350	55.020644	50.541000
707.501256	888.332352	55.020648	50.542000
707.503787	888.332349	55.020644	50.544000
707.506251	888.332346	55.020646	50.546000
707.508793	888.332350	55.020644	50.548000
707.511294	888.332355	55.020647	50.549000
707.513759	888.332348	55.020644	50.551000
707.516228	888.332349	55.020647	50.553000
707.518777	888.332351	55.020643	50.554000
707.521361	888.332348	55.020644	50.555000
707.523901	888.332350	55.020645	50.556000
707.526345	888.332345	55.020645	50.557000
707.528788	888.332352	55.020645	50.557000
707.531290	888.332351	55.020647	50.558000
707.533765	888.332350	55.020642	50.558000
707.536225	888.332347	55.020646	50.559000
707.538765	888.332351	55.020643	50.559000
707.541261	888.332344	55.020647	50.560000
707.543791	888.332350	55.020643	50.561000
707.546346	888.332353	55.020643	50.562000
707.548785	888.332350	55.020646	50.563000
707.551289	888.332349	55.020647	50.563000
707.553762	888.332348	55.020643	50.563000
707.556228	888.332351	55.020647	50.563000
707.558972	888.332348	55.020644	50.563000
707.561464	888.332351	55.020647	50.562000
707.563988	888.332348	55.020644	50.562000
707.566545	888.332355	55.020644	50.562000
707.569098	888.332351	55.020647	50.563000
707.571398	888.332352	55.020642	50.563000
707.573867	888.332350	55.020645	50.564000
707.576331	888.332350	55.020645	50.565000
707.578873	888.332350	55.020645	50.565000
707.581366	888.332347	55.020645	50.566000
707.583904	888.332350	55.020647	50.567000
707.586444	888.332349	55.020647	50.568000
707.588896	888.332348	55.020646	50.569000
707.591393	888.332346	55.020644	50.570000
707.594060	888.332352	55.020646	50.572000
707.596634	888.332348	55.020647	50.573000
707.599073	888.332348	55.020646	50.575000
707.601569	888.332349	55.020644	50.576000
707.604100	888.332349	55.020646	50.578000
707.606549	888.332349	55.020643	50.579000
707.609102	888.332352	55.020647	50.579000
707.611504	888.332350	55.020647	50.579000
707.613953	888.332349	55.020645	50.578000
707.616436	888.332354	55.020646	50.578000
707.618985	888.332348	55.020644	50.577000
707.621467	888.332348	55.020646	50.577000
707.624093	888.332352	55.020647	50.577000
707.626452	888.332353	55.020646	50.579000
707.628994	888.332350	55.020643	50.580000
707.631597	888.332351	55.020644	50.582000
707.634158	888.332352	55.020643	50.585000
707.636639	888.332349	55.020646	50.587000
707.639176	888.332348	55.020644	50.589000
707.641669	888.332347	55.020646	50.590000
707.644196	888.332352	55.020646	50.591000
707.646638	888.332349	55.020644	50.590000
707.649085	888.332349	55.020643	50.589000
707.651593	888.332351	55.020646	50.587000
707.654064	888.332352	55.020646	50.585000
707.656542	888.332350	55.020644	50.582000
707.659077	888.332352	55.020646	50.579000
707.661570	888.332354	55.020643	50.576000
707.664099	888.332349	55.020647	50.573000
707.666642	888.332351	55.020647	50.569000
707.669102	888.332351	55.020646	50.566000
707.671794	888.332353	55.020646	50.564000
707.674357	888.332351	55.020645	50.563000
707.676718	888.332353	55.020644	50.562000
707.679279	888.332351	55.020644	50.562000
707.681774	888.332351	55.020643	50.562000
707.684291	888.332348	55.020646	50.563000
707.686645	888.332351	55.020646	50.565000
707.689185	888.332351	55.020645	50.566000
707.691692	888.332353	55.020645	50.568000
707.694151	888.332347	55.020644	50.570000
707.696620	888.332351	55.020646	50.571000
707.699175	888.332351	55.020646	50.572000
707.701768	888.332359	55.020646	50.572000
707.704198	888.332350	55.020645	50.571000
707.706630	888.332347	55.020646	50.569000
707.709482	888.332348	55.020645	50.567000
707.711994	888.332347	55.020645	50.566000
707.714363	888.332348	55.020645	50.564000
707.716925	888.332349	55.020644	50.562000
707.719470	888.332354	55.020641	50.560000
707.721864	888.332347	55.020646	50.558000
707.724293	888.332351	55.020648	50.556000
707.726749	888.332351	55.020648	50.554000
707.729294	888.332350	55.020647	50.552000
707.731789	888.332349	55.020643	50.550000
707.734248	888.332350	55.020643	50.549000
707.736736	888.332352	55.020646	50.548000
707.739279	888.332353	55.020646	50.548000
707.741761	888.332351	55.020642	50.547000
707.744294	888.332348	55.020643	50.547000
707.746955	888.332356	55.020642	50.546000
707.749586	888.332349	55.020648	50.546000
707.751985	888.332350	55.020643	50.545000
707.754447	888.332349	55.020645	50.543000
707.756932	888.332350	55.020647	50.542000
707.759478	888.332349	55.020646	50.541000
707.761979	888.332349	55.020643	50.539000
707.764392	888.332344	55.020644	50.538000
707.766844	888.332351	55.020646	50.536000
707.769394	888.332352	55.020647	50.534000
707.771887	888.332352	55.020645	50.533000
707.774362	888.332348	55.020644	50.531000
707.776835	888.332350	55.020647	50.530000
707.779373	888.332350	55.020648	50.529000
707.781861	888.332349	55.020647	50.528000
707.784391	888.332354	55.020645	50.528000
707.787048	888.332346	55.020647	50.528000
707.789586	888.332347	55.020646	50.528000
707.792178	888.332348	55.020647	50.527000
707.794543	888.332351	55.020646	50.526000
707.797049	888.332350	55.020643	50.525000
707.799574	888.332349	55.020641	50.523000
707.801969	888.332354	55.020648	50.520000
707.804477	888.332349	55.020647	50.516000
707.806947	888.332348	55.020644	50.512000
707.809485	888.332350	55.020644	50.508000
707.811988	888.332350	55.020646	50.504000
707.814452	888.332351	55.020647	50.501000
707.816938	888.332354	55.020644	50.499000
707.819464	888.332348	55.020645	50.498000
707.821967	888.332350	55.020647	50.497000
707.824863	888.332351	55.020644	50.497000
707.827251	888.332348	55.020643	50.496000
707.829687	888.332350	55.020647	50.495000
707.832181	888.332354	55.020647	50.494000
707.834556	888.332350	55.020647	50.493000
707.837034	888.332347	55.020645	50.492000
707.839571	888.332349	55.020645	50.490000
707.842166	888.332347	55.020645	50.488000
707.844582	888.332349	55.020647	50.486000
707.847049	888.332347	55.020648	50.484000
707.849594	888.332350	55.020648	50.482000
707.852085	888.332348	55.020647	50.480000
707.854545	888.332351	55.020647	50.478000
707.857035	888.332348	55.020646	50.476000
707.859560	888.332349	55.020645	50.474000
707.862267	888.332348	55.020643	50.472000
707.864760	888.332350	55.020644	50.470000
707.867243	888.332348	55.020646	50.469000
707.869894	888.332348	55.020642	50.467000
707.872285	888.332353	55.020646	50.465000
707.874741	888.332350	55.020648	50.464000
707.877237	888.332348	55.020646	50.464000
707.879658	888.332348	55.020646	50.464000
707.882165	888.332345	55.020644	50.464000
707.884679	888.332353	55.020643	50.464000
707.887145	888.332352	55.020641	50.464000
707.889687	888.332350	55.020643	50.463000
707.892178	888.332350	55.020644	50.463000
707.894645	888.332350	55.020645	50.462000
707.897113	888.332347	55.020646	50.462000
707.899854	888.332348	55.020647	50.461000
707.902366	888.332353	55.020642	50.460000
707.904872	888.332348	55.020641	50.460000
707.907345	888.332353	55.020645	50.459000
707.909888	888.332350	55.020647	50.460000
707.912477	888.332352	55.020643	50.460000
707.914848	888.332352	55.020647	50.462000
707.917330	888.332350	55.020642	50.463000
707.919757	888.332349	55.020649	50.464000
707.922273	888.332353	55.020646	50.465000
707.924769	888.332351	55.020641	50.465000
707.927253	888.332351	55.020643	50.465000
707.929782	888.332353	55.020649	50.465000
707.932283	888.332351	55.020648	50.465000
707.934752	888.332350	55.020642	50.464000
707.937431	888.332351	55.020648	50.464000
707.939946	888.332351	55.020650	50.463000
707.942476	888.332349	55.020642	50.463000
707.944964	888.332350	55.020640	50.464000
707.947453	888.332353	55.020647	50.464000
707.949991	888.332352	55.020648	50.465000
707.952482	888.332351	55.020643	50.467000
707.954948	888.332349	55.020642	50.469000
707.957432	888.332350	55.020645	50.470000
707.959861	888.332346	55.020643	50.473000
707.962363	888.332353	55.020641	50.475000
707.964872	888.332349	55.020647	50.477000
707.967347	888.332351	55.020648	50.479000
707.969893	888.332347	55.020644	50.481000
707.972386	888.332349	55.020642	50.482000
707.975145	888.332351	55.020644	50.482000
707.977538	888.332353	55.020644	50.482000
707.980051	888.332353	55.020641	50.482000
707.982573	888.332348	55.020650	50.481000
707.985251	888.332351	55.020640	50.481000
707.987754	888.332348	55.020645	50.480000
707.990196	888.332350	55.020641	50.480000
707.992575	888.332349	55.020650	50.480000
707.995058	888.332351	55.020642	50.481000
707.997547	888.332352	55.020642	50.483000
708.000049	888.332350	55.020645	50.485000
708.002576	888.332349	55.020645	50.487000
708.005050	888.332352	55.020643	50.489000
708.007547	888.332347	55.020646	50.491000
708.010089	888.332350	55.020646	50.493000
708.012776	888.332349	55.020646	50.494000
708.015241	888.332349	55.020646	50.495000
708.017738	888.332349	55.020647	50.496000
708.020248	888.332349	55.020646	50.497000
708.022779	888.332348	55.020646	50.499000
708.025253	888.332349	55.020645	50.501000
708.027650	888.332353	55.020645	50.503000
708.030208	888.332349	55.020646	50.506000
708.032680	888.332351	55.020646	50.509000
708.035142	888.332350	55.020647	50.512000
708.037629	888.332350	55.020646	50.515000
708.040149	888.332351	55.020645	50.517000
708.042673	888.332352	55.020643	50.519000
708.045149	888.332352	55.020644	50.520000
708.047655	888.332349	55.020645	50.520000
708.050197	888.332347	55.020647	50.519000
708.052872	888.332349	55.020645	50.517000
708.055345	888.332352	55.020646	50.516000
708.057841	888.332345	55.020644	50.514000
708.060350	888.332346	55.020645	50.512000
708.062765	888.332347	55.020645	50.512000
708.065349	888.332349	55.020643	50.511000
708.067852	888.332352	55.020645	50.512000
708.070503	888.332351	55.020645	50.513000
708.072781	888.332351	55.020646	50.514000
708.075244	888.332351	55.020645	50.516000
708.077724	888.332351	55.020645	50.517000
708.080238	888.332345	55.020646	50.518000
708.082760	888.332348	55.020646	50.519000
708.085238	888.332349	55.020644	50.519000
708.087754	888.332348	55.020644	50.518000
708.090494	888.332350	55.020645	50.517000
708.093076	888.332350	55.020645	50.515000
708.095422	888.332349	55.020645	50.514000
708.097923	888.332349	55.020643	50.514000
708.100457	888.332348	55.020642	50.515000
708.102959	888.332352	55.020645	50.516000
708.105350	888.332348	55.020640	50.519000
708.107853	888.332351	55.020649	50.522000
708.110401	888.332349	55.020640	50.525000
708.112868	888.332350	55.020651	50.528000
708.115336	888.332349	55.020636	50.531000
708.117922	888.332350	55.020642	50.532000
708.120355	888.332349	55.020640	50.532000
708.122857	888.332347	55.020650	50.531000
708.125346	888.332351	55.020642	50.530000
708.128162	888.332349	55.020642	50.527000
708.130595	888.332351	55.020642	50.525000
708.133067	888.332351	55.020646	50.522000
708.135644	888.332350	55.020640	50.521000
708.138036	888.332353	55.020642	50.519000
708.140561	888.332352	55.020647	50.519000
708.143061	888.332350	55.020645	50.518000
708.145448	888.332351	55.020648	50.519000
708.147955	888.332351	55.020641	50.520000
708.150495	888.332351	55.020648	50.521000
708.152981	888.332353	55.020643	50.523000
708.155436	888.332351	55.020644	50.524000
708.157932	888.332349	55.020647	50.525000
708.160457	888.332347	55.020641	50.526000
708.162957	888.332351	55.020651	50.526000
708.165663	888.332349	55.020644	50.525000
708.168153	888.332349	55.020649	50.523000
708.170707	888.332350	55.020642	50.522000
708.173169	888.332352	55.020647	50.520000
708.175645	888.332352	55.020640	50.518000
708.178123	888.332352	55.020651	50.517000
708.180564	888.332352	55.020647	50.517000
708.183156	888.332348	55.020654	50.517000
708.185548	888.332352	55.020653	50.517000
708.188059	888.332351	55.020641	50.518000
708.190602	888.332352	55.020652	50.519000
708.193079	888.332349	55.020638	50.520000
708.195535	888.332351	55.020646	50.520000
708.198029	888.332349	55.020645	50.519000
708.200572	888.332349	55.020646	50.518000
708.203376	888.332351	55.020643	50.515000
708.205772	888.332348	55.020643	50.512000
708.208266	888.332349	55.020645	50.509000
708.210803	888.332349	55.020646	50.507000
708.213281	888.332349	55.020641	50.505000
708.215741	888.332351	55.020649	50.505000
708.218240	888.332348	55.020641	50.505000
708.220675	888.332349	55.020642	50.505000
708.223170	888.332348	55.020647	50.506000
708.225654	888.332348	55.020644	50.507000
708.228165	888.332347	55.020645	50.507000
708.230806	888.332354	55.020647	50.507000
708.233172	888.332350	55.020643	50.506000
708.235644	888.332351	55.020648	50.505000
708.238136	888.332350	55.020644	50.503000
708.241065	888.332350	55.020645	50.501000
708.243365	888.332348	55.020647	50.500000
708.245858	888.332353	55.020641	50.499000
708.248363	888.332351	55.020650	50.499000
708.250899	888.332352	55.020643	50.500000
708.253375	888.332350	55.020648	50.501000
708.255841	888.332353	55.020643	50.502000
708.258330	888.332351	55.020649	50.504000
708.260772	888.332350	55.020644	50.505000
708.263254	888.332349	55.020647	50.506000
708.265758	888.332350	55.020642	50.507000
708.268255	888.332352	55.020648	50.506000
708.270793	888.332350	55.020644	50.505000
708.273275	888.332352	55.020646	50.504000
708.275731	888.332353	55.020644	50.503000
708.278427	888.332346	55.020651	50.502000
708.280953	888.332346	55.020638	50.501000
708.283454	888.332353	55.020655	50.500000
708.286037	888.332350	55.020640	50.501000
708.288459	888.332349	55.020639	50.501000
708.290992	888.332349	55.020655	50.503000
708.293466	888.332351	55.020651	50.504000
708.295923	888.332347	55.020637	50.506000
708.298309	888.332351	55.020640	50.508000
708.300861	888.332349	55.020652	50.509000
708.303359	888.332353	55.020640	50.511000
708.305854	888.332350	55.020649	50.512000
708.308352	888.332354	55.020643	50.513000
708.310894	888.332354	55.020646	50.513000
708.313457	888.332349	55.020643	50.514000
708.315932	888.332348	55.020645	50.513000
708.318541	888.332348	55.020649	50.512000
708.321063	888.332346	55.020644	50.511000
708.323586	888.332352	55.020642	50.510000
708.326156	888.332352	55.020645	50.508000
708.328574	888.332351	55.020647	50.507000
708.330996	888.332350	55.020645	50.506000
708.333567	888.332348	55.020644	50.505000
708.335931	888.332349	55.020644	50.505000
708.338440	888.332349	55.020644	50.505000
708.340961	888.332352	55.020643	50.505000
708.343468	888.332351	55.020647	50.505000
708.345952	888.332348	55.020646	50.505000
708.348465	888.332352	55.020642	50.504000
708.350989	888.332348	55.020649	50.503000
708.353471	888.332347	55.020641	50.502000
708.356132	888.332349	55.020648	50.502000
708.358655	888.332349	55.020641	50.501000
708.361160	888.332349	55.020650	50.501000
708.363685	888.332351	55.020639	50.502000
708.366151	888.332351	55.020653	50.504000
708.368682	888.332345	55.020642	50.507000
708.371099	888.332351	55.020645	50.510000
708.373657	888.332348	55.020651	50.513000
708.376026	888.332348	55.020653	50.515000
708.378540	888.332349	55.020636	50.516000
708.381060	888.332349	55.020647	50.517000
708.383584	888.332350	55.020652	50.517000
708.386055	888.332355	55.020638	50.517000
708.388566	888.332347	55.020646	50.516000
708.391088	888.332349	55.020654	50.515000
708.393769	888.332350	55.020650	50.515000
708.396231	888.332353	55.020636	50.515000
708.398751	888.332350	55.020646	50.516000
708.401267	888.332346	55.020646	50.517000
708.403798	888.332349	55.020638	50.519000
708.406252	888.332349	55.020651	50.520000
708.408673	888.332351	55.020650	50.520000
708.411298	888.332350	55.020643	50.520000
708.413671	888.332351	55.020642	50.519000
708.416137	888.332349	55.020654	50.519000
708.418657	888.332351	55.020641	50.519000
708.421164	888.332348	55.020641	50.519000
708.423681	888.332351	55.020654	50.520000
708.426263	888.332350	55.020640	50.523000
708.428678	888.332351	55.020639	50.526000
708.431394	888.332348	55.020641	50.530000
708.433856	888.332348	55.020656	50.534000
708.436340	888.332350	55.020647	50.537000
708.438863	888.332351	55.020638	50.539000
708.441363	888.332350	55.020649	50.540000
708.443904	888.332348	55.020647	50.540000
708.446360	888.332350	55.020637	50.539000
708.448888	888.332349	55.020649	50.537000
708.451302	888.332347	55.020646	50.535000
708.453765	888.332348	55.020655	50.533000
708.456234	888.332350	55.020643	50.531000
708.458768	888.332350	55.020637	50.530000
708.461270	888.332351	55.020647	50.529000
708.463791	888.332352	55.020652	50.529000
708.466246	888.332352	55.020638	50.529000
708.469000	888.332353	55.020638	50.529000
708.471506	888.332348	55.020648	50.530000
708.473972	888.332354	55.020650	50.530000
708.476430	888.332348	55.020637	50.531000
708.478961	888.332347	55.020646	50.531000
708.481563	888.332350	55.020642	50.532000
708.483894	888.332352	55.020641	50.533000
708.486457	888.332348	55.020647	50.534000
708.488885	888.332350	55.020647	50.535000
708.491389	888.332346	55.020646	50.536000
708.493869	888.332353	55.020642	50.537000
708.496337	888.332353	55.020646	50.538000
708.498855	888.332347	55.020647	50.539000
708.501364	888.332350	55.020649	50.540000
708.503898	888.332351	55.020646	50.542000
708.506554	888.332349	55.020645	50.544000
708.509090	888.332346	55.020644	50.546000
708.511593	888.332351	55.020644	50.548000
708.514060	888.332353	55.020645	50.550000
708.516536	888.332351	55.020646	50.551000
708.518967	888.332351	55.020643	50.553000
708.521563	888.332352	55.020646	50.554000
708.524100	888.332349	55.020646	50.555000
708.526451	888.332348	55.020643	50.555000
708.528989	888.332351	55.020644	50.555000
708.531590	888.332347	55.020647	50.556000
708.533969	888.332351	55.020642	50.557000
708.536437	888.332346	55.020650	50.557000
708.538969	888.332352	55.020643	50.558000
708.541464	888.332350	55.020642	50.560000
708.544192	888.332353	55.020645	50.561000
708.546649	888.332350	55.020644	50.563000
708.549198	888.332349	55.020646	50.564000
708.551690	888.332347	55.020645	50.566000
708.554160	888.332348	55.020645	50.567000
708.556628	888.332352	55.020644	50.569000
708.559170	888.332351	55.020643	50.570000
708.561666	888.332351	55.020643	50.571000
708.564196	888.332347	55.020645	50.571000
708.566546	888.332349	55.020645	50.571000
708.569084	888.332348	55.020644	50.571000
708.571589	888.332351	55.020644	50.571000
708.574067	888.332351	55.020645	50.570000
708.576537	888.332349	55.020645	50.570000
708.579070	888.332351	55.020647	50.569000
708.581757	888.332351	55.020646	50.569000
708.584289	888.332352	55.020646	50.569000
708.586741	888.332350	55.020644	50.569000
708.589284	888.332349	55.020644	50.570000
708.591886	888.332351	55.020645	50.571000
708.594255	888.332351	55.020645	50.573000
708.596727	888.332350	55.020644	50.574000
708.599174	888.332350	55.020647	50.575000
708.601657	888.332349	55.020646	50.575000
708.604191	888.332350	55.020645	50.574000
708.606748	888.332353	55.020647	50.573000
708.609198	888.332351	55.020643	50.570000
708.611685	888.332348	55.020642	50.568000
708.614154	888.332352	55.020645	50.565000
708.616644	888.332348	55.020646	50.562000
708.619373	888.332352	55.020644	50.560000
708.621861	888.332350	55.020644	50.559000
708.624390	888.332348	55.020643	50.558000
708.626859	888.332346	55.020644	50.559000
708.629385	888.332349	55.020639	50.560000
708.631791	888.332352	55.020637	50.562000
708.634253	888.332346	55.020650	50.563000
708.636738	888.332349	55.020641	50.565000
708.639269	888.332348	55.020636	50.566000
708.641874	888.332350	55.020643	50.567000
708.644298	888.332348	55.020644	50.568000
708.646756	888.332350	55.020635	50.569000
708.649282	888.332347	55.020648	50.570000
708.651786	888.332348	55.020651	50.570000
708.654268	888.332348	55.020636	50.571000
708.656943	888.332351	55.020636	50.572000
708.659471	888.332347	55.020651	50.573000
708.661960	888.332351	55.020650	50.573000
708.664483	888.332355	55.020636	50.573000
708.666948	888.332350	55.020647	50.572000
708.669485	888.332353	55.020650	50.571000
708.671987	888.332349	55.020638	50.569000
708.674449	888.332351	55.020649	50.567000
708.676827	888.332351	55.020647	50.564000
708.679374	888.332348	55.020651	50.562000
708.681874	888.332349	55.020641	50.560000
708.684489	888.332347	55.020647	50.559000
708.686853	888.332351	55.020646	50.558000
708.689384	888.332349	55.020646	50.559000
708.691895	888.332353	55.020642	50.560000
708.694546	888.332350	55.020645	50.562000
708.697029	888.332354	55.020645	50.563000
708.699565	888.332350	55.020644	50.564000
708.702072	888.332354	55.020645	50.565000
708.704683	888.332352	55.020646	50.565000
708.707050	888.332358	55.020646	50.565000
708.709588	888.332349	55.020646	50.565000
708.712097	888.332350	55.020645	50.564000
708.714555	888.332349	55.020646	50.563000
708.716940	888.332352	55.020644	50.562000
708.719468	888.332350	55.020643	50.562000
708.721964	888.332350	55.020644	50.562000
708.724493	888.332352	55.020644	50.562000
708.726949	888.332349	55.020646	50.562000
708.729479	888.332350	55.020645	50.561000
708.731992	888.332352	55.020646	50.561000
708.734562	888.332353	55.020645	50.560000
708.737033	888.332349	55.020645	50.558000
708.739567	888.332349	55.020647	50.556000
708.742172	888.332352	55.020645	50.554000
708.744593	888.332352	55.020646	50.552000
708.746953	888.332353	55.020645	50.550000
708.749488	888.332354	55.020644	50.548000
708.752189	888.332348	55.020645	50.547000
708.754451	888.332348	55.020647	50.546000
708.756944	888.332347	55.020646	50.546000
708.759473	888.332351	55.020644	50.545000
708.762065	888.332353	55.020645	50.544000
708.764486	888.332351	55.020644	50.544000
708.766946	888.332351	55.020646	50.542000
708.769488	888.332348	55.020645	50.541000
708.772288	888.332353	55.020644	50.538000
708.774657	888.332347	55.020645	50.536000
708.777135	888.332349	55.020644	50.534000
708.779673	888.332349	55.020645	50.531000
708.782175	888.332349	55.020645	50.528000
708.784687	888.332350	55.020645	50.526000
708.787148	888.332352	55.020647	50.524000
708.789595	888.332350	55.020646	50.522000
708.792095	888.332354	55.020645	50.521000
708.794567	888.332353	55.020647	50.519000
708.797039	888.332348	55.020647	50.518000
708.799565	888.332354	55.020647	50.517000
708.802074	888.332352	55.020646	50.516000
708.804595	888.332351	55.020646	50.515000
708.807063	888.332349	55.020647	50.515000
708.809593	888.332350	55.020646	50.515000
708.812282	888.332354	55.020647	50.516000
708.814758	888.332351	55.020643	50.517000
708.817246	888.332351	55.020644	50.517000
708.819765	888.332356	55.020648	50.518000
708.822275	888.332342	55.020647	50.518000
708.824679	888.332348	55.020651	50.518000
708.827255	888.332353	55.020649	50.517000
708.829693	888.332350	55.020652	50.516000
708.832191	888.332350	55.020643	50.514000
708.834755	888.332348	55.020652	50.512000
708.837140	888.332351	55.020651	50.510000
708.839678	888.332347	55.020640	50.509000
708.842266	888.332352	55.020646	50.508000
708.844680	888.332348	55.020644	50.508000
708.847145	888.332352	55.020646	50.509000
708.849891	888.332345	55.020645	50.510000
708.852385	888.332351	55.020643	50.512000
708.855051	888.332348	55.020644	50.514000
708.857338	888.332351	55.020647	50.516000
708.859863	888.332354	55.020646	50.518000
708.862370	888.332350	55.020646	50.520000
708.864778	888.332354	55.020646	50.520000
708.867348	888.332348	55.020645	50.520000
708.869783	888.332354	55.020645	50.520000
708.872282	888.332348	55.020644	50.519000
708.874848	888.332354	55.020644	50.518000
708.877341	888.332348	55.020645	50.517000
708.879756	888.332353	55.020644	50.516000
708.882261	888.332351	55.020645	50.515000
708.884769	888.332350	55.020646	50.515000
708.887450	888.332351	55.020644	50.516000
708.889992	888.332352	55.020645	50.517000
708.892482	888.332350	55.020645	50.517000
708.894945	888.332348	55.020644	50.518000
708.897426	888.332347	55.020644	50.518000
708.899964	888.332349	55.020642	50.518000
708.902480	888.332350	55.020643	50.518000
708.904881	888.332353	55.020645	50.517000
708.907356	888.332352	55.020646	50.517000
708.909898	888.332350	55.020644	50.517000
708.912390	888.332351	55.020644	50.517000
708.914863	888.332351	55.020645	50.517000
708.917332	888.332353	55.020647	50.518000
708.919863	888.332354	55.020645	50.518000
708.922376	888.332349	55.020645	50.519000
708.925067	888.332349	55.020644	50.519000
708.927660	888.332348	55.020646	50.520000
708.930097	888.332351	55.020646	50.521000
708.932570	888.332347	55.020645	50.521000
708.935050	888.332354	55.020646	50.522000
708.937540	888.332350	55.020647	50.523000
708.939962	888.332355	55.020645	50.524000
708.942565	888.332348	55.020645	50.526000
708.944961	888.332348	55.020646	50.527000
708.947459	888.332344	55.020643	50.528000
708.950093	888.332350	55.020645	50.529000
708.952485	888.332353	55.020645	50.529000
708.954945	888.332350	55.020646	50.530000
708.957436	888.332349	55.020646	50.530000
708.959953	888.332348	55.020645	50.530000
708.962469	888.332348	55.020645	50.531000
708.965154	888.332349	55.020645	50.531000
708.967654	888.332348	55.020646	50.532000
708.970193	888.332347	55.020645	50.534000
708.972674	888.332350	55.020645	50.536000
708.975144	888.332346	55.020646	50.538000
708.977634	888.332352	55.020647	50.541000
708.980135	888.332351	55.020647	50.542000
708.982567	888.332347	55.020646	50.544000
708.985063	888.332351	55.020645	50.545000
708.987756	888.332352	55.020643	50.545000
708.990091	888.332351	55.020644	50.545000
708.992580	888.332348	55.020646	50.544000
708.995038	888.332344	55.020644	50.543000
708.997531	888.332345	55.020644	50.543000
709.000041	888.332350	55.020644	50.542000
709.002868	888.332351	55.020645	50.542000
709.005245	888.332352	55.020647	50.541000
709.007757	888.332349	55.020647	50.541000
709.010295	888.332350	55.020646	50.541000
709.012786	888.332351	55.020644	50.542000
709.015151	888.332348	55.020646	50.542000
709.017642	888.332353	55.020643	50.543000
709.020137	888.332349	55.020644	50.543000
709.022672	888.332349	55.020645	50.544000
709.025150	888.332350	55.020645	50.545000
709.027651	888.332349	55.020644	50.546000
709.030192	888.332349	55.020646	50.548000
709.032679	888.332353	55.020644	50.549000
709.035144	888.332348	55.020643	50.551000
709.037632	888.332348	55.020644	50.553000
709.040344	888.332350	55.020643	50.555000
709.042870	888.332352	55.020643	50.557000
709.045448	888.332351	55.020647	50.559000
709.047957	888.332353	55.020644	50.561000
709.050398	888.332352	55.020647	50.563000
709.052783	888.332349	55.020645	50.565000
709.055249	888.332352	55.020646	50.567000
709.057728	888.332349	55.020644	50.568000
709.060242	888.332351	55.020646	50.569000
709.062872	888.332348	55.020646	50.570000
709.065247	888.332351	55.020645	50.570000
709.067755	888.332351	55.020645	50.570000
709.070410	888.332351	55.020644	50.569000
709.072783	888.332351	55.020646	50.568000
709.075250	888.332354	55.020645	50.568000
709.077942	888.332349	55.020645	50.568000
709.080454	888.332350	55.020645	50.569000
709.082971	888.332348	55.020645	50.570000
709.085449	888.332348	55.020644	50.572000
709.087968	888.332348	55.020644	50.574000
709.090399	888.332348	55.020645	50.576000
709.092878	888.332351	55.020646	50.577000
709.095448	888.332350	55.020645	50.578000
709.097836	888.332350	55.020645	50.578000
709.100456	888.332349	55.020646	50.578000
709.102873	888.332353	55.020646	50.577000
709.105347	888.332350	55.020646	50.576000
709.107855	888.332349	55.020645	50.576000
709.110504	888.332347	55.020646	50.576000
709.112879	888.332349	55.020646	50.576000
709.115541	888.332348	55.020645	50.577000
709.118028	888.332349	55.020644	50.577000
709.120656	888.332350	55.020646	50.578000
709.123055	888.332351	55.020646	50.579000
709.125552	888.332351	55.020645	50.578000
709.128052	888.332353	55.020644	50.578000
709.130603	888.332351	55.020643	50.577000
709.132979	888.332349	55.020644	50.576000
709.135448	888.332349	55.020644	50.575000
709.137934	888.332351	55.020644	50.574000
709.140451	888.332351	55.020646	50.574000
709.142972	888.332351	55.020644	50.574000
709.145445	888.332346	55.020645	50.575000
709.147956	888.332349	55.020645	50.575000
709.150500	888.332352	55.020643	50.576000
709.152985	888.332352	55.020642	50.576000
709.155639	888.332347	55.020643	50.577000
709.158129	888.332353	55.020644	50.577000
709.160653	888.332351	55.020644	50.576000
709.163160	888.332355	55.020646	50.575000
709.165658	888.332352	55.020644	50.574000
709.168157	888.332354	55.020646	50.573000
709.170697	888.332350	55.020648	50.573000
709.173175	888.332352	55.020645	50.572000
709.175543	888.332349	55.020646	50.571000
709.178040	888.332353	55.020647	50.571000
709.180563	888.332350	55.020645	50.570000
709.183059	888.332350	55.020645	50.569000
709.185656	888.332348	55.020646	50.568000
709.188164	888.332348	55.020643	50.566000
709.190605	888.332348	55.020645	50.563000
709.193272	888.332350	55.020645	50.559000
709.195842	888.332353	55.020647	50.556000
709.198235	888.332348	55.020644	50.552000
709.200762	888.332350	55.020647	50.547000
709.203258	888.332349	55.020647	50.543000
709.205763	888.332351	55.020647	50.540000
709.208160	888.332352	55.020647	50.537000
709.210792	888.332350	55.020645	50.535000
709.213271	888.332349	55.020648	50.533000
709.215646	888.332350	55.020643	50.532000
709.218134	888.332350	55.020643	50.530000
709.220662	888.332351	55.020644	50.527000
709.223161	888.332351	55.020644	50.524000
709.225660	888.332348	55.020645	50.520000
709.228161	888.332347	55.020644	50.516000
709.230804	888.332348	55.020646	50.511000
709.233375	888.332351	55.020643	50.505000
709.235842	888.332355	55.020645	50.500000
709.238328	888.332351	55.020644	50.496000
709.240872	888.332347	55.020645	50.492000
709.243363	888.332352	55.020644	50.490000
709.245761	888.332350	55.020644	50.488000
709.248359	888.332351	55.020645	50.489000
709.250807	888.332351	55.020643	50.489000
709.253275	888.332351	55.020644	50.490000
709.255748	888.332349	55.020645	50.491000
709.258224	888.332351	55.020646	50.491000
709.260770	888.332352	55.020643	50.490000
709.263262	888.332350	55.020642	50.488000
709.265762	888.332352	55.020644	50.486000
709.268265	888.332349	55.020646	50.482000
709.271004	888.332352	55.020646	50.478000
709.273478	888.332352	55.020645	50.475000
709.275938	888.332350	55.020646	50.472000
709.278431	888.332351	55.020644	50.470000
709.280958	888.332349	55.020643	50.469000
709.283465	888.332349	55.020645	50.468000
709.285964	888.332350	55.020646	50.468000
709.288360	888.332351	55.020646	50.468000
709.290900	888.332350	55.020647	50.469000
709.293375	888.332352	55.020649	50.470000
709.295836	888.332348	55.020645	50.470000
709.298329	888.332354	55.020642	50.471000
709.300868	888.332345	55.020643	50.471000
709.303370	888.332348	55.020645	50.472000
709.305961	888.332354	55.020645	50.474000
709.308562	888.332353	55.020646	50.476000
709.311104	888.332349	55.020646	50.478000
709.313574	888.332349	55.020646	50.481000
709.316047	888.332352	55.020646	50.483000
709.318642	888.332349	55.020643	50.484000
709.320968	888.332348	55.020646	50.485000
709.323569	888.332349	55.020645	50.486000
709.325959	888.332350	55.020644	50.485000
709.328465	888.332350	55.020646	50.484000
709.331005	888.332351	55.020645	50.483000
709.333479	888.332349	55.020646	50.481000
709.335939	888.332351	55.020643	50.480000
709.338434	888.332349	55.020644	50.480000
709.340967	888.332350	55.020647	50.480000
709.343462	888.332349	55.020645	50.480000
709.346146	888.332348	55.020647	50.481000
709.348677	888.332350	55.020645	50.483000
709.351198	888.332349	55.020647	50.484000
709.353674	888.332349	55.020645	50.485000
709.356230	888.332349	55.020644	50.486000
709.358643	888.332353	55.020645	50.486000
709.361067	888.332353	55.020643	50.486000
709.363573	888.332349	55.020644	50.485000
709.366148	888.332353	55.020647	50.484000
709.368566	888.332345	55.020645	50.482000
709.371102	888.332350	55.020646	50.480000
709.373576	888.332350	55.020646	50.478000
709.376034	888.332351	55.020646	50.476000
709.378529	888.332350	55.020645	50.475000
709.381069	888.332351	55.020645	50.473000
709.383781	888.332349	55.020644	50.473000
709.386254	888.332349	55.020646	50.472000
709.388778	888.332352	55.020645	50.473000
709.391304	888.332350	55.020643	50.474000
709.393767	888.332349	55.020643	50.476000
709.396233	888.332350	55.020644	50.477000
709.398745	888.332352	55.020644	50.479000
709.401159	888.332351	55.020644	50.480000
709.403678	888.332354	55.020643	50.482000
709.406158	888.332350	55.020645	50.482000
709.408676	888.332351	55.020642	50.483000
709.411300	888.332348	55.020643	50.483000
709.413770	888.332349	55.020643	50.484000
709.416135	888.332353	55.020644	50.484000
709.418642	888.332351	55.020644	50.485000
709.421462	888.332353	55.020645	50.485000
709.423882	888.332352	55.020645	50.486000
709.426349	888.332351	55.020645	50.487000
709.428885	888.332351	55.020644	50.488000
709.431402	888.332348	55.020646	50.489000
709.433872	888.332350	55.020644	50.490000
709.436331	888.332352	55.020645	50.490000
709.438742	888.332349	55.020645	50.490000
709.441257	888.332348	55.020645	50.490000
709.443776	888.332348	55.020646	50.490000
709.446240	888.332350	55.020644	50.490000
709.448775	888.332348	55.020644	50.490000
709.451397	888.332353	55.020645	50.491000
709.453761	888.332351	55.020646	50.491000
709.456222	888.332350	55.020644	50.492000
709.459057	888.332348	55.020646	50.493000
709.461554	888.332347	55.020647	50.494000
709.463983	888.332349	55.020645	50.495000
709.466436	888.332348	55.020646	50.497000
709.469069	888.332351	55.020645	50.498000
709.471483	888.332351	55.020643	50.499000
709.473958	888.332348	55.020645	50.500000
709.476324	888.332352	55.020644	50.500000
709.478949	888.332350	55.020645	50.500000
709.481350	888.332349	55.020646	50.500000
709.483883	888.332352	55.020644	50.498000
709.486443	888.332349	55.020643	50.497000
709.488972	888.332347	55.020647	50.496000
709.491390	888.332351	55.020645	50.494000
709.493863	888.332351	55.020646	50.494000
709.496628	888.332350	55.020643	50.493000
709.498945	888.332347	55.020645	50.493000
709.501555	888.332348	55.020646	50.493000
709.504087	888.332351	55.020644	50.493000
709.506544	888.332349	55.020646	50.494000
709.509081	888.332349	55.020644	50.493000
709.511499	888.332352	55.020644	50.492000
709.513967	888.332349	55.020646	50.490000
709.516435	888.332350	55.020644	50.488000
709.518950	888.332351	55.020645	50.486000
709.521558	888.332350	55.020645	50.483000
709.523983	888.332349	55.020644	50.482000
709.526449	888.332352	55.020644	50.481000
709.528982	888.332348	55.020646	50.482000
709.531490	888.332349	55.020646	50.485000
709.534162	888.332350	55.020645	50.488000
709.536624	888.332350	55.020644	50.491000
709.539160	888.332348	55.020646	50.494000
709.541664	888.332353	55.020646	50.496000
709.544189	888.332349	55.020645	50.498000
709.546637	888.332349	55.020645	50.499000
709.549185	888.332352	55.020646	50.500000
709.551694	888.332351	55.020644	50.500000
709.553053	888.332349	55.020641	50.500000
