679.772457	876.344891	57.005770	50.034000
679.772557	876.344330	57.005766	50.023000
679.772520	876.342019	57.005770	50.021000
679.772521	876.339197	57.005769	50.022000
679.772522	876.336735	57.005771	50.023000
679.772524	876.334148	57.005771	50.024000
679.772528	876.331537	57.005770	50.025000
679.772528	876.329027	57.005771	50.026000
679.772533	876.326338	57.005770	50.026000
679.772532	876.323917	57.005770	50.027000
679.772532	876.321298	57.005770	50.027000
679.772531	876.318850	57.005769	50.028000
679.772536	876.316026	57.005770	50.029000
679.772534	876.313631	57.005768	50.031000
679.772534	876.310993	57.005770	50.034000
679.772536	876.308596	57.005770	50.037000
679.772536	876.306101	57.005770	50.040000
679.772541	876.303587	57.005770	50.044000
679.772538	876.300887	57.005770	50.047000
679.772535	876.298682	57.005772	50.050000
679.772541	876.296167	57.005771	50.053000
679.772538	876.293667	57.005772	50.054000
679.772542	876.291151	57.005770	50.055000
679.772541	876.288654	57.005771	50.055000
679.772543	876.286151	57.005769	50.054000
679.772539	876.283653	57.005770	50.053000
679.772542	876.281152	57.005771	50.053000
679.772542	876.278457	57.005768	50.053000
679.772540	876.275927	57.005770	50.053000
679.772541	876.273435	57.005771	50.053000
679.772544	876.270921	57.005770	50.054000
679.772546	876.268429	57.005770	50.054000
679.772542	876.265928	57.005770	50.055000
679.772540	876.263433	57.005769	50.055000
679.772543	876.261029	57.005769	50.055000
679.772542	876.258528	57.005771	50.054000
679.772540	876.255914	57.005770	50.054000
679.772543	876.253429	57.005770	50.053000
679.772541	876.250915	57.005770	50.052000
679.772542	876.248413	57.005771	50.051000
679.772539	876.245910	57.005769	50.051000
679.772542	876.243314	57.005769	50.051000
679.772539	876.240716	57.005768	50.051000
679.772540	876.238211	57.005770	50.052000
679.772540	876.235702	57.005772	50.052000
679.772540	876.233113	57.005768	50.053000
679.772537	876.230712	57.005768	50.053000
679.772537	876.228095	57.005772	50.054000
679.772540	876.225809	57.005769	50.055000
679.772538	876.223206	57.005771	50.056000
679.772540	876.220801	57.005771	50.057000
679.772543	876.218306	57.005771	50.058000
679.772540	876.215791	57.005769	50.058000
679.772540	876.213300	57.005771	50.058000
679.772543	876.210798	57.005770	50.057000
679.772539	876.208292	57.005770	50.056000
679.772541	876.205803	57.005769	50.055000
679.772540	876.203301	57.005772	50.054000
679.772539	876.200596	57.005770	50.053000
679.772539	876.198103	57.005769	50.053000
679.772539	876.195582	57.005771	50.054000
679.772538	876.193096	57.005770	50.055000
679.772539	876.190486	57.005772	50.055000
679.772540	876.188085	57.005771	50.056000
679.772543	876.185496	57.005771	50.056000
679.772539	876.182993	57.005768	50.055000
679.772540	876.180594	57.005770	50.054000
679.772537	876.178093	57.005768	50.052000
679.772539	876.175579	57.005770	50.051000
679.772537	876.173096	57.005770	50.050000
679.772540	876.170586	57.005770	50.049000
679.772541	876.168078	57.005769	50.049000
679.772539	876.165591	57.005770	50.048000
679.772541	876.163089	57.005769	50.048000
679.772540	876.160392	57.005770	50.049000
679.772541	876.157883	57.005771	50.049000
679.772542	876.155375	57.005770	50.048000
679.772541	876.152886	57.005770	50.048000
679.772542	876.150184	57.005770	50.049000
679.772538	876.147878	57.005769	50.048000
679.772536	876.145392	57.005771	50.048000
679.772541	876.142886	57.005768	50.048000
679.772538	876.140487	57.005771	50.049000
679.772536	876.137992	57.005768	50.049000
679.772541	876.135478	57.005767	50.049000
679.772541	876.132985	57.005770	50.049000
679.772541	876.130475	57.005772	50.048000
679.772540	876.127973	57.005769	50.048000
679.772539	876.125487	57.005772	50.047000
679.772542	876.122782	57.005769	50.046000
679.772541	876.120295	57.005769	50.046000
679.772542	876.117795	57.005772	50.046000
679.772537	876.115276	57.005768	50.047000
679.772540	876.112788	57.005770	50.047000
679.772540	876.110271	57.005771	50.048000
679.772539	876.107778	57.005769	50.048000
679.772540	876.105293	57.005770	50.048000
679.772538	876.102883	57.005770	50.048000
679.772539	876.100386	57.005768	50.049000
679.772538	876.097888	57.005771	50.049000
679.772542	876.095374	57.005769	50.048000
679.772540	876.092887	57.005770	50.048000
679.772539	876.090378	57.005770	50.049000
679.772539	876.087871	57.005769	50.050000
679.772540	876.085183	57.005771	50.051000
679.772539	876.082681	57.005770	50.052000
679.772539	876.080184	57.005770	50.053000
679.772543	876.077681	57.005770	50.054000
679.772538	876.075174	57.005770	50.055000
679.772541	876.072786	57.005770	50.056000
679.772538	876.070277	57.005770	50.057000
679.772539	876.067671	57.005767	50.058000
679.772538	876.065086	57.005771	50.059000
679.772544	876.062572	57.005769	50.060000
679.772539	876.060091	57.005771	50.062000
679.772543	876.057583	57.005769	50.063000
679.772544	876.055078	57.005771	50.065000
679.772542	876.052576	57.005769	50.068000
679.772541	876.050076	57.005770	50.070000
679.772543	876.047580	57.005770	50.072000
679.772536	876.044989	57.005770	50.074000
679.772540	876.042381	57.005769	50.076000
679.772541	876.039988	57.005769	50.078000
679.772539	876.037489	57.005771	50.079000
679.772540	876.034978	57.005769	50.080000
679.772541	876.032586	57.005769	50.081000
679.772539	876.029976	57.005770	50.082000
679.772542	876.027485	57.005770	50.083000
679.772543	876.025085	57.005771	50.085000
679.772538	876.022580	57.005769	50.086000
679.772543	876.020084	57.005770	50.087000
679.772540	876.017586	57.005769	50.089000
679.772540	876.015083	57.005772	50.090000
679.772539	876.012590	57.005769	50.090000
679.772540	876.009981	57.005769	50.091000
679.772536	876.007385	57.005771	50.091000
679.772542	876.004899	57.005769	50.091000
679.772538	876.002388	57.005772	50.091000
679.772537	875.999793	57.005771	50.092000
679.772540	875.997387	57.005769	50.092000
679.772542	875.994974	57.005768	50.093000
679.772538	875.992490	57.005769	50.095000
679.772539	875.989888	57.005770	50.096000
679.772542	875.987384	57.005768	50.098000
679.772541	875.984996	57.005772	50.099000
679.772542	875.982495	57.005771	50.100000
679.772540	875.980000	57.005768	50.101000
679.772542	875.977492	57.005767	50.101000
679.772541	875.974983	57.005768	50.102000
679.772541	875.972496	57.005768	50.102000
679.772541	875.969779	57.005768	50.103000
679.772538	875.967286	57.005770	50.103000
679.772540	875.964799	57.005772	50.103000
679.772539	875.962290	57.005771	50.104000
679.772539	875.959793	57.005768	50.103000
679.772540	875.957294	57.005769	50.102000
679.772540	875.954885	57.005768	50.101000
679.772542	875.952390	57.005769	50.100000
679.772540	875.949881	57.005768	50.098000
679.772542	875.947385	57.005771	50.096000
679.772542	875.944895	57.005771	50.093000
679.772542	875.942294	57.005769	50.091000
679.772539	875.939891	57.005768	50.089000
679.772536	875.937389	57.005771	50.087000
679.772539	875.934882	57.005772	50.085000
679.772539	875.932290	57.005770	50.083000
679.772543	875.929687	57.005771	50.081000
679.772536	875.927189	57.005772	50.078000
679.772541	875.924692	57.005772	50.076000
679.772538	875.922195	57.005770	50.075000
679.772541	875.919293	57.005770	50.073000
679.772539	875.916684	57.005772	50.071000
679.772540	875.914288	57.005770	50.070000
679.772542	875.911793	57.005770	50.069000
679.772541	875.909285	57.005772	50.068000
679.772538	875.906791	57.005770	50.068000
679.772542	875.904296	57.005769	50.068000
679.772534	875.901785	57.005768	50.067000
679.772538	875.899305	57.005770	50.067000
679.772542	875.896787	57.005771	50.067000
679.772540	875.894292	57.005772	50.066000
679.772540	875.891585	57.005772	50.065000
679.772539	875.889088	57.005772	50.063000
679.772540	875.886591	57.005768	50.062000
679.772539	875.884103	57.005768	50.061000
679.772542	875.881486	57.005772	50.061000
679.772539	875.879199	57.005771	50.060000
679.772539	875.876685	57.005770	50.060000
679.772540	875.874196	57.005767	50.060000
679.772541	875.871694	57.005766	50.059000
679.772540	875.869192	57.005768	50.059000
679.772539	875.866700	57.005770	50.057000
679.772539	875.864199	57.005769	50.056000
679.772539	875.861689	57.005770	50.055000
679.772540	875.859205	57.005768	50.053000
679.772543	875.856688	57.005770	50.052000
679.772539	875.853992	57.005768	50.052000
679.772534	875.851484	57.005768	50.051000
679.772537	875.848988	57.005768	50.052000
679.772537	875.846394	57.005773	50.052000
679.772538	875.843999	57.005767	50.053000
679.772538	875.841489	57.005769	50.053000
679.772538	875.838999	57.005768	50.053000
679.772538	875.836583	57.005772	50.052000
679.772541	875.834082	57.005772	50.052000
679.772541	875.831593	57.005770	50.051000
679.772536	875.829091	57.005770	50.051000
679.772537	875.826589	57.005771	50.051000
679.772540	875.824102	57.005769	50.052000
679.772540	875.821592	57.005772	50.053000
679.772538	875.819105	57.005772	50.054000
679.772535	875.816592	57.005773	50.056000
679.772542	875.813891	57.005768	50.057000
679.772539	875.811394	57.005766	50.058000
679.772538	875.808883	57.005772	50.058000
679.772538	875.806392	57.005774	50.059000
679.772540	875.803795	57.005772	50.059000
679.772543	875.801391	57.005767	50.059000
679.772538	875.798909	57.005767	50.059000
679.772539	875.796487	57.005774	50.060000
679.772540	875.793991	57.005770	50.061000
679.772540	875.791487	57.005767	50.062000
679.772538	875.788994	57.005769	50.063000
679.772538	875.786486	57.005773	50.064000
679.772540	875.783996	57.005770	50.065000
679.772541	875.781394	57.005773	50.066000
679.772542	875.778995	57.005766	50.067000
679.772538	875.776475	57.005771	50.068000
679.772542	875.773799	57.005771	50.068000
679.772541	875.771386	57.005771	50.069000
679.772537	875.768880	57.005772	50.069000
679.772539	875.766381	57.005773	50.070000
679.772539	875.763901	57.005773	50.070000
679.772539	875.761499	57.005766	50.070000
679.772543	875.758894	57.005768	50.071000
679.772540	875.756482	57.005773	50.071000
679.772542	875.753991	57.005765	50.071000
679.772537	875.751494	57.005769	50.072000
679.772539	875.748991	57.005772	50.072000
679.772538	875.746490	57.005773	50.073000
679.772540	875.743997	57.005767	50.073000
679.772540	875.741390	57.005772	50.073000
679.772537	875.738999	57.005767	50.073000
679.772542	875.736283	57.005770	50.073000
679.772538	875.733797	57.005774	50.073000
679.772541	875.731288	57.005769	50.073000
679.772541	875.728795	57.005769	50.073000
679.772540	875.726290	57.005774	50.073000
679.772541	875.723794	57.005768	50.074000
679.772541	875.721285	57.005767	50.074000
679.772543	875.718694	57.005766	50.074000
679.772541	875.716176	57.005772	50.074000
679.772542	875.713792	57.005767	50.074000
679.772542	875.711180	57.005767	50.073000
679.772539	875.708780	57.005772	50.072000
679.772543	875.706295	57.005765	50.071000
679.772540	875.703801	57.005776	50.070000
679.772541	875.701193	57.005776	50.070000
679.772537	875.698800	57.005776	50.069000
679.772540	875.695981	57.005772	50.069000
679.772537	875.693594	57.005774	50.068000
679.772542	875.691083	57.005766	50.068000
679.772539	875.688586	57.005774	50.068000
679.772538	875.686096	57.005767	50.068000
679.772539	875.683600	57.005774	50.067000
679.772543	875.681091	57.005764	50.067000
679.772543	875.678597	57.005775	50.067000
679.772541	875.676081	57.005765	50.067000
679.772536	875.673687	57.005768	50.067000
679.772543	875.671085	57.005767	50.068000
679.772538	875.668681	57.005772	50.069000
679.772539	875.666095	57.005773	50.070000
679.772541	875.663689	57.005774	50.072000
679.772540	875.661189	57.005767	50.073000
679.772541	875.658698	57.005771	50.074000
679.772539	875.655977	57.005764	50.076000
679.772541	875.653487	57.005774	50.076000
679.772541	875.650989	57.005766	50.077000
679.772541	875.648486	57.005773	50.077000
679.772541	875.645992	57.005768	50.076000
679.772536	875.643595	57.005772	50.076000
679.772540	875.640989	57.005767	50.075000
679.772540	875.638598	57.005769	50.075000
679.772540	875.636078	57.005772	50.075000
679.772537	875.633587	57.005771	50.075000
679.772538	875.630978	57.005769	50.075000
679.772541	875.628587	57.005773	50.075000
679.772544	875.626085	57.005767	50.075000
679.772541	875.623501	57.005769	50.075000
679.772542	875.621089	57.005769	50.074000
679.772540	875.618390	57.005765	50.073000
679.772541	875.615873	57.005775	50.072000
679.772541	875.613392	57.005764	50.071000
679.772539	875.610882	57.005775	50.070000
679.772543	875.608384	57.005766	50.069000
679.772539	875.605890	57.005773	50.069000
679.772538	875.603388	57.005769	50.069000
679.772539	875.600982	57.005772	50.070000
679.772541	875.598394	57.005767	50.070000
679.772539	875.595980	57.005769	50.070000
679.772538	875.593489	57.005771	50.071000
679.772540	875.590980	57.005769	50.071000
679.772540	875.588477	57.005768	50.071000
679.772539	875.585988	57.005771	50.070000
679.772542	875.583497	57.005770	50.069000
679.772538	875.580989	57.005769	50.068000
679.772540	875.578292	57.005776	50.067000
679.772539	875.575776	57.005765	50.066000
679.772538	875.573290	57.005775	50.066000
679.772543	875.570784	57.005767	50.065000
679.772537	875.568289	57.005773	50.065000
679.772539	875.565787	57.005766	50.065000
679.772540	875.563294	57.005774	50.065000
679.772543	875.560789	57.005765	50.065000
679.772541	875.558391	57.005767	50.065000
679.772541	875.555877	57.005776	50.065000
679.772541	875.553395	57.005765	50.065000
679.772536	875.550890	57.005771	50.066000
679.772540	875.548281	57.005771	50.066000
679.772545	875.545894	57.005768	50.065000
679.772542	875.543288	57.005772	50.064000
679.772540	875.540690	57.005775	50.063000
679.772543	875.538193	57.005766	50.061000
679.772543	875.535675	57.005771	50.060000
679.772538	875.533091	57.005773	50.059000
679.772540	875.530690	57.005770	50.057000
679.772540	875.528188	57.005771	50.056000
679.772538	875.525798	57.005774	50.055000
679.772538	875.523194	57.005773	50.055000
679.772537	875.520790	57.005773	50.054000
679.772542	875.518194	57.005768	50.054000
679.772540	875.515780	57.005770	50.054000
679.772541	875.513293	57.005768	50.054000
679.772539	875.510785	57.005773	50.054000
679.772540	875.508285	57.005769	50.055000
679.772542	875.505796	57.005766	50.055000
679.772541	875.503297	57.005772	50.056000
679.772540	875.500596	57.005765	50.057000
679.772538	875.498100	57.005775	50.059000
679.772542	875.495581	57.005764	50.060000
679.772540	875.493088	57.005775	50.062000
679.772541	875.490580	57.005764	50.063000
679.772537	875.488085	57.005774	50.065000
679.772540	875.485596	57.005767	50.066000
679.772544	875.479287	57.005767	50.069000
679.772542	875.476070	57.005772	50.069000
679.772543	875.473601	57.005766	50.070000
679.772541	875.471088	57.005774	50.071000
679.772541	875.468586	57.005772	50.072000
679.772542	875.465194	57.005767	50.074000
679.772543	875.462297	57.005773	50.076000
679.772537	875.459908	57.005768	50.078000
679.772540	875.456983	57.005771	50.079000
679.772542	875.454384	57.005768	50.080000
679.772538	875.451683	57.005771	50.080000
679.772542	875.449483	57.005770	50.081000
679.772541	875.446980	57.005770	50.081000
679.772539	875.444493	57.005767	50.080000
679.772539	875.441987	57.005769	50.080000
679.772540	875.439498	57.005770	50.080000
679.772540	875.436881	57.005770	50.079000
679.772540	875.434388	57.005769	50.079000
679.772543	875.431891	57.005768	50.080000
679.772540	875.429282	57.005768	50.080000
679.772539	875.426484	57.005771	50.080000
679.772538	875.423988	57.005767	50.081000
679.772541	875.421486	57.005768	50.081000
679.772540	875.419005	57.005767	50.082000
679.772540	875.416580	57.005773	50.082000
679.772540	875.414089	57.005770	50.082000
679.772539	875.411481	57.005771	50.082000
679.772541	875.409081	57.005771	50.082000
679.772538	875.406585	57.005772	50.082000
679.772540	875.404089	57.005771	50.082000
679.772537	875.401584	57.005772	50.082000
679.772539	875.399098	57.005773	50.082000
679.772542	875.396473	57.005771	50.081000
679.772535	875.393986	57.005771	50.080000
679.772539	875.391479	57.005774	50.079000
679.772544	875.388781	57.005767	50.078000
679.772544	875.386185	57.005771	50.077000
679.772540	875.383792	57.005769	50.075000
679.772540	875.381277	57.005772	50.073000
679.772538	875.378787	57.005772	50.072000
679.772541	875.376271	57.005772	50.070000
679.772538	875.373884	57.005775	50.069000
679.772539	875.371380	57.005768	50.068000
679.772539	875.368873	57.005768	50.067000
679.772540	875.366373	57.005767	50.066000
679.772543	875.363890	57.005770	50.066000
679.772538	875.361381	57.005772	50.065000
679.772538	875.358895	57.005773	50.065000
679.772538	875.356367	57.005768	50.064000
679.772539	875.353779	57.005766	50.063000
679.772540	875.351071	57.005773	50.062000
679.772543	875.348486	57.005769	50.061000
679.772542	875.345990	57.005773	50.060000
679.772539	875.343394	57.005770	50.059000
679.772540	875.340977	57.005765	50.057000
679.772539	875.338494	57.005772	50.056000
679.772543	875.335972	57.005773	50.055000
679.772541	875.333582	57.005772	50.054000
679.772544	875.330983	57.005772	50.054000
679.772540	875.328576	57.005768	50.053000
679.772538	875.326088	57.005772	50.053000
679.772541	875.323596	57.005768	50.053000
679.772541	875.321097	57.005771	50.053000
679.772541	875.318496	57.005763	50.053000
679.772539	875.316079	57.005765	50.053000
679.772538	875.313392	57.005775	50.053000
679.772540	875.310681	57.005768	50.052000
679.772538	875.308379	57.005776	50.052000
679.772543	875.305890	57.005765	50.052000
679.772542	875.303396	57.005775	50.052000
679.772534	875.300790	57.005773	50.052000
679.772542	875.298502	57.005770	50.053000
679.772541	875.295972	57.005771	50.054000
679.772545	875.293489	57.005770	50.055000
679.772540	875.290979	57.005770	50.056000
679.772542	875.288479	57.005772	50.057000
679.772540	875.285987	57.005768	50.058000
679.772537	875.283492	57.005774	50.058000
679.772544	875.280982	57.005766	50.059000
679.772544	875.278393	57.005768	50.058000
679.772539	875.275483	57.005771	50.058000
679.772542	875.272895	57.005771	50.058000
679.772540	875.270368	57.005771	50.057000
679.772541	875.267873	57.005766	50.057000
679.772538	875.265388	57.005775	50.056000
679.772542	875.262989	57.005771	50.056000
679.772539	875.260384	57.005767	50.056000
679.772544	875.257889	57.005768	50.056000
679.772541	875.255477	57.005768	50.056000
679.772541	875.252993	57.005768	50.056000
679.772536	875.250486	57.005775	50.056000
679.772540	875.247875	57.005773	50.056000
679.772536	875.245485	57.005768	50.056000
679.772541	875.242986	57.005773	50.056000
679.772542	875.240491	57.005770	50.057000
679.772540	875.237688	57.005775	50.057000
679.772539	875.235278	57.005774	50.058000
679.772541	875.232786	57.005767	50.059000
679.772542	875.230181	57.005766	50.060000
679.772543	875.227782	57.005773	50.061000
679.772538	875.225390	57.005774	50.062000
679.772539	875.222792	57.005773	50.062000
679.772542	875.220292	57.005772	50.063000
679.772542	875.217784	57.005766	50.063000
679.772540	875.215275	57.005775	50.063000
679.772542	875.212690	57.005776	50.063000
679.772538	875.210275	57.005777	50.062000
679.772542	875.207776	57.005765	50.062000
679.772540	875.205297	57.005773	50.062000
679.772540	875.202795	57.005766	50.062000
679.772543	875.200288	57.005775	50.062000
679.772543	875.197590	57.005769	50.062000
679.772541	875.195084	57.005772	50.062000
679.772540	875.192584	57.005765	50.062000
679.772542	875.190176	57.005765	50.062000
679.772536	875.187676	57.005777	50.063000
679.772540	875.185096	57.005773	50.063000
679.772542	875.182694	57.005775	50.063000
679.772545	875.180194	57.005764	50.063000
679.772539	875.177688	57.005775	50.063000
679.772543	875.175172	57.005764	50.063000
679.772539	875.172686	57.005777	50.063000
679.772542	875.170177	57.005765	50.063000
679.772540	875.167678	57.005773	50.064000
679.772541	875.165188	57.005769	50.064000
679.772542	875.162684	57.005769	50.065000
679.772540	875.159992	57.005772	50.066000
679.772537	875.157492	57.005774	50.067000
679.772537	875.154981	57.005769	50.068000
679.772539	875.152485	57.005767	50.068000
679.772539	875.149079	57.005768	50.069000
679.772543	875.146687	57.005765	50.069000
679.772538	875.144292	57.005764	50.069000
679.772537	875.141788	57.005776	50.069000
679.772538	875.139297	57.005766	50.069000
679.772541	875.136675	57.005770	50.070000
679.772542	875.134285	57.005767	50.070000
679.772539	875.131784	57.005773	50.071000
679.772543	875.129273	57.005768	50.072000
679.772538	875.126779	57.005772	50.073000
679.772543	875.124300	57.005767	50.075000
679.772541	875.121685	57.005767	50.077000
679.772541	875.119192	57.005773	50.079000
679.772541	875.116675	57.005769	50.081000
679.772541	875.114086	57.005771	50.082000
679.772537	875.111790	57.005775	50.084000
679.772542	875.109283	57.005766	50.085000
679.772538	875.106779	57.005773	50.087000
679.772541	875.104295	57.005770	50.087000
679.772542	875.101783	57.005767	50.088000
679.772543	875.099297	57.005768	50.088000
679.772539	875.096773	57.005774	50.088000
679.772540	875.094277	57.005767	50.088000
679.772540	875.091780	57.005768	50.089000
679.772539	875.089274	57.005767	50.090000
679.772539	875.086785	57.005773	50.090000
679.772537	875.084095	57.005767	50.091000
679.772537	875.081576	57.005767	50.092000
679.772542	875.079087	57.005768	50.093000
679.772539	875.076580	57.005770	50.094000
679.772541	875.074082	57.005769	50.093000
679.772538	875.071678	57.005768	50.093000
679.772541	875.069178	57.005767	50.093000
679.772539	875.066591	57.005766	50.093000
679.772542	875.064198	57.005771	50.093000
679.772545	875.061687	57.005766	50.093000
679.772542	875.059192	57.005769	50.093000
679.772539	875.056678	57.005771	50.094000
679.772539	875.054190	57.005772	50.094000
679.772541	875.051685	57.005773	50.095000
679.772541	875.049180	57.005771	50.095000
679.772539	875.046682	57.005767	50.096000
679.772540	875.043993	57.005771	50.096000
679.772537	875.041487	57.005767	50.096000
679.772541	875.038996	57.005774	50.096000
679.772538	875.036483	57.005770	50.096000
679.772540	875.033983	57.005769	50.096000
679.772540	875.031477	57.005767	50.096000
679.772536	875.029078	57.005771	50.097000
679.772541	875.026583	57.005771	50.097000
679.772539	875.024089	57.005772	50.097000
679.772539	875.021583	57.005771	50.097000
679.772539	875.019093	57.005771	50.097000
679.772542	875.016580	57.005771	50.096000
679.772538	875.014088	57.005773	50.095000
679.772540	875.011482	57.005767	50.094000
679.772538	875.009074	57.005771	50.093000
679.772539	875.006390	57.005768	50.092000
679.772541	875.003886	57.005768	50.091000
679.772541	875.001282	57.005771	50.090000
679.772541	874.998497	57.005770	50.088000
679.772540	874.996176	57.005767	50.087000
679.772538	874.993791	57.005773	50.085000
679.772542	874.991191	57.005768	50.083000
679.772538	874.988774	57.005772	50.081000
679.772543	874.986176	57.005767	50.079000
679.772540	874.983686	57.005772	50.078000
679.772542	874.981082	57.005768	50.076000
679.772538	874.978789	57.005771	50.075000
679.772540	874.976173	57.005769	50.074000
679.772537	874.973380	57.005769	50.073000
679.772535	874.970882	57.005772	50.072000
679.772538	874.968182	57.005771	50.072000
679.772542	874.965683	57.005770	50.071000
679.772544	874.963181	57.005768	50.070000
679.772540	874.960479	57.005769	50.069000
679.772544	874.958287	57.005768	50.068000
679.772540	874.955681	57.005772	50.067000
679.772542	874.953181	57.005771	50.065000
679.772543	874.950679	57.005768	50.064000
679.772539	874.948271	57.005772	50.064000
679.772538	874.945791	57.005770	50.064000
679.772537	874.943183	57.005770	50.064000
679.772536	874.940786	57.005768	50.065000
679.772538	874.938280	57.005769	50.065000
679.772540	874.935769	57.005771	50.066000
679.772538	874.933279	57.005771	50.067000
679.772539	874.930784	57.005769	50.067000
679.772541	874.927979	57.005772	50.068000
679.772540	874.925585	57.005768	50.068000
679.772540	874.923085	57.005771	50.068000
679.772537	874.920586	57.005772	50.068000
679.772540	874.917690	57.005771	50.068000
679.772539	874.915175	57.005773	50.068000
679.772540	874.912687	57.005769	50.068000
679.772542	874.910283	57.005768	50.068000
679.772542	874.907780	57.005768	50.069000
679.772539	874.905286	57.005767	50.069000
679.772540	874.902792	57.005768	50.070000
679.772538	874.900294	57.005770	50.071000
679.772537	874.897785	57.005772	50.071000
679.772539	874.895274	57.005771	50.072000
679.772540	874.892786	57.005772	50.073000
679.772540	874.890086	57.005771	50.074000
679.772540	874.887483	57.005770	50.075000
679.772539	874.884994	57.005771	50.076000
679.772538	874.882489	57.005771	50.078000
679.772540	874.880002	57.005769	50.079000
679.772538	874.877589	57.005771	50.080000
679.772543	874.873781	57.005769	50.082000
679.772540	874.871185	57.005771	50.083000
679.772544	874.868692	57.005770	50.084000
679.772538	874.866191	57.005769	50.085000
679.772542	874.863689	57.005769	50.087000
679.772539	874.861184	57.005772	50.088000
679.772542	874.858699	57.005769	50.089000
679.772541	874.856075	57.005772	50.090000
679.772544	874.853688	57.005770	50.091000
679.772539	874.851087	57.005769	50.092000
679.772538	874.848581	57.005769	50.092000
679.772542	874.846086	57.005772	50.093000
679.772543	874.843592	57.005770	50.093000
679.772540	874.841088	57.005768	50.094000
679.772541	874.838596	57.005771	50.094000
679.772541	874.836077	57.005772	50.094000
679.772540	874.833687	57.005769	50.094000
679.772542	874.831088	57.005768	50.095000
679.772540	874.828677	57.005771	50.095000
679.772541	874.826187	57.005769	50.095000
679.772542	874.823600	57.005772	50.095000
679.772542	874.821092	57.005772	50.095000
679.772538	874.818700	57.005770	50.094000
679.772539	874.816181	57.005772	50.094000
679.772538	874.813383	57.005768	50.093000
679.772540	874.810885	57.005768	50.092000
679.772537	874.807894	57.005771	50.090000
679.772538	874.805702	57.005772	50.089000
679.772540	874.803195	57.005769	50.088000
679.772538	874.800787	57.005771	50.087000
679.772541	874.797695	57.005771	50.086000
679.772537	874.795176	57.005768	50.084000
679.772540	874.792682	57.005770	50.082000
679.772539	874.790184	57.005772	50.080000
679.772544	874.787685	57.005768	50.078000
679.772537	874.785191	57.005769	50.076000
679.772539	874.782689	57.005771	50.074000
679.772540	874.780088	57.005771	50.071000
679.772538	874.777489	57.005770	50.069000
679.772542	874.774973	57.005770	50.067000
679.772541	874.772492	57.005772	50.065000
679.772540	874.769881	57.005768	50.063000
679.772539	874.767482	57.005770	50.061000
679.772538	874.764991	57.005771	50.059000
679.772539	874.762485	57.005768	50.057000
679.772538	874.759996	57.005768	50.055000
679.772541	874.757593	57.005773	50.052000
679.772536	874.755084	57.005771	50.050000
679.772540	874.752587	57.005772	50.048000
679.772542	874.750083	57.005769	50.046000
679.772543	874.747589	57.005768	50.044000
679.772541	874.744990	57.005770	50.042000
679.772540	874.742484	57.005770	50.040000
679.772542	874.739797	57.005771	50.039000
679.772541	874.737292	57.005770	50.038000
679.772537	874.734784	57.005769	50.036000
679.772544	874.732290	57.005770	50.035000
679.772537	874.729787	57.005770	50.034000
679.772540	874.727187	57.005772	50.034000
679.772539	874.724792	57.005769	50.033000
679.772540	874.722283	57.005771	50.032000
679.772539	874.719890	57.005771	50.032000
679.772540	874.717395	57.005772	50.030000
679.772535	874.714882	57.005772	50.029000
679.772540	874.712390	57.005772	50.028000
679.772540	874.709883	57.005769	50.026000
679.772538	874.707275	57.005771	50.025000
679.772539	874.704893	57.005771	50.025000
679.772537	874.702387	57.005771	50.025000
679.772537	874.699697	57.005770	50.026000
679.772540	874.697190	57.005769	50.027000
679.772543	874.694688	57.005768	50.029000
679.772541	874.692182	57.005769	50.030000
679.772536	874.689674	57.005770	50.032000
679.772540	874.687087	57.005769	50.034000
679.772541	874.684598	57.005769	50.035000
679.772541	874.682285	57.005769	50.037000
679.772539	874.679794	57.005770	50.038000
679.772541	874.677282	57.005769	50.039000
679.772543	874.674784	57.005771	50.041000
679.772536	874.672284	57.005771	50.042000
679.772538	874.669779	57.005768	50.044000
679.772541	874.667278	57.005769	50.045000
679.772540	874.664790	57.005771	50.047000
679.772537	874.662286	57.005768	50.049000
679.772544	874.659588	57.005769	50.051000
679.772538	874.657078	57.005772	50.052000
679.772541	874.654578	57.005770	50.054000
679.772543	874.652086	57.005768	50.056000
679.772541	874.649573	57.005771	50.058000
679.772540	874.646979	57.005769	50.059000
679.772542	874.644589	57.005769	50.060000
679.772539	874.642183	57.005770	50.060000
679.772541	874.639691	57.005771	50.060000
679.772541	874.637085	57.005771	50.060000
679.772541	874.634677	57.005769	50.059000
679.772541	874.632187	57.005772	50.059000
679.772542	874.629675	57.005770	50.058000
679.772543	874.627183	57.005770	50.058000
679.772543	874.624688	57.005768	50.059000
679.772541	874.622183	57.005771	50.060000
679.772539	874.619493	57.005772	50.061000
679.772536	874.616984	57.005771	50.063000
679.772544	874.614481	57.005771	50.064000
679.772540	874.611981	57.005768	50.066000
679.772541	874.609481	57.005771	50.067000
679.772538	874.607087	57.005770	50.068000
679.772540	874.604489	57.005770	50.069000
679.772539	874.601985	57.005772	50.070000
679.772541	874.599594	57.005771	50.071000
679.772538	874.597084	57.005769	50.073000
679.772544	874.594585	57.005769	50.074000
679.772541	874.592093	57.005771	50.076000
679.772540	874.589576	57.005768	50.078000
679.772540	874.587090	57.005772	50.079000
679.772540	874.584587	57.005770	50.081000
679.772541	874.581883	57.005768	50.083000
679.772543	874.579394	57.005770	50.084000
679.772542	874.576878	57.005771	50.085000
679.772539	874.574375	57.005772	50.086000
679.772540	874.570978	57.005772	50.088000
679.772538	874.566387	57.005770	50.091000
679.772538	874.563389	57.005771	50.093000
679.772538	874.560782	57.005772	50.095000
679.772539	874.558292	57.005770	50.096000
679.772538	874.555770	57.005769	50.097000
679.772540	874.553292	57.005769	50.098000
679.772538	874.550782	57.005770	50.099000
679.772539	874.548274	57.005771	50.099000
679.772538	874.545786	57.005768	50.100000
679.772542	874.543080	57.005768	50.100000
679.772540	874.540576	57.005770	50.100000
679.772541	874.538090	57.005772	50.100000
679.772537	874.535579	57.005768	50.101000
679.772542	874.533182	57.005770	50.101000
679.772538	874.530676	57.005769	50.101000
679.772539	874.528081	57.005768	50.101000
679.772536	874.525688	57.005769	50.101000
679.772542	874.523084	57.005773	50.102000
679.772538	874.520683	57.005770	50.102000
679.772540	874.518193	57.005772	50.102000
679.772539	874.515666	57.005772	50.102000
679.772541	874.512978	57.005769	50.102000
679.772538	874.510687	57.005770	50.102000
679.772539	874.508178	57.005772	50.102000
679.772540	874.505684	57.005770	50.102000
679.772540	874.502879	57.005772	50.102000
679.772540	874.500486	57.005767	50.102000
679.772538	874.498083	57.005772	50.102000
679.772538	874.495479	57.005770	50.101000
679.772541	874.492974	57.005772	50.101000
679.772539	874.490573	57.005771	50.100000
679.772544	874.488078	57.005769	50.099000
679.772542	874.485584	57.005771	50.098000
679.772540	874.483077	57.005771	50.097000
679.772540	874.480578	57.005768	50.097000
679.772542	874.478087	57.005772	50.096000
679.772539	874.475559	57.005769	50.095000
679.772537	874.473087	57.005770	50.094000
679.772542	874.470588	57.005769	50.093000
679.772538	874.468078	57.005771	50.092000
679.772542	874.465373	57.005769	50.091000
679.772539	874.462888	57.005769	50.089000
679.772541	874.460387	57.005771	50.088000
679.772540	874.457882	57.005770	50.086000
679.772540	874.455472	57.005772	50.085000
679.772538	874.452882	57.005770	50.084000
679.772540	874.450375	57.005771	50.084000
679.772540	874.447979	57.005772	50.084000
679.772540	874.445490	57.005769	50.084000
679.772540	874.442984	57.005769	50.084000
679.772541	874.440483	57.005772	50.084000
679.772542	874.438080	57.005770	50.084000
679.772539	874.435073	57.005770	50.083000
679.772542	874.432578	57.005769	50.081000
679.772543	874.429673	57.005772	50.079000
679.772540	874.427178	57.005769	50.078000
679.772543	874.424688	57.005771	50.077000
679.772538	874.422183	57.005771	50.076000
679.772543	874.419691	57.005768	50.075000
679.772542	874.417180	57.005770	50.074000
679.772540	874.414677	57.005772	50.074000
679.772542	874.412186	57.005769	50.073000
679.772540	874.409776	57.005769	50.073000
679.772541	874.407278	57.005771	50.071000
679.772538	874.404693	57.005770	50.070000
679.772540	874.402288	57.005770	50.068000
679.772538	874.399795	57.005770	50.067000
679.772539	874.397281	57.005771	50.066000
679.772537	874.394782	57.005769	50.065000
679.772543	874.392086	57.005772	50.065000
679.772538	874.389585	57.005770	50.064000
679.772539	874.387083	57.005768	50.065000
679.772539	874.384596	57.005773	50.065000
679.772545	874.382078	57.005770	50.065000
679.772541	874.379687	57.005770	50.066000
679.772542	874.377175	57.005772	50.066000
679.772539	874.374583	57.005772	50.066000
679.772542	874.372089	57.005769	50.065000
679.772540	874.369481	57.005770	50.064000
679.772540	874.367178	57.005770	50.063000
679.772542	874.364694	57.005770	50.063000
679.772541	874.362186	57.005769	50.062000
679.772542	874.359687	57.005771	50.061000
679.772540	874.357174	57.005771	50.060000
679.772541	874.354675	57.005769	50.060000
679.772540	874.351981	57.005769	50.059000
679.772541	874.349474	57.005768	50.059000
679.772540	874.346987	57.005768	50.058000
679.772544	874.344492	57.005767	50.057000
679.772538	874.341988	57.005769	50.056000
679.772538	874.339492	57.005771	50.055000
679.772542	874.337080	57.005771	50.054000
679.772539	874.334579	57.005769	50.053000
679.772542	874.332088	57.005767	50.051000
679.772539	874.329475	57.005771	50.050000
679.772542	874.327081	57.005771	50.049000
679.772537	874.324590	57.005770	50.049000
679.772543	874.322075	57.005768	50.049000
679.772540	874.319493	57.005771	50.049000
679.772543	874.317082	57.005770	50.049000
679.772538	874.314387	57.005768	50.049000
679.772539	874.311885	57.005768	50.050000
679.772543	874.309273	57.005770	50.050000
679.772539	874.306882	57.005772	50.051000
679.772540	874.304394	57.005770	50.051000
679.772540	874.301885	57.005769	50.051000
679.772538	874.299393	57.005771	50.051000
679.772538	874.296780	57.005770	50.051000
679.772540	874.294384	57.005767	50.050000
679.772542	874.291888	57.005769	50.050000
679.772541	874.289380	57.005771	50.050000
679.772539	874.286680	57.005769	50.051000
679.772539	874.284490	57.005769	50.052000
679.772542	874.281892	57.005769	50.053000
679.772540	874.279396	57.005770	50.054000
679.772534	874.276676	57.005772	50.056000
679.772537	874.274189	57.005769	50.057000
679.772538	874.271789	57.005769	50.059000
679.772538	874.269179	57.005769	50.061000
679.772539	874.266681	57.005771	50.062000
679.772540	874.264290	57.005768	50.063000
679.772540	874.261685	57.005770	50.064000
679.772539	874.259295	57.005772	50.065000
679.772535	874.256778	57.005770	50.066000
679.772541	874.254186	57.005770	50.067000
679.772537	874.251791	57.005770	50.068000
679.772540	874.249279	57.005770	50.069000
679.772541	874.246782	57.005769	50.070000
679.772540	874.244296	57.005771	50.071000
679.772540	874.241793	57.005770	50.072000
679.772537	874.239193	57.005771	50.073000
679.772539	874.236680	57.005769	50.073000
679.772538	874.234281	57.005769	50.073000
679.772542	874.231689	57.005771	50.073000
679.772543	874.228881	57.005768	50.072000
679.772540	874.226479	57.005769	50.072000
679.772541	874.224001	57.005767	50.071000
679.772543	874.221589	57.005769	50.070000
679.772538	874.219100	57.005769	50.069000
679.772539	874.216570	57.005770	50.067000
679.772542	874.214090	57.005770	50.067000
679.772542	874.211490	57.005770	50.066000
679.772540	874.209087	57.005772	50.065000
679.772543	874.206484	57.005770	50.065000
679.772540	874.204101	57.005769	50.064000
679.772540	874.201391	57.005770	50.064000
679.772540	874.198906	57.005772	50.063000
679.772541	874.196280	57.005771	50.061000
679.772541	874.193880	57.005768	50.060000
679.772542	874.191394	57.005771	50.058000
679.772540	874.188880	57.005771	50.056000
679.772540	874.186490	57.005772	50.055000
679.772536	874.183998	57.005769	50.053000
679.772544	874.181486	57.005770	50.052000
679.772545	874.178894	57.005769	50.051000
679.772539	874.176285	57.005768	50.051000
679.772540	874.173888	57.005769	50.052000
679.772541	874.171387	57.005769	50.052000
679.772538	874.168873	57.005770	50.053000
679.772541	874.166386	57.005772	50.054000
679.772541	874.163694	57.005772	50.054000
679.772543	874.161184	57.005771	50.054000
679.772542	874.158689	57.005769	50.053000
679.772539	874.156179	57.005769	50.053000
679.772539	874.153485	57.005770	50.052000
679.772538	874.151185	57.005770	50.052000
679.772538	874.148679	57.005769	50.052000
679.772541	874.146287	57.005769	50.052000
679.772539	874.143791	57.005769	50.052000
679.772543	874.141286	57.005772	50.053000
679.772540	874.138796	57.005769	50.054000
679.772541	874.136279	57.005770	50.055000
679.772543	874.133690	57.005770	50.056000
679.772542	874.130886	57.005769	50.057000
679.772535	874.128579	57.005771	50.057000
679.772542	874.125797	57.005771	50.058000
679.772540	874.123395	57.005769	50.058000
679.772539	874.120891	57.005771	50.058000
679.772541	874.118395	57.005770	50.058000
679.772537	874.115876	57.005772	50.058000
679.772539	874.113486	57.005770	50.058000
679.772542	874.110877	57.005771	50.059000
679.772540	874.108477	57.005768	50.059000
679.772538	874.105987	57.005772	50.060000
679.772538	874.103491	57.005769	50.061000
679.772541	874.100991	57.005768	50.062000
679.772537	874.098398	57.005771	50.064000
679.772538	874.095982	57.005772	50.065000
679.772539	874.093385	57.005771	50.066000
679.772544	874.090985	57.005771	50.067000
679.772537	874.088282	57.005772	50.068000
679.772541	874.085788	57.005771	50.069000
679.772537	874.083288	57.005768	50.070000
679.772540	874.080886	57.005768	50.072000
679.772543	874.078193	57.005771	50.072000
679.772539	874.075770	57.005770	50.074000
679.772538	874.073288	57.005769	50.075000
679.772539	874.070888	57.005770	50.076000
679.772540	874.068386	57.005769	50.077000
679.772538	874.065887	57.005771	50.079000
679.772538	874.063384	57.005773	50.080000
679.772534	874.060688	57.005770	50.081000
679.772538	874.058285	57.005771	50.083000
679.772540	874.055871	57.005772	50.084000
679.772536	874.053382	57.005771	50.085000
679.772540	874.050684	57.005771	50.086000
679.772540	874.048077	57.005769	50.087000
679.772541	874.045690	57.005768	50.087000
679.772540	874.043191	57.005770	50.087000
679.772539	874.040690	57.005771	50.087000
679.772538	874.038292	57.005770	50.086000
679.772545	874.035668	57.005768	50.085000
679.772540	874.033287	57.005773	50.084000
679.772542	874.030773	57.005773	50.084000
679.772539	874.028184	57.005767	50.083000
679.772542	874.025785	57.005773	50.083000
679.772540	874.022488	57.005768	50.083000
679.772538	874.019993	57.005769	50.082000
679.772540	874.017284	57.005772	50.082000
679.772539	874.014975	57.005768	50.082000
679.772541	874.012291	57.005769	50.082000
679.772540	874.009786	57.005768	50.081000
679.772541	874.007180	57.005771	50.081000
679.772540	874.004791	57.005767	50.081000
679.772543	874.002284	57.005770	50.082000
679.772541	873.999796	57.005772	50.082000
679.772538	873.997287	57.005771	50.083000
679.772541	873.994879	57.005772	50.084000
679.772542	873.992394	57.005771	50.084000
679.772542	873.989874	57.005768	50.084000
679.772537	873.987385	57.005770	50.083000
679.772539	873.984892	57.005772	50.082000
679.772537	873.982387	57.005769	50.081000
679.772541	873.979890	57.005770	50.079000
679.772539	873.977385	57.005772	50.077000
679.772539	873.974585	57.005770	50.075000
679.772541	873.972194	57.005769	50.074000
679.772540	873.969681	57.005773	50.073000
679.772540	873.967184	57.005772	50.073000
679.772542	873.964699	57.005770	50.072000
679.772539	873.962294	57.005773	50.072000
679.772542	873.959699	57.005767	50.072000
679.772538	873.957280	57.005770	50.071000
679.772541	873.954682	57.005772	50.071000
679.772541	873.952291	57.005769	50.071000
679.772539	873.949779	57.005770	50.070000
679.772538	873.947280	57.005772	50.070000
679.772541	873.944697	57.005770	50.070000
679.772540	873.942296	57.005767	50.069000
679.772541	873.939800	57.005766	50.069000
679.772539	873.937185	57.005772	50.068000
679.772544	873.934685	57.005772	50.067000
679.772542	873.932189	57.005772	50.066000
679.772540	873.929684	57.005773	50.065000
679.772543	873.927188	57.005772	50.064000
679.772540	873.924700	57.005773	50.063000
679.772537	873.922288	57.005770	50.062000
679.772541	873.919795	57.005771	50.062000
679.772542	873.917289	57.005772	50.063000
679.772542	873.914778	57.005772	50.063000
679.772541	873.912288	57.005772	50.063000
679.772539	873.909782	57.005772	50.063000
679.772539	873.907286	57.005772	50.062000
679.772540	873.904804	57.005771	50.062000
679.772540	873.902291	57.005773	50.061000
679.772540	873.899592	57.005772	50.060000
679.772543	873.896987	57.005768	50.060000
679.772539	873.894584	57.005770	50.060000
679.772542	873.892092	57.005769	50.060000
679.772541	873.889586	57.005771	50.060000
679.772541	873.887181	57.005769	50.061000
679.772539	873.884496	57.005769	50.061000
679.772542	873.882184	57.005772	50.062000
679.772541	873.879699	57.005768	50.062000
679.772537	873.877193	57.005771	50.062000
679.772543	873.874586	57.005768	50.062000
679.772543	873.872178	57.005768	50.062000
679.772538	873.869683	57.005768	50.062000
679.772542	873.867191	57.005769	50.062000
679.772544	873.864597	57.005768	50.061000
679.772542	873.861972	57.005771	50.061000
679.772540	873.859496	57.005770	50.061000
679.772542	873.856992	57.005768	50.060000
679.772540	873.854488	57.005767	50.060000
679.772541	873.851892	57.005773	50.060000
679.772541	873.849589	57.005770	50.059000
679.772541	873.846988	57.005770	50.059000
679.772541	873.844593	57.005767	50.060000
679.772543	873.842088	57.005767	50.060000
679.772540	873.839597	57.005768	50.060000
679.772541	873.837087	57.005768	50.061000
679.772542	873.834575	57.005769	50.061000
679.772540	873.832092	57.005770	50.062000
679.772540	873.829580	57.005772	50.062000
679.772540	873.827080	57.005772	50.063000
679.772540	873.824294	57.005769	50.063000
679.772538	873.821892	57.005772	50.064000
679.772542	873.819409	57.005771	50.064000
679.772539	873.816874	57.005768	50.065000
679.772538	873.814380	57.005768	50.066000
679.772540	873.811890	57.005769	50.067000
679.772539	873.809392	57.005770	50.067000
679.772543	873.806976	57.005770	50.068000
679.772540	873.804488	57.005768	50.068000
679.772537	873.801892	57.005771	50.069000
679.772537	873.799497	57.005772	50.069000
679.772544	873.796980	57.005770	50.069000
679.772542	873.794486	57.005768	50.069000
679.772541	873.791990	57.005768	50.069000
679.772540	873.789482	57.005768	50.069000
679.772538	873.786979	57.005770	50.068000
679.772541	873.784295	57.005770	50.068000
679.772540	873.781785	57.005769	50.068000
679.772540	873.779296	57.005766	50.068000
679.772538	873.776776	57.005767	50.068000
679.772540	873.774291	57.005770	50.068000
679.772538	873.771792	57.005771	50.068000
679.772536	873.769382	57.005771	50.069000
679.772540	873.766877	57.005771	50.069000
679.772542	873.764399	57.005771	50.070000
679.772540	873.761891	57.005769	50.071000
679.772540	873.759394	57.005768	50.072000
679.772540	873.756470	57.005769	50.073000
679.772541	873.754383	57.005770	50.074000
679.772540	873.751892	57.005772	50.074000
679.772539	873.749281	57.005768	50.075000
679.772540	873.746781	57.005768	50.075000
679.772542	873.744293	57.005768	50.076000
679.772540	873.741786	57.005772	50.076000
679.772539	873.739295	57.005769	50.076000
679.772541	873.736785	57.005770	50.077000
679.772540	873.734277	57.005770	50.077000
679.772542	873.731880	57.005771	50.078000
679.772539	873.729282	57.005770	50.079000
679.772543	873.726884	57.005768	50.080000
679.772544	873.724387	57.005768	50.081000
679.772540	873.721879	57.005770	50.081000
679.772539	873.719396	57.005773	50.082000
679.772539	873.716880	57.005771	50.082000
679.772539	873.714384	57.005772	50.082000
679.772540	873.711884	57.005772	50.082000
679.772538	873.709181	57.005772	50.081000
679.772542	873.706685	57.005772	50.081000
679.772543	873.704098	57.005767	50.080000
679.772540	873.701683	57.005771	50.080000
679.772539	873.699192	57.005770	50.080000
679.772540	873.696679	57.005769	50.080000
679.772539	873.694079	57.005770	50.080000
679.772536	873.691782	57.005773	50.080000
679.772538	873.689283	57.005771	50.080000
679.772539	873.686791	57.005772	50.079000
679.772538	873.684195	57.005767	50.079000
679.772534	873.681789	57.005773	50.078000
679.772537	873.679291	57.005772	50.077000
679.772535	873.676783	57.005770	50.075000
679.772539	873.674286	57.005768	50.074000
679.772538	873.671594	57.005769	50.072000
679.772538	873.669085	57.005771	50.070000
679.772539	873.666589	57.005773	50.069000
679.772540	873.664092	57.005770	50.068000
679.772539	873.661689	57.005769	50.068000
679.772537	873.659108	57.005773	50.067000
679.772540	873.656681	57.005767	50.067000
679.772540	873.654192	57.005767	50.066000
679.772541	873.651686	57.005767	50.065000
679.772538	873.649183	57.005769	50.064000
679.772541	873.646689	57.005771	50.064000
679.772538	873.644194	57.005769	50.064000
679.772542	873.641674	57.005771	50.064000
679.772542	873.639197	57.005772	50.064000
679.772544	873.636577	57.005767	50.064000
679.772539	873.633988	57.005772	50.063000
679.772541	873.631484	57.005769	50.064000
679.772542	873.628985	57.005769	50.064000
679.772538	873.626485	57.005771	50.064000
679.772538	873.623999	57.005772	50.063000
679.772540	873.621485	57.005772	50.063000
679.772539	873.619091	57.005771	50.062000
679.772541	873.616577	57.005771	50.061000
679.772538	873.614083	57.005768	50.060000
679.772539	873.611581	57.005768	50.059000
679.772538	873.608981	57.005772	50.058000
679.772540	873.606586	57.005772	50.057000
679.772541	873.604092	57.005772	50.057000
679.772540	873.601585	57.005771	50.056000
679.772540	873.599086	57.005768	50.055000
679.772542	873.596369	57.005767	50.055000
679.772545	873.593884	57.005768	50.054000
679.772538	873.591383	57.005767	50.054000
679.772542	873.588871	57.005768	50.054000
679.772538	873.586378	57.005768	50.055000
679.772542	873.583891	57.005770	50.055000
679.772541	873.581485	57.005769	50.056000
679.772540	873.578990	57.005768	50.056000
679.772538	873.575566	57.005769	50.056000
679.772542	873.573077	57.005770	50.057000
679.772541	873.570473	57.005769	50.057000
679.772541	873.568076	57.005772	50.057000
679.772542	873.565580	57.005773	50.057000
679.772542	873.563080	57.005769	50.057000
679.772537	873.560581	57.005768	50.057000
679.772540	873.557881	57.005768	50.057000
679.772544	873.555370	57.005769	50.058000
679.772541	873.552877	57.005767	50.058000
679.772541	873.550376	57.005769	50.058000
679.772546	873.547867	57.005768	50.059000
679.772544	873.545481	57.005769	50.059000
679.772541	873.542683	57.005769	50.059000
679.772542	873.540484	57.005770	50.059000
679.772541	873.537878	57.005768	50.059000
679.772541	873.535467	57.005772	50.059000
679.772540	873.532981	57.005773	50.060000
679.772541	873.530473	57.005770	50.060000
679.772541	873.527881	57.005769	50.061000
679.772539	873.525484	57.005769	50.061000
679.772543	873.522987	57.005769	50.062000
679.772543	873.520482	57.005770	50.063000
679.772544	873.517780	57.005768	50.064000
679.772543	873.515267	57.005768	50.065000
679.772535	873.512790	57.005770	50.066000
679.772543	873.510272	57.005771	50.066000
679.772541	873.507777	57.005768	50.067000
679.772542	873.505384	57.005768	50.068000
679.772539	873.502789	57.005770	50.068000
679.772542	873.500379	57.005772	50.068000
679.772536	873.497884	57.005770	50.068000
679.772542	873.495367	57.005770	50.068000
679.772540	873.492885	57.005770	50.067000
679.772540	873.490376	57.005769	50.067000
679.772542	873.487874	57.005768	50.067000
679.772540	873.485386	57.005769	50.066000
679.772540	873.482882	57.005768	50.066000
679.772540	873.480188	57.005767	50.066000
679.772542	873.477687	57.005767	50.065000
679.772540	873.475178	57.005767	50.064000
679.772541	873.472687	57.005768	50.063000
679.772538	873.470178	57.005768	50.061000
679.772537	873.467781	57.005769	50.060000
679.772538	873.465191	57.005771	50.059000
679.772540	873.462683	57.005772	50.058000
679.772539	873.460286	57.005772	50.057000
679.772540	873.457788	57.005772	50.057000
679.772540	873.455273	57.005773	50.057000
679.772537	873.452686	57.005769	50.058000
679.772539	873.450276	57.005772	50.058000
679.772538	873.447782	57.005772	50.057000
679.772537	873.445290	57.005772	50.057000
679.772542	873.442486	57.005768	50.058000
679.772538	873.440091	57.005773	50.058000
679.772537	873.437586	57.005772	50.058000
679.772539	873.435076	57.005772	50.058000
679.772540	873.432586	57.005773	50.058000
679.772540	873.430082	57.005772	50.059000
679.772544	873.427585	57.005770	50.059000
679.772537	873.425190	57.005771	50.060000
679.772539	873.422690	57.005769	50.060000
679.772541	873.420187	57.005769	50.060000
679.772540	873.417695	57.005768	50.060000
679.772539	873.415182	57.005768	50.060000
679.772541	873.412691	57.005766	50.059000
679.772541	873.410186	57.005769	50.059000
679.772538	873.407690	57.005771	50.059000
679.772538	873.404995	57.005772	50.059000
679.772538	873.402487	57.005774	50.059000
679.772539	873.399991	57.005771	50.059000
679.772539	873.397489	57.005767	50.059000
679.772537	873.394979	57.005766	50.059000
679.772539	873.392591	57.005767	50.059000
679.772542	873.389887	57.005770	50.059000
679.772540	873.387584	57.005770	50.059000
679.772536	873.385098	57.005774	50.060000
679.772538	873.382591	57.005772	50.060000
679.772537	873.379996	57.005769	50.061000
679.772540	873.377584	57.005770	50.062000
679.772540	873.375081	57.005770	50.062000
679.772541	873.372589	57.005767	50.063000
679.772542	873.370080	57.005769	50.064000
679.772539	873.367376	57.005773	50.065000
679.772538	873.364891	57.005773	50.066000
679.772540	873.362391	57.005771	50.066000
679.772537	873.359894	57.005770	50.066000
679.772539	873.357385	57.005770	50.066000
679.772540	873.354974	57.005769	50.066000
679.772538	873.352490	57.005770	50.066000
679.772538	873.349978	57.005770	50.066000
679.772539	873.347485	57.005769	50.065000
679.772537	873.344792	57.005771	50.065000
679.772538	873.342284	57.005773	50.064000
679.772541	873.339790	57.005773	50.064000
679.772539	873.337274	57.005771	50.064000
679.772541	873.334778	57.005766	50.064000
679.772540	873.332290	57.005770	50.065000
679.772540	873.329576	57.005773	50.066000
679.772536	873.326975	57.005773	50.067000
679.772543	873.324595	57.005767	50.069000
679.772541	873.322093	57.005768	50.070000
679.772541	873.319586	57.005771	50.071000
679.772539	873.317074	57.005773	50.072000
679.772541	873.314579	57.005773	50.073000
679.772541	873.312189	57.005768	50.073000
679.772541	873.309681	57.005773	50.074000
679.772540	873.307181	57.005773	50.075000
679.772541	873.304598	57.005767	50.075000
679.772543	873.302185	57.005765	50.076000
679.772540	873.299696	57.005772	50.076000
679.772544	873.297083	57.005767	50.077000
679.772538	873.294684	57.005772	50.078000
679.772540	873.292190	57.005766	50.078000
679.772540	873.289478	57.005772	50.078000
679.772541	873.286876	57.005772	50.078000
679.772539	873.284496	57.005768	50.078000
679.772542	873.281986	57.005768	50.078000
679.772538	873.279486	57.005767	50.077000
679.772538	873.276878	57.005773	50.076000
679.772544	873.274486	57.005769	50.076000
679.772541	873.272086	57.005768	50.075000
679.772541	873.269576	57.005767	50.074000
679.772541	873.267087	57.005772	50.073000
679.772543	873.264599	57.005774	50.071000
679.772540	873.261988	57.005775	50.070000
679.772544	873.259587	57.005770	50.069000
679.772540	873.257073	57.005773	50.068000
679.772541	873.254575	57.005772	50.067000
679.772541	873.251895	57.005766	50.066000
679.772541	873.249384	57.005771	50.065000
679.772536	873.246888	57.005773	50.064000
679.772540	873.244396	57.005767	50.063000
679.772541	873.241889	57.005768	50.062000
679.772538	873.239395	57.005776	50.061000
679.772541	873.236983	57.005775	50.059000
679.772538	873.234481	57.005766	50.058000
679.772540	873.231981	57.005772	50.057000
679.772540	873.229479	57.005771	50.056000
679.772538	873.226983	57.005769	50.055000
679.772538	873.224502	57.005774	50.055000
679.772541	873.221986	57.005766	50.054000
679.772543	873.219488	57.005768	50.053000
679.772538	873.216979	57.005772	50.052000
679.772544	873.214281	57.005765	50.051000
679.772539	873.211782	57.005774	50.051000
679.772540	873.209275	57.005767	50.051000
679.772538	873.206786	57.005771	50.051000
679.772538	873.204292	57.005772	50.051000
679.772540	873.201786	57.005767	50.052000
679.772542	873.199290	57.005768	50.052000
679.772539	873.196878	57.005769	50.053000
679.772539	873.194281	57.005773	50.053000
679.772539	873.191886	57.005773	50.054000
679.772537	873.189380	57.005770	50.055000
679.772539	873.186884	57.005766	50.055000
679.772542	873.184498	57.005765	50.056000
679.772539	873.181783	57.005774	50.056000
679.772542	873.179290	57.005768	50.057000
679.772539	873.176579	57.005771	50.057000
679.772541	873.174082	57.005774	50.058000
679.772542	873.171586	57.005768	50.058000
679.772541	873.169078	57.005766	50.059000
679.772537	873.166586	57.005774	50.059000
679.772541	873.164096	57.005768	50.059000
679.772536	873.161587	57.005772	50.059000
679.772539	873.159199	57.005774	50.059000
679.772540	873.156679	57.005767	50.059000
679.772541	873.154179	57.005768	50.058000
679.772537	873.151685	57.005776	50.058000
679.772539	873.149179	57.005766	50.058000
679.772538	873.146682	57.005771	50.058000
679.772543	873.144192	57.005771	50.058000
679.772540	873.141687	57.005766	50.059000
679.772536	873.139200	57.005775	50.059000
679.772539	873.136477	57.005767	50.059000
679.772537	873.133984	57.005775	50.060000
679.772543	873.131487	57.005764	50.060000
679.772540	873.128884	57.005768	50.061000
679.772542	873.126490	57.005765	50.062000
679.772538	873.123997	57.005774	50.063000
679.772542	873.121483	57.005768	50.064000
679.772540	873.118998	57.005767	50.064000
679.772541	873.116578	57.005766	50.064000
679.772539	873.114092	57.005773	50.064000
679.772539	873.111489	57.005775	50.064000
679.772539	873.108381	57.005774	50.063000
679.772539	873.105896	57.005767	50.062000
679.772539	873.103401	57.005775	50.061000
679.772539	873.100887	57.005765	50.061000
679.772539	873.098195	57.005776	50.060000
679.772542	873.095682	57.005765	50.060000
679.772539	873.093202	57.005775	50.060000
679.772541	873.090691	57.005768	50.061000
679.772542	873.088185	57.005771	50.061000
679.772541	873.085698	57.005766	50.062000
679.772538	873.083303	57.005764	50.062000
679.772543	873.080694	57.005765	50.063000
679.772543	873.078294	57.005766	50.063000
679.772544	873.075676	57.005765	50.063000
679.772540	873.073298	57.005771	50.063000
679.772540	873.070784	57.005766	50.064000
679.772541	873.068280	57.005774	50.064000
679.772538	873.065795	57.005769	50.064000
679.772539	873.063305	57.005766	50.064000
679.772541	873.060593	57.005774	50.064000
679.772541	873.058091	57.005768	50.064000
679.772539	873.055581	57.005771	50.063000
679.772540	873.053087	57.005770	50.063000
679.772542	873.050584	57.005767	50.062000
679.772542	873.048081	57.005772	50.061000
679.772539	873.045589	57.005772	50.060000
679.772538	873.043193	57.005775	50.060000
679.772539	873.040690	57.005769	50.060000
679.772544	873.038191	57.005766	50.059000
679.772539	873.035269	57.005771	50.059000
679.772545	873.033085	57.005773	50.059000
679.772538	873.030580	57.005768	50.059000
679.772542	873.028086	57.005770	50.059000
679.772541	873.025593	57.005770	50.060000
679.772541	873.022883	57.005776	50.060000
679.772542	873.020385	57.005763	50.061000
679.772542	873.017891	57.005777	50.061000
679.772541	873.015389	57.005763	50.062000
679.772542	873.012890	57.005776	50.063000
679.772541	873.010481	57.005776	50.064000
679.772540	873.007880	57.005775	50.066000
679.772541	873.005493	57.005773	50.067000
679.772540	873.002885	57.005774	50.068000
679.772537	873.000492	57.005769	50.069000
679.772541	872.997989	57.005771	50.071000
679.772539	872.995483	57.005773	50.071000
679.772539	872.992892	57.005775	50.072000
679.772540	872.990488	57.005772	50.072000
679.772542	872.987980	57.005767	50.072000
679.772542	872.985498	57.005771	50.072000
679.772541	872.982791	57.005768	50.072000
679.772541	872.980293	57.005769	50.072000
679.772538	872.977791	57.005771	50.071000
679.772540	872.975281	57.005771	50.071000
679.772540	872.972797	57.005767	50.071000
679.772536	872.970289	57.005775	50.070000
679.772540	872.967881	57.005771	50.070000
679.772540	872.965392	57.005772	50.070000
679.772540	872.962891	57.005768	50.070000
679.772539	872.960394	57.005771	50.069000
679.772542	872.957894	57.005772	50.069000
679.772545	872.955373	57.005767	50.068000
679.772538	872.952889	57.005772	50.068000
679.772543	872.950382	57.005769	50.068000
679.772541	872.947885	57.005768	50.068000
679.772538	872.945195	57.005769	50.068000
679.772537	872.942690	57.005769	50.068000
679.772540	872.940194	57.005773	50.068000
679.772535	872.937689	57.005765	50.069000
679.772539	872.935178	57.005773	50.069000
679.772540	872.932584	57.005771	50.069000
679.772537	872.930179	57.005765	50.069000
679.772535	872.927685	57.005776	50.069000
679.772545	872.925291	57.005777	50.069000
679.772540	872.922788	57.005764	50.068000
679.772539	872.920285	57.005775	50.068000
679.772538	872.917797	57.005764	50.068000
679.772539	872.915280	57.005775	50.068000
679.772540	872.912786	57.005764	50.069000
679.772540	872.910285	57.005777	50.069000
679.772542	872.907586	57.005766	50.069000
679.772541	872.905097	57.005775	50.069000
679.772540	872.902581	57.005768	50.069000
679.772535	872.900092	57.005773	50.068000
679.772541	872.897586	57.005767	50.068000
679.772538	872.894976	57.005768	50.067000
679.772540	872.892592	57.005765	50.066000
679.772535	872.890084	57.005771	50.065000
679.772538	872.887677	57.005772	50.064000
679.772538	872.885098	57.005770	50.063000
679.772539	872.882695	57.005773	50.062000
679.772538	872.880197	57.005766	50.061000
679.772540	872.877678	57.005775	50.060000
679.772539	872.875172	57.005764	50.059000
679.772539	872.872690	57.005776	50.059000
679.772540	872.870176	57.005767	50.057000
679.772539	872.867482	57.005766	50.056000
679.772537	872.864993	57.005774	50.055000
679.772539	872.862487	57.005767	50.054000
679.772540	872.859891	57.005763	50.054000
679.772539	872.857484	57.005763	50.053000
679.772537	872.854976	57.005777	50.052000
679.772541	872.852583	57.005776	50.051000
679.772538	872.849983	57.005775	50.051000
679.772539	872.847477	57.005768	50.050000
679.772536	872.845087	57.005773	50.050000
679.772541	872.842580	57.005765	50.050000
679.772541	872.839992	57.005772	50.050000
679.772542	872.837482	57.005764	50.050000
679.772536	872.834978	57.005776	50.051000
679.772539	872.832480	57.005764	50.052000
679.772536	872.829771	57.005774	50.053000
679.772545	872.827270	57.005766	50.053000
679.772542	872.824783	57.005772	50.054000
679.772539	872.822282	57.005768	50.055000
679.772540	872.819787	57.005774	50.055000
679.772541	872.817375	57.005773	50.055000
679.772538	872.814779	57.005774	50.055000
679.772539	872.812281	57.005769	50.056000
679.772541	872.809873	57.005772	50.056000
679.772537	872.807172	57.005778	50.056000
679.772539	872.804889	57.005762	50.057000
679.772539	872.802375	57.005777	50.058000
679.772540	872.799882	57.005765	50.058000
679.772537	872.797383	57.005774	50.059000
679.772542	872.794883	57.005765	50.060000
679.772542	872.792186	57.005772	50.061000
679.772543	872.789676	57.005768	50.062000
679.772541	872.787179	57.005770	50.063000
679.772543	872.784687	57.005768	50.064000
679.772537	872.782178	57.005772	50.065000
679.772541	872.779780	57.005772	50.066000
679.772540	872.777176	57.005766	50.067000
679.772541	872.774770	57.005769	50.068000
679.772540	872.772182	57.005767	50.069000
679.772538	872.769774	57.005773	50.070000
679.772539	872.767281	57.005765	50.071000
679.772540	872.764790	57.005773	50.073000
679.772543	872.762281	57.005768	50.074000
679.772543	872.759783	57.005771	50.075000
679.772541	872.757288	57.005771	50.077000
679.772539	872.754774	57.005769	50.078000
679.772539	872.751987	57.005765	50.080000
679.772542	872.749577	57.005765	50.081000
679.772536	872.747080	57.005773	50.082000
679.772539	872.744491	57.005768	50.083000
679.772540	872.742086	57.005771	50.084000
679.772543	872.739594	57.005768	50.084000
679.772540	872.737086	57.005769	50.085000
679.772539	872.734574	57.005778	50.085000
679.772539	872.732183	57.005778	50.085000
679.772541	872.729678	57.005767	50.085000
679.772543	872.727178	57.005767	50.085000
679.772538	872.724689	57.005772	50.084000
679.772541	872.722184	57.005771	50.083000
679.772542	872.719692	57.005767	50.082000
679.772545	872.717182	57.005774	50.080000
679.772538	872.714580	57.005776	50.078000
679.772541	872.711988	57.005770	50.076000
679.772539	872.709476	57.005775	50.074000
679.772541	872.706983	57.005764	50.073000
679.772537	872.704495	57.005775	50.071000
679.772545	872.701993	57.005763	50.070000
679.772536	872.699502	57.005775	50.069000
679.772541	872.696977	57.005768	50.068000
679.772542	872.694579	57.005769	50.067000
679.772543	872.692088	57.005766	50.066000
679.772540	872.689584	57.005777	50.064000
679.772539	872.687087	57.005763	50.062000
679.772539	872.684592	57.005772	50.058000
679.772540	872.681482	57.005771	50.057000
679.772542	872.679092	57.005772	50.056000
679.772539	872.676582	57.005770	50.054000
679.772544	872.673892	57.005764	50.053000
679.772541	872.671286	57.005764	50.053000
679.772542	872.668878	57.005765	50.052000
679.772539	872.666385	57.005775	50.052000
679.772538	872.663892	57.005766	50.051000
679.772538	872.661481	57.005773	50.050000
679.772543	872.658987	57.005766	50.049000
679.772540	872.656476	57.005775	50.048000
679.772542	872.653989	57.005764	50.047000
679.772540	872.651382	57.005769	50.046000
679.772541	872.648981	57.005767	50.045000
679.772541	872.646485	57.005775	50.045000
679.772542	872.643996	57.005764	50.046000
679.772538	872.641482	57.005774	50.047000
679.772538	872.638787	57.005773	50.048000
679.772542	872.636272	57.005769	50.049000
679.772540	872.633786	57.005770	50.050000
679.772541	872.631287	57.005770	50.051000
679.772542	872.628782	57.005774	50.052000
679.772544	872.626274	57.005763	50.052000
679.772539	872.623890	57.005762	50.052000
679.772542	872.621179	57.005769	50.052000
679.772540	872.618897	57.005766	50.051000
679.772540	872.616375	57.005775	50.051000
679.772542	872.613883	57.005765	50.051000
679.772538	872.611379	57.005772	50.051000
679.772542	872.608872	57.005770	50.052000
679.772542	872.606386	57.005772	50.053000
679.772542	872.603890	57.005766	50.054000
679.772538	872.601383	57.005772	50.055000
679.772542	872.598690	57.005765	50.056000
679.772540	872.596178	57.005773	50.056000
679.772540	872.593684	57.005769	50.057000
679.772540	872.591178	57.005772	50.057000
679.772540	872.588678	57.005764	50.056000
679.772540	872.586186	57.005774	50.056000
679.772538	872.583691	57.005766	50.055000
679.772542	872.581186	57.005770	50.055000
679.772540	872.578693	57.005770	50.055000
679.772540	872.576278	57.005774	50.055000
679.772540	872.573787	57.005767	50.056000
679.772541	872.571280	57.005767	50.057000
679.772539	872.568783	57.005776	50.059000
679.772544	872.566282	57.005764	50.060000
679.772537	872.563790	57.005774	50.062000
679.772539	872.561286	57.005767	50.063000
679.772543	872.558792	57.005770	50.065000
679.772537	872.556080	57.005768	50.065000
679.772540	872.553584	57.005770	50.066000
679.772534	872.551088	57.005774	50.066000
679.772540	872.548581	57.005765	50.066000
679.772537	872.546083	57.005775	50.066000
679.772540	872.543686	57.005772	50.067000
679.772540	872.541191	57.005773	50.067000
679.772538	872.538597	57.005773	50.068000
679.772541	872.536184	57.005769	50.069000
679.772543	872.533688	57.005773	50.069000
679.772539	872.531183	57.005766	50.070000
679.772536	872.528682	57.005775	50.071000
679.772539	872.526188	57.005769	50.072000
679.772543	872.523695	57.005768	50.073000
679.772540	872.521186	57.005767	50.073000
679.772539	872.518493	57.005774	50.073000
679.772539	872.515978	57.005766	50.074000
679.772539	872.513486	57.005766	50.074000
679.772540	872.510981	57.005774	50.075000
679.772538	872.508483	57.005766	50.075000
679.772536	872.505987	57.005774	50.076000
679.772540	872.503490	57.005766	50.076000
679.772536	872.500995	57.005775	50.077000
679.772537	872.498596	57.005774	50.078000
679.772540	872.496080	57.005766	50.079000
679.772537	872.493590	57.005770	50.081000
679.772540	872.491080	57.005772	50.082000
679.772539	872.488579	57.005768	50.083000
679.772543	872.485985	57.005767	50.084000
679.772537	872.483589	57.005768	50.084000
679.772540	872.481085	57.005768	50.085000
679.772538	872.478393	57.005768	50.085000
679.772541	872.475676	57.005772	50.086000
679.772540	872.473287	57.005767	50.085000
679.772541	872.470881	57.005772	50.085000
679.772537	872.468375	57.005772	50.086000
679.772540	872.465784	57.005772	50.086000
679.772540	872.463489	57.005771	50.087000
679.772539	872.460986	57.005771	50.088000
679.772542	872.458494	57.005772	50.089000
679.772534	872.455977	57.005773	50.089000
679.772540	872.453290	57.005771	50.090000
679.772540	872.450785	57.005771	50.091000
679.772539	872.448283	57.005765	50.092000
679.772541	872.445686	57.005765	50.092000
679.772541	872.443187	57.005772	50.092000
679.772540	872.440290	57.005771	50.092000
679.772542	872.437990	57.005769	50.092000
679.772541	872.435477	57.005766	50.093000
679.772539	872.432893	57.005770	50.093000
679.772543	872.430481	57.005768	50.093000
679.772541	872.427983	57.005768	50.093000
679.772539	872.425589	57.005774	50.093000
679.772539	872.423094	57.005771	50.093000
679.772541	872.420490	57.005768	50.093000
679.772542	872.418087	57.005771	50.093000
679.772542	872.415574	57.005768	50.093000
679.772538	872.413091	57.005769	50.093000
679.772541	872.410579	57.005769	50.093000
679.772538	872.408077	57.005770	50.093000
679.772542	872.405491	57.005769	50.093000
679.772541	872.402890	57.005771	50.093000
679.772541	872.400388	57.005770	50.092000
679.772542	872.397888	57.005770	50.092000
679.772541	872.395281	57.005773	50.091000
679.772543	872.392792	57.005773	50.090000
679.772540	872.390477	57.005773	50.089000
679.772539	872.387976	57.005771	50.089000
679.772540	872.385492	57.005771	50.089000
679.772542	872.382988	57.005769	50.089000
679.772537	872.380492	57.005767	50.089000
679.772540	872.377989	57.005767	50.089000
679.772542	872.375485	57.005768	50.089000
679.772543	872.372989	57.005769	50.088000
679.772541	872.370467	57.005771	50.087000
679.772537	872.367976	57.005772	50.085000
679.772542	872.365496	57.005771	50.083000
679.772541	872.362792	57.005770	50.081000
679.772540	872.360292	57.005770	50.079000
679.772542	872.357785	57.005769	50.078000
679.772541	872.355284	57.005768	50.077000
679.772542	872.352790	57.005768	50.076000
679.772537	872.350279	57.005772	50.076000
679.772540	872.347676	57.005769	50.075000
679.772539	872.345389	57.005772	50.075000
679.772540	872.342880	57.005770	50.073000
679.772542	872.340388	57.005768	50.072000
679.772545	872.337896	57.005767	50.071000
679.772538	872.335384	57.005769	50.069000
679.772540	872.332784	57.005773	50.068000
679.772541	872.330382	57.005770	50.066000
679.772542	872.327876	57.005770	50.065000
679.772542	872.325191	57.005769	50.064000
679.772543	872.322685	57.005772	50.064000
679.772540	872.320198	57.005772	50.063000
679.772539	872.317697	57.005772	50.063000
679.772539	872.315185	57.005770	50.062000
679.772541	872.312792	57.005771	50.062000
679.772541	872.310184	57.005768	50.060000
679.772540	872.307780	57.005770	50.059000
679.772541	872.305291	57.005768	50.057000
679.772539	872.302790	57.005772	50.056000
679.772537	872.300194	57.005768	50.055000
679.772541	872.297794	57.005770	50.053000
679.772540	872.295280	57.005768	50.053000
679.772540	872.292790	57.005768	50.053000
679.772543	872.290286	57.005770	50.053000
679.772540	872.287584	57.005770	50.054000
679.772538	872.285093	57.005772	50.055000
679.772540	872.282493	57.005768	50.056000
679.772542	872.280191	57.005770	50.058000
679.772539	872.277586	57.005769	50.059000
679.772539	872.275074	57.005771	50.060000
679.772539	872.272589	57.005768	50.060000
679.772538	872.270183	57.005770	50.061000
679.772537	872.267687	57.005769	50.060000
679.772540	872.265193	57.005771	50.060000
679.772539	872.262690	57.005769	50.060000
679.772541	872.260196	57.005768	50.059000
679.772541	872.257692	57.005770	50.058000
679.772540	872.255177	57.005772	50.058000
679.772539	872.252685	57.005769	50.057000
679.772543	872.249978	57.005768	50.057000
679.772540	872.247381	57.005769	50.056000
679.772540	872.244988	57.005769	50.056000
679.772542	872.242491	57.005770	50.056000
679.772542	872.239895	57.005769	50.056000
679.772539	872.237594	57.005771	50.057000
679.772541	872.234976	57.005771	50.058000
679.772537	872.232489	57.005769	50.058000
679.772539	872.230071	57.005770	50.059000
679.772539	872.227482	57.005769	50.060000
679.772538	872.225087	57.005768	50.060000
679.772539	872.222593	57.005770	50.061000
679.772540	872.220091	57.005771	50.061000
679.772537	872.217489	57.005771	50.061000
679.772537	872.215083	57.005771	50.061000
679.772538	872.212592	57.005769	50.062000
679.772542	872.209876	57.005770	50.062000
679.772541	872.207478	57.005769	50.062000
679.772543	872.204990	57.005771	50.063000
679.772540	872.202483	57.005769	50.063000
679.772539	872.199894	57.005770	50.063000
679.772542	872.197592	57.005769	50.063000
679.772538	872.193883	57.005769	50.062000
679.772542	872.191378	57.005771	50.062000
679.772541	872.188878	57.005769	50.061000
679.772539	872.186286	57.005769	50.061000
679.772540	872.183893	57.005769	50.061000
679.772540	872.181391	57.005770	50.061000
679.772539	872.178896	57.005769	50.061000
679.772538	872.176381	57.005771	50.062000
679.772540	872.173792	57.005771	50.063000
679.772538	872.171183	57.005771	50.064000
679.772540	872.168688	57.005770	50.065000
679.772541	872.166180	57.005770	50.066000
679.772542	872.163697	57.005769	50.067000
679.772546	872.161289	57.005770	50.067000
679.772541	872.158699	57.005770	50.066000
679.772543	872.156187	57.005771	50.065000
679.772539	872.153787	57.005772	50.064000
679.772541	872.151186	57.005771	50.063000
679.772544	872.148792	57.005770	50.061000
679.772540	872.146285	57.005769	50.059000
679.772540	872.143786	57.005771	50.058000
679.772539	872.141288	57.005769	50.056000
679.772544	872.138794	57.005769	50.055000
679.772541	872.136081	57.005771	50.054000
679.772537	872.133590	57.005770	50.053000
679.772538	872.131080	57.005769	50.052000
679.772540	872.128483	57.005769	50.051000
679.772539	872.126094	57.005769	50.049000
679.772541	872.123590	57.005771	50.048000
679.772538	872.121082	57.005771	50.048000
679.772542	872.118591	57.005769	50.048000
679.772541	872.116182	57.005769	50.048000
679.772543	872.113687	57.005772	50.048000
679.772537	872.111181	57.005767	50.049000
679.772540	872.108675	57.005768	50.050000
679.772541	872.106189	57.005771	50.051000
679.772540	872.103696	57.005771	50.052000
679.772541	872.101186	57.005768	50.053000
679.772540	872.098487	57.005771	50.053000
679.772538	872.095975	57.005768	50.053000
679.772541	872.093482	57.005771	50.052000
679.772539	872.090979	57.005769	50.051000
679.772541	872.088472	57.005771	50.050000
679.772537	872.085984	57.005769	50.049000
679.772541	872.083590	57.005769	50.049000
679.772537	872.080985	57.005768	50.048000
679.772540	872.078594	57.005769	50.047000
679.772539	872.076079	57.005772	50.046000
679.772541	872.073584	57.005769	50.045000
679.772541	872.071081	57.005769	50.045000
679.772539	872.068575	57.005771	50.044000
679.772540	872.066081	57.005770	50.044000
679.772542	872.063586	57.005769	50.044000
679.772539	872.061084	57.005770	50.044000
679.772538	872.058497	57.005770	50.045000
679.772539	872.055976	57.005771	50.045000
679.772540	872.053380	57.005771	50.046000
679.772540	872.050979	57.005771	50.047000
679.772541	872.048473	57.005769	50.048000
679.772540	872.045978	57.005771	50.049000
679.772537	872.043585	57.005772	50.050000
679.772540	872.041081	57.005769	50.050000
679.772539	872.038589	57.005770	50.051000
679.772540	872.035970	57.005770	50.052000
679.772537	872.033488	57.005770	50.053000
679.772538	872.031083	57.005769	50.054000
679.772539	872.025682	57.005771	50.057000
679.772545	872.022980	57.005769	50.058000
679.772543	872.020489	57.005770	50.059000
679.772539	872.017985	57.005770	50.060000
679.772539	872.015470	57.005769	50.061000
679.772541	872.012986	57.005771	50.062000
679.772539	872.010584	57.005770	50.062000
679.772541	872.007981	57.005770	50.063000
679.772537	872.005589	57.005771	50.064000
679.772540	872.002987	57.005769	50.064000
679.772542	872.000579	57.005770	50.065000
679.772537	871.998085	57.005771	50.066000
679.772543	871.995573	57.005770	50.067000
679.772539	871.993088	57.005772	50.068000
679.772541	871.990573	57.005769	50.069000
679.772540	871.988076	57.005770	50.070000
679.772541	871.985387	57.005770	50.071000
679.772541	871.982887	57.005771	50.072000
679.772539	871.980383	57.005771	50.072000
679.772541	871.977889	57.005768	50.072000
679.772540	871.975369	57.005771	50.072000
679.772540	871.972890	57.005769	50.072000
679.772539	871.970472	57.005769	50.073000
679.772539	871.967969	57.005769	50.073000
679.772540	871.965397	57.005770	50.073000
679.772538	871.962992	57.005770	50.073000
679.772539	871.960486	57.005769	50.074000
679.772539	871.957990	57.005771	50.074000
679.772541	871.955478	57.005769	50.074000
679.772541	871.952987	57.005772	50.074000
679.772540	871.950475	57.005770	50.074000
679.772542	871.947976	57.005769	50.074000
679.772540	871.945296	57.005772	50.073000
679.772541	871.942788	57.005771	50.073000
679.772540	871.940295	57.005769	50.073000
679.772545	871.937797	57.005768	50.072000
679.772541	871.935282	57.005771	50.073000
679.772543	871.932789	57.005771	50.073000
679.772541	871.930280	57.005770	50.073000
679.772543	871.927778	57.005768	50.073000
679.772544	871.925394	57.005772	50.073000
679.772542	871.922891	57.005771	50.073000
679.772543	871.920288	57.005768	50.073000
679.772540	871.917893	57.005771	50.072000
679.772539	871.915382	57.005769	50.072000
679.772539	871.912884	57.005769	50.071000
679.772541	871.910379	57.005768	50.071000
679.772541	871.907681	57.005769	50.070000
679.772542	871.905190	57.005767	50.070000
679.772536	871.902581	57.005769	50.070000
679.772536	871.900188	57.005768	50.070000
679.772540	871.897694	57.005768	50.070000
679.772540	871.895176	57.005768	50.070000
679.772536	871.891487	57.005767	50.070000
679.772540	871.888476	57.005770	50.070000
679.772539	871.886084	57.005770	50.070000
679.772543	871.883581	57.005771	50.070000
679.772539	871.881084	57.005774	50.070000
679.772540	871.878597	57.005773	50.071000
679.772536	871.876080	57.005772	50.071000
679.772542	871.873586	57.005773	50.072000
679.772540	871.870892	57.005772	50.073000
679.772537	871.868382	57.005772	50.074000
679.772538	871.865890	57.005771	50.075000
679.772538	871.863392	57.005770	50.076000
679.772541	871.860783	57.005770	50.076000
679.772539	871.858493	57.005767	50.077000
679.772541	871.855876	57.005773	50.077000
679.772540	871.853485	57.005768	50.076000
679.772538	871.850986	57.005771	50.076000
679.772536	871.848485	57.005773	50.075000
679.772538	871.845988	57.005772	50.074000
679.772539	871.843495	57.005770	50.074000
679.772545	871.840990	57.005770	50.074000
679.772539	871.838500	57.005771	50.074000
679.772539	871.835980	57.005771	50.074000
679.772538	871.833493	57.005772	50.074000
679.772540	871.830782	57.005773	50.075000
679.772540	871.828282	57.005769	50.075000
679.772540	871.825789	57.005770	50.076000
679.772539	871.823296	57.005768	50.076000
679.772541	871.820790	57.005770	50.076000
679.772539	871.818398	57.005770	50.076000
679.772538	871.815777	57.005769	50.076000
679.772539	871.813393	57.005769	50.076000
679.772541	871.810881	57.005769	50.076000
679.772539	871.808379	57.005771	50.075000
679.772536	871.805893	57.005770	50.075000
679.772537	871.803391	57.005772	50.075000
679.772541	871.800886	57.005772	50.075000
679.772540	871.798396	57.005773	50.074000
679.772538	871.795874	57.005772	50.074000
679.772538	871.793385	57.005772	50.074000
679.772538	871.790682	57.005769	50.073000
679.772541	871.788179	57.005771	50.073000
679.772539	871.785690	57.005772	50.073000
679.772538	871.783189	57.005772	50.072000
679.772540	871.780686	57.005772	50.071000
679.772542	871.778186	57.005774	50.070000
679.772539	871.775783	57.005770	50.069000
679.772542	871.773283	57.005773	50.068000
679.772537	871.770773	57.005773	50.067000
679.772541	871.768174	57.005768	50.065000
679.772538	871.765784	57.005771	50.064000
679.772541	871.763287	57.005769	50.062000
679.772540	871.760787	57.005767	50.061000
679.772538	871.758294	57.005767	50.060000
679.772536	871.755679	57.005772	50.058000
679.772542	871.753097	57.005767	50.057000
679.772540	871.750575	57.005768	50.056000
679.772542	871.748075	57.005767	50.054000
679.772544	871.745488	57.005773	50.053000
679.772539	871.743083	57.005767	50.051000
679.772543	871.740482	57.005770	50.049000
679.772540	871.738091	57.005769	50.048000
679.772540	871.735575	57.005771	50.045000
679.772540	871.733090	57.005770	50.043000
679.772541	871.730575	57.005769	50.040000
679.772544	871.728074	57.005771	50.038000
679.772541	871.725586	57.005771	50.036000
679.772537	871.723084	57.005772	50.034000
679.772539	871.720576	57.005773	50.033000
679.772541	871.718079	57.005772	50.032000
679.772543	871.715367	57.005768	50.031000
679.772541	871.712880	57.005768	50.030000
679.772540	871.710371	57.005768	50.030000
679.772540	871.707874	57.005769	50.029000
679.772539	871.705385	57.005768	50.028000
679.772540	871.702883	57.005770	50.027000
679.772540	871.700482	57.005769	50.026000
679.772539	871.697982	57.005770	50.026000
679.772539	871.695374	57.005767	50.025000
679.772540	871.692674	57.005769	50.025000
679.772540	871.690376	57.005769	50.025000
679.772542	871.687875	57.005770	50.025000
679.772543	871.685384	57.005768	50.025000
679.772541	871.682875	57.005770	50.026000
679.772540	871.680382	57.005771	50.027000
679.772538	871.677883	57.005771	50.027000
679.772538	871.675176	57.005771	50.027000
679.772540	871.672680	57.005772	50.027000
679.772542	871.670178	57.005773	50.027000
679.772537	871.667677	57.005773	50.027000
679.772539	871.665186	57.005770	50.027000
679.772538	871.662683	57.005770	50.026000
679.772539	871.660185	57.005769	50.026000
679.772538	871.657785	57.005770	50.025000
679.772539	871.655267	57.005771	50.024000
679.772541	871.652785	57.005773	50.022000
679.772543	871.650278	57.005771	50.021000
679.772538	871.647775	57.005771	50.020000
679.772542	871.645286	57.005770	50.019000
679.772536	871.642783	57.005769	50.019000
679.772541	871.640285	57.005768	50.018000
679.772542	871.637780	57.005768	50.019000
679.772538	871.635070	57.005771	50.019000
679.772540	871.632577	57.005770	50.019000
679.772538	871.630075	57.005771	50.019000
679.772538	871.627570	57.005769	50.019000
679.772539	871.625083	57.005769	50.019000
679.772540	871.622582	57.005768	50.018000
679.772539	871.620089	57.005769	50.018000
679.772539	871.617582	57.005769	50.017000
679.772537	871.615078	57.005772	50.017000
679.772538	871.612682	57.005769	50.018000
679.772540	871.610179	57.005767	50.019000
679.772539	871.607672	57.005768	50.020000
679.772540	871.604987	57.005768	50.021000
679.772542	871.602681	57.005767	50.022000
679.772540	871.600188	57.005768	50.024000
679.772538	871.597678	57.005768	50.025000
679.772537	871.594979	57.005772	50.026000
679.772539	871.592490	57.005772	50.027000
679.772537	871.589984	57.005773	50.028000
679.772536	871.587486	57.005773	50.028000
679.772539	871.584996	57.005773	50.029000
679.772542	871.582587	57.005768	50.029000
679.772542	871.579989	57.005771	50.029000
679.772540	871.577489	57.005770	50.030000
679.772541	871.575074	57.005769	50.030000
679.772539	871.572587	57.005769	50.031000
679.772540	871.570083	57.005772	50.032000
679.772539	871.567587	57.005773	50.033000
679.772540	871.564994	57.005767	50.034000
679.772539	871.562591	57.005772	50.036000
679.772542	871.559988	57.005767	50.038000
679.772539	871.557591	57.005772	50.040000
679.772541	871.554881	57.005771	50.042000
679.772537	871.552295	57.005772	50.044000
679.772539	871.549877	57.005767	50.045000
679.772538	871.547385	57.005768	50.046000
679.772544	871.544894	57.005768	50.046000
679.772538	871.542395	57.005768	50.047000
679.772540	871.539993	57.005772	50.048000
679.772540	871.537487	57.005771	50.048000
679.772539	871.534984	57.005770	50.049000
679.772542	871.532490	57.005770	50.050000
679.772538	871.529983	57.005770	50.052000
679.772540	871.527490	57.005772	50.054000
679.772538	871.524995	57.005770	50.056000
679.772540	871.522489	57.005771	50.058000
679.772535	871.519998	57.005769	50.059000
679.772540	871.517295	57.005773	50.061000
679.772540	871.514785	57.005774	50.062000
679.772541	871.512292	57.005770	50.063000
679.772539	871.509785	57.005770	50.063000
679.772540	871.507294	57.005772	50.063000
679.772540	871.504801	57.005771	50.062000
679.772541	871.502186	57.005769	50.062000
679.772541	871.499792	57.005772	50.061000
679.772539	871.497286	57.005772	50.061000
679.772539	871.494881	57.005769	50.061000
679.772541	871.492288	57.005771	50.061000
679.772543	871.489784	57.005771	50.062000
679.772542	871.487290	57.005771	50.063000
679.772543	871.484896	57.005771	50.064000
679.772540	871.482395	57.005771	50.065000
679.772539	871.479894	57.005771	50.066000
679.772536	871.477293	57.005769	50.066000
679.772540	871.474782	57.005769	50.067000
679.772539	871.472196	57.005772	50.067000
679.772540	871.469788	57.005767	50.068000
679.772541	871.467289	57.005766	50.068000
679.772540	871.464897	57.005773	50.069000
679.772542	871.462288	57.005768	50.069000
679.772541	871.459798	57.005768	50.069000
679.772541	871.457395	57.005773	50.069000
679.772539	871.454889	57.005770	50.069000
679.772541	871.452394	57.005768	50.069000
679.772543	871.449895	57.005769	50.069000
679.772539	871.447394	57.005770	50.069000
679.772540	871.444902	57.005770	50.069000
679.772542	871.442396	57.005769	50.069000
679.772537	871.439701	57.005770	50.068000
679.772541	871.437189	57.005770	50.069000
679.772543	871.434687	57.005770	50.069000
679.772541	871.432193	57.005769	50.068000
679.772543	871.429689	57.005771	50.068000
679.772542	871.427090	57.005771	50.067000
679.772540	871.424706	57.005770	50.067000
679.772540	871.422296	57.005769	50.066000
679.772542	871.419800	57.005772	50.066000
679.772543	871.417294	57.005769	50.066000
679.772540	871.414783	57.005771	50.066000
679.772542	871.412290	57.005769	50.065000
679.772544	871.409784	57.005772	50.065000
679.772540	871.407284	57.005770	50.064000
679.772539	871.404789	57.005770	50.063000
679.772540	871.402290	57.005770	50.062000
679.772542	871.399591	57.005770	50.060000
679.772542	871.397080	57.005769	50.059000
679.772539	871.394578	57.005770	50.057000
679.772540	871.392083	57.005771	50.056000
679.772541	871.389580	57.005769	50.055000
679.772541	871.387082	57.005771	50.054000
679.772539	871.384693	57.005771	50.054000
679.772541	871.382078	57.005771	50.053000
679.772539	871.379683	57.005772	50.053000
679.772541	871.377168	57.005769	50.052000
679.772539	871.374673	57.005771	50.051000
679.772542	871.372175	57.005769	50.049000
679.772540	871.369677	57.005771	50.048000
679.772542	871.367176	57.005769	50.047000
679.772538	871.364690	57.005770	50.046000
679.772541	871.361977	57.005770	50.045000
679.772540	871.359491	57.005770	50.044000
679.772542	871.356971	57.005770	50.044000
679.772542	871.351474	57.005770	50.043000
679.772539	871.348471	57.005770	50.043000
679.772540	871.346073	57.005769	50.043000
679.772566	871.344120	57.005775	50.043000
679.772554	871.344148	57.005770	50.042000
