704.550561	888.332372	55.020646	50.533000
704.586359	888.332352	55.020646	50.543000
704.588916	888.332351	55.020646	50.543000
704.591450	888.332349	55.020646	50.541000
704.593938	888.332352	55.020645	50.539000
704.596432	888.332348	55.020647	50.537000
704.598978	888.332349	55.020644	50.534000
704.601373	888.332350	55.020646	50.532000
704.604020	888.332349	55.020645	50.528000
704.606387	888.332351	55.020641	50.525000
704.609347	888.332347	55.020646	50.522000
704.611642	888.332348	55.020643	50.518000
704.614136	888.332351	55.020644	50.515000
704.616626	888.332347	55.020645	50.512000
704.619246	888.332348	55.020644	50.509000
704.621645	888.332352	55.020643	50.506000
704.624164	888.332352	55.020643	50.504000
704.626634	888.332350	55.020643	50.502000
704.629277	888.332351	55.020646	50.501000
704.631655	888.332348	55.020648	50.501000
704.634134	888.332351	55.020646	50.501000
704.636631	888.332352	55.020646	50.500000
704.639163	888.332351	55.020645	50.500000
704.641551	888.332351	55.020647	50.499000
704.644069	888.332350	55.020648	50.497000
704.646741	888.332348	55.020648	50.495000
704.649276	888.332349	55.020647	50.493000
704.651764	888.332349	55.020648	50.490000
704.654238	888.332354	55.020646	50.488000
704.656737	888.332347	55.020648	50.487000
704.659363	888.332347	55.020642	50.486000
704.661767	888.332355	55.020648	50.486000
704.664281	888.332346	55.020646	50.487000
704.666750	888.332347	55.020648	50.489000
704.669301	888.332350	55.020648	50.490000
704.671774	888.332350	55.020648	50.492000
704.674243	888.332348	55.020647	50.493000
704.676645	888.332353	55.020642	50.494000
704.679286	888.332352	55.020646	50.494000
704.681672	888.332347	55.020644	50.492000
704.684190	888.332353	55.020645	50.490000
704.686857	888.332347	55.020649	50.488000
704.689401	888.332351	55.020648	50.486000
704.691870	888.332349	55.020647	50.485000
704.694351	888.332349	55.020648	50.484000
704.696853	888.332350	55.020648	50.484000
704.699383	888.332351	55.020647	50.485000
704.701889	888.332350	55.020648	50.486000
704.704384	888.332348	55.020647	50.487000
704.706863	888.332349	55.020645	50.488000
704.709405	888.332351	55.020643	50.488000
704.711990	888.332346	55.020647	50.487000
704.714249	888.332350	55.020648	50.485000
704.716853	888.332349	55.020641	50.482000
704.719299	888.332346	55.020647	50.479000
704.721984	888.332353	55.020647	50.476000
704.724469	888.332349	55.020646	50.473000
704.726968	888.332350	55.020648	50.471000
704.729509	888.332349	55.020645	50.469000
704.731978	888.332350	55.020645	50.468000
704.734446	888.332351	55.020644	50.468000
704.736952	888.332353	55.020647	50.468000
704.739481	888.332349	55.020646	50.468000
704.741983	888.332348	55.020646	50.469000
704.744470	888.332351	55.020643	50.471000
704.746959	888.332351	55.020645	50.474000
704.749503	888.332351	55.020646	50.477000
704.751971	888.332350	55.020645	50.481000
704.754451	888.332353	55.020643	50.485000
704.756953	888.332351	55.020644	50.488000
704.759570	888.332352	55.020644	50.491000
704.762075	888.332350	55.020644	50.494000
704.764560	888.332354	55.020645	50.494000
704.767063	888.332345	55.020645	50.494000
704.769697	888.332351	55.020643	50.492000
704.772259	888.332349	55.020644	50.488000
704.774538	888.332352	55.020645	50.485000
704.777045	888.332350	55.020646	50.481000
704.779554	888.332351	55.020647	50.477000
704.782062	888.332351	55.020644	50.475000
704.784462	888.332351	55.020644	50.473000
704.787055	888.332353	55.020643	50.474000
704.789496	888.332346	55.020643	50.475000
704.791969	888.332351	55.020644	50.478000
704.794442	888.332350	55.020646	50.481000
704.797153	888.332354	55.020646	50.484000
704.799647	888.332348	55.020646	50.487000
704.802274	888.332348	55.020644	50.490000
704.804654	888.332346	55.020643	50.493000
704.807147	888.332352	55.020642	50.495000
704.809689	888.332350	55.020643	50.496000
704.812155	888.332350	55.020646	50.497000
704.814621	888.332347	55.020646	50.497000
704.817140	888.332351	55.020646	50.497000
704.819662	888.332351	55.020644	50.497000
704.822169	888.332349	55.020643	50.498000
704.824645	888.332348	55.020643	50.498000
704.827144	888.332354	55.020642	50.500000
704.829696	888.332352	55.020642	50.502000
704.832066	888.332351	55.020646	50.504000
704.834531	888.332352	55.020645	50.506000
704.837247	888.332348	55.020647	50.509000
704.839757	888.332354	55.020644	50.511000
704.842266	888.332350	55.020644	50.513000
704.844942	888.332350	55.020643	50.515000
704.847255	888.332352	55.020646	50.516000
704.849784	888.332354	55.020646	50.517000
704.852248	888.332353	55.020646	50.516000
704.854937	888.332347	55.020643	50.516000
704.857254	888.332353	55.020647	50.516000
704.859738	888.332347	55.020645	50.515000
704.862259	888.332354	55.020645	50.515000
704.864647	888.332349	55.020643	50.515000
704.867145	888.332352	55.020643	50.516000
704.869669	888.332350	55.020645	50.517000
704.872156	888.332354	55.020648	50.518000
704.874834	888.332350	55.020646	50.519000
704.877346	888.332345	55.020648	50.520000
704.879851	888.332347	55.020647	50.519000
704.882353	888.332345	55.020648	50.519000
704.884834	888.332350	55.020648	50.517000
704.887358	888.332349	55.020648	50.515000
704.889895	888.332354	55.020647	50.513000
704.892348	888.332351	55.020646	50.511000
704.894930	888.332349	55.020643	50.509000
704.897346	888.332349	55.020647	50.508000
704.899848	888.332350	55.020647	50.508000
704.902356	888.332353	55.020647	50.508000
704.904826	888.332356	55.020648	50.509000
704.907253	888.332350	55.020642	50.510000
704.909781	888.332348	55.020643	50.512000
704.912442	888.332349	55.020641	50.514000
704.914921	888.332348	55.020642	50.516000
704.917440	888.332350	55.020643	50.517000
704.919946	888.332349	55.020646	50.517000
704.922458	888.332351	55.020648	50.516000
704.924939	888.332348	55.020649	50.515000
704.927549	888.332350	55.020643	50.513000
704.929971	888.332345	55.020648	50.511000
704.932454	888.332350	55.020648	50.509000
704.934930	888.332354	55.020647	50.508000
704.937440	888.332350	55.020642	50.507000
704.939951	888.332351	55.020641	50.507000
704.942439	888.332350	55.020640	50.507000
704.944824	888.332350	55.020648	50.509000
704.947450	888.332352	55.020644	50.511000
704.950101	888.332349	55.020644	50.513000
704.952547	888.332347	55.020644	50.516000
704.955019	888.332352	55.020643	50.518000
704.957630	888.332351	55.020647	50.520000
704.960059	888.332346	55.020643	50.522000
704.962661	888.332350	55.020649	50.525000
704.965033	888.332352	55.020641	50.528000
704.967656	888.332349	55.020645	50.531000
704.970091	888.332353	55.020643	50.534000
704.972559	888.332349	55.020646	50.538000
704.975035	888.332349	55.020647	50.540000
704.977545	888.332350	55.020647	50.543000
704.980058	888.332347	55.020649	50.544000
704.982463	888.332350	55.020642	50.545000
704.984942	888.332349	55.020645	50.546000
704.987671	888.332352	55.020647	50.545000
704.990188	888.332349	55.020647	50.543000
704.992648	888.332352	55.020645	50.542000
704.995016	888.332347	55.020645	50.540000
704.997741	888.332355	55.020649	50.538000
705.000172	888.332350	55.020643	50.537000
705.002659	888.332348	55.020644	50.536000
705.005036	888.332347	55.020648	50.535000
705.007646	888.332348	55.020646	50.535000
705.010193	888.332352	55.020647	50.535000
705.012667	888.332352	55.020648	50.535000
705.015140	888.332350	55.020648	50.535000
705.017629	888.332349	55.020644	50.535000
705.020160	888.332348	55.020642	50.534000
705.022561	888.332350	55.020648	50.533000
705.025256	888.332353	55.020646	50.532000
705.027753	888.332347	55.020647	50.531000
705.030288	888.332351	55.020647	50.530000
705.032753	888.332349	55.020646	50.530000
705.035232	888.332350	55.020643	50.529000
705.037735	888.332350	55.020641	50.529000
705.040267	888.332351	55.020644	50.529000
705.042760	888.332352	55.020648	50.529000
705.045350	888.332349	55.020643	50.530000
705.047770	888.332350	55.020647	50.530000
705.050393	888.332351	55.020644	50.531000
705.052756	888.332349	55.020647	50.531000
705.055231	888.332350	55.020646	50.532000
705.057647	888.332351	55.020642	50.532000
705.060279	888.332344	55.020642	50.533000
705.062656	888.332353	55.020647	50.533000
705.065349	888.332350	55.020646	50.534000
705.067863	888.332351	55.020646	50.533000
705.070392	888.332349	55.020644	50.533000
705.072865	888.332349	55.020643	50.532000
705.075337	888.332351	55.020644	50.530000
705.077830	888.332351	55.020642	50.529000
705.080364	888.332350	55.020644	50.527000
705.082853	888.332349	55.020644	50.526000
705.085356	888.332353	55.020644	50.525000
705.087959	888.332349	55.020646	50.525000
705.090383	888.332355	55.020643	50.526000
705.092854	888.332345	55.020647	50.527000
705.095328	888.332348	55.020648	50.528000
705.097834	888.332348	55.020647	50.530000
705.100363	888.332353	55.020646	50.532000
705.102956	888.332350	55.020643	50.534000
705.105451	888.332350	55.020643	50.535000
705.107963	888.332351	55.020643	50.536000
705.110581	888.332348	55.020646	50.537000
705.112950	888.332351	55.020646	50.537000
705.115417	888.332348	55.020643	50.537000
705.117941	888.332351	55.020644	50.536000
705.120569	888.332349	55.020645	50.536000
705.122963	888.332355	55.020647	50.536000
705.125436	888.332351	55.020646	50.537000
705.127950	888.332350	55.020647	50.537000
705.130591	888.332348	55.020644	50.537000
705.132959	888.332353	55.020646	50.536000
705.135333	888.332352	55.020647	50.535000
705.137826	888.332352	55.020647	50.534000
705.140561	888.332350	55.020647	50.533000
705.143055	888.332352	55.020645	50.531000
705.145547	888.332350	55.020644	50.530000
705.148057	888.332348	55.020646	50.529000
705.150587	888.332350	55.020647	50.528000
705.153048	888.332352	55.020647	50.528000
705.155627	888.332352	55.020644	50.528000
705.158038	888.332347	55.020644	50.529000
705.160572	888.332350	55.020645	50.529000
705.163059	888.332348	55.020644	50.530000
705.165535	888.332351	55.020646	50.530000
705.168071	888.332349	55.020643	50.530000
705.170596	888.332351	55.020646	50.529000
705.172950	888.332351	55.020645	50.529000
705.175413	888.332351	55.020644	50.527000
705.178160	888.332354	55.020644	50.526000
705.180659	888.332348	55.020643	50.525000
705.183163	888.332348	55.020644	50.524000
705.185642	888.332345	55.020645	50.523000
705.188189	888.332351	55.020647	50.522000
705.190674	888.332350	55.020645	50.520000
705.193137	888.332349	55.020644	50.519000
705.195634	888.332347	55.020644	50.517000
705.198158	888.332350	55.020644	50.515000
705.200685	888.332347	55.020645	50.512000
705.203169	888.332348	55.020647	50.510000
705.205734	888.332348	55.020646	50.507000
705.208153	888.332351	55.020644	50.505000
705.210607	888.332354	55.020645	50.504000
705.213054	888.332352	55.020645	50.502000
705.215725	888.332351	55.020646	50.501000
705.218241	888.332347	55.020644	50.500000
705.220771	888.332350	55.020645	50.500000
705.223291	888.332348	55.020644	50.498000
705.225747	888.332352	55.020645	50.497000
705.228257	888.332353	55.020644	50.495000
705.230788	888.332351	55.020646	50.493000
705.233365	888.332345	55.020645	50.491000
705.235733	888.332351	55.020645	50.489000
705.238363	888.332349	55.020645	50.488000
705.240753	888.332347	55.020647	50.486000
705.243274	888.332350	55.020645	50.486000
705.245647	888.332353	55.020643	50.485000
705.248287	888.332350	55.020645	50.485000
705.250683	888.332349	55.020643	50.485000
705.253348	888.332349	55.020645	50.485000
705.255835	888.332352	55.020644	50.484000
705.258364	888.332352	55.020647	50.484000
705.260869	888.332350	55.020643	50.483000
705.263486	888.332350	55.020646	50.482000
705.265838	888.332349	55.020646	50.482000
705.268373	888.332350	55.020646	50.482000
705.270890	888.332352	55.020644	50.482000
705.273255	888.332350	55.020645	50.482000
705.275832	888.332348	55.020646	50.482000
705.278354	888.332348	55.020645	50.482000
705.280865	888.332353	55.020644	50.482000
705.283267	888.332347	55.020644	50.481000
705.285757	888.332349	55.020646	50.479000
705.288267	888.332349	55.020645	50.476000
705.290975	888.332352	55.020647	50.473000
705.293446	888.332350	55.020645	50.470000
705.295934	888.332352	55.020645	50.468000
705.298474	888.332344	55.020646	50.466000
705.300960	888.332351	55.020646	50.464000
705.303477	888.332349	55.020644	50.463000
705.305938	888.332347	55.020646	50.463000
705.308478	888.332350	55.020645	50.463000
705.310979	888.332352	55.020646	50.463000
705.313355	888.332349	55.020646	50.463000
705.316123	888.332350	55.020644	50.464000
705.318463	888.332349	55.020645	50.464000
705.320958	888.332347	55.020645	50.466000
705.323378	888.332352	55.020646	50.467000
705.325834	888.332350	55.020646	50.470000
705.328583	888.332352	55.020644	50.472000
705.331081	888.332348	55.020645	50.475000
705.333543	888.332349	55.020645	50.477000
705.336025	888.332349	55.020645	50.479000
705.338573	888.332347	55.020647	50.479000
705.341062	888.332349	55.020647	50.480000
705.343581	888.332349	55.020646	50.480000
705.346049	888.332348	55.020645	50.480000
705.348582	888.332348	55.020646	50.480000
705.351091	888.332351	55.020645	50.480000
705.353558	888.332346	55.020646	50.481000
705.356129	888.332352	55.020645	50.483000
705.358468	888.332349	55.020645	50.484000
705.361071	888.332348	55.020644	50.486000
705.363492	888.332350	55.020644	50.487000
705.366243	888.332355	55.020644	50.487000
705.368691	888.332353	55.020645	50.487000
705.371184	888.332349	55.020646	50.487000
705.373656	888.332349	55.020645	50.487000
705.376138	888.332348	55.020645	50.487000
705.378679	888.332350	55.020644	50.488000
705.381165	888.332348	55.020645	50.488000
705.383688	888.332351	55.020644	50.488000
705.386142	888.332349	55.020645	50.489000
705.388792	888.332350	55.020645	50.489000
705.391292	888.332349	55.020644	50.489000
705.393649	888.332352	55.020644	50.489000
705.396137	888.332345	55.020645	50.489000
705.398569	888.332352	55.020645	50.489000
705.401069	888.332352	55.020645	50.489000
705.403787	888.332351	55.020646	50.489000
705.406242	888.332352	55.020646	50.490000
705.408791	888.332349	55.020644	50.490000
705.411293	888.332349	55.020644	50.490000
705.413746	888.332349	55.020647	50.489000
705.416235	888.332351	55.020645	50.488000
705.418782	888.332349	55.020646	50.487000
705.421264	888.332353	55.020644	50.486000
705.423687	888.332351	55.020645	50.485000
705.426244	888.332355	55.020645	50.485000
705.428794	888.332349	55.020646	50.486000
705.431285	888.332354	55.020644	50.488000
705.433652	888.332354	55.020644	50.491000
705.436235	888.332352	55.020644	50.494000
705.438679	888.332280	55.020644	50.497000
705.441389	888.332248	55.020646	50.500000
705.443891	888.332306	55.020644	50.502000
705.446332	888.332335	55.020646	50.504000
705.448878	888.332343	55.020645	50.505000
705.451381	888.332343	55.020646	50.506000
705.453858	888.332344	55.020644	50.506000
705.456330	888.332352	55.020646	50.506000
705.458877	888.332346	55.020646	50.507000
705.461359	888.332348	55.020645	50.508000
705.463889	888.332348	55.020644	50.510000
705.466339	888.332347	55.020645	50.513000
705.468992	888.332349	55.020646	50.516000
705.471388	888.332348	55.020646	50.520000
705.473839	888.332347	55.020644	50.523000
705.476227	888.332353	55.020645	50.526000
705.478966	888.332348	55.020645	50.529000
705.481462	888.332354	55.020644	50.532000
705.483989	888.332348	55.020646	50.535000
705.486445	888.332347	55.020645	50.538000
705.488988	888.332349	55.020646	50.540000
705.491476	888.332346	55.020645	50.542000
705.493946	888.332350	55.020646	50.545000
705.496432	888.332351	55.020645	50.547000
705.499074	888.332350	55.020645	50.549000
705.501464	888.332347	55.020646	50.552000
705.503983	888.332350	55.020647	50.555000
705.506534	888.332352	55.020644	50.559000
705.508894	888.332350	55.020645	50.562000
705.511482	888.332346	55.020645	50.564000
705.513858	888.332353	55.020644	50.565000
705.516526	888.332350	55.020646	50.566000
705.519085	888.332350	55.020646	50.566000
705.521669	888.332349	55.020644	50.566000
705.524087	888.332355	55.020644	50.565000
705.526554	888.332348	55.020645	50.564000
705.529086	888.332348	55.020645	50.564000
705.531685	888.332351	55.020647	50.564000
705.534047	888.332351	55.020645	50.564000
705.536534	888.332352	55.020645	50.565000
705.539083	888.332348	55.020644	50.567000
705.541576	888.332349	55.020645	50.570000
705.544087	888.332350	55.020645	50.573000
705.546556	888.332353	55.020643	50.577000
705.549198	888.332352	55.020645	50.581000
705.551583	888.332349	55.020645	50.584000
705.554145	888.332351	55.020644	50.587000
705.556634	888.332353	55.020646	50.589000
705.559177	888.332347	55.020645	50.590000
705.561767	888.332349	55.020646	50.590000
705.564088	888.332353	55.020643	50.590000
705.566640	888.332348	55.020646	50.590000
705.569200	888.332347	55.020645	50.589000
705.571676	888.332350	55.020645	50.587000
705.574159	888.332351	55.020645	50.585000
705.576638	888.332347	55.020645	50.584000
705.579175	888.332350	55.020644	50.582000
705.581672	888.332352	55.020645	50.581000
705.584096	888.332351	55.020643	50.581000
705.586556	888.332351	55.020645	50.581000
705.589088	888.332351	55.020645	50.581000
705.591883	888.332350	55.020645	50.582000
705.594245	888.332353	55.020645	50.583000
705.596753	888.332349	55.020643	50.582000
705.599285	888.332353	55.020645	50.582000
705.601779	888.332349	55.020646	50.580000
705.604276	888.332351	55.020644	50.578000
705.606745	888.332349	55.020644	50.576000
705.609307	888.332354	55.020645	50.574000
705.611785	888.332357	55.020647	50.572000
705.614347	888.332351	55.020645	50.570000
705.616739	888.332353	55.020646	50.570000
705.619278	888.332350	55.020645	50.570000
705.621770	888.332346	55.020645	50.571000
705.624370	888.332348	55.020645	50.572000
705.626644	888.332350	55.020646	50.574000
705.629300	888.332349	55.020645	50.574000
705.631686	888.332350	55.020644	50.575000
705.634346	888.332344	55.020645	50.574000
705.636833	888.332348	55.020644	50.572000
705.639374	888.332354	55.020645	50.571000
705.641864	888.332350	55.020646	50.570000
705.644371	888.332351	55.020647	50.569000
705.646846	888.332349	55.020645	50.569000
705.649489	888.332348	55.020646	50.569000
705.651875	888.332352	55.020644	50.570000
705.654343	888.332350	55.020645	50.571000
705.656941	888.332347	55.020643	50.570000
705.659363	888.332348	55.020646	50.569000
705.661869	888.332349	55.020647	50.565000
705.664370	888.332350	55.020648	50.561000
705.666748	888.332350	55.020641	50.556000
705.669298	888.332348	55.020645	50.552000
705.671979	888.332352	55.020646	50.547000
705.674439	888.332349	55.020643	50.544000
705.676935	888.332350	55.020643	50.542000
705.679463	888.332353	55.020643	50.540000
705.682071	888.332350	55.020645	50.538000
705.684459	888.332352	55.020644	50.536000
705.686941	888.332351	55.020644	50.534000
705.689488	888.332350	55.020645	50.531000
705.692072	888.332351	55.020647	50.528000
705.694537	888.332351	55.020646	50.524000
705.696925	888.332352	55.020644	50.520000
705.699463	888.332350	55.020645	50.517000
705.701964	888.332348	55.020649	50.513000
705.704472	888.332353	55.020645	50.510000
705.706841	888.332353	55.020648	50.507000
705.709595	888.332348	55.020641	50.505000
705.712070	888.332350	55.020644	50.503000
705.714646	888.332350	55.020641	50.502000
705.717037	888.332349	55.020645	50.501000
705.719555	888.332351	55.020642	50.500000
705.722068	888.332353	55.020645	50.500000
705.724560	888.332354	55.020646	50.500000
705.727043	888.332353	55.020646	50.501000
705.729587	888.332349	55.020646	50.502000
705.732178	888.332346	55.020646	50.502000
705.734538	888.332348	55.020643	50.503000
705.737038	888.332350	55.020645	50.503000
705.739560	888.332351	55.020649	50.503000
705.741967	888.332352	55.020643	50.502000
705.744466	888.332350	55.020648	50.502000
705.747142	888.332347	55.020643	50.501000
705.749702	888.332348	55.020645	50.500000
705.752177	888.332350	55.020644	50.500000
705.754639	888.332349	55.020643	50.500000
705.757141	888.332348	55.020645	50.500000
705.759656	888.332351	55.020649	50.501000
705.762177	888.332351	55.020645	50.501000
705.764668	888.332351	55.020642	50.502000
705.767251	888.332349	55.020644	50.504000
705.769699	888.332348	55.020647	50.505000
705.772171	888.332350	55.020645	50.506000
705.774648	888.332349	55.020642	50.507000
705.777033	888.332350	55.020647	50.507000
705.779567	888.332347	55.020643	50.508000
705.782079	888.332350	55.020643	50.508000
705.784752	888.332350	55.020646	50.508000
705.787247	888.332351	55.020643	50.508000
705.789798	888.332350	55.020645	50.507000
705.792279	888.332353	55.020648	50.507000
705.794735	888.332351	55.020642	50.508000
705.797444	888.332350	55.020649	50.508000
705.799746	888.332352	55.020649	50.508000
705.802270	888.332348	55.020643	50.509000
705.804748	888.332352	55.020640	50.509000
705.807354	888.332352	55.020643	50.509000
705.809792	888.332353	55.020647	50.509000
705.812279	888.332347	55.020644	50.508000
705.814743	888.332347	55.020643	50.507000
705.817239	888.332353	55.020649	50.506000
705.819660	888.332349	55.020642	50.505000
705.822172	888.332349	55.020644	50.504000
705.824843	888.332350	55.020646	50.503000
705.827345	888.332352	55.020642	50.502000
705.829900	888.332348	55.020646	50.501000
705.832376	888.332353	55.020649	50.501000
705.834847	888.332347	55.020645	50.501000
705.837340	888.332353	55.020642	50.502000
705.839862	888.332350	55.020647	50.502000
705.842465	888.332348	55.020645	50.503000
705.844848	888.332351	55.020642	50.503000
705.847359	888.332348	55.020643	50.503000
705.849904	888.332352	55.020647	50.503000
705.852367	888.332350	55.020646	50.503000
705.854744	888.332350	55.020646	50.503000
705.857349	888.332351	55.020642	50.503000
705.859750	888.332348	55.020645	50.503000
705.862469	888.332351	55.020646	50.504000
705.864944	888.332350	55.020647	50.504000
705.867456	888.332350	55.020644	50.505000
705.870104	888.332349	55.020645	50.505000
705.872467	888.332346	55.020647	50.505000
705.875139	888.332353	55.020645	50.505000
705.877445	888.332356	55.020644	50.505000
705.879962	888.332352	55.020643	50.504000
705.882463	888.332353	55.020645	50.503000
705.884941	888.332350	55.020647	50.501000
705.887464	888.332349	55.020649	50.500000
705.890003	888.332350	55.020643	50.498000
705.892470	888.332353	55.020645	50.497000
705.894852	888.332349	55.020645	50.496000
705.897348	888.332350	55.020640	50.497000
705.900064	888.332349	55.020648	50.498000
705.902567	888.332351	55.020646	50.501000
705.905045	888.332351	55.020642	50.504000
705.907559	888.332348	55.020642	50.507000
705.910099	888.332350	55.020648	50.511000
705.912566	888.332346	55.020648	50.514000
705.915043	888.332353	55.020647	50.516000
705.917545	888.332349	55.020642	50.517000
705.920062	888.332354	55.020646	50.517000
705.922566	888.332351	55.020646	50.516000
705.925041	888.332352	55.020647	50.514000
705.927658	888.332348	55.020648	50.511000
705.930100	888.332351	55.020644	50.508000
705.932579	888.332351	55.020648	50.505000
705.934947	888.332348	55.020643	50.502000
705.937640	888.332352	55.020647	50.500000
705.940163	888.332348	55.020643	50.498000
705.942667	888.332353	55.020644	50.496000
705.945134	888.332349	55.020646	50.495000
705.947654	888.332351	55.020647	50.494000
705.950293	888.332351	55.020649	50.494000
705.952666	888.332352	55.020640	50.494000
705.955139	888.332347	55.020646	50.494000
705.957733	888.332353	55.020642	50.495000
705.960263	888.332348	55.020647	50.495000
705.962669	888.332349	55.020642	50.497000
705.965146	888.332350	55.020644	50.498000
705.967648	888.332353	55.020645	50.500000
705.970100	888.332352	55.020644	50.501000
705.972570	888.332351	55.020643	50.502000
705.975232	888.332349	55.020646	50.503000
705.977733	888.332353	55.020646	50.503000
705.980267	888.332353	55.020645	50.502000
705.982760	888.332352	55.020645	50.502000
705.985246	888.332350	55.020646	50.501000
705.987754	888.332345	55.020646	50.502000
705.990296	888.332349	55.020645	50.502000
705.992766	888.332350	55.020646	50.503000
705.995233	888.332348	55.020648	50.504000
705.997736	888.332349	55.020648	50.505000
706.000263	888.332350	55.020643	50.506000
706.002761	888.332350	55.020644	50.506000
706.005243	888.332352	55.020642	50.506000
706.007759	888.332351	55.020643	50.505000
706.010199	888.332353	55.020647	50.503000
706.012867	888.332353	55.020643	50.501000
706.015338	888.332351	55.020643	50.500000
706.017838	888.332352	55.020642	50.499000
706.020376	888.332349	55.020643	50.499000
706.022857	888.332348	55.020645	50.499000
706.025353	888.332349	55.020644	50.499000
706.027850	888.332351	55.020645	50.499000
706.030395	888.332351	55.020648	50.499000
706.033061	888.332352	55.020646	50.498000
706.035335	888.332350	55.020644	50.497000
706.037832	888.332350	55.020643	50.495000
706.040260	888.332353	55.020647	50.493000
706.042864	888.332352	55.020643	50.491000
706.045250	888.332349	55.020648	50.490000
706.047755	888.332349	55.020647	50.489000
706.050500	888.332349	55.020642	50.490000
706.052964	888.332348	55.020645	50.491000
706.055428	888.332349	55.020648	50.492000
706.057929	888.332350	55.020647	50.494000
706.060466	888.332345	55.020648	50.495000
706.062957	888.332348	55.020644	50.495000
706.065449	888.332345	55.020646	50.495000
706.068068	888.332351	55.020648	50.494000
706.070504	888.332349	55.020642	50.492000
706.072972	888.332351	55.020643	50.491000
706.075438	888.332349	55.020646	50.491000
706.077842	888.332350	55.020644	50.491000
706.080368	888.332349	55.020643	50.491000
706.082957	888.332349	55.020646	50.492000
706.085360	888.332348	55.020645	50.494000
706.088061	888.332351	55.020645	50.495000
706.090606	888.332347	55.020644	50.496000
706.093167	888.332350	55.020647	50.496000
706.095535	888.332350	55.020645	50.496000
706.098036	888.332351	55.020646	50.496000
706.100576	888.332350	55.020644	50.495000
706.103062	888.332351	55.020646	50.495000
706.105555	888.332350	55.020646	50.495000
706.108066	888.332350	55.020645	50.496000
706.110600	888.332350	55.020643	50.497000
706.113069	888.332346	55.020643	50.498000
706.115442	888.332350	55.020647	50.499000
706.118032	888.332349	55.020646	50.500000
706.120574	888.332348	55.020647	50.500000
706.122958	888.332347	55.020643	50.500000
706.125655	888.332352	55.020644	50.500000
706.128169	888.332350	55.020644	50.500000
706.130690	888.332351	55.020646	50.499000
706.133061	888.332350	55.020647	50.498000
706.135635	888.332351	55.020643	50.498000
706.138139	888.332349	55.020643	50.498000
706.140766	888.332349	55.020646	50.497000
706.143176	888.332350	55.020644	50.497000
706.145656	888.332351	55.020644	50.497000
706.148172	888.332349	55.020644	50.497000
706.150604	888.332353	55.020644	50.496000
706.153064	888.332351	55.020645	50.495000
706.155545	888.332347	55.020646	50.494000
706.158145	888.332349	55.020644	50.493000
706.160671	888.332351	55.020644	50.492000
706.163278	888.332350	55.020646	50.492000
706.165763	888.332350	55.020647	50.492000
706.168271	888.332349	55.020647	50.493000
706.170791	888.332352	55.020646	50.493000
706.173267	888.332347	55.020645	50.494000
706.175844	888.332353	55.020645	50.494000
706.178258	888.332349	55.020646	50.494000
706.180768	888.332348	55.020646	50.494000
706.183265	888.332345	55.020645	50.494000
706.185948	888.332350	55.020646	50.494000
706.188266	888.332347	55.020646	50.494000
706.190780	888.332354	55.020643	50.494000
706.193183	888.332351	55.020646	50.494000
706.195629	888.332347	55.020647	50.495000
706.198138	888.332351	55.020646	50.495000
706.200855	888.332350	55.020645	50.495000
706.203379	888.332348	55.020644	50.494000
706.205845	888.332350	55.020644	50.494000
706.208366	888.332351	55.020645	50.494000
706.210894	888.332348	55.020647	50.493000
706.213360	888.332351	55.020645	50.493000
706.215828	888.332354	55.020645	50.493000
706.218355	888.332350	55.020645	50.494000
706.220874	888.332352	55.020643	50.494000
706.223373	888.332350	55.020643	50.495000
706.225841	888.332352	55.020645	50.496000
706.228270	888.332353	55.020643	50.496000
706.230900	888.332347	55.020646	50.496000
706.233266	888.332353	55.020644	50.495000
706.235734	888.332352	55.020645	50.494000
706.238346	888.332348	55.020644	50.493000
706.240966	888.332350	55.020645	50.490000
706.243484	888.332347	55.020644	50.488000
706.245940	888.332354	55.020644	50.485000
706.248483	888.332352	55.020646	50.482000
706.251098	888.332348	55.020644	50.481000
706.253459	888.332346	55.020645	50.479000
706.255934	888.332350	55.020645	50.479000
706.258466	888.332349	55.020647	50.479000
706.261066	888.332348	55.020642	50.479000
706.263478	888.332348	55.020648	50.479000
706.265947	888.332348	55.020647	50.479000
706.268479	888.332352	55.020646	50.479000
706.270898	888.332352	55.020647	50.478000
706.273366	888.332353	55.020647	50.478000
706.275838	888.332351	55.020646	50.478000
706.278573	888.332349	55.020645	50.478000
706.281074	888.332351	55.020644	50.478000
706.283583	888.332350	55.020646	50.479000
706.286038	888.332353	55.020647	50.479000
706.288685	888.332346	55.020644	50.479000
706.291091	888.332350	55.020645	50.479000
706.293451	888.332351	55.020647	50.478000
706.296031	888.332353	55.020643	50.477000
706.298563	888.332349	55.020645	50.475000
706.301171	888.332350	55.020643	50.473000
706.303480	888.332348	55.020645	50.470000
706.306038	888.332352	55.020647	50.468000
706.308589	888.332349	55.020647	50.465000
706.311004	888.332352	55.020643	50.464000
706.313460	888.332351	55.020645	50.463000
706.316120	888.332350	55.020647	50.462000
706.318786	888.332351	55.020647	50.463000
706.321157	888.332352	55.020643	50.464000
706.323703	888.332348	55.020644	50.466000
706.326151	888.332348	55.020643	50.468000
706.328688	888.332351	55.020644	50.470000
706.331188	888.332349	55.020644	50.472000
706.333749	888.332350	55.020646	50.473000
706.336227	888.332349	55.020647	50.473000
706.338684	888.332347	55.020644	50.473000
706.341166	888.332351	55.020646	50.473000
706.343702	888.332353	55.020647	50.472000
706.346151	888.332349	55.020646	50.471000
706.348584	888.332350	55.020641	50.470000
706.351099	888.332352	55.020644	50.469000
706.353760	888.332350	55.020648	50.470000
706.356235	888.332348	55.020648	50.471000
706.358781	888.332351	55.020646	50.472000
706.361271	888.332353	55.020646	50.473000
706.363791	888.332352	55.020644	50.474000
706.366249	888.332351	55.020644	50.474000
706.368785	888.332350	55.020642	50.474000
706.371296	888.332349	55.020642	50.473000
706.373759	888.332350	55.020643	50.471000
706.376340	888.332353	55.020643	50.470000
706.378780	888.332347	55.020648	50.468000
706.381160	888.332351	55.020641	50.467000
706.383792	888.332352	55.020644	50.466000
706.386240	888.332350	55.020644	50.465000
706.388689	888.332349	55.020648	50.465000
706.391283	888.332348	55.020645	50.465000
706.393855	888.332350	55.020645	50.466000
706.396341	888.332347	55.020645	50.468000
706.398883	888.332348	55.020645	50.469000
706.401366	888.332352	55.020646	50.470000
706.403890	888.332352	55.020647	50.471000
706.406337	888.332350	55.020644	50.472000
706.408888	888.332353	55.020642	50.472000
706.411387	888.332352	55.020642	50.472000
706.413856	888.332353	55.020648	50.472000
706.416335	888.332350	55.020648	50.472000
706.418975	888.332351	55.020647	50.471000
706.421358	888.332349	55.020643	50.470000
706.423891	888.332350	55.020642	50.468000
706.426342	888.332351	55.020644	50.467000
706.428788	888.332351	55.020643	50.465000
706.431587	888.332351	55.020643	50.464000
706.433946	888.332347	55.020649	50.463000
706.436442	888.332349	55.020646	50.463000
706.438983	888.332349	55.020644	50.464000
706.441672	888.332348	55.020647	50.465000
706.443985	888.332350	55.020647	50.468000
706.446440	888.332351	55.020648	50.470000
706.448995	888.332349	55.020645	50.474000
706.451686	888.332350	55.020645	50.477000
706.453962	888.332353	55.020645	50.480000
706.456432	888.332349	55.020646	50.483000
706.458983	888.332351	55.020648	50.485000
706.461464	888.332348	55.020646	50.487000
706.463994	888.332351	55.020643	50.489000
706.466440	888.332349	55.020643	50.489000
706.469098	888.332353	55.020647	50.489000
706.471587	888.332351	55.020643	50.488000
706.474062	888.332347	55.020643	50.487000
706.476540	888.332351	55.020647	50.485000
706.479086	888.332351	55.020645	50.482000
706.481573	888.332352	55.020645	50.480000
706.484099	888.332352	55.020644	50.478000
706.486546	888.332349	55.020642	50.477000
706.489098	888.332349	55.020646	50.477000
706.491600	888.332353	55.020648	50.478000
706.494151	888.332349	55.020645	50.479000
706.496541	888.332351	55.020643	50.480000
706.499081	888.332351	55.020642	50.481000
706.501569	888.332351	55.020644	50.482000
706.503994	888.332349	55.020642	50.482000
706.506643	888.332353	55.020648	50.483000
706.509191	888.332351	55.020647	50.483000
706.511689	888.332352	55.020646	50.484000
706.514255	888.332348	55.020644	50.485000
706.516534	888.332355	55.020643	50.486000
706.519180	888.332352	55.020643	50.487000
706.521669	888.332350	55.020642	50.489000
706.524202	888.332353	55.020645	50.491000
706.526644	888.332352	55.020648	50.494000
706.529191	888.332349	55.020645	50.496000
706.531692	888.332345	55.020642	50.498000
706.534153	888.332353	55.020644	50.501000
706.536728	888.332350	55.020643	50.502000
706.539179	888.332355	55.020645	50.504000
706.541566	888.332350	55.020646	50.506000
706.544291	888.332349	55.020643	50.508000
706.546741	888.332353	55.020645	50.509000
706.549285	888.332348	55.020649	50.510000
706.551794	888.332348	55.020647	50.510000
706.554347	888.332346	55.020647	50.511000
706.556730	888.332353	55.020642	50.511000
706.559276	888.332351	55.020645	50.511000
706.561771	888.332350	55.020646	50.511000
706.564388	888.332352	55.020645	50.512000
706.566745	888.332348	55.020645	50.514000
706.569295	888.332348	55.020645	50.517000
706.571781	888.332353	55.020644	50.521000
706.574250	888.332353	55.020645	50.525000
706.576731	888.332350	55.020644	50.530000
706.579181	888.332349	55.020647	50.534000
706.581874	888.332349	55.020646	50.539000
706.584472	888.332350	55.020646	50.541000
706.586844	888.332353	55.020644	50.543000
706.589387	888.332351	55.020644	50.543000
706.591879	888.332352	55.020644	50.542000
706.594359	888.332353	55.020643	50.541000
706.596829	888.332349	55.020647	50.541000
706.599367	888.332351	55.020646	50.541000
706.601863	888.332350	55.020645	50.543000
706.604388	888.332351	55.020645	50.546000
706.606851	888.332343	55.020644	50.550000
706.609384	888.332353	55.020645	50.554000
706.611890	888.332350	55.020646	50.558000
706.614345	888.332348	55.020646	50.560000
706.616819	888.332351	55.020645	50.561000
706.619468	888.332351	55.020645	50.561000
706.621977	888.332348	55.020645	50.560000
706.624478	888.332349	55.020645	50.558000
706.626943	888.332351	55.020645	50.557000
706.629479	888.332348	55.020645	50.557000
706.631980	888.332350	55.020646	50.558000
706.634442	888.332353	55.020645	50.561000
706.636930	888.332352	55.020646	50.565000
706.639468	888.332352	55.020645	50.570000
706.641973	888.332350	55.020645	50.577000
706.644480	888.332351	55.020646	50.585000
706.646943	888.332351	55.020644	50.592000
706.649487	888.332351	55.020645	50.599000
706.651983	888.332351	55.020644	50.605000
706.654551	888.332353	55.020645	50.609000
706.657031	888.332350	55.020646	50.612000
706.659474	888.332351	55.020647	50.614000
706.661957	888.332351	55.020646	50.615000
706.664471	888.332351	55.020645	50.614000
706.667050	888.332350	55.020645	50.614000
706.669490	888.332348	55.020645	50.612000
706.671979	888.332351	55.020645	50.610000
706.674452	888.332349	55.020645	50.608000
706.677040	888.332350	55.020645	50.606000
706.679466	888.332351	55.020646	50.604000
706.681971	888.332351	55.020645	50.603000
706.684473	888.332348	55.020646	50.603000
706.687052	888.332349	55.020645	50.603000
706.689498	888.332348	55.020645	50.603000
706.691985	888.332351	55.020645	50.604000
706.694642	888.332350	55.020645	50.605000
706.697033	888.332347	55.020644	50.605000
706.699570	888.332351	55.020643	50.606000
706.702049	888.332355	55.020646	50.606000
706.704585	888.332347	55.020644	50.605000
706.707059	888.332348	55.020646	50.605000
706.709572	888.332351	55.020644	50.605000
706.712070	888.332354	55.020646	50.606000
706.714575	888.332353	55.020644	50.606000
706.717030	888.332346	55.020646	50.607000
706.719557	888.332350	55.020645	50.609000
706.722070	888.332350	55.020645	50.611000
706.724582	888.332354	55.020644	50.613000
706.726948	888.332351	55.020643	50.615000
706.729492	888.332352	55.020646	50.616000
706.732190	888.332346	55.020646	50.617000
706.734642	888.332346	55.020645	50.618000
706.737133	888.332353	55.020645	50.619000
706.739665	888.332350	55.020645	50.620000
706.742171	888.332350	55.020644	50.620000
706.744655	888.332350	55.020646	50.621000
706.747147	888.332353	55.020645	50.622000
706.749699	888.332347	55.020646	50.623000
706.752185	888.332354	55.020646	50.624000
706.754645	888.332349	55.020644	50.624000
706.757131	888.332354	55.020645	50.623000
706.759653	888.332352	55.020645	50.622000
706.762175	888.332352	55.020645	50.620000
706.764686	888.332347	55.020646	50.618000
706.767146	888.332351	55.020645	50.614000
706.769890	888.332349	55.020644	50.610000
706.772277	888.332349	55.020645	50.607000
706.774743	888.332350	55.020646	50.603000
706.777218	888.332351	55.020645	50.600000
706.779769	888.332348	55.020643	50.597000
706.782273	888.332349	55.020646	50.594000
706.784766	888.332352	55.020644	50.591000
706.787240	888.332350	55.020646	50.588000
706.789802	888.332353	55.020645	50.585000
706.792268	888.332351	55.020645	50.583000
706.794736	888.332352	55.020644	50.580000
706.797133	888.332348	55.020644	50.578000
706.799858	888.332350	55.020646	50.575000
706.802262	888.332347	55.020645	50.572000
706.804762	888.332357	55.020645	50.568000
706.807354	888.332353	55.020645	50.563000
706.809900	888.332346	55.020646	50.559000
706.812380	888.332347	55.020645	50.554000
706.814849	888.332350	55.020645	50.550000
706.817336	888.332355	55.020645	50.546000
706.819948	888.332352	55.020646	50.542000
706.822371	888.332349	55.020645	50.538000
706.824859	888.332349	55.020646	50.534000
706.827357	888.332349	55.020643	50.531000
706.829898	888.332350	55.020646	50.528000
706.832369	888.332354	55.020643	50.525000
706.834848	888.332349	55.020646	50.523000
706.837318	888.332351	55.020645	50.522000
706.839850	888.332348	55.020645	50.520000
706.842252	888.332349	55.020645	50.518000
706.844856	888.332350	55.020645	50.517000
706.847348	888.332352	55.020645	50.515000
706.849889	888.332349	55.020646	50.513000
706.852372	888.332347	55.020645	50.510000
706.854860	888.332350	55.020645	50.507000
706.857346	888.332346	55.020644	50.503000
706.859848	888.332352	55.020644	50.499000
706.862369	888.332352	55.020646	50.495000
706.864853	888.332352	55.020644	50.491000
706.867357	888.332347	55.020644	50.489000
706.869891	888.332349	55.020646	50.489000
706.872472	888.332350	55.020644	50.490000
706.874837	888.332351	55.020645	50.492000
706.877340	888.332348	55.020644	50.495000
706.879943	888.332349	55.020647	50.498000
706.882383	888.332356	55.020645	50.500000
706.885046	888.332350	55.020645	50.501000
706.887462	888.332351	55.020646	50.501000
706.890001	888.332347	55.020646	50.500000
706.892480	888.332350	55.020646	50.499000
706.894946	888.332349	55.020645	50.497000
706.897443	888.332348	55.020644	50.496000
706.899946	888.332351	55.020646	50.496000
706.902478	888.332354	55.020647	50.497000
706.904958	888.332348	55.020644	50.499000
706.907440	888.332349	55.020646	50.501000
706.910010	888.332352	55.020645	50.504000
706.912583	888.332351	55.020645	50.506000
706.914941	888.332349	55.020645	50.507000
706.917430	888.332348	55.020644	50.508000
706.919947	888.332349	55.020643	50.508000
706.922848	888.332352	55.020644	50.508000
706.925051	888.332352	55.020644	50.509000
706.927563	888.332349	55.020646	50.510000
706.930100	888.332350	55.020646	50.513000
706.932675	888.332350	55.020645	50.516000
706.935044	888.332354	55.020645	50.519000
706.937550	888.332350	55.020645	50.521000
706.940045	888.332354	55.020645	50.523000
706.942563	888.332351	55.020646	50.525000
706.945043	888.332347	55.020645	50.525000
706.947569	888.332348	55.020646	50.524000
706.950107	888.332352	55.020645	50.522000
706.952574	888.332353	55.020643	50.519000
706.955139	888.332346	55.020646	50.517000
706.957532	888.332349	55.020645	50.515000
706.960050	888.332349	55.020645	50.513000
706.962680	888.332351	55.020645	50.511000
706.965249	888.332351	55.020645	50.511000
706.967650	888.332349	55.020645	50.512000
706.970217	888.332351	55.020645	50.512000
706.972675	888.332350	55.020644	50.513000
706.975240	888.332349	55.020643	50.514000
706.977627	888.332349	55.020644	50.514000
706.980157	888.332351	55.020645	50.513000
706.982675	888.332347	55.020646	50.512000
706.985244	888.332353	55.020644	50.511000
706.987744	888.332350	55.020645	50.509000
706.990311	888.332355	55.020644	50.507000
706.992680	888.332347	55.020645	50.505000
706.995137	888.332348	55.020646	50.503000
706.997641	888.332348	55.020644	50.501000
707.000248	888.332353	55.020645	50.499000
707.002765	888.332350	55.020645	50.497000
707.005237	888.332351	55.020643	50.496000
707.007755	888.332350	55.020645	50.496000
707.010297	888.332349	55.020646	50.496000
707.012774	888.332350	55.020645	50.496000
707.015241	888.332348	55.020646	50.496000
707.017732	888.332350	55.020646	50.498000
707.020254	888.332348	55.020643	50.499000
707.022762	888.332352	55.020645	50.501000
707.025240	888.332352	55.020646	50.503000
707.027761	888.332350	55.020645	50.505000
707.030305	888.332347	55.020643	50.507000
707.032666	888.332350	55.020646	50.509000
707.035240	888.332354	55.020645	50.510000
707.037838	888.332350	55.020646	50.512000
707.040366	888.332350	55.020648	50.513000
707.042849	888.332351	55.020647	50.515000
707.045347	888.332351	55.020646	50.517000
707.047857	888.332349	55.020646	50.519000
707.050399	888.332352	55.020647	50.523000
707.052872	888.332349	55.020643	50.527000
707.055335	888.332353	55.020644	50.531000
707.057818	888.332349	55.020643	50.534000
707.060354	888.332354	55.020644	50.537000
707.062865	888.332352	55.020646	50.539000
707.065450	888.332348	55.020642	50.539000
707.067849	888.332351	55.020644	50.539000
707.070396	888.332350	55.020645	50.537000
707.072880	888.332355	55.020644	50.534000
707.075429	888.332350	55.020648	50.532000
707.077922	888.332352	55.020646	50.530000
707.080465	888.332348	55.020642	50.530000
707.082960	888.332355	55.020645	50.530000
707.085445	888.332349	55.020644	50.532000
707.087956	888.332353	55.020646	50.534000
707.090519	888.332346	55.020644	50.537000
707.092976	888.332353	55.020643	50.540000
707.095444	888.332351	55.020644	50.542000
707.097963	888.332351	55.020643	50.544000
707.100492	888.332354	55.020643	50.544000
707.102986	888.332351	55.020645	50.545000
707.105555	888.332349	55.020644	50.545000
707.107935	888.332348	55.020643	50.544000
707.110496	888.332354	55.020646	50.544000
707.113079	888.332356	55.020644	50.544000
707.115544	888.332346	55.020646	50.544000
707.118030	888.332341	55.020643	50.544000
707.120572	888.332353	55.020645	50.545000
707.123063	888.332352	55.020645	50.545000
707.125563	888.332355	55.020644	50.545000
707.128161	888.332348	55.020646	50.544000
707.130594	888.332351	55.020645	50.543000
707.133078	888.332354	55.020645	50.540000
707.135549	888.332350	55.020646	50.537000
707.138041	888.332348	55.020642	50.534000
707.140566	888.332348	55.020645	50.531000
707.143068	888.332351	55.020644	50.528000
707.145569	888.332353	55.020646	50.526000
707.148167	888.332354	55.020646	50.523000
707.150681	888.332351	55.020645	50.521000
707.153190	888.332349	55.020648	50.520000
707.155660	888.332350	55.020645	50.519000
707.158135	888.332346	55.020644	50.518000
707.160638	888.332346	55.020643	50.517000
707.163153	888.332353	55.020646	50.516000
707.165658	888.332353	55.020645	50.515000
707.168170	888.332350	55.020645	50.515000
707.170704	888.332348	55.020645	50.515000
707.173165	888.332346	55.020645	50.515000
707.175622	888.332349	55.020645	50.516000
707.178120	888.332349	55.020644	50.517000
707.180768	888.332349	55.020645	50.518000
707.183059	888.332355	55.020645	50.520000
707.185656	888.332353	55.020646	50.521000
707.188162	888.332349	55.020646	50.521000
707.190798	888.332349	55.020646	50.522000
707.193168	888.332347	55.020647	50.524000
707.195630	888.332356	55.020644	50.525000
707.198129	888.332351	55.020646	50.526000
707.200669	888.332350	55.020644	50.528000
707.203171	888.332353	55.020646	50.530000
707.205657	888.332349	55.020645	50.532000
707.208163	888.332350	55.020645	50.535000
707.210691	888.332351	55.020646	50.537000
707.213170	888.332352	55.020645	50.539000
707.215646	888.332350	55.020644	50.540000
707.218130	888.332350	55.020645	50.540000
707.220653	888.332348	55.020645	50.541000
707.223048	888.332352	55.020646	50.540000
707.225742	888.332350	55.020645	50.539000
707.228262	888.332351	55.020644	50.538000
707.230812	888.332350	55.020647	50.537000
707.233267	888.332350	55.020643	50.536000
707.235726	888.332348	55.020646	50.535000
707.238229	888.332348	55.020644	50.536000
707.240762	888.332353	55.020646	50.537000
707.243271	888.332349	55.020644	50.539000
707.245756	888.332352	55.020646	50.542000
707.248265	888.332349	55.020645	50.545000
707.250890	888.332350	55.020644	50.548000
707.253177	888.332349	55.020645	50.549000
707.255734	888.332351	55.020645	50.550000
707.258130	888.332351	55.020644	50.549000
707.260769	888.332350	55.020645	50.547000
707.263380	888.332351	55.020645	50.543000
707.265856	888.332348	55.020644	50.539000
707.268375	888.332349	55.020645	50.535000
707.270892	888.332349	55.020645	50.531000
707.273379	888.332352	55.020647	50.527000
707.275834	888.332348	55.020644	50.524000
707.278350	888.332349	55.020645	50.522000
707.280862	888.332350	55.020644	50.520000
707.283372	888.332350	55.020647	50.518000
707.285849	888.332351	55.020644	50.515000
707.288364	888.332350	55.020646	50.511000
707.290899	888.332347	55.020645	50.508000
707.293369	888.332348	55.020646	50.503000
707.295835	888.332349	55.020644	50.499000
707.298450	888.332348	55.020644	50.496000
707.300871	888.332351	55.020644	50.494000
707.303477	888.332349	55.020644	50.493000
707.305951	888.332347	55.020647	50.494000
707.308465	888.332348	55.020644	50.497000
707.310981	888.332352	55.020644	50.500000
707.313460	888.332350	55.020644	50.503000
707.315938	888.332346	55.020644	50.505000
707.318451	888.332351	55.020645	50.507000
707.320964	888.332349	55.020645	50.508000
707.323478	888.332351	55.020646	50.508000
707.325952	888.332349	55.020646	50.508000
707.328474	888.332350	55.020645	50.509000
707.330988	888.332348	55.020646	50.509000
707.333470	888.332353	55.020646	50.510000
707.335936	888.332353	55.020645	50.512000
707.338434	888.332349	55.020645	50.513000
707.341066	888.332353	55.020643	50.515000
707.343576	888.332352	55.020646	50.518000
707.346037	888.332347	55.020646	50.519000
707.348580	888.332349	55.020646	50.521000
707.351104	888.332349	55.020643	50.523000
707.353558	888.332352	55.020647	50.525000
707.356031	888.332351	55.020643	50.526000
707.358555	888.332351	55.020646	50.528000
707.361072	888.332348	55.020643	50.530000
707.363584	888.332351	55.020646	50.532000
707.366048	888.332348	55.020645	50.533000
707.368580	888.332351	55.020646	50.534000
707.371100	888.332353	55.020644	50.534000
707.373667	888.332349	55.020644	50.533000
707.375937	888.332353	55.020647	50.532000
707.378767	888.332351	55.020645	50.530000
707.381166	888.332353	55.020646	50.529000
707.383900	888.332352	55.020645	50.528000
707.386153	888.332353	55.020645	50.528000
707.388692	888.332351	55.020643	50.528000
707.391194	888.332352	55.020648	50.528000
707.393668	888.332350	55.020645	50.529000
707.396127	888.332349	55.020647	50.529000
707.398655	888.332348	55.020645	50.530000
707.401167	888.332351	55.020647	50.530000
707.403698	888.332349	55.020644	50.529000
707.406148	888.332350	55.020645	50.528000
707.408799	888.332353	55.020644	50.527000
707.411197	888.332352	55.020645	50.527000
707.413555	888.332350	55.020647	50.526000
707.416230	888.332350	55.020643	50.526000
707.418763	888.332350	55.020645	50.527000
707.421263	888.332348	55.020645	50.527000
707.423781	888.332351	55.020645	50.529000
707.426247	888.332350	55.020643	50.530000
707.428784	888.332352	55.020646	50.530000
707.431295	888.332351	55.020644	50.531000
707.433756	888.332353	55.020646	50.531000
707.436232	888.332350	55.020645	50.530000
707.438766	888.332351	55.020645	50.530000
707.441160	888.332350	55.020644	50.529000
707.443787	888.332344	55.020643	50.528000
707.446346	888.332352	55.020646	50.527000
707.448793	888.332350	55.020647	50.527000
707.451294	888.332351	55.020644	50.528000
707.453859	888.332350	55.020644	50.529000
707.456330	888.332353	55.020646	50.530000
707.458966	888.332348	55.020644	50.532000
707.461362	888.332350	55.020644	50.533000
707.463887	888.332352	55.020646	50.534000
707.466338	888.332352	55.020644	50.534000
707.468888	888.332356	55.020643	50.534000
707.471391	888.332348	55.020646	50.534000
707.473864	888.332352	55.020644	50.534000
707.476435	888.332355	55.020644	50.533000
707.478876	888.332351	55.020645	50.533000
707.481372	888.332348	55.020643	50.534000
707.483899	888.332349	55.020646	50.534000
707.486254	888.332349	55.020645	50.535000
707.488886	888.332351	55.020645	50.536000
707.491291	888.332350	55.020645	50.538000
707.493862	888.332352	55.020643	50.539000
707.496335	888.332356	55.020648	50.541000
707.498872	888.332349	55.020643	50.542000
707.501363	888.332348	55.020646	50.543000
707.503893	888.332350	55.020642	50.545000
707.506446	888.332348	55.020645	50.547000
707.508893	888.332351	55.020643	50.549000
707.511393	888.332350	55.020648	50.550000
707.513864	888.332351	55.020643	50.552000
707.516331	888.332353	55.020647	50.554000
707.518873	888.332351	55.020645	50.555000
707.521356	888.332349	55.020645	50.556000
707.523794	888.332350	55.020645	50.557000
707.526344	888.332347	55.020647	50.558000
707.528789	888.332352	55.020647	50.558000
707.531490	888.332350	55.020644	50.559000
707.533966	888.332353	55.020643	50.559000
707.536431	888.332348	55.020644	50.559000
707.538978	888.332348	55.020645	50.560000
707.541467	888.332349	55.020645	50.561000
707.544003	888.332354	55.020648	50.562000
707.546444	888.332346	55.020642	50.563000
707.548993	888.332349	55.020645	50.564000
707.551498	888.332353	55.020644	50.564000
707.553955	888.332349	55.020646	50.564000
707.556431	888.332352	55.020644	50.564000
707.559085	888.332351	55.020646	50.564000
707.561463	888.332353	55.020645	50.563000
707.563994	888.332348	55.020646	50.563000
707.566443	888.332351	55.020643	50.563000
707.569095	888.332347	55.020644	50.564000
707.571590	888.332350	55.020644	50.564000
707.574052	888.332349	55.020648	50.565000
707.576533	888.332347	55.020645	50.565000
707.579073	888.332348	55.020644	50.566000
707.581573	888.332349	55.020646	50.567000
707.584102	888.332353	55.020647	50.568000
707.586540	888.332350	55.020646	50.569000
707.589091	888.332355	55.020644	50.570000
707.591503	888.332352	55.020644	50.572000
707.594067	888.332350	55.020643	50.573000
707.596525	888.332349	55.020646	50.574000
707.598972	888.332348	55.020646	50.576000
707.601466	888.332348	55.020643	50.578000
707.604109	888.332349	55.020646	50.579000
707.606448	888.332347	55.020646	50.580000
707.609201	888.332352	55.020645	50.580000
707.611697	888.332352	55.020646	50.580000
707.614160	888.332351	55.020645	50.579000
707.616632	888.332349	55.020646	50.579000
707.619182	888.332354	55.020646	50.578000
707.621670	888.332351	55.020647	50.578000
707.624189	888.332349	55.020645	50.578000
707.626645	888.332352	55.020644	50.580000
707.629197	888.332352	55.020645	50.581000
707.631693	888.332350	55.020646	50.584000
707.634154	888.332349	55.020643	50.586000
707.636633	888.332353	55.020647	50.588000
707.639180	888.332345	55.020644	50.590000
707.641770	888.332351	55.020646	50.591000
707.644096	888.332347	55.020644	50.591000
707.646737	888.332351	55.020645	50.591000
707.649288	888.332350	55.020646	50.590000
707.651791	888.332348	55.020644	50.588000
707.654255	888.332350	55.020644	50.585000
707.656735	888.332347	55.020644	50.583000
707.659283	888.332351	55.020647	50.579000
707.661771	888.332347	55.020642	50.576000
707.664286	888.332352	55.020644	50.573000
707.666741	888.332351	55.020646	50.569000
707.669298	888.332348	55.020644	50.567000
707.671797	888.332349	55.020644	50.565000
707.674356	888.332351	55.020643	50.563000
707.676730	888.332350	55.020644	50.562000
707.679276	888.332349	55.020646	50.562000
707.681758	888.332344	55.020643	50.562000
707.684392	888.332350	55.020645	50.564000
707.686849	888.332351	55.020645	50.565000
707.689385	888.332347	55.020644	50.567000
707.691895	888.332346	55.020647	50.569000
707.694349	888.332349	55.020644	50.571000
707.696830	888.332351	55.020646	50.572000
707.699371	888.332348	55.020643	50.573000
707.701964	888.332347	55.020643	50.572000
707.704394	888.332346	55.020645	50.571000
707.706836	888.332353	55.020646	50.570000
707.709386	888.332353	55.020647	50.568000
707.711884	888.332353	55.020644	50.566000
707.714348	888.332349	55.020646	50.564000
707.716725	888.332348	55.020646	50.563000
707.719267	888.332352	55.020644	50.561000
707.722067	888.332352	55.020647	50.558000
707.724482	888.332353	55.020645	50.556000
707.726943	888.332349	55.020645	50.554000
707.729485	888.332350	55.020646	50.552000
707.731990	888.332347	55.020644	50.551000
707.734453	888.332352	55.020646	50.549000
707.736942	888.332351	55.020644	50.549000
707.739475	888.332348	55.020644	50.548000
707.741971	888.332348	55.020646	50.548000
707.744487	888.332350	55.020645	50.547000
707.746950	888.332350	55.020646	50.547000
707.749489	888.332349	55.020646	50.546000
707.751987	888.332347	55.020645	50.545000
707.754449	888.332354	55.020645	50.544000
707.756934	888.332351	55.020644	50.542000
707.759667	888.332349	55.020646	50.541000
707.762071	888.332351	55.020647	50.539000
707.764581	888.332351	55.020644	50.538000
707.767050	888.332350	55.020645	50.536000
707.769585	888.332349	55.020645	50.535000
707.772084	888.332352	55.020645	50.533000
707.774643	888.332343	55.020647	50.532000
707.777042	888.332352	55.020646	50.530000
707.779573	888.332346	55.020644	50.529000
707.782164	888.332351	55.020643	50.529000
707.784671	888.332350	55.020646	50.528000
707.787045	888.332353	55.020646	50.528000
707.789588	888.332353	55.020644	50.528000
707.792182	888.332356	55.020645	50.527000
707.794456	888.332352	55.020646	50.526000
707.796934	888.332347	55.020644	50.525000
707.799668	888.332350	55.020647	50.523000
707.802180	888.332349	55.020643	50.520000
707.804678	888.332351	55.020647	50.516000
707.807151	888.332350	55.020645	50.512000
707.809683	888.332351	55.020647	50.508000
707.812188	888.332350	55.020644	50.505000
707.814748	888.332350	55.020643	50.502000
707.817237	888.332347	55.020647	50.500000
707.819667	888.332352	55.020645	50.498000
707.822164	888.332350	55.020645	50.498000
707.824678	888.332350	55.020646	50.497000
707.827253	888.332349	55.020646	50.497000
707.829686	888.332349	55.020647	50.496000
707.832189	888.332350	55.020644	50.495000
707.834652	888.332352	55.020645	50.494000
707.837233	888.332349	55.020646	50.492000
707.839761	888.332352	55.020644	50.490000
707.842272	888.332347	55.020644	50.488000
707.844776	888.332350	55.020642	50.486000
707.847253	888.332350	55.020646	50.484000
707.849795	888.332350	55.020644	50.482000
707.852281	888.332351	55.020646	50.480000
707.854748	888.332350	55.020642	50.478000
707.857223	888.332349	55.020645	50.476000
707.859756	888.332350	55.020644	50.474000
707.862266	888.332351	55.020646	50.472000
707.864777	888.332350	55.020643	50.470000
707.867349	888.332346	55.020644	50.469000
707.869677	888.332351	55.020647	50.467000
707.872286	888.332347	55.020645	50.466000
707.874846	888.332354	55.020646	50.465000
707.877427	888.332348	55.020645	50.464000
707.879843	888.332351	55.020643	50.464000
707.882353	888.332349	55.020646	50.464000
707.884859	888.332354	55.020646	50.464000
707.887351	888.332354	55.020646	50.464000
707.889898	888.332350	55.020643	50.464000
707.892383	888.332349	55.020642	50.463000
707.894832	888.332347	55.020643	50.463000
707.897329	888.332351	55.020642	50.462000
707.899951	888.332347	55.020644	50.461000
707.902371	888.332349	55.020644	50.460000
707.904958	888.332350	55.020644	50.460000
707.907440	888.332352	55.020644	50.460000
707.909792	888.332352	55.020646	50.460000
707.912582	888.332352	55.020645	50.461000
707.914939	888.332350	55.020645	50.462000
707.917528	888.332348	55.020644	50.464000
707.919949	888.332350	55.020648	50.465000
707.922474	888.332349	55.020650	50.466000
707.924964	888.332351	55.020647	50.466000
707.927440	888.332348	55.020643	50.466000
707.929992	888.332352	55.020642	50.466000
707.932478	888.332349	55.020642	50.465000
707.935050	888.332350	55.020646	50.464000
707.937435	888.332349	55.020645	50.464000
707.939945	888.332351	55.020648	50.464000
707.942470	888.332354	55.020648	50.464000
707.944871	888.332350	55.020644	50.464000
707.947455	888.332350	55.020641	50.465000
707.949992	888.332348	55.020643	50.466000
707.952575	888.332351	55.020645	50.468000
707.955046	888.332349	55.020643	50.469000
707.957540	888.332348	55.020643	50.471000
707.960041	888.332346	55.020643	50.474000
707.962465	888.332350	55.020645	50.476000
707.965050	888.332349	55.020650	50.478000
707.967568	888.332349	55.020645	50.480000
707.970098	888.332350	55.020639	50.482000
707.972476	888.332348	55.020647	50.482000
707.975145	888.332347	55.020644	50.483000
707.977656	888.332352	55.020649	50.483000
707.980047	888.332351	55.020644	50.482000
707.982570	888.332347	55.020649	50.481000
707.985056	888.332349	55.020644	50.481000
707.987657	888.332352	55.020648	50.480000
707.990194	888.332351	55.020643	50.480000
707.992683	888.332349	55.020640	50.481000
707.995149	888.332351	55.020649	50.482000
707.997640	888.332350	55.020644	50.483000
708.000147	888.332353	55.020642	50.485000
708.002672	888.332351	55.020649	50.487000
708.005145	888.332353	55.020648	50.489000
708.007659	888.332352	55.020641	50.491000
708.010188	888.332349	55.020645	50.493000
708.012669	888.332351	55.020649	50.494000
708.015138	888.332348	55.020644	50.495000
708.017745	888.332354	55.020646	50.496000
708.020149	888.332349	55.020647	50.497000
708.022667	888.332353	55.020647	50.499000
708.025343	888.332349	55.020645	50.501000
708.027762	888.332350	55.020644	50.503000
708.030406	888.332353	55.020647	50.506000
708.032780	888.332352	55.020644	50.509000
708.035244	888.332349	55.020646	50.513000
708.037735	888.332349	55.020648	50.515000
708.040255	888.332348	55.020647	50.518000
708.042776	888.332351	55.020645	50.519000
708.045251	888.332348	55.020645	50.520000
708.047754	888.332351	55.020645	50.520000
708.050394	888.332351	55.020647	50.519000
708.052779	888.332353	55.020645	50.517000
708.055237	888.332354	55.020646	50.516000
708.057734	888.332353	55.020645	50.514000
708.060243	888.332349	55.020644	50.513000
708.062863	888.332352	55.020646	50.512000
708.065350	888.332353	55.020646	50.512000
708.067854	888.332348	55.020645	50.513000
708.070404	888.332352	55.020643	50.514000
708.072874	888.332348	55.020643	50.516000
708.075330	888.332351	55.020644	50.517000
708.077828	888.332348	55.020646	50.519000
708.080359	888.332352	55.020644	50.520000
708.082965	888.332351	55.020644	50.520000
708.085341	888.332349	55.020645	50.520000
708.087855	888.332349	55.020645	50.519000
708.090401	888.332352	55.020645	50.518000
708.092982	888.332347	55.020645	50.516000
708.095245	888.332349	55.020646	50.515000
708.097839	888.332352	55.020645	50.515000
708.100456	888.332349	55.020646	50.516000
708.102962	888.332350	55.020645	50.517000
708.105450	888.332349	55.020646	50.520000
708.107955	888.332348	55.020647	50.523000
708.110508	888.332353	55.020646	50.527000
708.112973	888.332350	55.020646	50.530000
708.115442	888.332349	55.020644	50.532000
708.117923	888.332351	55.020646	50.533000
708.120458	888.332351	55.020647	50.533000
708.122964	888.332346	55.020646	50.532000
708.125447	888.332350	55.020644	50.530000
708.127956	888.332348	55.020650	50.528000
708.130597	888.332354	55.020650	50.525000
708.132868	888.332349	55.020645	50.523000
708.135440	888.332351	55.020646	50.521000
708.137842	888.332350	55.020647	50.520000
708.140461	888.332350	55.020642	50.520000
708.142973	888.332349	55.020645	50.520000
708.145448	888.332348	55.020646	50.520000
708.147950	888.332351	55.020644	50.521000
708.150500	888.332351	55.020648	50.522000
708.153080	888.332350	55.020644	50.523000
708.155436	888.332350	55.020649	50.525000
708.158016	888.332347	55.020651	50.526000
708.160460	888.332348	55.020653	50.526000
708.162967	888.332351	55.020636	50.526000
708.165450	888.332352	55.020648	50.525000
708.167958	888.332349	55.020655	50.524000
708.170506	888.332350	55.020638	50.523000
708.172967	888.332342	55.020649	50.521000
708.175441	888.332351	55.020642	50.519000
708.178022	888.332350	55.020651	50.518000
708.180555	888.332349	55.020641	50.517000
708.183059	888.332349	55.020646	50.517000
708.185550	888.332350	55.020645	50.518000
708.188056	888.332348	55.020643	50.518000
708.190599	888.332352	55.020650	50.520000
708.193173	888.332347	55.020647	50.520000
708.195534	888.332352	55.020650	50.520000
708.198040	888.332349	55.020642	50.520000
708.200567	888.332348	55.020649	50.518000
708.203066	888.332351	55.020641	50.515000
708.205552	888.332349	55.020649	50.513000
708.208068	888.332351	55.020642	50.510000
708.210600	888.332347	55.020647	50.507000
708.213082	888.332350	55.020641	50.506000
708.215744	888.332350	55.020648	50.505000
708.218134	888.332351	55.020650	50.505000
708.220666	888.332348	55.020641	50.506000
708.223162	888.332352	55.020649	50.507000
708.225673	888.332345	55.020641	50.508000
708.228160	888.332348	55.020648	50.508000
708.230696	888.332350	55.020643	50.508000
708.233273	888.332351	55.020642	50.507000
708.235734	888.332350	55.020649	50.506000
708.238119	888.332350	55.020647	50.504000
708.240670	888.332349	55.020644	50.502000
708.243163	888.332347	55.020647	50.501000
708.245657	888.332350	55.020646	50.500000
708.248165	888.332349	55.020644	50.499000
708.250598	888.332347	55.020641	50.500000
708.253262	888.332350	55.020642	50.501000
708.255835	888.332349	55.020638	50.503000
708.258232	888.332348	55.020635	50.504000
708.260761	888.332351	55.020646	50.506000
708.263256	888.332349	55.020654	50.507000
708.265852	888.332346	55.020638	50.507000
708.268258	888.332351	55.020634	50.507000
708.270795	888.332349	55.020644	50.506000
708.273266	888.332348	55.020654	50.505000
708.275729	888.332351	55.020645	50.503000
708.278217	888.332354	55.020636	50.502000
708.280755	888.332350	55.020645	50.501000
708.283260	888.332351	55.020648	50.501000
708.285752	888.332347	55.020636	50.501000
708.288355	888.332353	55.020646	50.502000
708.290904	888.332351	55.020641	50.503000
708.293366	888.332349	55.020653	50.505000
708.295927	888.332352	55.020640	50.507000
708.298311	888.332347	55.020646	50.509000
708.300873	888.332350	55.020642	50.510000
708.303356	888.332352	55.020648	50.511000
708.305852	888.332351	55.020643	50.512000
708.308355	888.332349	55.020645	50.513000
708.310901	888.332347	55.020649	50.514000
708.313369	888.332348	55.020643	50.514000
708.315829	888.332350	55.020645	50.514000
708.318435	888.332353	55.020644	50.513000
708.320857	888.332351	55.020647	50.512000
708.323258	888.332349	55.020649	50.511000
708.325758	888.332347	55.020642	50.509000
708.328479	888.332348	55.020649	50.508000
708.330992	888.332347	55.020641	50.506000
708.333463	888.332351	55.020649	50.506000
708.335930	888.332351	55.020645	50.505000
708.338437	888.332349	55.020641	50.505000
708.340967	888.332349	55.020647	50.505000
708.343474	888.332351	55.020643	50.505000
708.345956	888.332350	55.020648	50.505000
708.348463	888.332351	55.020642	50.504000
708.350996	888.332352	55.020650	50.504000
708.353457	888.332352	55.020640	50.503000
708.355923	888.332349	55.020652	50.502000
708.358437	888.332352	55.020638	50.502000
708.360880	888.332352	55.020644	50.502000
708.363461	888.332349	55.020655	50.503000
708.366053	888.332351	55.020635	50.505000
708.368566	888.332347	55.020648	50.508000
708.371104	888.332353	55.020648	50.511000
708.373564	888.332351	55.020637	50.514000
708.376022	888.332351	55.020652	50.516000
708.378529	888.332346	55.020643	50.517000
708.381060	888.332351	55.020645	50.518000
708.383586	888.332351	55.020643	50.518000
708.386059	888.332349	55.020646	50.517000
708.388680	888.332352	55.020646	50.517000
708.391100	888.332353	55.020646	50.516000
708.393499	888.332352	55.020643	50.516000
708.395988	888.332346	55.020645	50.516000
708.398457	888.332353	55.020644	50.517000
708.401079	888.332354	55.020646	50.519000
708.403706	888.332349	55.020646	50.520000
708.406148	888.332345	55.020648	50.521000
708.408784	888.332356	55.020643	50.521000
708.411206	888.332351	55.020645	50.521000
708.413662	888.332350	55.020644	50.520000
708.416128	888.332349	55.020644	50.519000
708.418651	888.332351	55.020645	50.519000
708.421171	888.332348	55.020645	50.520000
708.423703	888.332355	55.020644	50.521000
708.426153	888.332350	55.020645	50.524000
708.428668	888.332351	55.020644	50.527000
708.431195	888.332347	55.020647	50.531000
708.433663	888.332351	55.020647	50.535000
708.436134	888.332347	55.020644	50.538000
708.438653	888.332348	55.020645	50.540000
708.441265	888.332350	55.020645	50.541000
708.443793	888.332347	55.020644	50.540000
708.446251	888.332353	55.020643	50.539000
708.448786	888.332350	55.020642	50.537000
708.451300	888.332351	55.020646	50.535000
708.453768	888.332349	55.020645	50.533000
708.456236	888.332353	55.020645	50.531000
708.458757	888.332352	55.020645	50.530000
708.461363	888.332346	55.020647	50.529000
708.463792	888.332351	55.020644	50.529000
708.466248	888.332350	55.020643	50.529000
708.468798	888.332351	55.020644	50.529000
708.471399	888.332343	55.020647	50.530000
708.473768	888.332349	55.020642	50.530000
708.476233	888.332347	55.020644	50.531000
708.478976	888.332349	55.020644	50.532000
708.481458	888.332349	55.020645	50.533000
708.483893	888.332352	55.020645	50.534000
708.486348	888.332349	55.020644	50.535000
708.488893	888.332350	55.020645	50.536000
708.491405	888.332344	55.020646	50.537000
708.493868	888.332352	55.020647	50.537000
708.496333	888.332349	55.020645	50.538000
708.498859	888.332352	55.020645	50.540000
708.501363	888.332347	55.020646	50.541000
708.503891	888.332350	55.020645	50.543000
708.506357	888.332348	55.020646	50.545000
708.508895	888.332348	55.020644	50.546000
708.511500	888.332353	55.020644	50.548000
708.513853	888.332350	55.020647	50.550000
708.516422	888.332353	55.020645	50.552000
708.518973	888.332349	55.020646	50.553000
708.521474	888.332351	55.020645	50.554000
708.523997	888.332347	55.020646	50.555000
708.526444	888.332350	55.020645	50.556000
708.528984	888.332350	55.020645	50.556000
708.531585	888.332350	55.020644	50.557000
708.533964	888.332352	55.020645	50.558000
708.536434	888.332351	55.020643	50.558000
708.538968	888.332352	55.020645	50.559000
708.541467	888.332350	55.020647	50.560000
708.543996	888.332351	55.020645	50.562000
708.546444	888.332347	55.020645	50.563000
708.548981	888.332345	55.020644	50.565000
708.551497	888.332352	55.020644	50.566000
708.554069	888.332350	55.020646	50.568000
708.556535	888.332350	55.020646	50.569000
708.559067	888.332349	55.020646	50.570000
708.561545	888.332352	55.020650	50.571000
708.564176	888.332350	55.020640	50.572000
708.566561	888.332351	55.020639	50.572000
708.569095	888.332347	55.020654	50.572000
708.571586	888.332354	55.020642	50.572000
708.574057	888.332348	55.020642	50.571000
708.576537	888.332346	55.020654	50.571000
708.579076	888.332348	55.020639	50.570000
708.581558	888.332350	55.020645	50.569000
708.584089	888.332352	55.020652	50.569000
708.586542	888.332351	55.020638	50.570000
708.589188	888.332349	55.020650	50.571000
708.591681	888.332349	55.020636	50.572000
708.594264	888.332353	55.020652	50.573000
708.596733	888.332353	55.020637	50.575000
708.599269	888.332349	55.020646	50.575000
708.601763	888.332346	55.020653	50.575000
708.604290	888.332348	55.020638	50.575000
708.606736	888.332349	55.020650	50.573000
708.609291	888.332354	55.020642	50.570000
708.611796	888.332352	55.020642	50.568000
708.614261	888.332349	55.020655	50.565000
708.616735	888.332347	55.020647	50.562000
708.619267	888.332353	55.020641	50.560000
708.621769	888.332350	55.020652	50.559000
708.624291	888.332353	55.020637	50.559000
708.626750	888.332349	55.020650	50.559000
708.629480	888.332348	55.020653	50.561000
708.631882	888.332350	55.020652	50.562000
708.634450	888.332349	55.020639	50.564000
708.636843	888.332350	55.020637	50.566000
708.639372	888.332350	55.020650	50.567000
708.641868	888.332346	55.020642	50.568000
708.644389	888.332351	55.020644	50.569000
708.646850	888.332351	55.020650	50.570000
708.649388	888.332349	55.020637	50.570000
708.651879	888.332350	55.020650	50.571000
708.654453	888.332349	55.020638	50.572000
708.656935	888.332348	55.020651	50.572000
708.659377	888.332349	55.020650	50.573000
708.661859	888.332351	55.020642	50.573000
708.664485	888.332349	55.020643	50.573000
708.667042	888.332352	55.020644	50.572000
708.669692	888.332346	55.020647	50.571000
708.672180	888.332351	55.020649	50.569000
708.674649	888.332351	55.020645	50.567000
708.677131	888.332347	55.020646	50.565000
708.679671	888.332351	55.020645	50.562000
708.682066	888.332350	55.020646	50.561000
708.684790	888.332352	55.020646	50.559000
708.687158	888.332350	55.020646	50.559000
708.689687	888.332355	55.020645	50.560000
708.692185	888.332348	55.020643	50.561000
708.694651	888.332352	55.020644	50.562000
708.697145	888.332351	55.020645	50.564000
708.699667	888.332349	55.020646	50.565000
708.702173	888.332353	55.020646	50.566000
708.704686	888.332347	55.020644	50.566000
708.707254	888.332349	55.020645	50.565000
708.709892	888.332347	55.020645	50.565000
708.712388	888.332350	55.020647	50.564000
708.714858	888.332351	55.020645	50.563000
708.717339	888.332350	55.020645	50.563000
708.719854	888.332351	55.020644	50.562000
708.722369	888.332349	55.020647	50.562000
708.724868	888.332351	55.020646	50.562000
708.727355	888.332350	55.020646	50.562000
708.729787	888.332349	55.020646	50.562000
708.732390	888.332347	55.020645	50.561000
708.734853	888.332349	55.020643	50.560000
708.737330	888.332350	55.020645	50.558000
708.739863	888.332348	55.020645	50.556000
708.742472	888.332353	55.020645	50.554000
708.745153	888.332350	55.020643	50.551000
708.747762	888.332352	55.020647	50.550000
708.750205	888.332351	55.020646	50.548000
708.752682	888.332355	55.020646	50.547000
708.755147	888.332351	55.020647	50.546000
708.757643	888.332348	55.020646	50.546000
708.760144	888.332350	55.020646	50.545000
708.762686	888.332349	55.020643	50.544000
708.765161	888.332352	55.020643	50.543000
708.767652	888.332354	55.020644	50.542000
708.770173	888.332352	55.020643	50.540000
708.772670	888.332354	55.020643	50.538000
708.775174	888.332353	55.020643	50.536000
708.777663	888.332347	55.020647	50.533000
708.780346	888.332348	55.020645	50.530000
708.782764	888.332347	55.020645	50.528000
708.785234	888.332353	55.020645	50.525000
708.787767	888.332355	55.020645	50.523000
708.790309	888.332350	55.020645	50.522000
708.792881	888.332347	55.020645	50.520000
708.795245	888.332344	55.020645	50.519000
708.797752	888.332351	55.020646	50.518000
708.800264	888.332351	55.020646	50.517000
708.802771	888.332349	55.020646	50.516000
708.805242	888.332351	55.020644	50.515000
708.807864	888.332350	55.020646	50.515000
708.810313	888.332348	55.020644	50.516000
708.812787	888.332349	55.020645	50.516000
708.815247	888.332354	55.020644	50.517000
708.817637	888.332350	55.020643	50.518000
708.820248	888.332351	55.020646	50.519000
708.822786	888.332351	55.020646	50.519000
708.825259	888.332351	55.020644	50.518000
708.827763	888.332343	55.020645	50.517000
708.830301	888.332353	55.020646	50.516000
708.832786	888.332352	55.020645	50.514000
708.835256	888.332349	55.020645	50.512000
708.837840	888.332348	55.020647	50.510000
708.840251	888.332354	55.020643	50.509000
708.842780	888.332347	55.020645	50.508000
708.845244	888.332349	55.020645	50.508000
708.847748	888.332353	55.020645	50.509000
708.850298	888.332348	55.020644	50.511000
708.852785	888.332353	55.020644	50.513000
708.855255	888.332347	55.020646	50.515000
708.857932	888.332353	55.020645	50.517000
708.860557	888.332350	55.020644	50.519000
708.862962	888.332348	55.020645	50.520000
708.865446	888.332350	55.020646	50.521000
708.867961	888.332350	55.020645	50.520000
708.870507	888.332349	55.020645	50.520000
708.872970	888.332352	55.020644	50.518000
708.875432	888.332349	55.020645	50.517000
708.877937	888.332349	55.020644	50.516000
708.880559	888.332350	55.020645	50.516000
708.882962	888.332345	55.020645	50.515000
708.885431	888.332351	55.020644	50.516000
708.887947	888.332350	55.020646	50.516000
708.890500	888.332354	55.020648	50.517000
708.892884	888.332348	55.020643	50.517000
708.895531	888.332353	55.020644	50.518000
708.898032	888.332351	55.020646	50.518000
708.900671	888.332349	55.020645	50.518000
708.903154	888.332351	55.020644	50.518000
708.905651	888.332353	55.020645	50.517000
708.908167	888.332353	55.020644	50.517000
708.910808	888.332352	55.020644	50.517000
708.913164	888.332349	55.020644	50.517000
708.915644	888.332351	55.020643	50.518000
708.918124	888.332352	55.020644	50.518000
708.920770	888.332353	55.020646	50.519000
708.923160	888.332348	55.020644	50.519000
708.925655	888.332348	55.020646	50.520000
708.928173	888.332356	55.020646	50.521000
708.930697	888.332346	55.020646	50.521000
708.933265	888.332351	55.020645	50.522000
708.935738	888.332352	55.020645	50.523000
708.938233	888.332348	55.020647	50.524000
708.940774	888.332349	55.020646	50.525000
708.943351	888.332348	55.020643	50.526000
708.945758	888.332354	55.020645	50.528000
708.948259	888.332351	55.020646	50.529000
708.950799	888.332351	55.020646	50.529000
708.953269	888.332350	55.020646	50.530000
708.955730	888.332354	55.020645	50.530000
708.958226	888.332352	55.020645	50.530000
708.960761	888.332347	55.020645	50.530000
708.963252	888.332348	55.020644	50.531000
708.965753	888.332352	55.020646	50.532000
708.968162	888.332349	55.020643	50.533000
708.970906	888.332350	55.020644	50.535000
708.973369	888.332352	55.020644	50.537000
708.975832	888.332352	55.020645	50.540000
708.978327	888.332351	55.020645	50.541000
708.980965	888.332348	55.020647	50.543000
708.983353	888.332346	55.020645	50.544000
708.985954	888.332352	55.020645	50.545000
708.988357	888.332353	55.020646	50.545000
708.990890	888.332349	55.020645	50.544000
708.993385	888.332354	55.020645	50.544000
708.995836	888.332350	55.020645	50.543000
708.998325	888.332352	55.020646	50.542000
709.000862	888.332350	55.020646	50.542000
709.003360	888.332350	55.020645	50.541000
709.005861	888.332355	55.020645	50.541000
709.008465	888.332350	55.020645	50.541000
709.011006	888.332349	55.020644	50.542000
709.013476	888.332352	55.020645	50.542000
709.015946	888.332348	55.020646	50.543000
709.018527	888.332349	55.020644	50.543000
709.020966	888.332352	55.020646	50.544000
709.023572	888.332348	55.020645	50.545000
709.025961	888.332351	55.020645	50.546000
709.028456	888.332350	55.020646	50.547000
709.030996	888.332348	55.020645	50.549000
709.033465	888.332349	55.020646	50.550000
709.035935	888.332353	55.020644	50.552000
709.038427	888.332350	55.020644	50.554000
709.040959	888.332350	55.020644	50.556000
709.043465	888.332353	55.020645	50.558000
709.046143	888.332353	55.020644	50.560000
709.048563	888.332352	55.020644	50.562000
709.051094	888.332351	55.020647	50.564000
709.053768	888.332348	55.020642	50.565000
709.056031	888.332348	55.020641	50.567000
709.058534	888.332354	55.020649	50.568000
709.061161	888.332349	55.020646	50.570000
709.063567	888.332352	55.020644	50.570000
709.066056	888.332352	55.020646	50.570000
709.068572	888.332350	55.020644	50.570000
709.071101	888.332351	55.020642	50.569000
709.073568	888.332351	55.020644	50.568000
709.076032	888.332353	55.020644	50.568000
709.078532	888.332349	55.020644	50.568000
709.081070	888.332348	55.020646	50.569000
709.083671	888.332352	55.020644	50.571000
709.086056	888.332351	55.020646	50.573000
709.088561	888.332354	55.020646	50.575000
709.091099	888.332351	55.020647	50.577000
709.093660	888.332348	55.020644	50.578000
709.096135	888.332351	55.020644	50.578000
709.098540	888.332352	55.020646	50.578000
709.101065	888.332349	55.020647	50.578000
709.103466	888.332350	55.020644	50.577000
709.106059	888.332352	55.020643	50.576000
709.108473	888.332352	55.020646	50.576000
709.111111	888.332352	55.020644	50.576000
709.113579	888.332353	55.020645	50.576000
709.116035	888.332346	55.020644	50.577000
709.118536	888.332352	55.020644	50.578000
709.121049	888.332349	55.020650	50.578000
709.123669	888.332354	55.020651	50.579000
709.126164	888.332347	55.020641	50.579000
709.128670	888.332347	55.020649	50.578000
709.131199	888.332349	55.020642	50.577000
709.133661	888.332348	55.020646	50.576000
709.136138	888.332355	55.020647	50.575000
709.138651	888.332353	55.020641	50.575000
709.141162	888.332351	55.020649	50.574000
709.143668	888.332352	55.020642	50.574000
709.146257	888.332348	55.020641	50.575000
709.148660	888.332349	55.020646	50.576000
709.151301	888.332348	55.020646	50.577000
709.153691	888.332350	55.020644	50.577000
709.156134	888.332351	55.020645	50.578000
709.158518	888.332350	55.020645	50.577000
709.161152	888.332353	55.020644	50.577000
709.163677	888.332351	55.020645	50.576000
709.166251	888.332349	55.020644	50.575000
709.168682	888.332350	55.020647	50.574000
709.171191	888.332353	55.020647	50.573000
709.173673	888.332347	55.020647	50.573000
709.176135	888.332348	55.020645	50.572000
709.178645	888.332351	55.020645	50.572000
709.181161	888.332349	55.020646	50.571000
709.183679	888.332349	55.020645	50.570000
709.186152	888.332354	55.020645	50.569000
709.188671	888.332349	55.020645	50.566000
709.191192	888.332346	55.020645	50.564000
709.193565	888.332352	55.020644	50.560000
709.196036	888.332350	55.020644	50.556000
709.198747	888.332349	55.020644	50.552000
709.201267	888.332352	55.020644	50.548000
709.203779	888.332350	55.020645	50.544000
709.206254	888.332351	55.020646	50.540000
709.208765	888.332348	55.020644	50.538000
709.211290	888.332349	55.020643	50.536000
709.213774	888.332347	55.020643	50.534000
709.216237	888.332349	55.020647	50.532000
709.218750	888.332350	55.020646	50.530000
709.221261	888.332347	55.020647	50.528000
709.223777	888.332349	55.020644	50.525000
709.226245	888.332352	55.020645	50.521000
709.228775	888.332351	55.020646	50.516000
709.231200	888.332349	55.020644	50.511000
709.233772	888.332345	55.020647	50.505000
709.236337	888.332350	55.020644	50.500000
709.238866	888.332348	55.020645	50.496000
709.241363	888.332349	55.020648	50.493000
709.243886	888.332353	55.020646	50.491000
709.246357	888.332349	55.020645	50.490000
709.248883	888.332348	55.020645	50.490000
709.251395	888.332346	55.020645	50.491000
709.253869	888.332349	55.020647	50.492000
709.256343	888.332347	55.020648	50.492000
709.258963	888.332353	55.020645	50.492000
709.261370	888.332345	55.020646	50.491000
709.263887	888.332348	55.020647	50.489000
709.266450	888.332349	55.020646	50.486000
709.268778	888.332351	55.020644	50.482000
709.271401	888.332350	55.020647	50.479000
709.274070	888.332348	55.020641	50.475000
709.276439	888.332351	55.020645	50.473000
709.278962	888.332349	55.020645	50.471000
709.281453	888.332349	55.020643	50.469000
709.284001	888.332351	55.020643	50.469000
709.286460	888.332350	55.020643	50.469000
709.288990	888.332346	55.020642	50.469000
709.291494	888.332350	55.020647	50.470000
709.293972	888.332350	55.020647	50.471000
709.296440	888.332349	55.020646	50.471000
709.298972	888.332351	55.020647	50.472000
709.301370	888.332349	55.020646	50.472000
709.303997	888.332351	55.020642	50.474000
709.306358	888.332347	55.020647	50.475000
709.309096	888.332349	55.020643	50.477000
709.311405	888.332351	55.020645	50.480000
709.313975	888.332350	55.020646	50.482000
709.316439	888.332352	55.020649	50.484000
709.318956	888.332349	55.020643	50.486000
709.321462	888.332346	55.020644	50.486000
709.323990	888.332351	55.020645	50.486000
709.326451	888.332351	55.020646	50.485000
709.328981	888.332351	55.020647	50.484000
709.331502	888.332350	55.020647	50.483000
709.333970	888.332349	55.020646	50.481000
709.336435	888.332350	55.020646	50.480000
709.338948	888.332350	55.020645	50.480000
709.341562	888.332349	55.020646	50.480000
709.343997	888.332348	55.020645	50.481000
709.346352	888.332348	55.020646	50.482000
709.349191	888.332347	55.020645	50.484000
709.351597	888.332350	55.020646	50.485000
709.354062	888.332349	55.020645	50.486000
709.356533	888.332350	55.020647	50.486000
709.359072	888.332352	55.020647	50.486000
709.361569	888.332350	55.020647	50.486000
709.364099	888.332348	55.020648	50.485000
709.366549	888.332352	55.020644	50.484000
709.369092	888.332351	55.020644	50.482000
709.371700	888.332351	55.020645	50.480000
709.374073	888.332351	55.020648	50.478000
709.376530	888.332353	55.020645	50.476000
709.379060	888.332350	55.020644	50.475000
709.381559	888.332352	55.020649	50.474000
709.383992	888.332351	55.020644	50.473000
709.386656	888.332349	55.020645	50.473000
709.389188	888.332350	55.020644	50.473000
709.391696	888.332350	55.020643	50.474000
709.394160	888.332350	55.020645	50.476000
709.396638	888.332352	55.020646	50.478000
709.399165	888.332348	55.020646	50.480000
709.401675	888.332351	55.020646	50.481000
709.404193	888.332351	55.020644	50.482000
709.406653	888.332351	55.020644	50.483000
709.409196	888.332347	55.020645	50.483000
709.411695	888.332349	55.020644	50.484000
709.414167	888.332351	55.020646	50.484000
709.416631	888.332349	55.020645	50.484000
709.419178	888.332349	55.020644	50.485000
709.421666	888.332348	55.020645	50.486000
709.424088	888.332350	55.020644	50.487000
709.426851	888.332349	55.020645	50.488000
709.429294	888.332350	55.020644	50.489000
709.431795	888.332347	55.020645	50.489000
709.434258	888.332353	55.020645	50.490000
709.436736	888.332349	55.020644	50.490000
709.439265	888.332355	55.020644	50.490000
709.441755	888.332350	55.020643	50.490000
709.444284	888.332352	55.020645	50.490000
709.446740	888.332353	55.020646	50.490000
709.449381	888.332352	55.020645	50.491000
709.451793	888.332350	55.020644	50.491000
709.454256	888.332351	55.020645	50.492000
709.456729	888.332349	55.020646	50.492000
709.459265	888.332351	55.020643	50.493000
709.461766	888.332350	55.020645	50.494000
709.464387	888.332350	55.020645	50.496000
709.466940	888.332354	55.020646	50.497000
709.469380	888.332346	55.020646	50.499000
709.471897	888.332352	55.020645	50.500000
709.474359	888.332352	55.020646	50.500000
709.476833	888.332349	55.020645	50.501000
709.479371	888.332350	55.020647	50.501000
709.481954	888.332350	55.020644	50.500000
709.484385	888.332351	55.020644	50.499000
709.486841	888.332349	55.020645	50.497000
709.489383	888.332347	55.020646	50.496000
709.491888	888.332350	55.020646	50.495000
709.494357	888.332350	55.020647	50.494000
709.496831	888.332351	55.020648	50.494000
709.499365	888.332349	55.020648	50.494000
709.501861	888.332350	55.020647	50.494000
709.504582	888.332351	55.020643	50.494000
709.507045	888.332351	55.020644	50.494000
709.509484	888.332354	55.020643	50.493000
709.511987	888.332350	55.020644	50.492000
709.514459	888.332346	55.020644	50.490000
709.517032	888.332346	55.020644	50.488000
709.519465	888.332348	55.020644	50.486000
709.521962	888.332355	55.020646	50.483000
709.524478	888.332348	55.020647	50.482000
709.526937	888.332349	55.020647	50.482000
709.529485	888.332351	55.020647	50.484000
709.531984	888.332348	55.020647	50.486000
709.534452	888.332348	55.020642	50.489000
709.537022	888.332351	55.020647	50.492000
709.539463	888.332349	55.020644	50.495000
709.542171	888.332353	55.020645	50.498000
709.544680	888.332347	55.020646	50.499000
709.547037	888.332352	55.020644	50.500000
709.549583	888.332348	55.020643	50.500000
709.552077	888.332350	55.020645	50.500000
709.553095	888.332348	55.020639	50.500000
