679.772103	876.344393	57.005769	50.020000
679.771438	876.344383	57.005771	50.017000
679.773697	876.344371	57.005772	50.015000
679.776440	876.344379	57.005769	50.016000
679.779357	876.344371	57.005768	50.017000
679.782174	876.344380	57.005770	50.017000
679.784900	876.344375	57.005770	50.018000
679.787623	876.344378	57.005770	50.019000
679.790035	876.344373	57.005770	50.020000
679.792643	876.344384	57.005771	50.020000
679.795090	876.344378	57.005770	50.021000
679.797629	876.344377	57.005770	50.021000
679.800247	876.344375	57.005771	50.022000
679.802842	876.344376	57.005768	50.022000
679.805286	876.344379	57.005768	50.022000
679.807803	876.344383	57.005771	50.022000
679.810275	876.344379	57.005769	50.022000
679.812875	876.344381	57.005771	50.022000
679.815322	876.344381	57.005768	50.022000
679.817804	876.344379	57.005768	50.022000
679.820322	876.344376	57.005769	50.022000
679.822781	876.344378	57.005771	50.022000
679.825353	876.344378	57.005770	50.022000
679.827722	876.344382	57.005772	50.022000
679.830187	876.344383	57.005771	50.022000
679.832671	876.344380	57.005771	50.023000
679.835248	876.344376	57.005769	50.024000
679.837924	876.344381	57.005770	50.025000
679.840443	876.344382	57.005770	50.026000
679.842896	876.344378	57.005769	50.027000
679.845463	876.344378	57.005771	50.028000
679.847924	876.344379	57.005771	50.028000
679.850382	876.344378	57.005771	50.029000
679.852891	876.344384	57.005770	50.029000
679.855459	876.344382	57.005771	50.028000
679.857936	876.344378	57.005769	50.028000
679.860534	876.344385	57.005770	50.028000
679.862903	876.344379	57.005770	50.027000
679.865357	876.344383	57.005771	50.027000
679.867831	876.344383	57.005770	50.027000
679.870288	876.344380	57.005770	50.026000
679.872804	876.344380	57.005769	50.026000
679.875554	876.344381	57.005768	50.026000
679.878043	876.344378	57.005770	50.025000
679.880552	876.344380	57.005771	50.025000
679.883016	876.344380	57.005770	50.024000
679.885572	876.344378	57.005770	50.023000
679.888029	876.344379	57.005769	50.021000
679.890493	876.344382	57.005769	50.020000
679.893004	876.344380	57.005770	50.019000
679.895566	876.344380	57.005771	50.019000
679.898042	876.344381	57.005771	50.018000
679.900555	876.344382	57.005771	50.017000
679.902902	876.344381	57.005771	50.016000
679.905480	876.344379	57.005772	50.016000
679.907943	876.344380	57.005771	50.016000
679.910595	876.344381	57.005768	50.015000
679.913111	876.344377	57.005768	50.015000
679.915765	876.344378	57.005771	50.015000
679.918144	876.344378	57.005769	50.015000
679.920646	876.344380	57.005771	50.014000
679.923122	876.344379	57.005772	50.014000
679.925687	876.344380	57.005770	50.014000
679.928136	876.344380	57.005769	50.015000
679.930582	876.344380	57.005769	50.015000
679.933111	876.344380	57.005768	50.016000
679.935679	876.344378	57.005769	50.017000
679.938148	876.344376	57.005771	50.017000
679.940561	876.344379	57.005769	50.018000
679.943112	876.344379	57.005770	50.019000
679.945675	876.344378	57.005771	50.019000
679.948232	876.344380	57.005770	50.019000
679.950695	876.344376	57.005770	50.019000
679.953310	876.344381	57.005769	50.018000
679.955860	876.344383	57.005769	50.018000
679.958250	876.344375	57.005770	50.017000
679.960738	876.344382	57.005770	50.017000
679.963217	876.344383	57.005769	50.017000
679.965784	876.344381	57.005769	50.018000
679.968233	876.344379	57.005770	50.018000
679.970684	876.344380	57.005770	50.018000
679.973198	876.344383	57.005769	50.019000
679.975762	876.344378	57.005770	50.019000
679.978143	876.344379	57.005769	50.019000
679.980647	876.344381	57.005770	50.019000
679.983106	876.344381	57.005772	50.018000
679.985874	876.344380	57.005771	50.017000
679.988422	876.344382	57.005769	50.016000
679.990789	876.344381	57.005770	50.016000
679.993304	876.344380	57.005770	50.015000
679.995849	876.344380	57.005770	50.015000
679.998441	876.344382	57.005769	50.015000
680.000832	876.344379	57.005772	50.015000
680.003308	876.344380	57.005770	50.015000
680.005874	876.344382	57.005770	50.015000
680.008330	876.344377	57.005769	50.016000
680.010780	876.344381	57.005770	50.016000
680.013305	876.344387	57.005771	50.017000
680.015752	876.344376	57.005770	50.017000
680.018345	876.344383	57.005771	50.017000
680.020733	876.344381	57.005770	50.017000
680.023408	876.344382	57.005768	50.017000
680.025979	876.344380	57.005767	50.017000
680.028521	876.344382	57.005772	50.017000
680.030879	876.344380	57.005768	50.017000
680.033512	876.344379	57.005772	50.018000
680.035936	876.344380	57.005771	50.018000
680.038438	876.344380	57.005771	50.019000
680.040915	876.344381	57.005772	50.020000
680.043413	876.344379	57.005772	50.021000
680.045978	876.344380	57.005772	50.022000
680.048417	876.344381	57.005773	50.023000
680.050885	876.344382	57.005773	50.023000
680.053299	876.344376	57.005767	50.023000
680.055847	876.344379	57.005771	50.023000
680.058334	876.344379	57.005771	50.023000
680.061302	876.344382	57.005770	50.022000
680.063410	876.344383	57.005771	50.021000
680.065974	876.344378	57.005768	50.020000
680.068415	876.344379	57.005769	50.019000
680.070884	876.344381	57.005769	50.018000
680.073412	876.344376	57.005772	50.017000
680.075938	876.344380	57.005772	50.017000
680.078434	876.344378	57.005772	50.016000
680.080923	876.344381	57.005771	50.016000
680.083412	876.344379	57.005770	50.016000
680.085970	876.344383	57.005768	50.016000
680.088423	876.344380	57.005770	50.016000
680.090786	876.344379	57.005770	50.016000
680.093306	876.344379	57.005771	50.017000
680.095854	876.344380	57.005771	50.017000
680.098536	876.344379	57.005772	50.018000
680.101012	876.344383	57.005773	50.018000
680.103514	876.344378	57.005772	50.019000
680.106075	876.344381	57.005772	50.020000
680.108519	876.344382	57.005771	50.021000
680.110981	876.344379	57.005769	50.021000
680.113603	876.344382	57.005771	50.022000
680.116037	876.344375	57.005768	50.022000
680.118536	876.344378	57.005770	50.022000
680.121017	876.344380	57.005769	50.022000
680.123521	876.344379	57.005769	50.022000
680.126080	876.344378	57.005769	50.021000
680.128425	876.344381	57.005771	50.021000
680.130884	876.344380	57.005770	50.021000
680.133404	876.344380	57.005770	50.021000
680.136142	876.344380	57.005770	50.021000
680.138637	876.344382	57.005769	50.021000
680.141202	876.344384	57.005769	50.021000
680.143619	876.344379	57.005772	50.021000
680.146177	876.344379	57.005773	50.022000
680.148614	876.344381	57.005773	50.023000
680.151075	876.344380	57.005771	50.023000
680.153608	876.344379	57.005769	50.024000
680.156134	876.344379	57.005768	50.024000
680.158638	876.344380	57.005770	50.025000
680.161103	876.344381	57.005772	50.025000
680.163617	876.344381	57.005772	50.026000
680.166078	876.344378	57.005771	50.026000
680.168514	876.344379	57.005771	50.027000
680.170992	876.344378	57.005769	50.027000
680.173711	876.344379	57.005768	50.028000
680.176235	876.344380	57.005769	50.029000
680.178744	876.344380	57.005768	50.029000
680.181209	876.344381	57.005768	50.030000
680.183718	876.344379	57.005767	50.031000
680.186273	876.344382	57.005766	50.032000
680.188722	876.344381	57.005768	50.033000
680.191294	876.344383	57.005771	50.033000
680.193719	876.344381	57.005767	50.034000
680.196240	876.344381	57.005770	50.034000
680.198836	876.344380	57.005767	50.034000
680.201205	876.344383	57.005770	50.034000
680.203622	876.344380	57.005771	50.034000
680.206168	876.344380	57.005770	50.034000
680.208624	876.344379	57.005768	50.033000
680.211389	876.344377	57.005772	50.033000
680.213707	876.344382	57.005772	50.032000
680.216240	876.344381	57.005772	50.032000
680.218743	876.344378	57.005770	50.031000
680.221212	876.344384	57.005769	50.031000
680.223928	876.344380	57.005769	50.031000
680.226266	876.344380	57.005772	50.030000
680.228730	876.344376	57.005770	50.030000
680.231292	876.344381	57.005772	50.030000
680.233819	876.344382	57.005772	50.031000
680.236239	876.344385	57.005772	50.031000
680.238653	876.344381	57.005768	50.031000
680.241213	876.344380	57.005772	50.031000
680.243622	876.344381	57.005769	50.032000
680.246180	876.344380	57.005769	50.032000
680.248832	876.344381	57.005769	50.032000
680.251291	876.344381	57.005769	50.032000
680.253814	876.344381	57.005771	50.032000
680.256442	876.344374	57.005769	50.031000
680.258833	876.344378	57.005772	50.030000
680.261306	876.344379	57.005769	50.030000
680.263929	876.344379	57.005769	50.029000
680.266370	876.344379	57.005769	50.028000
680.268827	876.344379	57.005771	50.027000
680.271290	876.344379	57.005768	50.027000
680.273811	876.344381	57.005768	50.026000
680.276344	876.344382	57.005770	50.025000
680.278744	876.344377	57.005770	50.024000
680.281211	876.344381	57.005774	50.023000
680.283725	876.344377	57.005772	50.022000
680.286573	876.344379	57.005772	50.021000
680.288923	876.344379	57.005768	50.021000
680.291389	876.344379	57.005769	50.020000
680.293924	876.344382	57.005770	50.020000
680.296553	876.344380	57.005770	50.019000
680.298930	876.344379	57.005770	50.019000
680.301405	876.344379	57.005771	50.019000
680.303929	876.344379	57.005768	50.019000
680.306471	876.344380	57.005769	50.019000
680.308921	876.344382	57.005771	50.019000
680.311385	876.344378	57.005771	50.020000
680.313922	876.344382	57.005770	50.020000
680.316339	876.344382	57.005772	50.020000
680.318845	876.344377	57.005772	50.021000
680.321311	876.344379	57.005771	50.021000
680.324031	876.344381	57.005772	50.021000
680.326580	876.344382	57.005769	50.021000
680.329019	876.344380	57.005768	50.021000
680.331490	876.344379	57.005772	50.021000
680.334010	876.344382	57.005772	50.020000
680.336658	876.344382	57.005768	50.020000
680.339035	876.344380	57.005769	50.019000
680.341613	876.344381	57.005770	50.018000
680.344036	876.344378	57.005768	50.018000
680.346581	876.344382	57.005767	50.017000
680.349028	876.344379	57.005768	50.017000
680.351595	876.344383	57.005772	50.017000
680.353921	876.344380	57.005772	50.016000
680.356450	876.344382	57.005772	50.016000
680.358931	876.344380	57.005771	50.016000
680.361507	876.344378	57.005770	50.016000
680.364036	876.344380	57.005772	50.016000
680.366568	876.344381	57.005772	50.016000
680.369024	876.344379	57.005771	50.017000
680.371485	876.344376	57.005769	50.017000
680.374005	876.344380	57.005770	50.018000
680.376542	876.344381	57.005770	50.018000
680.379032	876.344383	57.005770	50.019000
680.381511	876.344380	57.005770	50.020000
680.384131	876.344381	57.005769	50.021000
680.386580	876.344378	57.005768	50.023000
680.388921	876.344378	57.005769	50.024000
680.391485	876.344380	57.005770	50.025000
680.393912	876.344379	57.005769	50.026000
680.396542	876.344383	57.005770	50.027000
680.399129	876.344379	57.005771	50.028000
680.401606	876.344382	57.005770	50.029000
680.404122	876.344382	57.005768	50.029000
680.406676	876.344382	57.005772	50.030000
680.409115	876.344380	57.005772	50.031000
680.411581	876.344379	57.005770	50.031000
680.414093	876.344380	57.005768	50.032000
680.416644	876.344381	57.005769	50.032000
680.419126	876.344378	57.005770	50.033000
680.421602	876.344378	57.005772	50.033000
680.424118	876.344376	57.005769	50.034000
680.426568	876.344381	57.005771	50.035000
680.429021	876.344378	57.005769	50.035000
680.431581	876.344383	57.005771	50.035000
680.434201	876.344384	57.005771	50.035000
680.436748	876.344378	57.005772	50.034000
680.439234	876.344379	57.005770	50.034000
680.441707	876.344380	57.005768	50.034000
680.444227	876.344376	57.005769	50.033000
680.446774	876.344380	57.005771	50.033000
680.449216	876.344382	57.005769	50.032000
680.451683	876.344380	57.005767	50.032000
680.454204	876.344380	57.005767	50.032000
680.456741	876.344381	57.005766	50.032000
680.459333	876.344383	57.005771	50.033000
680.461706	876.344378	57.005768	50.034000
680.464127	876.344379	57.005771	50.035000
680.466772	876.344378	57.005770	50.037000
680.469122	876.344376	57.005767	50.039000
680.471785	876.344378	57.005767	50.040000
680.474307	876.344381	57.005770	50.042000
680.476949	876.344381	57.005769	50.044000
680.479327	876.344377	57.005773	50.045000
680.481804	876.344382	57.005772	50.047000
680.484333	876.344376	57.005770	50.047000
680.486881	876.344383	57.005769	50.048000
680.489219	876.344379	57.005773	50.048000
680.491779	876.344381	57.005768	50.047000
680.494315	876.344376	57.005771	50.047000
680.496860	876.344382	57.005770	50.047000
680.499334	876.344382	57.005770	50.046000
680.501818	876.344379	57.005769	50.045000
680.504336	876.344378	57.005769	50.045000
680.506787	876.344380	57.005773	50.044000
680.509514	876.344380	57.005773	50.044000
680.511876	876.344381	57.005767	50.044000
680.514413	876.344376	57.005768	50.044000
680.516955	876.344378	57.005770	50.045000
680.519440	876.344379	57.005770	50.045000
680.521908	876.344382	57.005770	50.046000
680.524443	876.344381	57.005769	50.047000
680.526977	876.344380	57.005771	50.049000
680.529418	876.344381	57.005769	50.051000
680.531883	876.344383	57.005768	50.052000
680.534524	876.344381	57.005772	50.054000
680.536944	876.344380	57.005768	50.056000
680.539332	876.344384	57.005770	50.059000
680.541903	876.344378	57.005767	50.061000
680.544341	876.344379	57.005772	50.063000
680.547081	876.344381	57.005772	50.066000
680.549513	876.344383	57.005769	50.068000
680.552086	876.344378	57.005774	50.069000
680.554746	876.344381	57.005772	50.070000
680.557157	876.344379	57.005768	50.071000
680.559657	876.344380	57.005766	50.071000
680.562106	876.344381	57.005769	50.072000
680.564647	876.344378	57.005769	50.071000
680.567169	876.344380	57.005772	50.071000
680.569611	876.344376	57.005772	50.071000
680.572084	876.344380	57.005774	50.071000
680.574630	876.344382	57.005773	50.071000
680.577136	876.344381	57.005772	50.071000
680.579649	876.344378	57.005771	50.071000
680.582013	876.344381	57.005768	50.072000
680.584857	876.344377	57.005770	50.072000
680.587273	876.344383	57.005768	50.074000
680.589702	876.344379	57.005769	50.075000
680.592186	876.344377	57.005770	50.076000
680.594947	876.344378	57.005768	50.077000
680.597250	876.344378	57.005771	50.078000
680.599754	876.344379	57.005771	50.079000
680.602207	876.344376	57.005768	50.080000
680.604758	876.344377	57.005767	50.080000
680.607271	876.344380	57.005766	50.080000
680.609714	876.344380	57.005768	50.080000
680.612189	876.344381	57.005768	50.079000
680.614632	876.344379	57.005772	50.079000
680.617141	876.344380	57.005772	50.079000
680.619650	876.344382	57.005773	50.078000
680.622206	876.344377	57.005768	50.078000
680.624753	876.344382	57.005770	50.078000
680.627365	876.344378	57.005767	50.078000
680.629706	876.344381	57.005772	50.078000
680.632180	876.344381	57.005772	50.078000
680.634734	876.344380	57.005771	50.077000
680.637248	876.344377	57.005769	50.077000
680.639961	876.344383	57.005769	50.076000
680.642195	876.344377	57.005771	50.075000
680.644751	876.344378	57.005772	50.075000
680.647269	876.344378	57.005769	50.075000
680.649605	876.344378	57.005771	50.075000
680.652281	876.344380	57.005773	50.075000
680.654734	876.344380	57.005768	50.074000
680.657249	876.344378	57.005769	50.074000
680.659966	876.344379	57.005768	50.074000
680.662407	876.344381	57.005769	50.074000
680.664975	876.344379	57.005771	50.074000
680.667465	876.344379	57.005772	50.074000
680.669907	876.344379	57.005772	50.074000
680.672396	876.344379	57.005769	50.074000
680.674946	876.344380	57.005771	50.074000
680.677446	876.344381	57.005772	50.074000
680.679968	876.344381	57.005774	50.075000
680.682399	876.344380	57.005772	50.075000
680.684970	876.344377	57.005771	50.076000
680.687465	876.344381	57.005771	50.076000
680.689810	876.344378	57.005768	50.077000
680.692283	876.344377	57.005770	50.077000
680.694839	876.344381	57.005771	50.078000
680.697549	876.344382	57.005767	50.078000
680.700063	876.344380	57.005767	50.078000
680.702600	876.344379	57.005772	50.079000
680.705064	876.344379	57.005767	50.079000
680.707555	876.344377	57.005768	50.080000
680.710003	876.344378	57.005771	50.081000
680.712482	876.344377	57.005771	50.082000
680.714944	876.344381	57.005771	50.083000
680.717646	876.344384	57.005767	50.084000
680.720062	876.344383	57.005773	50.084000
680.722607	876.344376	57.005767	50.085000
680.725072	876.344381	57.005773	50.085000
680.727468	876.344377	57.005768	50.085000
680.729907	876.344380	57.005768	50.084000
680.732389	876.344382	57.005770	50.084000
680.735152	876.344381	57.005770	50.084000
680.737746	876.344379	57.005768	50.084000
680.740157	876.344378	57.005770	50.083000
680.742608	876.344380	57.005769	50.084000
680.745281	876.344376	57.005769	50.084000
680.747760	876.344378	57.005771	50.084000
680.750097	876.344381	57.005771	50.084000
680.752586	876.344379	57.005770	50.084000
680.755160	876.344379	57.005770	50.083000
680.757651	876.344383	57.005772	50.083000
680.760168	876.344378	57.005771	50.082000
680.762502	876.344378	57.005772	50.081000
680.765069	876.344381	57.005769	50.080000
680.767657	876.344383	57.005770	50.079000
680.770014	876.344382	57.005769	50.079000
680.772602	876.344379	57.005771	50.078000
680.775172	876.344381	57.005769	50.078000
680.777653	876.344380	57.005769	50.077000
680.780167	876.344380	57.005771	50.077000
680.782611	876.344381	57.005771	50.076000
680.785180	876.344381	57.005769	50.076000
680.787664	876.344385	57.005771	50.075000
680.790110	876.344378	57.005768	50.074000
680.792601	876.344379	57.005771	50.072000
680.795166	876.344379	57.005771	50.071000
680.797644	876.344380	57.005768	50.069000
680.800068	876.344381	57.005773	50.067000
680.802615	876.344377	57.005768	50.065000
680.805075	876.344384	57.005772	50.063000
680.807561	876.344379	57.005772	50.061000
680.810199	876.344381	57.005772	50.059000
680.812690	876.344383	57.005772	50.058000
680.815263	876.344382	57.005774	50.056000
680.817744	876.344380	57.005772	50.055000
680.820366	876.344378	57.005769	50.054000
680.822706	876.344383	57.005773	50.053000
680.825272	876.344381	57.005771	50.052000
680.827760	876.344380	57.005771	50.051000
680.830210	876.344382	57.005769	50.050000
680.832695	876.344383	57.005768	50.050000
680.835258	876.344382	57.005769	50.050000
680.837644	876.344377	57.005770	50.049000
680.840260	876.344383	57.005767	50.049000
680.842608	876.344379	57.005772	50.048000
680.845273	876.344380	57.005766	50.048000
680.847857	876.344378	57.005770	50.047000
680.850300	876.344379	57.005767	50.047000
680.852893	876.344380	57.005773	50.046000
680.855358	876.344381	57.005768	50.046000
680.857846	876.344378	57.005769	50.045000
680.860368	876.344382	57.005770	50.045000
680.862807	876.344378	57.005771	50.044000
680.865460	876.344380	57.005773	50.044000
680.867853	876.344381	57.005767	50.045000
680.870303	876.344379	57.005766	50.045000
680.872801	876.344381	57.005767	50.045000
680.875362	876.344380	57.005771	50.046000
680.877844	876.344383	57.005771	50.047000
680.880268	876.344381	57.005772	50.048000
680.882712	876.344382	57.005772	50.048000
680.885467	876.344382	57.005771	50.049000
680.888053	876.344377	57.005771	50.051000
680.890402	876.344377	57.005772	50.052000
680.892903	876.344381	57.005771	50.053000
680.895462	876.344379	57.005768	50.054000
680.897950	876.344379	57.005767	50.056000
680.900479	876.344380	57.005768	50.057000
680.902911	876.344381	57.005771	50.058000
680.905468	876.344381	57.005773	50.060000
680.907953	876.344378	57.005774	50.061000
680.910403	876.344378	57.005772	50.062000
680.912789	876.344381	57.005767	50.062000
680.915366	876.344377	57.005768	50.062000
680.917846	876.344380	57.005769	50.063000
680.920368	876.344380	57.005771	50.063000
680.923015	876.344380	57.005771	50.063000
680.925482	876.344382	57.005771	50.062000
680.928053	876.344378	57.005767	50.061000
680.930409	876.344377	57.005772	50.061000
680.932897	876.344377	57.005771	50.060000
680.935466	876.344379	57.005769	50.060000
680.937942	876.344376	57.005768	50.060000
680.940460	876.344381	57.005771	50.059000
680.942908	876.344378	57.005770	50.058000
680.945475	876.344378	57.005768	50.058000
680.947948	876.344378	57.005770	50.057000
680.950303	876.344381	57.005768	50.056000
680.952888	876.344379	57.005771	50.055000
680.955356	876.344381	57.005771	50.054000
680.957846	876.344381	57.005771	50.053000
680.960559	876.344376	57.005769	50.052000
680.963007	876.344377	57.005771	50.051000
680.965571	876.344379	57.005769	50.050000
680.968041	876.344381	57.005771	50.050000
680.970498	876.344379	57.005769	50.050000
680.972997	876.344381	57.005771	50.050000
680.975660	876.344382	57.005771	50.050000
680.978040	876.344382	57.005771	50.050000
680.980550	876.344379	57.005771	50.050000
680.982906	876.344384	57.005772	50.050000
680.985568	876.344382	57.005767	50.050000
680.987949	876.344380	57.005771	50.050000
680.990395	876.344381	57.005772	50.049000
680.992895	876.344382	57.005770	50.048000
680.995459	876.344383	57.005767	50.047000
680.998141	876.344384	57.005771	50.046000
681.000652	876.344381	57.005769	50.045000
681.003112	876.344381	57.005768	50.043000
681.005776	876.344380	57.005768	50.042000
681.008148	876.344381	57.005769	50.041000
681.010593	876.344378	57.005769	50.040000
681.013095	876.344382	57.005771	50.038000
681.015658	876.344382	57.005772	50.037000
681.018143	876.344378	57.005770	50.036000
681.020661	876.344378	57.005767	50.034000
681.023119	876.344383	57.005768	50.033000
681.025562	876.344383	57.005773	50.032000
681.028049	876.344381	57.005769	50.032000
681.030502	876.344380	57.005769	50.032000
681.033202	876.344380	57.005767	50.032000
681.035754	876.344380	57.005767	50.032000
681.038247	876.344383	57.005768	50.033000
681.040751	876.344379	57.005767	50.033000
681.043217	876.344378	57.005769	50.034000
681.045873	876.344378	57.005768	50.034000
681.048347	876.344381	57.005768	50.035000
681.050706	876.344383	57.005772	50.036000
681.053208	876.344383	57.005773	50.036000
681.055748	876.344379	57.005774	50.037000
681.058844	876.344380	57.005771	50.038000
681.061417	876.344379	57.005767	50.038000
681.063834	876.344380	57.005773	50.039000
681.066373	876.344379	57.005773	50.039000
681.068836	876.344378	57.005772	50.039000
681.071491	876.344381	57.005771	50.039000
681.074012	876.344382	57.005769	50.039000
681.076542	876.344379	57.005768	50.039000
681.079040	876.344379	57.005768	50.039000
681.081512	876.344377	57.005769	50.040000
681.084029	876.344379	57.005771	50.041000
681.086577	876.344380	57.005769	50.043000
681.089030	876.344379	57.005769	50.045000
681.091492	876.344380	57.005769	50.047000
681.094008	876.344383	57.005771	50.049000
681.096547	876.344377	57.005772	50.051000
681.098941	876.344380	57.005768	50.054000
681.101515	876.344382	57.005772	50.055000
681.103934	876.344378	57.005768	50.057000
681.106479	876.344380	57.005768	50.058000
681.109133	876.344380	57.005767	50.058000
681.111587	876.344381	57.005766	50.059000
681.114104	876.344383	57.005768	50.059000
681.116648	876.344379	57.005772	50.060000
681.119144	876.344381	57.005774	50.060000
681.121716	876.344378	57.005768	50.061000
681.124132	876.344380	57.005771	50.061000
681.126686	876.344381	57.005769	50.062000
681.129129	876.344380	57.005770	50.063000
681.131592	876.344382	57.005770	50.064000
681.134303	876.344379	57.005770	50.064000
681.136544	876.344384	57.005771	50.065000
681.139038	876.344380	57.005769	50.066000
681.141516	876.344382	57.005770	50.067000
681.144030	876.344381	57.005769	50.067000
681.146776	876.344380	57.005769	50.068000
681.149223	876.344379	57.005771	50.069000
681.151688	876.344382	57.005770	50.069000
681.154193	876.344380	57.005771	50.070000
681.156753	876.344383	57.005770	50.070000
681.159222	876.344381	57.005768	50.071000
681.161709	876.344385	57.005771	50.071000
681.164221	876.344381	57.005771	50.070000
681.166783	876.344380	57.005769	50.070000
681.169213	876.344382	57.005769	50.069000
681.171682	876.344381	57.005771	50.068000
681.174199	876.344378	57.005772	50.066000
681.176740	876.344381	57.005771	50.064000
681.179128	876.344378	57.005768	50.062000
681.181600	876.344378	57.005768	50.060000
681.184324	876.344378	57.005768	50.058000
681.186879	876.344381	57.005770	50.056000
681.189318	876.344382	57.005772	50.055000
681.191785	876.344380	57.005770	50.054000
681.194302	876.344380	57.005768	50.052000
681.196841	876.344382	57.005768	50.051000
681.199325	876.344378	57.005769	50.050000
681.201812	876.344379	57.005771	50.048000
681.204334	876.344379	57.005769	50.046000
681.206870	876.344380	57.005769	50.044000
681.209318	876.344382	57.005771	50.042000
681.211683	876.344379	57.005770	50.040000
681.214406	876.344379	57.005772	50.038000
681.216741	876.344380	57.005770	50.035000
681.219220	876.344378	57.005769	50.032000
681.221909	876.344379	57.005769	50.029000
681.224432	876.344379	57.005769	50.026000
681.226970	876.344377	57.005770	50.023000
681.229422	876.344378	57.005772	50.020000
681.231888	876.344379	57.005772	50.017000
681.234397	876.344380	57.005771	50.015000
681.236944	876.344381	57.005771	50.013000
681.239439	876.344381	57.005770	50.012000
681.241918	876.344382	57.005770	50.011000
681.244436	876.344383	57.005770	50.010000
681.246966	876.344380	57.005771	50.010000
681.249423	876.344381	57.005773	50.010000
681.251782	876.344378	57.005768	50.010000
681.254303	876.344380	57.005767	50.010000
681.256846	876.344381	57.005767	50.010000
681.259557	876.344378	57.005769	50.010000
681.262010	876.344381	57.005768	50.010000
681.264535	876.344382	57.005767	50.010000
681.267070	876.344379	57.005768	50.011000
681.269522	876.344379	57.005768	50.012000
681.271884	876.344379	57.005771	50.013000
681.274509	876.344379	57.005771	50.015000
681.277046	876.344382	57.005770	50.017000
681.279547	876.344380	57.005769	50.019000
681.282015	876.344379	57.005771	50.022000
681.284757	876.344382	57.005770	50.024000
681.286981	876.344378	57.005771	50.027000
681.289526	876.344380	57.005769	50.030000
681.291884	876.344382	57.005769	50.032000
681.294511	876.344379	57.005772	50.035000
681.297141	876.344379	57.005767	50.038000
681.299663	876.344379	57.005768	50.040000
681.302105	876.344378	57.005768	50.042000
681.304639	876.344383	57.005767	50.044000
681.307173	876.344377	57.005766	50.046000
681.309617	876.344380	57.005769	50.047000
681.312086	876.344379	57.005770	50.048000
681.314617	876.344380	57.005770	50.049000
681.317145	876.344378	57.005771	50.049000
681.319647	876.344380	57.005772	50.049000
681.322102	876.344382	57.005768	50.049000
681.324527	876.344379	57.005772	50.049000
681.327280	876.344379	57.005773	50.048000
681.329526	876.344379	57.005769	50.047000
681.332188	876.344379	57.005770	50.046000
681.334720	876.344381	57.005768	50.046000
681.337352	876.344382	57.005771	50.045000
681.339763	876.344383	57.005771	50.044000
681.342214	876.344379	57.005771	50.043000
681.344855	876.344380	57.005771	50.042000
681.347378	876.344378	57.005771	50.041000
681.349716	876.344384	57.005771	50.039000
681.352178	876.344379	57.005769	50.038000
681.354723	876.344380	57.005769	50.037000
681.357248	876.344380	57.005772	50.037000
681.359862	876.344379	57.005769	50.037000
681.362313	876.344382	57.005771	50.037000
681.364850	876.344379	57.005772	50.038000
681.367377	876.344383	57.005773	50.038000
681.370005	876.344380	57.005770	50.040000
681.372583	876.344380	57.005770	50.040000
681.375154	876.344384	57.005769	50.041000
681.377665	876.344378	57.005771	50.041000
681.380173	876.344379	57.005770	50.041000
681.382608	876.344381	57.005768	50.041000
681.385183	876.344382	57.005768	50.041000
681.387875	876.344379	57.005768	50.041000
681.390102	876.344382	57.005771	50.042000
681.392588	876.344377	57.005773	50.042000
681.395152	876.344379	57.005772	50.043000
681.397650	876.344383	57.005771	50.044000
681.400063	876.344376	57.005772	50.045000
681.402511	876.344380	57.005773	50.046000
681.405067	876.344382	57.005773	50.046000
681.407769	876.344381	57.005767	50.047000
681.410211	876.344380	57.005767	50.047000
681.412696	876.344381	57.005767	50.047000
681.415256	876.344377	57.005769	50.048000
681.417748	876.344380	57.005768	50.048000
681.420370	876.344379	57.005772	50.048000
681.422608	876.344378	57.005768	50.048000
681.425273	876.344379	57.005772	50.048000
681.427777	876.344383	57.005771	50.048000
681.430314	876.344380	57.005770	50.048000
681.432692	876.344379	57.005767	50.047000
681.435264	876.344381	57.005767	50.047000
681.437748	876.344380	57.005768	50.046000
681.440164	876.344379	57.005769	50.045000
681.442606	876.344379	57.005769	50.044000
681.445374	876.344381	57.005770	50.043000
681.447858	876.344379	57.005771	50.043000
681.450302	876.344379	57.005769	50.042000
681.452788	876.344380	57.005767	50.042000
681.455356	876.344381	57.005767	50.042000
681.457839	876.344383	57.005767	50.041000
681.460373	876.344381	57.005770	50.041000
681.462909	876.344380	57.005770	50.041000
681.465366	876.344378	57.005772	50.041000
681.467852	876.344382	57.005770	50.040000
681.470298	876.344384	57.005768	50.040000
681.472784	876.344381	57.005768	50.039000
681.475257	876.344382	57.005773	50.039000
681.477737	876.344380	57.005771	50.038000
681.480269	876.344380	57.005769	50.038000
681.482805	876.344377	57.005768	50.037000
681.485369	876.344382	57.005767	50.037000
681.487757	876.344380	57.005772	50.037000
681.490297	876.344382	57.005767	50.037000
681.492781	876.344377	57.005767	50.037000
681.495357	876.344376	57.005768	50.037000
681.497839	876.344379	57.005770	50.037000
681.500467	876.344384	57.005769	50.037000
681.502806	876.344381	57.005768	50.037000
681.505369	876.344379	57.005769	50.037000
681.507868	876.344378	57.005769	50.038000
681.510402	876.344377	57.005771	50.038000
681.512680	876.344382	57.005768	50.038000
681.515246	876.344383	57.005769	50.039000
681.517738	876.344379	57.005771	50.039000
681.520463	876.344379	57.005770	50.038000
681.522901	876.344384	57.005770	50.038000
681.525469	876.344379	57.005772	50.037000
681.527958	876.344383	57.005771	50.036000
681.530402	876.344380	57.005769	50.034000
681.532895	876.344381	57.005769	50.033000
681.535458	876.344378	57.005771	50.032000
681.537948	876.344382	57.005771	50.031000
681.540460	876.344382	57.005769	50.030000
681.542899	876.344382	57.005768	50.029000
681.545464	876.344380	57.005769	50.028000
681.547969	876.344378	57.005770	50.028000
681.550308	876.344378	57.005768	50.027000
681.552794	876.344378	57.005768	50.027000
681.555353	876.344377	57.005768	50.026000
681.558045	876.344380	57.005773	50.025000
681.560565	876.344379	57.005774	50.024000
681.563114	876.344380	57.005771	50.022000
681.565566	876.344379	57.005771	50.021000
681.568061	876.344380	57.005772	50.020000
681.570501	876.344382	57.005772	50.019000
681.573093	876.344381	57.005768	50.018000
681.575559	876.344380	57.005771	50.016000
681.578050	876.344377	57.005770	50.015000
681.580573	876.344377	57.005769	50.014000
681.583012	876.344378	57.005767	50.013000
681.585476	876.344380	57.005768	50.011000
681.587962	876.344382	57.005770	50.011000
681.590403	876.344381	57.005771	50.011000
681.592889	876.344381	57.005770	50.011000
681.595660	876.344381	57.005768	50.011000
681.598155	876.344384	57.005769	50.012000
681.600664	876.344379	57.005768	50.013000
681.603116	876.344382	57.005767	50.014000
681.605671	876.344380	57.005767	50.015000
681.608153	876.344382	57.005767	50.016000
681.610600	876.344381	57.005769	50.017000
681.613086	876.344382	57.005770	50.018000
681.615656	876.344378	57.005769	50.019000
681.618147	876.344381	57.005769	50.020000
681.620655	876.344381	57.005769	50.022000
681.623011	876.344383	57.005769	50.023000
681.625570	876.344377	57.005769	50.025000
681.628051	876.344378	57.005772	50.026000
681.630497	876.344381	57.005773	50.027000
681.633091	876.344381	57.005768	50.027000
681.635656	876.344379	57.005769	50.027000
681.638141	876.344379	57.005770	50.027000
681.640656	876.344381	57.005772	50.026000
681.643103	876.344382	57.005772	50.024000
681.645770	876.344378	57.005768	50.023000
681.648153	876.344380	57.005770	50.021000
681.650604	876.344378	57.005769	50.020000
681.653096	876.344377	57.005769	50.019000
681.655659	876.344381	57.005768	50.018000
681.658142	876.344381	57.005767	50.018000
681.660566	876.344380	57.005774	50.018000
681.663008	876.344382	57.005773	50.018000
681.665576	876.344382	57.005773	50.019000
681.668051	876.344379	57.005773	50.019000
681.670799	876.344381	57.005771	50.020000
681.673295	876.344378	57.005770	50.020000
681.675963	876.344379	57.005769	50.021000
681.678454	876.344382	57.005770	50.021000
681.680860	876.344380	57.005767	50.022000
681.683309	876.344378	57.005769	50.022000
681.685880	876.344378	57.005772	50.022000
681.688351	876.344378	57.005771	50.022000
681.690801	876.344379	57.005771	50.022000
681.693297	876.344379	57.005771	50.022000
681.695760	876.344379	57.005772	50.022000
681.698350	876.344378	57.005770	50.022000
681.700763	876.344378	57.005772	50.023000
681.703213	876.344380	57.005772	50.023000
681.705779	876.344382	57.005771	50.024000
681.708456	876.344378	57.005772	50.025000
681.711004	876.344380	57.005770	50.026000
681.713403	876.344381	57.005769	50.026000
681.715947	876.344382	57.005770	50.027000
681.718446	876.344381	57.005772	50.027000
681.720949	876.344380	57.005772	50.027000
681.723417	876.344383	57.005771	50.027000
681.725982	876.344382	57.005769	50.028000
681.728445	876.344380	57.005768	50.028000
681.730895	876.344379	57.005767	50.028000
681.733399	876.344376	57.005769	50.028000
681.735854	876.344381	57.005769	50.028000
681.738354	876.344380	57.005769	50.028000
681.740848	876.344383	57.005768	50.028000
681.743504	876.344379	57.005770	50.028000
681.746075	876.344380	57.005771	50.027000
681.748547	876.344377	57.005772	50.026000
681.751000	876.344381	57.005772	50.026000
681.753508	876.344379	57.005769	50.025000
681.756050	876.344382	57.005767	50.024000
681.758542	876.344380	57.005768	50.023000
681.761040	876.344378	57.005768	50.022000
681.763511	876.344378	57.005766	50.022000
681.766087	876.344376	57.005768	50.022000
681.768647	876.344379	57.005774	50.023000
681.770999	876.344378	57.005769	50.023000
681.773496	876.344378	57.005770	50.024000
681.775949	876.344379	57.005771	50.025000
681.778751	876.344379	57.005769	50.026000
681.781130	876.344381	57.005772	50.026000
681.783620	876.344383	57.005773	50.027000
681.786182	876.344378	57.005772	50.027000
681.788751	876.344380	57.005767	50.027000
681.791093	876.344379	57.005770	50.027000
681.793598	876.344378	57.005770	50.027000
681.796134	876.344380	57.005768	50.026000
681.798755	876.344384	57.005771	50.026000
681.801139	876.344382	57.005771	50.025000
681.803608	876.344380	57.005773	50.025000
681.806176	876.344378	57.005771	50.024000
681.808750	876.344383	57.005769	50.024000
681.811006	876.344382	57.005773	50.024000
681.813506	876.344382	57.005772	50.024000
681.816047	876.344383	57.005771	50.024000
681.818750	876.344380	57.005771	50.024000
681.821226	876.344378	57.005769	50.025000
681.823724	876.344380	57.005766	50.025000
681.826282	876.344379	57.005767	50.026000
681.828853	876.344377	57.005773	50.027000
681.831203	876.344379	57.005767	50.028000
681.833705	876.344377	57.005767	50.028000
681.836240	876.344380	57.005767	50.030000
681.838756	876.344377	57.005766	50.031000
681.841324	876.344381	57.005773	50.032000
681.843722	876.344380	57.005767	50.033000
681.846279	876.344379	57.005768	50.034000
681.848745	876.344377	57.005768	50.034000
681.851103	876.344376	57.005770	50.034000
681.853603	876.344379	57.005768	50.034000
681.856331	876.344378	57.005768	50.033000
681.858853	876.344385	57.005770	50.033000
681.861325	876.344377	57.005772	50.032000
681.863820	876.344379	57.005772	50.032000
681.866378	876.344380	57.005772	50.033000
681.868841	876.344384	57.005773	50.033000
681.871397	876.344380	57.005768	50.034000
681.873796	876.344378	57.005769	50.035000
681.876327	876.344381	57.005769	50.036000
681.878846	876.344379	57.005772	50.037000
681.881321	876.344383	57.005772	50.037000
681.883820	876.344380	57.005771	50.038000
681.886285	876.344382	57.005773	50.038000
681.888746	876.344382	57.005773	50.038000
681.891201	876.344381	57.005774	50.039000
681.893899	876.344380	57.005767	50.039000
681.896431	876.344380	57.005767	50.040000
681.898935	876.344381	57.005767	50.041000
681.901414	876.344379	57.005767	50.042000
681.904015	876.344379	57.005773	50.043000
681.906576	876.344381	57.005771	50.044000
681.908927	876.344378	57.005769	50.044000
681.911400	876.344378	57.005769	50.045000
681.913902	876.344381	57.005770	50.045000
681.916422	876.344377	57.005771	50.044000
681.918944	876.344379	57.005770	50.043000
681.921423	876.344382	57.005768	50.042000
681.923810	876.344380	57.005774	50.041000
681.926365	876.344378	57.005772	50.039000
681.928831	876.344379	57.005773	50.038000
681.931491	876.344379	57.005770	50.037000
681.934000	876.344378	57.005769	50.036000
681.936530	876.344382	57.005769	50.035000
681.939043	876.344376	57.005771	50.035000
681.941522	876.344380	57.005772	50.034000
681.944017	876.344378	57.005770	50.035000
681.946581	876.344379	57.005769	50.035000
681.949029	876.344380	57.005772	50.036000
681.951490	876.344383	57.005772	50.037000
681.954103	876.344382	57.005770	50.038000
681.956538	876.344383	57.005773	50.040000
681.958949	876.344379	57.005767	50.041000
681.961418	876.344380	57.005767	50.042000
681.963919	876.344382	57.005768	50.043000
681.966470	876.344380	57.005769	50.044000
681.969134	876.344380	57.005766	50.045000
681.971586	876.344378	57.005766	50.046000
681.974100	876.344379	57.005767	50.046000
681.976639	876.344382	57.005767	50.046000
681.979137	876.344381	57.005768	50.046000
681.981720	876.344380	57.005769	50.046000
681.984129	876.344383	57.005770	50.045000
681.986678	876.344381	57.005769	50.044000
681.989138	876.344382	57.005768	50.043000
681.991598	876.344379	57.005767	50.042000
681.994198	876.344380	57.005771	50.041000
681.996534	876.344381	57.005772	50.039000
681.999049	876.344379	57.005772	50.038000
682.001523	876.344382	57.005773	50.038000
682.004029	876.344382	57.005774	50.037000
682.006781	876.344380	57.005771	50.037000
682.009238	876.344379	57.005769	50.037000
682.011689	876.344382	57.005771	50.036000
682.014294	876.344379	57.005772	50.036000
682.016740	876.344382	57.005768	50.036000
682.019245	876.344379	57.005767	50.036000
682.021623	876.344376	57.005773	50.035000
682.024327	876.344381	57.005771	50.035000
682.026776	876.344379	57.005767	50.035000
682.029245	876.344377	57.005767	50.035000
682.031695	876.344380	57.005766	50.036000
682.034099	876.344386	57.005773	50.036000
682.036641	876.344378	57.005771	50.037000
682.039141	876.344382	57.005771	50.037000
682.041613	876.344378	57.005770	50.038000
682.044225	876.344381	57.005769	50.038000
682.046775	876.344383	57.005770	50.038000
682.049239	876.344384	57.005771	50.038000
682.051697	876.344381	57.005771	50.037000
682.054191	876.344380	57.005771	50.037000
682.056636	876.344381	57.005772	50.036000
682.059237	876.344380	57.005769	50.035000
682.061718	876.344380	57.005768	50.034000
682.064221	876.344379	57.005770	50.034000
682.066779	876.344382	57.005771	50.034000
682.069238	876.344381	57.005769	50.034000
682.071695	876.344377	57.005770	50.035000
682.074094	876.344379	57.005768	50.035000
682.076735	876.344377	57.005772	50.035000
682.079238	876.344379	57.005771	50.035000
682.081925	876.344379	57.005771	50.035000
682.084437	876.344381	57.005769	50.035000
682.086978	876.344378	57.005772	50.035000
682.089432	876.344383	57.005771	50.034000
682.091901	876.344379	57.005770	50.033000
682.094401	876.344382	57.005769	50.033000
682.096950	876.344380	57.005771	50.032000
682.099440	876.344379	57.005770	50.032000
682.101926	876.344375	57.005771	50.031000
682.104433	876.344378	57.005769	50.031000
682.107083	876.344380	57.005770	50.031000
682.109532	876.344381	57.005769	50.031000
682.111794	876.344381	57.005773	50.032000
682.114284	876.344381	57.005773	50.033000
682.116945	876.344381	57.005767	50.034000
682.119542	876.344379	57.005773	50.035000
682.122018	876.344381	57.005771	50.037000
682.124539	876.344378	57.005769	50.037000
682.127181	876.344384	57.005770	50.038000
682.129528	876.344379	57.005771	50.039000
682.131988	876.344379	57.005771	50.039000
682.134499	876.344380	57.005771	50.040000
682.137043	876.344379	57.005769	50.040000
682.139647	876.344377	57.005769	50.040000
682.142019	876.344381	57.005771	50.040000
682.144527	876.344382	57.005768	50.040000
682.146979	876.344381	57.005772	50.041000
682.149434	876.344380	57.005773	50.041000
682.151892	876.344380	57.005772	50.040000
682.154398	876.344378	57.005771	50.040000
682.157144	876.344379	57.005774	50.039000
682.159644	876.344380	57.005773	50.038000
682.162115	876.344378	57.005773	50.037000
682.164643	876.344377	57.005772	50.036000
682.167181	876.344381	57.005772	50.036000
682.169626	876.344382	57.005771	50.035000
682.172087	876.344381	57.005769	50.035000
682.174607	876.344380	57.005766	50.035000
682.177146	876.344381	57.005768	50.035000
682.179649	876.344381	57.005770	50.036000
682.182118	876.344378	57.005772	50.037000
682.184638	876.344378	57.005769	50.037000
682.187178	876.344378	57.005768	50.037000
682.189530	876.344379	57.005769	50.037000
682.192293	876.344378	57.005767	50.037000
682.194827	876.344380	57.005770	50.036000
682.197252	876.344381	57.005768	50.035000
682.199761	876.344381	57.005769	50.034000
682.202219	876.344381	57.005771	50.034000
682.204749	876.344380	57.005772	50.033000
682.207273	876.344380	57.005773	50.033000
682.209724	876.344380	57.005774	50.032000
682.212189	876.344380	57.005774	50.033000
682.214719	876.344379	57.005773	50.033000
682.217145	876.344379	57.005767	50.033000
682.219870	876.344375	57.005769	50.034000
682.222118	876.344379	57.005769	50.034000
682.224639	876.344377	57.005770	50.035000
682.227179	876.344380	57.005772	50.035000
682.229822	876.344378	57.005769	50.035000
682.232288	876.344380	57.005770	50.035000
682.234932	876.344378	57.005767	50.034000
682.237346	876.344380	57.005769	50.034000
682.239857	876.344382	57.005768	50.034000
682.242313	876.344383	57.005769	50.033000
682.244853	876.344381	57.005773	50.034000
682.247379	876.344379	57.005770	50.034000
682.249829	876.344380	57.005769	50.034000
682.252285	876.344383	57.005771	50.035000
682.254822	876.344380	57.005772	50.036000
682.257339	876.344380	57.005771	50.037000
682.259861	876.344381	57.005769	50.037000
682.262311	876.344379	57.005768	50.037000
682.264749	876.344381	57.005772	50.037000
682.267468	876.344382	57.005773	50.037000
682.270021	876.344380	57.005768	50.037000
682.272482	876.344379	57.005766	50.036000
682.274926	876.344381	57.005772	50.036000
682.277443	876.344376	57.005772	50.036000
682.279964	876.344383	57.005769	50.036000
682.282409	876.344380	57.005769	50.037000
682.284955	876.344379	57.005769	50.038000
682.287480	876.344381	57.005769	50.040000
682.289924	876.344381	57.005770	50.041000
682.292388	876.344381	57.005772	50.043000
682.294936	876.344379	57.005772	50.044000
682.297347	876.344378	57.005771	50.046000
682.299856	876.344379	57.005769	50.047000
682.302313	876.344379	57.005769	50.048000
682.305063	876.344379	57.005766	50.048000
682.307567	876.344380	57.005767	50.048000
682.310022	876.344378	57.005768	50.048000
682.312486	876.344377	57.005769	50.047000
682.315035	876.344380	57.005771	50.046000
682.317535	876.344383	57.005770	50.045000
682.320057	876.344381	57.005770	50.044000
682.322603	876.344378	57.005770	50.043000
682.325052	876.344379	57.005772	50.042000
682.327569	876.344377	57.005771	50.041000
682.330018	876.344380	57.005768	50.041000
682.332481	876.344378	57.005771	50.040000
682.334922	876.344379	57.005767	50.040000
682.337443	876.344383	57.005767	50.039000
682.339961	876.344381	57.005768	50.039000
682.342606	876.344382	57.005767	50.039000
682.345163	876.344386	57.005770	50.038000
682.347658	876.344381	57.005773	50.038000
682.350113	876.344382	57.005772	50.037000
682.352577	876.344381	57.005770	50.037000
682.355139	876.344379	57.005768	50.037000
682.357644	876.344381	57.005768	50.036000
682.360168	876.344381	57.005768	50.036000
682.362705	876.344378	57.005771	50.035000
682.365255	876.344381	57.005769	50.034000
682.367671	876.344380	57.005772	50.033000
682.370117	876.344379	57.005769	50.032000
682.372494	876.344379	57.005772	50.031000
682.375031	876.344381	57.005772	50.031000
682.377541	876.344383	57.005773	50.030000
682.380262	876.344378	57.005773	50.031000
682.382714	876.344380	57.005774	50.031000
682.385269	876.344378	57.005773	50.032000
682.387772	876.344380	57.005771	50.033000
682.390217	876.344379	57.005772	50.034000
682.392690	876.344379	57.005772	50.034000
682.395344	876.344381	57.005769	50.035000
682.397648	876.344381	57.005773	50.035000
682.400272	876.344378	57.005767	50.036000
682.402715	876.344380	57.005766	50.036000
682.405264	876.344379	57.005767	50.036000
682.407771	876.344380	57.005767	50.036000
682.410124	876.344382	57.005772	50.036000
682.412694	876.344381	57.005769	50.037000
682.415148	876.344382	57.005768	50.037000
682.417853	876.344381	57.005772	50.039000
682.420373	876.344379	57.005771	50.040000
682.422812	876.344379	57.005773	50.041000
682.425369	876.344377	57.005773	50.042000
682.427865	876.344382	57.005773	50.044000
682.430319	876.344380	57.005773	50.045000
682.432795	876.344383	57.005773	50.045000
682.435456	876.344382	57.005767	50.046000
682.437849	876.344382	57.005769	50.047000
682.440365	876.344377	57.005768	50.047000
682.442809	876.344379	57.005769	50.047000
682.445371	876.344376	57.005771	50.047000
682.447775	876.344383	57.005767	50.047000
682.450220	876.344378	57.005766	50.048000
682.452684	876.344382	57.005765	50.048000
682.455351	876.344379	57.005772	50.049000
682.457951	876.344382	57.005773	50.050000
682.460369	876.344380	57.005770	50.051000
682.462804	876.344379	57.005771	50.051000
682.465375	876.344379	57.005772	50.051000
682.467873	876.344380	57.005773	50.051000
682.470314	876.344378	57.005773	50.051000
682.472781	876.344376	57.005772	50.050000
682.475354	876.344380	57.005772	50.050000
682.477855	876.344383	57.005771	50.049000
682.480377	876.344381	57.005771	50.049000
682.482810	876.344384	57.005770	50.049000
682.485273	876.344385	57.005772	50.049000
682.487770	876.344378	57.005770	50.049000
682.490221	876.344379	57.005770	50.049000
682.492888	876.344377	57.005768	50.048000
682.495457	876.344381	57.005768	50.048000
682.498150	876.344380	57.005769	50.048000
682.500473	876.344381	57.005766	50.048000
682.502912	876.344382	57.005766	50.047000
682.505571	876.344379	57.005773	50.046000
682.507962	876.344380	57.005768	50.046000
682.510410	876.344379	57.005769	50.045000
682.512883	876.344378	57.005772	50.045000
682.515450	876.344380	57.005772	50.045000
682.517946	876.344384	57.005769	50.045000
682.520373	876.344380	57.005772	50.045000
682.522909	876.344376	57.005769	50.046000
682.525369	876.344383	57.005770	50.046000
682.527863	876.344381	57.005770	50.046000
682.530515	876.344380	57.005772	50.047000
682.532991	876.344377	57.005770	50.047000
682.535549	876.344382	57.005770	50.047000
682.538146	876.344378	57.005767	50.047000
682.540567	876.344380	57.005772	50.047000
682.543005	876.344378	57.005770	50.047000
682.545570	876.344377	57.005769	50.048000
682.548156	876.344380	57.005773	50.048000
682.550511	876.344381	57.005768	50.048000
682.552984	876.344380	57.005770	50.048000
682.555652	876.344381	57.005771	50.048000
682.557941	876.344382	57.005767	50.048000
682.560562	876.344379	57.005773	50.047000
682.562902	876.344378	57.005767	50.047000
682.565463	876.344383	57.005767	50.048000
682.568156	876.344379	57.005768	50.048000
682.570606	876.344381	57.005767	50.049000
682.573082	876.344379	57.005766	50.050000
682.575643	876.344383	57.005767	50.051000
682.578139	876.344380	57.005768	50.052000
682.580758	876.344377	57.005772	50.054000
682.583107	876.344382	57.005771	50.055000
682.585656	876.344382	57.005772	50.056000
682.588148	876.344379	57.005773	50.057000
682.590704	876.344382	57.005769	50.057000
682.593087	876.344379	57.005773	50.058000
682.595653	876.344381	57.005773	50.057000
682.598142	876.344378	57.005772	50.057000
682.600565	876.344377	57.005771	50.056000
682.603008	876.344377	57.005772	50.055000
682.605671	876.344380	57.005770	50.054000
682.608159	876.344377	57.005771	50.054000
682.610604	876.344381	57.005772	50.053000
682.613086	876.344380	57.005773	50.053000
682.615652	876.344380	57.005774	50.053000
682.618141	876.344380	57.005773	50.053000
682.620665	876.344380	57.005773	50.053000
682.623115	876.344378	57.005773	50.053000
682.625666	876.344382	57.005773	50.053000
682.628162	876.344386	57.005774	50.054000
682.630710	876.344379	57.005769	50.054000
682.632990	876.344378	57.005767	50.054000
682.635553	876.344381	57.005767	50.054000
682.638051	876.344377	57.005769	50.054000
682.640569	876.344378	57.005772	50.054000
682.643212	876.344381	57.005774	50.053000
682.645769	876.344379	57.005774	50.053000
682.648258	876.344381	57.005771	50.053000
682.650712	876.344380	57.005772	50.053000
682.653290	876.344382	57.005770	50.052000
682.655748	876.344380	57.005773	50.052000
682.658251	876.344380	57.005772	50.052000
682.660760	876.344380	57.005772	50.052000
682.663319	876.344378	57.005769	50.052000
682.665766	876.344384	57.005768	50.052000
682.668264	876.344379	57.005769	50.052000
682.670613	876.344380	57.005768	50.052000
682.673193	876.344381	57.005772	50.051000
682.675656	876.344379	57.005771	50.050000
682.678347	876.344380	57.005772	50.050000
682.680858	876.344382	57.005772	50.049000
682.683313	876.344377	57.005769	50.047000
682.685873	876.344375	57.005768	50.046000
682.688363	876.344379	57.005770	50.044000
682.690807	876.344378	57.005772	50.043000
682.693300	876.344380	57.005769	50.042000
682.695861	876.344379	57.005768	50.040000
682.698346	876.344381	57.005769	50.039000
682.700860	876.344381	57.005768	50.039000
682.703314	876.344382	57.005766	50.038000
682.705875	876.344376	57.005766	50.037000
682.708258	876.344378	57.005774	50.036000
682.710707	876.344380	57.005774	50.036000
682.713193	876.344378	57.005772	50.035000
682.715947	876.344381	57.005766	50.035000
682.718452	876.344380	57.005767	50.035000
682.720949	876.344380	57.005766	50.034000
682.723420	876.344380	57.005767	50.034000
682.725973	876.344382	57.005767	50.034000
682.728450	876.344379	57.005767	50.033000
682.730897	876.344380	57.005767	50.033000
682.733398	876.344382	57.005767	50.033000
682.735948	876.344380	57.005769	50.032000
682.738446	876.344381	57.005771	50.032000
682.740955	876.344379	57.005772	50.031000
682.743420	876.344381	57.005774	50.031000
682.745969	876.344381	57.005773	50.030000
682.748355	876.344379	57.005766	50.030000
682.750806	876.344383	57.005768	50.030000
682.753597	876.344379	57.005766	50.031000
682.756141	876.344381	57.005767	50.032000
682.758554	876.344381	57.005771	50.033000
682.760955	876.344380	57.005771	50.034000
682.763520	876.344382	57.005769	50.035000
682.766083	876.344380	57.005772	50.036000
682.768552	876.344380	57.005769	50.037000
682.771005	876.344384	57.005772	50.038000
682.773494	876.344387	57.005772	50.038000
682.776046	876.344381	57.005771	50.038000
682.778549	876.344378	57.005772	50.038000
682.781054	876.344379	57.005773	50.037000
682.783514	876.344379	57.005772	50.037000
682.785978	876.344380	57.005770	50.038000
682.788451	876.344378	57.005771	50.038000
682.791105	876.344380	57.005768	50.038000
682.793589	876.344381	57.005766	50.039000
682.796140	876.344381	57.005766	50.039000
682.798651	876.344381	57.005767	50.040000
682.801141	876.344379	57.005766	50.040000
682.803505	876.344383	57.005774	50.039000
682.806282	876.344377	57.005765	50.038000
682.808653	876.344380	57.005775	50.037000
682.811106	876.344380	57.005773	50.036000
682.813599	876.344379	57.005773	50.035000
682.816141	876.344381	57.005773	50.034000
682.818641	876.344375	57.005774	50.034000
682.821046	876.344382	57.005766	50.035000
682.823507	876.344379	57.005767	50.036000
682.826172	876.344381	57.005770	50.036000
682.828748	876.344378	57.005771	50.037000
682.831203	876.344379	57.005770	50.037000
682.833686	876.344380	57.005769	50.037000
682.836329	876.344379	57.005767	50.036000
682.838751	876.344380	57.005771	50.035000
682.841235	876.344383	57.005771	50.034000
682.843706	876.344375	57.005771	50.033000
682.846176	876.344379	57.005771	50.032000
682.848740	876.344376	57.005767	50.032000
682.851198	876.344378	57.005767	50.031000
682.853696	876.344378	57.005768	50.030000
682.856140	876.344378	57.005769	50.029000
682.858651	876.344382	57.005770	50.027000
682.861141	876.344380	57.005772	50.026000
682.863617	876.344380	57.005772	50.024000
682.866375	876.344378	57.005774	50.022000
682.868742	876.344380	57.005767	50.021000
682.871203	876.344378	57.005766	50.019000
682.873697	876.344383	57.005767	50.018000
682.876230	876.344381	57.005770	50.016000
682.879049	876.344378	57.005767	50.015000
682.881141	876.344382	57.005766	50.014000
682.883715	876.344379	57.005773	50.013000
682.886269	876.344380	57.005773	50.012000
682.888949	876.344378	57.005767	50.011000
682.891196	876.344382	57.005770	50.009000
682.893695	876.344380	57.005769	50.009000
682.896138	876.344377	57.005769	50.008000
682.898653	876.344383	57.005768	50.007000
682.901237	876.344378	57.005772	50.007000
682.903821	876.344380	57.005768	50.006000
682.906381	876.344380	57.005771	50.006000
682.908850	876.344380	57.005772	50.007000
682.911298	876.344382	57.005773	50.007000
682.913800	876.344382	57.005771	50.007000
682.916337	876.344378	57.005771	50.008000
682.918855	876.344380	57.005770	50.008000
682.921325	876.344380	57.005769	50.009000
682.923822	876.344381	57.005771	50.010000
682.926385	876.344382	57.005772	50.011000
682.928752	876.344381	57.005770	50.011000
682.931297	876.344378	57.005769	50.012000
682.933800	876.344381	57.005769	50.012000
682.936232	876.344379	57.005767	50.013000
682.938753	876.344376	57.005767	50.014000
682.941419	876.344381	57.005767	50.014000
682.944029	876.344383	57.005769	50.015000
682.946475	876.344379	57.005772	50.016000
682.948947	876.344380	57.005773	50.016000
682.951392	876.344379	57.005772	50.017000
682.953905	876.344382	57.005772	50.018000
682.956430	876.344381	57.005773	50.018000
682.958948	876.344379	57.005772	50.019000
682.961419	876.344380	57.005771	50.019000
682.963918	876.344378	57.005770	50.019000
682.966474	876.344381	57.005768	50.019000
682.968839	876.344378	57.005773	50.019000
682.971301	876.344382	57.005772	50.019000
682.973805	876.344382	57.005774	50.020000
682.976336	876.344378	57.005772	50.020000
682.979049	876.344379	57.005772	50.021000
682.981520	876.344380	57.005773	50.022000
682.984026	876.344379	57.005772	50.023000
682.986677	876.344384	57.005767	50.024000
682.989046	876.344381	57.005773	50.025000
682.991699	876.344381	57.005772	50.026000
682.994110	876.344380	57.005766	50.027000
682.996641	876.344385	57.005769	50.027000
682.999059	876.344383	57.005772	50.027000
683.001532	876.344380	57.005770	50.027000
683.004028	876.344382	57.005770	50.026000
683.006481	876.344382	57.005769	50.025000
683.009044	876.344382	57.005768	50.025000
683.011403	876.344382	57.005769	50.024000
683.013894	876.344380	57.005772	50.023000
683.016537	876.344379	57.005766	50.022000
683.019154	876.344379	57.005770	50.022000
683.021527	876.344376	57.005769	50.022000
683.024022	876.344381	57.005772	50.021000
683.026584	876.344381	57.005773	50.021000
683.029145	876.344379	57.005767	50.022000
683.031490	876.344381	57.005774	50.022000
683.033999	876.344379	57.005773	50.022000
683.036638	876.344381	57.005772	50.022000
683.039049	876.344377	57.005770	50.022000
683.041525	876.344380	57.005770	50.021000
683.044028	876.344383	57.005772	50.021000
683.046583	876.344378	57.005772	50.021000
683.048939	876.344381	57.005768	50.021000
683.051395	876.344383	57.005766	50.021000
683.054099	876.344378	57.005768	50.021000
683.056637	876.344380	57.005771	50.022000
683.059147	876.344377	57.005769	50.023000
683.061627	876.344383	57.005769	50.024000
683.064121	876.344379	57.005770	50.024000
683.066677	876.344384	57.005771	50.025000
683.069238	876.344380	57.005772	50.025000
683.071700	876.344381	57.005772	50.025000
683.074106	876.344380	57.005771	50.026000
683.076641	876.344380	57.005771	50.026000
683.079144	876.344380	57.005772	50.026000
683.081519	876.344380	57.005767	50.025000
683.084127	876.344377	57.005770	50.026000
683.086583	876.344379	57.005767	50.026000
683.089144	876.344379	57.005772	50.026000
683.091701	876.344381	57.005767	50.026000
683.094299	876.344380	57.005769	50.027000
683.096738	876.344383	57.005770	50.027000
683.099244	876.344379	57.005771	50.027000
683.101729	876.344382	57.005768	50.027000
683.104324	876.344383	57.005771	50.027000
683.106777	876.344377	57.005771	50.027000
683.109242	876.344381	57.005771	50.027000
683.111601	876.344382	57.005767	50.028000
683.114204	876.344378	57.005772	50.028000
683.116639	876.344385	57.005768	50.028000
683.119150	876.344384	57.005768	50.029000
683.121627	876.344380	57.005768	50.030000
683.124125	876.344379	57.005766	50.030000
683.126684	876.344381	57.005767	50.031000
683.129339	876.344381	57.005767	50.031000
683.131788	876.344379	57.005770	50.031000
683.134295	876.344381	57.005771	50.031000
683.136842	876.344381	57.005771	50.031000
683.139337	876.344382	57.005770	50.030000
683.141824	876.344379	57.005767	50.030000
683.144434	876.344380	57.005768	50.029000
683.147077	876.344383	57.005774	50.029000
683.149326	876.344378	57.005773	50.029000
683.151787	876.344384	57.005774	50.029000
683.154297	876.344381	57.005773	50.029000
683.156743	876.344379	57.005766	50.030000
683.159248	876.344381	57.005768	50.030000
683.161722	876.344381	57.005773	50.030000
683.164438	876.344382	57.005771	50.030000
683.166983	876.344378	57.005769	50.030000
683.169442	876.344383	57.005769	50.030000
683.171897	876.344378	57.005768	50.030000
683.174406	876.344379	57.005766	50.030000
683.176951	876.344376	57.005767	50.031000
683.179551	876.344383	57.005766	50.031000
683.181923	876.344378	57.005773	50.032000
683.184439	876.344376	57.005773	50.033000
683.186880	876.344380	57.005768	50.034000
683.189345	876.344377	57.005769	50.035000
683.191993	876.344378	57.005767	50.036000
683.194306	876.344380	57.005768	50.036000
683.196845	876.344381	57.005769	50.037000
683.199338	876.344380	57.005771	50.037000
683.202016	876.344380	57.005769	50.037000
683.204532	876.344385	57.005772	50.037000
683.207075	876.344378	57.005772	50.037000
683.209535	876.344382	57.005771	50.037000
683.212082	876.344383	57.005770	50.037000
683.214499	876.344380	57.005767	50.037000
683.217041	876.344379	57.005768	50.037000
683.219543	876.344382	57.005768	50.038000
683.222024	876.344381	57.005768	50.038000
683.224532	876.344380	57.005768	50.038000
683.227072	876.344379	57.005769	50.038000
683.229535	876.344383	57.005768	50.039000
683.231887	876.344379	57.005769	50.039000
683.234400	876.344386	57.005769	50.039000
683.236946	876.344381	57.005770	50.040000
683.239641	876.344379	57.005773	50.040000
683.242210	876.344379	57.005771	50.041000
683.244526	876.344378	57.005768	50.041000
683.247171	876.344381	57.005766	50.041000
683.249625	876.344378	57.005766	50.042000
683.252182	876.344376	57.005766	50.042000
683.254588	876.344380	57.005772	50.042000
683.257143	876.344380	57.005773	50.041000
683.259641	876.344378	57.005773	50.041000
683.262115	876.344381	57.005772	50.040000
683.264632	876.344380	57.005772	50.039000
683.267176	876.344376	57.005774	50.039000
683.269525	876.344377	57.005766	50.038000
683.271983	876.344381	57.005768	50.038000
683.274489	876.344381	57.005770	50.037000
683.277334	876.344381	57.005768	50.037000
683.279740	876.344378	57.005772	50.036000
683.282221	876.344382	57.005773	50.036000
683.284836	876.344379	57.005772	50.036000
683.287272	876.344378	57.005769	50.036000
683.289718	876.344378	57.005767	50.035000
683.292184	876.344380	57.005767	50.035000
683.294698	876.344379	57.005768	50.035000
683.297140	876.344379	57.005769	50.035000
683.299741	876.344378	57.005772	50.035000
683.302211	876.344382	57.005770	50.036000
683.304728	876.344379	57.005768	50.036000
683.307174	876.344380	57.005773	50.038000
683.309633	876.344383	57.005773	50.039000
683.312085	876.344380	57.005771	50.040000
683.314815	876.344377	57.005767	50.040000
683.317347	876.344377	57.005769	50.041000
683.319850	876.344382	57.005771	50.042000
683.322317	876.344379	57.005769	50.042000
683.324851	876.344382	57.005771	50.042000
683.327365	876.344383	57.005769	50.042000
683.329829	876.344380	57.005771	50.042000
683.332298	876.344380	57.005771	50.043000
683.334932	876.344381	57.005769	50.044000
683.337340	876.344381	57.005771	50.045000
683.339848	876.344382	57.005769	50.046000
683.342315	876.344376	57.005771	50.048000
683.344751	876.344381	57.005772	50.049000
683.347271	876.344379	57.005769	50.050000
683.349827	876.344383	57.005773	50.051000
683.352386	876.344380	57.005767	50.052000
683.354923	876.344380	57.005769	50.052000
683.357450	876.344378	57.005772	50.053000
683.360067	876.344379	57.005767	50.054000
683.362418	876.344380	57.005773	50.055000
683.365058	876.344377	57.005768	50.056000
683.367486	876.344384	57.005773	50.057000
683.369922	876.344379	57.005773	50.058000
683.372385	876.344382	57.005772	50.058000
683.375034	876.344377	57.005768	50.058000
683.377453	876.344380	57.005768	50.058000
683.379960	876.344383	57.005768	50.058000
683.382326	876.344380	57.005770	50.057000
683.384846	876.344378	57.005767	50.056000
683.387376	876.344379	57.005768	50.055000
683.390025	876.344380	57.005768	50.055000
683.392490	876.344378	57.005767	50.054000
683.395034	876.344382	57.005766	50.054000
683.397551	876.344380	57.005770	50.054000
683.400068	876.344382	57.005773	50.054000
683.402620	876.344379	57.005767	50.054000
683.405058	876.344384	57.005772	50.054000
683.407574	876.344379	57.005772	50.053000
683.410024	876.344379	57.005772	50.053000
683.412488	876.344380	57.005772	50.052000
683.415029	876.344380	57.005772	50.051000
683.417540	876.344377	57.005769	50.050000
683.419959	876.344381	57.005770	50.050000
683.422415	876.344379	57.005768	50.049000
683.424946	876.344384	57.005768	50.049000
683.427571	876.344381	57.005772	50.050000
683.430021	876.344379	57.005772	50.050000
683.432490	876.344383	57.005769	50.051000
683.435022	876.344382	57.005767	50.051000
683.437739	876.344380	57.005768	50.051000
683.440059	876.344382	57.005771	50.052000
683.442517	876.344384	57.005773	50.051000
683.445164	876.344378	57.005767	50.051000
683.447572	876.344380	57.005772	50.050000
683.450020	876.344379	57.005770	50.049000
683.452487	876.344383	57.005768	50.049000
683.454909	876.344381	57.005772	50.048000
683.457439	876.344380	57.005769	50.047000
683.459957	876.344382	57.005768	50.046000
683.462420	876.344380	57.005767	50.045000
683.465153	876.344378	57.005773	50.045000
683.467663	876.344380	57.005773	50.044000
683.470123	876.344376	57.005773	50.044000
683.472583	876.344381	57.005773	50.043000
683.475128	876.344378	57.005773	50.042000
683.477639	876.344377	57.005773	50.042000
683.480264	876.344383	57.005768	50.042000
683.482616	876.344381	57.005770	50.042000
683.485150	876.344381	57.005768	50.042000
683.487664	876.344379	57.005771	50.043000
683.490115	876.344382	57.005768	50.044000
683.492485	876.344377	57.005770	50.044000
683.495023	876.344380	57.005771	50.045000
683.497542	876.344384	57.005771	50.046000
683.500061	876.344380	57.005771	50.046000
683.502710	876.344381	57.005772	50.046000
683.505261	876.344381	57.005773	50.046000
683.507766	876.344380	57.005770	50.046000
683.510222	876.344385	57.005768	50.046000
683.512693	876.344381	57.005767	50.045000
683.515233	876.344380	57.005767	50.045000
683.517737	876.344380	57.005769	50.045000
683.520458	876.344382	57.005769	50.046000
683.522606	876.344381	57.005769	50.046000
683.525253	876.344381	57.005771	50.047000
683.527765	876.344379	57.005769	50.047000
683.530212	876.344379	57.005770	50.048000
683.532584	876.344380	57.005767	50.048000
683.535123	876.344380	57.005767	50.048000
683.537633	876.344376	57.005770	50.048000
683.540361	876.344381	57.005773	50.048000
683.542819	876.344381	57.005773	50.048000
683.545364	876.344380	57.005773	50.049000
683.547869	876.344378	57.005772	50.049000
683.550318	876.344380	57.005769	50.050000
683.552788	876.344382	57.005771	50.051000
683.555350	876.344382	57.005769	50.052000
683.557846	876.344383	57.005769	50.052000
683.560367	876.344379	57.005770	50.053000
683.562810	876.344383	57.005770	50.054000
683.565470	876.344377	57.005769	50.054000
683.567874	876.344380	57.005772	50.054000
683.570221	876.344383	57.005768	50.055000
683.572680	876.344378	57.005767	50.055000
683.575240	876.344379	57.005768	50.055000
683.577848	876.344378	57.005767	50.056000
683.580377	876.344380	57.005766	50.056000
683.582807	876.344381	57.005771	50.056000
683.585362	876.344379	57.005774	50.056000
683.587771	876.344378	57.005766	50.056000
683.590315	876.344381	57.005771	50.055000
683.592780	876.344383	57.005765	50.055000
683.595337	876.344378	57.005768	50.054000
683.597848	876.344380	57.005772	50.054000
683.600368	876.344380	57.005774	50.054000
683.602806	876.344384	57.005771	50.053000
683.605352	876.344382	57.005771	50.053000
683.607769	876.344380	57.005768	50.053000
683.610207	876.344380	57.005769	50.053000
683.612678	876.344382	57.005773	50.053000
683.615433	876.344381	57.005770	50.053000
683.617946	876.344379	57.005767	50.053000
683.620462	876.344380	57.005768	50.053000
683.622909	876.344384	57.005769	50.053000
683.625465	876.344380	57.005771	50.053000
683.627960	876.344381	57.005771	50.053000
683.630406	876.344381	57.005772	50.053000
683.633079	876.344381	57.005773	50.053000
683.635440	876.344379	57.005774	50.053000
683.638045	876.344379	57.005770	50.053000
683.640467	876.344381	57.005768	50.053000
683.642815	876.344381	57.005773	50.053000
683.645363	876.344382	57.005773	50.053000
683.647867	876.344382	57.005772	50.053000
683.650516	876.344381	57.005772	50.053000
683.652996	876.344379	57.005773	50.053000
683.655549	876.344382	57.005771	50.053000
683.658047	876.344381	57.005771	50.052000
683.660572	876.344378	57.005770	50.052000
683.663116	876.344380	57.005769	50.052000
683.665569	876.344376	57.005768	50.052000
683.668080	876.344383	57.005769	50.051000
683.670523	876.344381	57.005772	50.052000
683.672984	876.344380	57.005772	50.052000
683.675552	876.344378	57.005770	50.053000
683.678055	876.344383	57.005770	50.053000
683.680584	876.344378	57.005770	50.054000
683.682922	876.344380	57.005770	50.055000
683.685469	876.344380	57.005772	50.055000
683.688167	876.344379	57.005771	50.055000
683.690616	876.344379	57.005769	50.055000
683.693088	876.344377	57.005768	50.055000
683.695648	876.344378	57.005769	50.054000
683.698147	876.344383	57.005770	50.054000
683.700667	876.344381	57.005768	50.054000
683.703117	876.344379	57.005769	50.053000
683.705671	876.344379	57.005771	50.053000
683.708170	876.344379	57.005770	50.052000
683.710610	876.344383	57.005771	50.052000
683.713092	876.344379	57.005771	50.052000
683.715849	876.344382	57.005769	50.052000
683.718142	876.344380	57.005773	50.052000
683.720578	876.344379	57.005769	50.052000
683.723417	876.344380	57.005772	50.052000
683.725768	876.344379	57.005770	50.052000
683.728267	876.344380	57.005769	50.052000
683.730712	876.344383	57.005769	50.051000
683.733184	876.344380	57.005771	50.051000
683.735851	876.344381	57.005769	50.051000
683.738248	876.344380	57.005771	50.051000
683.740777	876.344380	57.005772	50.051000
683.743209	876.344383	57.005769	50.052000
683.745765	876.344379	57.005770	50.052000
683.748367	876.344380	57.005770	50.053000
683.750712	876.344381	57.005772	50.053000
683.753183	876.344380	57.005772	50.054000
683.755748	876.344382	57.005772	50.055000
683.758153	876.344382	57.005771	50.056000
683.760660	876.344382	57.005771	50.056000
683.763311	876.344385	57.005770	50.057000
683.765966	876.344385	57.005770	50.057000
683.768352	876.344385	57.005771	50.057000
683.770807	876.344383	57.005769	50.058000
683.773289	876.344383	57.005771	50.058000
683.775848	876.344379	57.005770	50.058000
683.778340	876.344382	57.005769	50.058000
683.780862	876.344382	57.005770	50.058000
683.783311	876.344381	57.005770	50.058000
683.785859	876.344379	57.005769	50.057000
683.788355	876.344377	57.005770	50.057000
683.790896	876.344379	57.005772	50.057000
683.793289	876.344380	57.005770	50.056000
683.795750	876.344378	57.005769	50.055000
683.798237	876.344379	57.005771	50.054000
683.800952	876.344383	57.005771	50.053000
683.803417	876.344380	57.005769	50.052000
683.805967	876.344379	57.005770	50.052000
683.808559	876.344384	57.005769	50.052000
683.810906	876.344379	57.005770	50.052000
683.813388	876.344382	57.005769	50.052000
683.815946	876.344381	57.005770	50.052000
683.818445	876.344383	57.005771	50.053000
683.820964	876.344380	57.005771	50.053000
683.823320	876.344381	57.005771	50.053000
683.825877	876.344379	57.005770	50.052000
683.828558	876.344379	57.005771	50.052000
683.830805	876.344377	57.005768	50.051000
683.833283	876.344380	57.005770	50.050000
683.835855	876.344380	57.005771	50.050000
683.838454	876.344380	57.005769	50.049000
683.841061	876.344378	57.005769	50.049000
683.843408	876.344378	57.005768	50.048000
683.845967	876.344380	57.005770	50.049000
683.848456	876.344380	57.005771	50.049000
683.850909	876.344382	57.005771	50.049000
683.853390	876.344378	57.005769	50.049000
683.855944	876.344377	57.005771	50.049000
683.858450	876.344379	57.005770	50.049000
683.860960	876.344381	57.005770	50.048000
683.863415	876.344381	57.005768	50.047000
683.865965	876.344380	57.005770	50.047000
683.868361	876.344381	57.005769	50.046000
683.870811	876.344377	57.005771	50.046000
683.873393	876.344380	57.005771	50.045000
683.876051	876.344379	57.005770	50.045000
683.878550	876.344381	57.005769	50.045000
683.881056	876.344384	57.005769	50.045000
683.883620	876.344380	57.005771	50.045000
683.886075	876.344379	57.005772	50.045000
683.888560	876.344379	57.005769	50.045000
683.891001	876.344381	57.005770	50.045000
683.893490	876.344377	57.005771	50.045000
683.896049	876.344381	57.005769	50.045000
683.898553	876.344378	57.005772	50.045000
683.901157	876.344381	57.005767	50.046000
683.903506	876.344378	57.005769	50.046000
683.905980	876.344379	57.005770	50.046000
683.908462	876.344380	57.005767	50.047000
683.910907	876.344379	57.005767	50.048000
683.913594	876.344381	57.005770	50.048000
683.916236	876.344380	57.005770	50.049000
683.918648	876.344381	57.005769	50.049000
683.921150	876.344380	57.005770	50.049000
683.923614	876.344379	57.005770	50.050000
683.926175	876.344378	57.005770	50.049000
683.928663	876.344378	57.005772	50.049000
683.931111	876.344381	57.005769	50.049000
683.933591	876.344382	57.005769	50.048000
683.936141	876.344380	57.005770	50.048000
683.938549	876.344378	57.005771	50.047000
683.941148	876.344381	57.005770	50.047000
683.943510	876.344381	57.005768	50.047000
683.946070	876.344379	57.005770	50.048000
683.948553	876.344381	57.005771	50.048000
683.951302	876.344381	57.005768	50.048000
683.953697	876.344382	57.005768	50.049000
683.956241	876.344379	57.005769	50.049000
683.958760	876.344379	57.005771	50.049000
683.961334	876.344379	57.005768	50.048000
683.963713	876.344381	57.005768	50.048000
683.966270	876.344382	57.005770	50.047000
683.968758	876.344381	57.005769	50.047000
683.971205	876.344378	57.005772	50.046000
683.973695	876.344377	57.005768	50.046000
683.976143	876.344379	57.005768	50.046000
683.978753	876.344380	57.005768	50.045000
683.981152	876.344383	57.005768	50.045000
683.983615	876.344381	57.005770	50.045000
683.986175	876.344377	57.005771	50.045000
683.988752	876.344381	57.005770	50.045000
683.991203	876.344380	57.005771	50.044000
683.993790	876.344379	57.005772	50.045000
683.996238	876.344379	57.005771	50.045000
683.998747	876.344380	57.005769	50.045000
684.001333	876.344378	57.005771	50.045000
684.003718	876.344380	57.005770	50.046000
684.006280	876.344380	57.005769	50.046000
684.008759	876.344381	57.005770	50.047000
684.011204	876.344381	57.005770	50.047000
684.013692	876.344383	57.005769	50.047000
684.016237	876.344382	57.005771	50.046000
684.018652	876.344384	57.005770	50.046000
684.021149	876.344381	57.005770	50.046000
684.023618	876.344380	57.005769	50.046000
684.026376	876.344382	57.005769	50.045000
684.028849	876.344382	57.005772	50.045000
684.031303	876.344380	57.005769	50.045000
684.033797	876.344377	57.005771	50.045000
684.036427	876.344378	57.005769	50.046000
684.038846	876.344377	57.005770	50.046000
684.041334	876.344382	57.005768	50.047000
684.043923	876.344380	57.005770	50.047000
684.046378	876.344383	57.005769	50.048000
684.048851	876.344379	57.005770	50.049000
684.051301	876.344378	57.005770	50.050000
684.053789	876.344381	57.005770	50.050000
684.056245	876.344380	57.005770	50.051000
684.058748	876.344378	57.005768	50.051000
684.061243	876.344380	57.005771	50.051000
684.063915	876.344378	57.005769	50.051000
684.066489	876.344382	57.005769	50.051000
684.068953	876.344381	57.005771	50.050000
684.071403	876.344381	57.005770	50.050000
684.073891	876.344379	57.005769	50.050000
684.076536	876.344379	57.005770	50.050000
684.078945	876.344381	57.005769	50.050000
684.081426	876.344377	57.005771	50.051000
684.083913	876.344379	57.005770	50.051000
684.086479	876.344384	57.005769	50.051000
684.088945	876.344381	57.005770	50.052000
684.091302	876.344380	57.005770	50.052000
684.093798	876.344380	57.005771	50.053000
684.096331	876.344380	57.005769	50.053000
684.098952	876.344382	57.005771	50.053000
684.101533	876.344379	57.005770	50.052000
684.104021	876.344382	57.005770	50.051000
684.106580	876.344377	57.005769	50.051000
684.109147	876.344381	57.005770	50.050000
684.111592	876.344378	57.005769	50.050000
684.113990	876.344383	57.005769	50.049000
684.116534	876.344376	57.005770	50.049000
684.119054	876.344379	57.005770	50.049000
684.121527	876.344380	57.005770	50.049000
684.124014	876.344378	57.005769	50.049000
684.126579	876.344381	57.005771	50.050000
684.129052	876.344381	57.005770	50.050000
684.131408	876.344379	57.005770	50.050000
684.133885	876.344381	57.005771	50.050000
684.136623	876.344383	57.005769	50.050000
684.139146	876.344382	57.005770	50.050000
684.141628	876.344381	57.005771	50.049000
684.144220	876.344374	57.005771	50.048000
684.146676	876.344378	57.005771	50.048000
684.149141	876.344379	57.005770	50.047000
684.151597	876.344383	57.005770	50.046000
684.154089	876.344379	57.005771	50.046000
684.156630	876.344382	57.005769	50.045000
684.159155	876.344381	57.005770	50.044000
684.161628	876.344378	57.005769	50.044000
684.164120	876.344380	57.005771	50.044000
684.166577	876.344376	57.005771	50.044000
684.169146	876.344379	57.005770	50.044000
684.171496	876.344380	57.005770	50.044000
684.174202	876.344383	57.005771	50.044000
684.176739	876.344382	57.005769	50.044000
684.179269	876.344379	57.005768	50.044000
684.181737	876.344380	57.005770	50.043000
684.184234	876.344381	57.005770	50.043000
684.186989	876.344381	57.005770	50.042000
684.189252	876.344378	57.005769	50.041000
684.191692	876.344378	57.005770	50.041000
684.194200	876.344380	57.005770	50.040000
684.196835	876.344380	57.005770	50.039000
684.199252	876.344379	57.005769	50.038000
684.201722	876.344378	57.005771	50.038000
684.204226	876.344380	57.005770	50.037000
684.206674	876.344382	57.005770	50.037000
684.209145	876.344379	57.005770	50.036000
684.211794	876.344381	57.005769	50.036000
684.214306	876.344381	57.005770	50.036000
684.216841	876.344381	57.005770	50.036000
684.219352	876.344379	57.005770	50.036000
684.221920	876.344378	57.005770	50.036000
684.224323	876.344379	57.005770	50.035000
684.226877	876.344379	57.005771	50.035000
684.229337	876.344379	57.005770	50.035000
684.231796	876.344379	57.005769	50.035000
684.234304	876.344380	57.005770	50.035000
684.236842	876.344381	57.005770	50.035000
684.239247	876.344377	57.005770	50.034000
684.241723	876.344380	57.005770	50.034000
684.244227	876.344381	57.005769	50.033000
684.246783	876.344379	57.005771	50.033000
684.249443	876.344380	57.005770	50.032000
684.251897	876.344384	57.005770	50.032000
684.254497	876.344378	57.005770	50.032000
684.256941	876.344383	57.005770	50.032000
684.259451	876.344382	57.005770	50.031000
684.261924	876.344379	57.005770	50.031000
684.264433	876.344381	57.005770	50.031000
684.266978	876.344379	57.005769	50.031000
684.269439	876.344381	57.005771	50.031000
684.271989	876.344381	57.005771	50.031000
684.274400	876.344381	57.005770	50.031000
684.276941	876.344377	57.005770	50.031000
684.279446	876.344381	57.005769	50.032000
684.281823	876.344380	57.005770	50.032000
684.284329	876.344379	57.005769	50.033000
684.287085	876.344379	57.005770	50.033000
684.289541	876.344379	57.005769	50.033000
684.291996	876.344378	57.005771	50.033000
684.294506	876.344380	57.005769	50.033000
684.297049	876.344383	57.005771	50.033000
684.299548	876.344379	57.005769	50.033000
684.302032	876.344381	57.005769	50.033000
684.304530	876.344379	57.005770	50.033000
684.307084	876.344380	57.005770	50.033000
684.309542	876.344381	57.005770	50.033000
684.311995	876.344381	57.005770	50.033000
684.314603	876.344378	57.005771	50.034000
684.316933	876.344379	57.005769	50.034000
684.319440	876.344381	57.005769	50.034000
684.322031	876.344384	57.005769	50.035000
684.324733	876.344380	57.005768	50.035000
684.327182	876.344376	57.005768	50.035000
684.329634	876.344380	57.005771	50.035000
684.332084	876.344380	57.005769	50.034000
684.334700	876.344380	57.005769	50.034000
684.337138	876.344382	57.005769	50.034000
684.339636	876.344379	57.005771	50.033000
684.342123	876.344379	57.005769	50.033000
684.344738	876.344381	57.005771	50.032000
684.347178	876.344377	57.005771	50.032000
684.349634	876.344382	57.005770	50.032000
684.352085	876.344376	57.005769	50.031000
684.354598	876.344379	57.005771	50.031000
684.357040	876.344382	57.005771	50.031000
684.359543	876.344379	57.005769	50.030000
684.362219	876.344383	57.005771	50.030000
684.364724	876.344379	57.005769	50.029000
684.367269	876.344380	57.005771	50.028000
684.369736	876.344382	57.005770	50.027000
684.372186	876.344380	57.005769	50.026000
684.374686	876.344383	57.005770	50.026000
684.377236	876.344383	57.005772	50.025000
684.379745	876.344380	57.005769	50.025000
684.382219	876.344380	57.005771	50.024000
684.384727	876.344379	57.005769	50.024000
684.387277	876.344381	57.005771	50.024000
684.389732	876.344381	57.005769	50.024000
684.392091	876.344381	57.005770	50.024000
684.394583	876.344381	57.005770	50.024000
684.397137	876.344379	57.005771	50.024000
684.399739	876.344380	57.005770	50.024000
684.402220	876.344381	57.005772	50.024000
684.404723	876.344381	57.005769	50.024000
684.407269	876.344380	57.005770	50.023000
684.409830	876.344378	57.005771	50.023000
684.412183	876.344378	57.005771	50.022000
684.414693	876.344382	57.005770	50.022000
684.417343	876.344381	57.005769	50.022000
684.419742	876.344382	57.005770	50.021000
684.422214	876.344378	57.005769	50.021000
684.424732	876.344381	57.005769	50.021000
684.427278	876.344378	57.005771	50.020000
684.429642	876.344382	57.005772	50.020000
684.432097	876.344380	57.005769	50.020000
684.434601	876.344379	57.005770	50.020000
684.437347	876.344380	57.005770	50.020000
684.439854	876.344381	57.005770	50.020000
684.442318	876.344379	57.005770	50.020000
684.444836	876.344380	57.005770	50.021000
684.447382	876.344378	57.005771	50.021000
684.449840	876.344378	57.005767	50.021000
684.452384	876.344378	57.005772	50.022000
684.454805	876.344379	57.005772	50.022000
684.457446	876.344380	57.005769	50.022000
684.459849	876.344380	57.005769	50.023000
684.462324	876.344380	57.005771	50.023000
684.464838	876.344379	57.005770	50.023000
684.467284	876.344380	57.005772	50.024000
684.469744	876.344376	57.005769	50.024000
684.472194	876.344380	57.005771	50.024000
684.474907	876.344376	57.005769	50.025000
684.477444	876.344381	57.005769	50.026000
684.479952	876.344380	57.005771	50.026000
684.482425	876.344380	57.005771	50.026000
684.485050	876.344378	57.005770	50.026000
684.487482	876.344377	57.005768	50.027000
684.489935	876.344378	57.005771	50.027000
684.492396	876.344378	57.005769	50.028000
684.494916	876.344381	57.005771	50.029000
684.497452	876.344381	57.005769	50.029000
684.499961	876.344379	57.005772	50.030000
684.502431	876.344380	57.005769	50.031000
684.504845	876.344378	57.005771	50.031000
684.507383	876.344377	57.005771	50.031000
684.510133	876.344378	57.005770	50.031000
684.512494	876.344378	57.005771	50.031000
684.515132	876.344382	57.005772	50.030000
684.517547	876.344377	57.005772	50.030000
684.520273	876.344381	57.005771	50.029000
684.522518	876.344380	57.005770	50.029000
684.525049	876.344380	57.005769	50.029000
684.527581	876.344378	57.005771	50.029000
684.530027	876.344378	57.005768	50.029000
684.532488	876.344380	57.005770	50.029000
684.535010	876.344383	57.005770	50.029000
684.537543	876.344378	57.005770	50.030000
684.539942	876.344379	57.005770	50.030000
684.542514	876.344383	57.005769	50.030000
684.544942	876.344382	57.005769	50.030000
684.547480	876.344380	57.005769	50.031000
684.550031	876.344377	57.005768	50.031000
684.552588	876.344381	57.005769	50.031000
684.555008	876.344379	57.005769	50.031000
684.557540	876.344379	57.005770	50.031000
684.560061	876.344381	57.005769	50.031000
684.562515	876.344381	57.005771	50.031000
684.565036	876.344379	57.005769	50.031000
684.567574	876.344381	57.005771	50.031000
684.570037	876.344378	57.005768	50.031000
684.572490	876.344380	57.005770	50.032000
684.575013	876.344384	57.005770	50.032000
684.577529	876.344378	57.005770	50.032000
684.580060	876.344380	57.005769	50.032000
684.582425	876.344380	57.005770	50.032000
684.585049	876.344380	57.005768	50.032000
684.587677	876.344378	57.005770	50.032000
684.590136	876.344382	57.005770	50.032000
684.592690	876.344380	57.005770	50.031000
684.595119	876.344380	57.005769	50.031000
684.597638	876.344379	57.005770	50.031000
684.600166	876.344384	57.005770	50.031000
684.602715	876.344382	57.005770	50.031000
684.605155	876.344382	57.005770	50.031000
684.607682	876.344381	57.005769	50.032000
684.610130	876.344381	57.005771	50.032000
684.612588	876.344379	57.005769	50.032000
684.615010	876.344378	57.005770	50.033000
684.617647	876.344378	57.005770	50.033000
684.620055	876.344379	57.005769	50.033000
684.622712	876.344375	57.005770	50.033000
684.625251	876.344379	57.005771	50.033000
684.627782	876.344380	57.005769	50.033000
684.630229	876.344381	57.005771	50.033000
684.632692	876.344381	57.005770	50.034000
684.635225	876.344378	57.005770	50.034000
684.637646	876.344380	57.005769	50.035000
684.640269	876.344382	57.005770	50.035000
684.642714	876.344382	57.005769	50.035000
684.645255	876.344379	57.005770	50.036000
684.647772	876.344380	57.005770	50.036000
684.650232	876.344379	57.005770	50.036000
684.652589	876.344382	57.005770	50.036000
684.655225	876.344381	57.005771	50.036000
684.657644	876.344382	57.005770	50.036000
684.660372	876.344383	57.005771	50.035000
684.662815	876.344381	57.005772	50.036000
684.665364	876.344380	57.005770	50.036000
684.667881	876.344382	57.005771	50.037000
684.670319	876.344379	57.005770	50.037000
684.672782	876.344379	57.005771	50.038000
684.675429	876.344380	57.005770	50.039000
684.677938	876.344380	57.005770	50.039000
684.680366	876.344382	57.005769	50.040000
684.682812	876.344381	57.005770	50.041000
684.685465	876.344382	57.005770	50.041000
684.687881	876.344377	57.005771	50.041000
684.690229	876.344378	57.005770	50.041000
684.692692	876.344380	57.005770	50.041000
684.695228	876.344381	57.005770	50.041000
684.697945	876.344381	57.005769	50.040000
684.700469	876.344378	57.005770	50.040000
684.702917	876.344378	57.005770	50.040000
684.705458	876.344381	57.005771	50.040000
684.707978	876.344380	57.005769	50.039000
684.710424	876.344380	57.005770	50.039000
684.712881	876.344378	57.005770	50.039000
684.715437	876.344382	57.005771	50.039000
684.717943	876.344378	57.005769	50.039000
684.720467	876.344382	57.005771	50.039000
684.722916	876.344378	57.005770	50.039000
684.725554	876.344378	57.005770	50.039000
684.727871	876.344378	57.005770	50.039000
684.730320	876.344379	57.005771	50.039000
684.732777	876.344379	57.005771	50.039000
684.735533	876.344379	57.005770	50.040000
684.738032	876.344380	57.005771	50.040000
684.740561	876.344380	57.005770	50.040000
684.742999	876.344383	57.005769	50.040000
684.745656	876.344380	57.005770	50.040000
684.748066	876.344378	57.005770	50.040000
684.750515	876.344382	57.005769	50.040000
684.752970	876.344385	57.005771	50.040000
684.755527	876.344382	57.005770	50.040000
684.758134	876.344379	57.005770	50.040000
684.760557	876.344381	57.005770	50.040000
684.763010	876.344381	57.005770	50.040000
684.765451	876.344380	57.005770	50.040000
684.767970	876.344381	57.005769	50.040000
684.770411	876.344380	57.005770	50.041000
684.772724	876.344381	57.005769	50.041000
