704.551058	888.332391	50.020655	55.551000
704.552325	888.332339	50.020648	55.553000
704.554829	888.332335	50.020652	55.554000
704.557492	888.332351	50.020651	55.555000
704.560142	888.332344	50.020649	55.556000
704.562906	888.332351	50.020647	55.557000
704.565463	888.332349	50.020647	55.557000
704.568069	888.332347	50.020646	55.557000
704.570644	888.332349	50.020646	55.556000
704.573221	888.332349	50.020648	55.554000
704.575892	888.332348	50.020654	55.553000
704.578435	888.332353	50.020654	55.550000
704.580946	888.332353	50.020654	55.549000
704.583516	888.332348	50.020653	55.546000
704.585991	888.332347	50.020652	55.545000
704.588476	888.332352	50.020648	55.544000
704.590998	888.332352	50.020652	55.544000
704.593509	888.332350	50.020653	55.543000
704.596002	888.332350	50.020653	55.544000
704.598558	888.332352	50.020655	55.545000
704.601053	888.332349	50.020653	55.546000
704.603589	888.332349	50.020655	55.548000
704.605966	888.332351	50.020646	55.549000
704.608605	888.332349	50.020654	55.551000
704.611130	888.332349	50.020652	55.552000
704.613798	888.332350	50.020648	55.552000
704.616396	888.332351	50.020653	55.552000
704.618834	888.332352	50.020647	55.552000
704.621330	888.332350	50.020647	55.552000
704.623862	888.332347	50.020647	55.552000
704.626223	888.332352	50.020651	55.552000
704.628858	888.332348	50.020648	55.551000
704.631257	888.332348	50.020650	55.551000
704.633732	888.332349	50.020653	55.551000
704.636220	888.332351	50.020653	55.551000
704.638760	888.332349	50.020652	55.551000
704.641254	888.332353	50.020653	55.552000
704.643781	888.332348	50.020653	55.553000
704.646348	888.332349	50.020647	55.553000
704.648790	888.332352	50.020654	55.554000
704.651485	888.332353	50.020654	55.556000
704.653958	888.332351	50.020652	55.556000
704.656540	888.332350	50.020653	55.557000
704.658985	888.332352	50.020645	55.558000
704.661463	888.332348	50.020645	55.559000
704.664009	888.332350	50.020649	55.559000
704.666360	888.332353	50.020651	55.560000
704.668910	888.332353	50.020649	55.561000
704.671391	888.332349	50.020649	55.562000
704.673866	888.332350	50.020649	55.563000
704.676463	888.332347	50.020649	55.565000
704.679000	888.332351	50.020647	55.566000
704.681383	888.332353	50.020653	55.568000
704.683897	888.332350	50.020653	55.570000
704.686368	888.332352	50.020652	55.571000
704.689216	888.332350	50.020648	55.572000
704.691606	888.332351	50.020652	55.574000
704.694068	888.332349	50.020652	55.574000
704.696562	888.332352	50.020652	55.575000
704.699089	888.332348	50.020654	55.575000
704.701589	888.332351	50.020654	55.576000
704.704109	888.332348	50.020649	55.577000
704.706467	888.332352	50.020651	55.578000
704.709017	888.332351	50.020654	55.580000
704.711495	888.332352	50.020654	55.582000
704.713972	888.332350	50.020653	55.584000
704.716453	888.332352	50.020653	55.586000
704.718994	888.332349	50.020654	55.588000
704.721486	888.332349	50.020654	55.590000
704.724003	888.332354	50.020654	55.592000
704.726668	888.332349	50.020653	55.594000
704.729211	888.332351	50.020654	55.595000
704.731678	888.332348	50.020654	55.597000
704.734157	888.332350	50.020652	55.598000
704.736654	888.332347	50.020649	55.599000
704.739192	888.332351	50.020648	55.599000
704.741686	888.332348	50.020646	55.600000
704.744095	888.332350	50.020651	55.601000
704.746566	888.332350	50.020647	55.601000
704.749200	888.332349	50.020650	55.602000
704.751689	888.332349	50.020650	55.602000
704.754060	888.332349	50.020648	55.602000
704.756556	888.332349	50.020646	55.602000
704.759079	888.332352	50.020647	55.601000
704.761680	888.332351	50.020647	55.600000
704.764281	888.332348	50.020654	55.599000
704.766753	888.332350	50.020652	55.597000
704.769290	888.332350	50.020650	55.596000
704.771878	888.332352	50.020653	55.595000
704.774248	888.332346	50.020651	55.594000
704.776740	888.332351	50.020650	55.594000
704.779274	888.332346	50.020649	55.594000
704.781767	888.332349	50.020646	55.595000
704.784178	888.332350	50.020654	55.595000
704.786644	888.332348	50.020654	55.595000
704.789198	888.332354	50.020648	55.596000
704.791679	888.332350	50.020646	55.596000
704.794249	888.332350	50.020654	55.596000
704.796632	888.332347	50.020645	55.595000
704.799183	888.332352	50.020647	55.595000
704.801866	888.332350	50.020649	55.594000
704.804371	888.332355	50.020652	55.594000
704.806857	888.332349	50.020652	55.593000
704.809395	888.332351	50.020654	55.592000
704.811871	888.332350	50.020655	55.591000
704.814335	888.332350	50.020654	55.590000
704.816742	888.332353	50.020647	55.590000
704.819265	888.332350	50.020647	55.589000
704.821765	888.332351	50.020649	55.589000
704.824266	888.332346	50.020649	55.588000
704.826842	888.332348	50.020646	55.587000
704.829283	888.332346	50.020653	55.587000
704.831774	888.332354	50.020654	55.586000
704.834240	888.332351	50.020653	55.586000
704.836731	888.332350	50.020653	55.585000
704.839460	888.332347	50.020646	55.585000
704.842063	888.332350	50.020653	55.584000
704.844457	888.332352	50.020647	55.583000
704.846946	888.332353	50.020648	55.582000
704.849501	888.332348	50.020649	55.580000
704.851963	888.332350	50.020652	55.579000
704.854352	888.332348	50.020649	55.577000
704.856838	888.332350	50.020652	55.575000
704.859360	888.332351	50.020650	55.572000
704.861867	888.332351	50.020647	55.569000
704.864370	888.332357	50.020646	55.566000
704.866844	888.332351	50.020646	55.563000
704.869391	888.332352	50.020647	55.560000
704.871877	888.332345	50.020648	55.558000
704.874342	888.332352	50.020650	55.556000
704.877024	888.332350	50.020653	55.555000
704.879552	888.332351	50.020648	55.554000
704.882067	888.332354	50.020648	55.553000
704.884553	888.332352	50.020648	55.553000
704.887054	888.332347	50.020646	55.553000
704.889592	888.332352	50.020647	55.552000
704.891971	888.332352	50.020654	55.551000
704.894509	888.332348	50.020647	55.550000
704.896971	888.332352	50.020654	55.549000
704.899479	888.332348	50.020651	55.548000
704.901935	888.332346	50.020648	55.546000
704.904532	888.332349	50.020654	55.543000
704.906947	888.332356	50.020646	55.541000
704.909489	888.332353	50.020647	55.540000
704.912075	888.332347	50.020649	55.538000
704.914739	888.332350	50.020646	55.537000
704.917120	888.332350	50.020654	55.536000
704.919634	888.332355	50.020654	55.535000
704.922151	888.332345	50.020653	55.535000
704.924646	888.332350	50.020654	55.534000
704.927044	888.332346	50.020645	55.533000
704.929665	888.332350	50.020650	55.533000
704.932173	888.332352	50.020646	55.532000
704.934543	888.332349	50.020654	55.532000
704.937015	888.332352	50.020654	55.533000
704.939537	888.332350	50.020653	55.534000
704.942075	888.332355	50.020652	55.535000
704.944551	888.332353	50.020652	55.537000
704.947040	888.332352	50.020650	55.538000
704.949571	888.332344	50.020651	55.539000
704.952261	888.332350	50.020648	55.540000
704.954739	888.332351	50.020646	55.541000
704.957250	888.332354	50.020646	55.541000
704.959745	888.332353	50.020648	55.541000
704.962256	888.332353	50.020650	55.541000
704.964737	888.332350	50.020648	55.540000
704.967145	888.332348	50.020654	55.539000
704.969794	888.332346	50.020651	55.539000
704.972170	888.332351	50.020650	55.538000
704.974636	888.332353	50.020651	55.538000
704.977134	888.332352	50.020647	55.538000
704.979655	888.332354	50.020647	55.538000
704.982165	888.332346	50.020646	55.538000
704.984652	888.332354	50.020646	55.538000
704.987149	888.332349	50.020646	55.537000
704.989999	888.332349	50.020648	55.536000
704.992365	888.332349	50.020650	55.535000
704.994833	888.332353	50.020650	55.534000
704.997337	888.332349	50.020653	55.532000
704.999851	888.332352	50.020653	55.531000
705.002373	888.332353	50.020654	55.530000
705.004843	888.332352	50.020654	55.530000
705.007357	888.332351	50.020652	55.530000
705.009803	888.332353	50.020646	55.531000
705.012264	888.332352	50.020647	55.533000
705.014835	888.332347	50.020653	55.535000
705.017240	888.332355	50.020647	55.537000
705.019748	888.332352	50.020648	55.539000
705.022263	888.332348	50.020647	55.542000
705.024732	888.332351	50.020649	55.544000
705.027457	888.332352	50.020652	55.546000
705.029993	888.332349	50.020653	55.548000
705.032464	888.332346	50.020655	55.550000
705.034934	888.332349	50.020652	55.551000
705.037442	888.332347	50.020649	55.552000
705.039952	888.332345	50.020649	55.553000
705.042456	888.332348	50.020645	55.554000
705.044842	888.332352	50.020653	55.555000
705.047352	888.332349	50.020655	55.555000
705.049893	888.332349	50.020652	55.555000
705.052357	888.332351	50.020651	55.554000
705.054841	888.332352	50.020650	55.554000
705.057340	888.332355	50.020651	55.554000
705.059849	888.332353	50.020650	55.554000
705.062359	888.332349	50.020647	55.556000
705.064843	888.332349	50.020646	55.558000
705.067557	888.332350	50.020648	55.560000
705.070086	888.332351	50.020650	55.563000
705.072665	888.332349	50.020646	55.566000
705.075029	888.332347	50.020653	55.568000
705.077540	888.332351	50.020653	55.570000
705.079961	888.332351	50.020648	55.572000
705.082470	888.332352	50.020650	55.574000
705.085050	888.332350	50.020650	55.576000
705.087449	888.332350	50.020654	55.577000
705.089991	888.332347	50.020653	55.578000
705.092460	888.332347	50.020653	55.579000
705.094933	888.332352	50.020655	55.580000
705.097435	888.332349	50.020653	55.581000
705.099953	888.332344	50.020650	55.581000
705.102659	888.332350	50.020646	55.581000
705.105247	888.332351	50.020654	55.581000
705.107761	888.332350	50.020653	55.580000
705.110192	888.332350	50.020646	55.580000
705.112668	888.332350	50.020646	55.579000
705.115134	888.332351	50.020649	55.579000
705.117640	888.332351	50.020648	55.578000
705.120055	888.332350	50.020654	55.578000
705.122563	888.332350	50.020652	55.578000
705.125047	888.332353	50.020654	55.579000
705.127560	888.332346	50.020652	55.579000
705.130085	888.332348	50.020649	55.579000
705.132565	888.332350	50.020645	55.578000
705.135038	888.332348	50.020647	55.577000
705.137642	888.332349	50.020652	55.575000
705.140261	888.332352	50.020653	55.574000
705.142764	888.332351	50.020654	55.572000
705.145246	888.332349	50.020654	55.571000
705.147958	888.332350	50.020646	55.570000
705.150297	888.332348	50.020649	55.569000
705.152765	888.332351	50.020647	55.569000
705.155231	888.332346	50.020648	55.570000
705.157634	888.332348	50.020648	55.570000
705.160160	888.332351	50.020646	55.571000
705.162658	888.332350	50.020647	55.572000
705.165157	888.332348	50.020647	55.572000
705.167659	888.332349	50.020648	55.572000
705.170198	888.332348	50.020647	55.572000
705.172655	888.332347	50.020649	55.571000
705.175135	888.332351	50.020648	55.570000
705.177828	888.332346	50.020654	55.568000
705.180362	888.332350	50.020653	55.567000
705.182850	888.332351	50.020653	55.566000
705.185358	888.332354	50.020654	55.566000
705.187856	888.332351	50.020654	55.567000
705.190494	888.332351	50.020647	55.568000
705.192864	888.332351	50.020652	55.570000
705.195335	888.332351	50.020654	55.571000
705.197831	888.332351	50.020654	55.573000
705.200266	888.332352	50.020646	55.575000
705.202763	888.332351	50.020645	55.576000
705.205247	888.332348	50.020648	55.578000
705.207757	888.332353	50.020651	55.579000
705.210294	888.332351	50.020650	55.580000
705.212766	888.332351	50.020654	55.580000
705.215227	888.332350	50.020654	55.581000
705.217932	888.332352	50.020649	55.581000
705.220471	888.332352	50.020647	55.582000
705.223061	888.332353	50.020653	55.583000
705.225448	888.332349	50.020646	55.583000
705.227962	888.332349	50.020647	55.583000
705.230503	888.332350	50.020647	55.583000
705.232965	888.332351	50.020646	55.582000
705.235330	888.332347	50.020652	55.582000
705.237824	888.332355	50.020652	55.581000
705.240363	888.332350	50.020654	55.581000
705.242855	888.332353	50.020654	55.580000
705.245355	888.332348	50.020654	55.580000
705.247857	888.332349	50.020654	55.580000
705.250384	888.332352	50.020652	55.580000
705.252865	888.332348	50.020651	55.581000
705.255539	888.332349	50.020646	55.582000
705.258040	888.332352	50.020646	55.583000
705.260558	888.332353	50.020647	55.583000
705.263061	888.332348	50.020646	55.584000
705.265663	888.332349	50.020650	55.584000
705.268081	888.332351	50.020647	55.583000
705.270692	888.332351	50.020650	55.583000
705.273068	888.332353	50.020646	55.583000
705.275430	888.332352	50.020654	55.583000
705.277933	888.332348	50.020653	55.583000
705.280473	888.332349	50.020652	55.583000
705.282955	888.332347	50.020653	55.583000
705.285451	888.332350	50.020652	55.584000
705.287955	888.332354	50.020652	55.584000
705.290491	888.332346	50.020654	55.585000
705.293157	888.332350	50.020646	55.586000
705.295629	888.332351	50.020645	55.587000
705.298132	888.332354	50.020647	55.589000
705.300670	888.332352	50.020648	55.590000
705.303264	888.332353	50.020651	55.592000
705.305636	888.332352	50.020650	55.593000
705.308165	888.332349	50.020647	55.595000
705.310586	888.332350	50.020652	55.596000
705.313063	888.332348	50.020653	55.597000
705.315535	888.332351	50.020649	55.598000
705.318041	888.332351	50.020650	55.598000
705.320563	888.332350	50.020651	55.599000
705.323064	888.332351	50.020652	55.599000
705.325541	888.332350	50.020655	55.599000
705.328065	888.332349	50.020654	55.599000
705.330589	888.332349	50.020654	55.599000
705.333258	888.332348	50.020650	55.599000
705.335729	888.332349	50.020649	55.600000
705.338248	888.332351	50.020646	55.600000
705.340754	888.332352	50.020645	55.599000
705.343274	888.332350	50.020647	55.599000
705.345751	888.332348	50.020648	55.599000
705.348275	888.332352	50.020647	55.598000
705.350791	888.332350	50.020646	55.598000
705.353165	888.332353	50.020653	55.597000
705.355628	888.332351	50.020655	55.596000
705.358143	888.332353	50.020654	55.595000
705.360665	888.332348	50.020652	55.594000
705.363175	888.332351	50.020652	55.593000
705.365655	888.332354	50.020650	55.592000
705.368162	888.332348	50.020647	55.590000
705.370799	888.332351	50.020653	55.589000
705.373257	888.332353	50.020653	55.587000
705.375736	888.332353	50.020653	55.585000
705.378256	888.332351	50.020653	55.583000
705.380774	888.332348	50.020652	55.581000
705.383382	888.332351	50.020646	55.579000
705.385751	888.332348	50.020655	55.577000
705.388173	888.332351	50.020647	55.576000
705.390801	888.332350	50.020654	55.575000
705.393267	888.332351	50.020652	55.574000
705.395635	888.332352	50.020647	55.574000
705.398148	888.332353	50.020647	55.574000
705.400666	888.332351	50.020647	55.575000
705.403176	888.332354	50.020648	55.575000
705.405743	888.332348	50.020649	55.575000
705.408383	888.332348	50.020653	55.575000
705.410888	888.332348	50.020655	55.575000
705.413355	888.332351	50.020653	55.574000
705.415933	888.332350	50.020648	55.573000
705.418356	888.332348	50.020653	55.572000
705.420867	888.332349	50.020654	55.570000
705.423380	888.332350	50.020654	55.568000
705.425761	888.332352	50.020647	55.567000
705.428272	888.332350	50.020648	55.565000
705.430795	888.332351	50.020648	55.563000
705.433253	888.332347	50.020648	55.561000
705.435732	888.332352	50.020649	55.560000
705.438251	888.332346	50.020648	55.558000
705.440763	888.332353	50.020648	55.556000
705.443274	888.332348	50.020648	55.555000
705.445939	888.332354	50.020652	55.553000
705.448480	888.332347	50.020653	55.551000
705.450986	888.332349	50.020653	55.549000
705.453455	888.332347	50.020653	55.548000
705.455929	888.332349	50.020652	55.546000
705.458454	888.332351	50.020652	55.545000
705.460960	888.332353	50.020650	55.544000
705.463367	888.332351	50.020654	55.543000
705.465842	888.332348	50.020654	55.542000
705.468480	888.332350	50.020647	55.541000
705.470886	888.332349	50.020654	55.539000
705.473349	888.332351	50.020653	55.538000
705.475821	888.332346	50.020653	55.536000
705.478351	888.332351	50.020651	55.534000
705.480855	888.332347	50.020649	55.532000
705.483579	888.332350	50.020654	55.530000
705.486046	888.332347	50.020653	55.528000
705.488587	888.332353	50.020654	55.527000
705.491088	888.332352	50.020654	55.525000
705.493557	888.332349	50.020654	55.524000
705.495929	888.332351	50.020647	55.522000
705.498465	888.332349	50.020649	55.520000
705.500964	888.332350	50.020648	55.518000
705.503476	888.332350	50.020650	55.516000
705.505948	888.332348	50.020652	55.514000
705.508480	888.332346	50.020653	55.512000
705.510995	888.332347	50.020651	55.511000
705.513473	888.332351	50.020650	55.511000
705.516039	888.332349	50.020648	55.511000
705.518466	888.332351	50.020650	55.511000
705.521171	888.332348	50.020652	55.511000
705.523687	888.332350	50.020650	55.512000
705.526252	888.332346	50.020649	55.512000
705.528705	888.332352	50.020648	55.513000
705.531197	888.332352	50.020646	55.513000
705.533658	888.332353	50.020646	55.513000
705.536128	888.332347	50.020646	55.512000
705.538672	888.332354	50.020647	55.513000
705.541163	888.332351	50.020650	55.513000
705.543797	888.332351	50.020648	55.514000
705.546050	888.332349	50.020646	55.516000
705.548585	888.332354	50.020645	55.517000
705.551098	888.332350	50.020647	55.519000
705.553557	888.332352	50.020646	55.521000
705.556028	888.332349	50.020648	55.523000
705.558770	888.332350	50.020653	55.525000
705.561266	888.332347	50.020653	55.526000
705.563794	888.332348	50.020655	55.528000
705.566248	888.332350	50.020654	55.529000
705.568793	888.332348	50.020654	55.530000
705.571287	888.332354	50.020654	55.531000
705.573753	888.332349	50.020653	55.532000
705.576134	888.332349	50.020648	55.534000
705.578682	888.332348	50.020649	55.535000
705.581167	888.332353	50.020652	55.536000
705.583696	888.332350	50.020653	55.537000
705.586144	888.332352	50.020653	55.538000
705.588694	888.332353	50.020651	55.539000
705.591194	888.332347	50.020651	55.540000
705.593671	888.332352	50.020650	55.541000
705.596335	888.332352	50.020652	55.543000
705.598886	888.332352	50.020649	55.545000
705.601378	888.332352	50.020649	55.547000
705.603899	888.332349	50.020651	55.550000
705.606344	888.332349	50.020652	55.552000
705.609001	888.332355	50.020646	55.554000
705.611399	888.332346	50.020651	55.556000
705.613854	888.332349	50.020649	55.556000
705.616343	888.332350	50.020648	55.555000
705.618877	888.332350	50.020647	55.554000
705.621364	888.332351	50.020647	55.552000
705.623789	888.332348	50.020654	55.550000
705.626248	888.332350	50.020653	55.548000
705.628788	888.332348	50.020652	55.546000
705.631297	888.332353	50.020648	55.545000
705.633950	888.332352	50.020648	55.544000
705.636431	888.332352	50.020647	55.543000
705.638971	888.332345	50.020648	55.543000
705.641478	888.332351	50.020650	55.543000
705.643992	888.332348	50.020649	55.543000
705.646442	888.332350	50.020649	55.542000
705.648991	888.332351	50.020650	55.541000
705.651484	888.332350	50.020651	55.540000
705.653860	888.332348	50.020646	55.539000
705.656334	888.332351	50.020647	55.538000
705.658882	888.332348	50.020646	55.537000
705.661366	888.332350	50.020647	55.536000
705.663888	888.332352	50.020648	55.536000
705.666340	888.332351	50.020651	55.536000
705.668891	888.332352	50.020653	55.536000
705.671581	888.332350	50.020647	55.537000
705.674056	888.332351	50.020648	55.537000
705.676539	888.332345	50.020649	55.537000
705.679075	888.332350	50.020649	55.537000
705.681566	888.332350	50.020650	55.537000
705.684088	888.332350	50.020651	55.536000
705.686539	888.332350	50.020650	55.535000
705.689091	888.332353	50.020651	55.535000
705.691585	888.332348	50.020649	55.535000
705.694047	888.332349	50.020650	55.536000
705.696431	888.332353	50.020647	55.539000
705.698982	888.332350	50.020648	55.542000
705.701468	888.332349	50.020651	55.546000
705.703979	888.332347	50.020652	55.550000
705.706444	888.332352	50.020653	55.554000
705.709184	888.332347	50.020651	55.557000
705.711678	888.332353	50.020652	55.558000
705.714143	888.332348	50.020652	55.559000
705.716628	888.332353	50.020652	55.559000
705.719173	888.332347	50.020653	55.559000
705.721765	888.332352	50.020646	55.558000
705.724185	888.332348	50.020652	55.558000
705.726637	888.332349	50.020652	55.558000
705.729085	888.332351	50.020651	55.559000
705.731778	888.332346	50.020648	55.560000
705.734046	888.332350	50.020652	55.563000
705.736638	888.332347	50.020647	55.565000
705.739075	888.332349	50.020653	55.568000
705.741568	888.332350	50.020651	55.571000
705.744085	888.332351	50.020648	55.572000
705.746740	888.332347	50.020653	55.574000
705.749283	888.332351	50.020653	55.574000
705.751791	888.332349	50.020651	55.574000
705.754243	888.332349	50.020647	55.574000
705.756733	888.332351	50.020646	55.573000
705.759266	888.332348	50.020646	55.572000
705.761873	888.332347	50.020654	55.572000
705.764287	888.332348	50.020649	55.571000
705.766643	888.332352	50.020648	55.572000
705.769389	888.332351	50.020651	55.573000
705.771691	888.332351	50.020646	55.574000
705.774247	888.332349	50.020649	55.575000
705.776625	888.332351	50.020648	55.576000
705.779184	888.332347	50.020649	55.578000
705.781677	888.332348	50.020647	55.579000
705.784188	888.332350	50.020648	55.580000
705.786845	888.332350	50.020655	55.581000
705.789399	888.332349	50.020655	55.581000
705.791881	888.332350	50.020653	55.581000
705.794349	888.332349	50.020654	55.582000
705.796827	888.332349	50.020653	55.582000
705.799361	888.332350	50.020651	55.581000
705.801869	888.332348	50.020650	55.581000
705.804375	888.332352	50.020648	55.581000
705.806844	888.332348	50.020647	55.580000
705.809397	888.332351	50.020646	55.580000
705.811884	888.332348	50.020647	55.580000
705.814343	888.332352	50.020647	55.581000
705.816746	888.332348	50.020652	55.582000
705.819264	888.332351	50.020653	55.583000
705.821774	888.332349	50.020652	55.585000
705.824474	888.332351	50.020654	55.586000
705.826948	888.332352	50.020652	55.587000
705.829488	888.332350	50.020653	55.588000
705.831985	888.332351	50.020651	55.588000
705.834451	888.332351	50.020648	55.588000
705.836938	888.332352	50.020647	55.588000
705.839464	888.332348	50.020648	55.588000
705.841972	888.332352	50.020647	55.587000
705.844475	888.332350	50.020650	55.587000
705.846953	888.332350	50.020652	55.587000
705.849397	888.332350	50.020645	55.587000
705.851882	888.332351	50.020647	55.588000
705.854346	888.332351	50.020648	55.589000
705.856837	888.332352	50.020648	55.591000
705.859379	888.332350	50.020646	55.593000
705.862069	888.332351	50.020652	55.594000
705.864574	888.332351	50.020651	55.595000
705.867053	888.332351	50.020649	55.595000
705.869596	888.332350	50.020647	55.594000
705.872069	888.332350	50.020649	55.593000
705.874554	888.332355	50.020650	55.592000
705.877043	888.332347	50.020651	55.590000
705.879467	888.332351	50.020648	55.588000
705.882075	888.332350	50.020650	55.587000
705.884463	888.332351	50.020648	55.586000
705.887053	888.332350	50.020653	55.586000
705.889588	888.332348	50.020652	55.587000
705.891979	888.332353	50.020650	55.589000
705.894450	888.332349	50.020651	55.591000
705.897245	888.332351	50.020653	55.593000
705.899661	888.332349	50.020646	55.595000
705.902165	888.332349	50.020646	55.597000
705.904566	888.332353	50.020653	55.598000
705.907156	888.332349	50.020645	55.599000
705.909697	888.332350	50.020647	55.599000
705.912181	888.332352	50.020647	55.600000
705.914658	888.332352	50.020648	55.600000
705.917126	888.332348	50.020648	55.600000
705.919657	888.332351	50.020648	55.600000
705.922080	888.332347	50.020653	55.600000
705.924572	888.332354	50.020652	55.600000
705.927051	888.332349	50.020652	55.601000
705.929707	888.332349	50.020647	55.602000
705.932093	888.332353	50.020651	55.603000
705.934554	888.332352	50.020649	55.605000
705.937241	888.332350	50.020653	55.607000
705.939752	888.332349	50.020654	55.610000
705.942267	888.332354	50.020653	55.612000
705.944744	888.332354	50.020652	55.615000
705.947256	888.332349	50.020651	55.616000
705.949799	888.332351	50.020649	55.618000
705.952277	888.332352	50.020647	55.618000
705.954640	888.332351	50.020652	55.619000
705.957226	888.332352	50.020653	55.618000
705.959651	888.332345	50.020646	55.617000
705.962170	888.332352	50.020648	55.616000
705.964664	888.332353	50.020648	55.615000
705.967249	888.332352	50.020654	55.615000
705.969694	888.332349	50.020648	55.614000
705.972176	888.332346	50.020647	55.614000
705.974649	888.332348	50.020646	55.614000
705.977436	888.332353	50.020648	55.614000
705.979853	888.332348	50.020649	55.614000
705.982374	888.332353	50.020646	55.615000
705.984843	888.332351	50.020647	55.616000
705.987357	888.332352	50.020647	55.617000
705.989906	888.332356	50.020647	55.618000
705.992380	888.332351	50.020646	55.619000
705.994747	888.332349	50.020652	55.620000
705.997231	888.332351	50.020648	55.620000
705.999748	888.332353	50.020650	55.620000
706.002283	888.332346	50.020650	55.620000
706.004755	888.332348	50.020650	55.619000
706.007247	888.332353	50.020647	55.618000
706.009811	888.332353	50.020647	55.617000
706.012289	888.332353	50.020646	55.615000
706.014940	888.332350	50.020647	55.613000
706.017430	888.332349	50.020647	55.611000
706.019956	888.332350	50.020649	55.610000
706.022478	888.332351	50.020653	55.608000
706.024937	888.332350	50.020653	55.608000
706.027446	888.332349	50.020653	55.607000
706.030094	888.332351	50.020646	55.607000
706.032482	888.332350	50.020654	55.608000
706.034946	888.332352	50.020654	55.608000
706.037338	888.332351	50.020646	55.607000
706.039845	888.332347	50.020646	55.607000
706.042375	888.332349	50.020646	55.605000
706.044849	888.332349	50.020646	55.604000
706.047352	888.332350	50.020646	55.602000
706.049908	888.332351	50.020647	55.601000
706.052576	888.332349	50.020649	55.600000
706.055038	888.332348	50.020648	55.601000
706.057537	888.332352	50.020647	55.602000
706.060157	888.332348	50.020654	55.604000
706.062569	888.332349	50.020647	55.606000
706.065042	888.332347	50.020646	55.608000
706.067567	888.332349	50.020647	55.610000
706.070095	888.332348	50.020651	55.612000
706.072482	888.332349	50.020647	55.613000
706.074947	888.332352	50.020647	55.613000
706.077443	888.332350	50.020646	55.613000
706.080054	888.332351	50.020652	55.613000
706.082482	888.332352	50.020650	55.613000
706.084945	888.332348	50.020652	55.613000
706.087465	888.332354	50.020653	55.613000
706.090305	888.332350	50.020651	55.613000
706.092676	888.332354	50.020652	55.614000
706.095142	888.332349	50.020650	55.615000
706.097642	888.332345	50.020651	55.616000
706.100261	888.332350	50.020652	55.617000
706.102778	888.332354	50.020653	55.617000
706.105143	888.332350	50.020650	55.617000
706.107649	888.332349	50.020650	55.617000
706.110200	888.332350	50.020648	55.617000
706.112583	888.332352	50.020649	55.617000
706.115153	888.332351	50.020648	55.616000
706.117549	888.332348	50.020648	55.615000
706.120061	888.332350	50.020649	55.615000
706.122563	888.332350	50.020648	55.614000
706.125039	888.332347	50.020647	55.613000
706.127757	888.332350	50.020651	55.612000
706.130308	888.332348	50.020651	55.612000
706.132779	888.332348	50.020652	55.612000
706.135231	888.332352	50.020652	55.611000
706.137727	888.332352	50.020653	55.612000
706.140265	888.332353	50.020654	55.612000
706.142767	888.332352	50.020654	55.612000
706.145142	888.332347	50.020647	55.613000
706.147657	888.332346	50.020646	55.614000
706.150212	888.332354	50.020647	55.615000
706.152774	888.332351	50.020654	55.616000
706.155235	888.332346	50.020653	55.616000
706.157635	888.332347	50.020646	55.617000
706.160157	888.332349	50.020649	55.617000
706.162669	888.332349	50.020651	55.618000
706.165456	888.332348	50.020653	55.618000
706.167954	888.332353	50.020654	55.618000
706.170391	888.332344	50.020646	55.618000
706.172866	888.332351	50.020646	55.617000
706.175342	888.332349	50.020647	55.617000
706.177836	888.332349	50.020647	55.617000
706.180364	888.332353	50.020646	55.617000
706.182853	888.332348	50.020647	55.616000
706.185345	888.332351	50.020646	55.616000
706.187754	888.332350	50.020654	55.616000
706.190301	888.332350	50.020653	55.616000
706.192870	888.332350	50.020647	55.616000
706.195239	888.332352	50.020650	55.616000
706.197740	888.332349	50.020649	55.615000
706.200255	888.332350	50.020649	55.615000
706.202954	888.332349	50.020654	55.614000
706.205447	888.332350	50.020653	55.613000
706.207962	888.332351	50.020654	55.611000
706.210491	888.332349	50.020655	55.610000
706.213069	888.332349	50.020647	55.609000
706.215437	888.332350	50.020653	55.608000
706.217921	888.332353	50.020653	55.607000
706.220467	888.332347	50.020651	55.607000
706.222963	888.332351	50.020652	55.606000
706.225358	888.332346	50.020646	55.606000
706.227848	888.332351	50.020647	55.607000
706.230498	888.332349	50.020650	55.607000
706.232967	888.332349	50.020648	55.607000
706.235435	888.332350	50.020646	55.607000
706.237833	888.332350	50.020653	55.608000
706.240667	888.332353	50.020648	55.608000
706.243262	888.332352	50.020647	55.608000
706.245651	888.332352	50.020652	55.608000
706.248050	888.332348	50.020651	55.608000
706.250607	888.332350	50.020651	55.608000
706.253067	888.332350	50.020653	55.608000
706.255537	888.332353	50.020653	55.608000
706.258027	888.332352	50.020652	55.608000
706.260567	888.332349	50.020652	55.608000
706.263063	888.332352	50.020652	55.607000
706.265461	888.332347	50.020649	55.606000
706.267954	888.332348	50.020649	55.605000
706.270493	888.332354	50.020648	55.603000
706.272966	888.332353	50.020646	55.602000
706.275432	888.332353	50.020647	55.601000
706.278135	888.332352	50.020648	55.600000
706.280671	888.332351	50.020649	55.600000
706.283169	888.332351	50.020651	55.600000
706.285653	888.332351	50.020652	55.601000
706.288162	888.332352	50.020652	55.602000
706.290694	888.332352	50.020651	55.603000
706.293174	888.332353	50.020652	55.604000
706.295635	888.332350	50.020652	55.604000
706.298028	888.332353	50.020650	55.605000
706.300659	888.332351	50.020653	55.605000
706.303054	888.332348	50.020649	55.605000
706.305653	888.332348	50.020654	55.604000
706.308167	888.332351	50.020655	55.603000
706.310604	888.332351	50.020646	55.602000
706.313074	888.332351	50.020647	55.601000
706.315819	888.332350	50.020649	55.599000
706.318235	888.332347	50.020650	55.598000
706.320767	888.332350	50.020649	55.597000
706.323269	888.332350	50.020649	55.596000
706.325852	888.332349	50.020649	55.596000
706.328159	888.332350	50.020652	55.595000
706.330804	888.332354	50.020651	55.595000
706.333174	888.332349	50.020653	55.595000
706.335739	888.332351	50.020652	55.594000
706.338136	888.332352	50.020652	55.594000
706.340668	888.332349	50.020653	55.594000
706.343161	888.332349	50.020655	55.594000
706.345646	888.332349	50.020654	55.594000
706.348167	888.332349	50.020651	55.593000
706.350705	888.332350	50.020649	55.593000
706.353371	888.332351	50.020646	55.593000
706.355829	888.332350	50.020649	55.592000
706.358360	888.332349	50.020648	55.592000
706.360867	888.332349	50.020649	55.592000
706.363385	888.332350	50.020650	55.592000
706.365963	888.332350	50.020647	55.592000
706.368375	888.332348	50.020653	55.593000
706.370901	888.332348	50.020654	55.593000
706.373365	888.332350	50.020654	55.594000
706.375738	888.332351	50.020646	55.594000
706.378250	888.332349	50.020647	55.594000
706.380776	888.332353	50.020646	55.594000
706.383380	888.332344	50.020653	55.593000
706.385755	888.332351	50.020646	55.593000
706.388268	888.332348	50.020647	55.592000
706.390990	888.332351	50.020651	55.590000
706.393467	888.332351	50.020654	55.589000
706.395929	888.332349	50.020653	55.588000
706.398459	888.332347	50.020653	55.587000
706.400969	888.332352	50.020652	55.585000
706.403487	888.332349	50.020651	55.584000
706.405945	888.332350	50.020652	55.583000
706.408484	888.332350	50.020654	55.582000
706.410986	888.332348	50.020654	55.581000
706.413468	888.332346	50.020654	55.579000
706.415827	888.332352	50.020646	55.577000
706.418345	888.332353	50.020647	55.575000
706.420866	888.332348	50.020648	55.574000
706.423484	888.332349	50.020647	55.571000
706.425857	888.332350	50.020653	55.569000
706.428481	888.332350	50.020647	55.567000
706.431092	888.332348	50.020654	55.565000
706.433555	888.332349	50.020653	55.563000
706.436036	888.332348	50.020651	55.562000
706.438557	888.332350	50.020652	55.560000
706.441052	888.332352	50.020653	55.559000
706.443583	888.332347	50.020651	55.557000
706.445955	888.332352	50.020646	55.557000
706.448487	888.332350	50.020648	55.556000
706.451098	888.332351	50.020649	55.555000
706.453467	888.332349	50.020649	55.555000
706.455936	888.332352	50.020647	55.554000
706.458566	888.332351	50.020648	55.553000
706.460962	888.332350	50.020650	55.553000
706.463494	888.332349	50.020652	55.552000
706.466259	888.332351	50.020648	55.550000
706.468695	888.332349	50.020653	55.549000
706.471192	888.332350	50.020654	55.549000
706.473670	888.332350	50.020653	55.548000
706.476142	888.332346	50.020654	55.547000
706.478777	888.332352	50.020651	55.547000
706.481069	888.332346	50.020648	55.548000
706.483695	888.332350	50.020652	55.549000
706.486046	888.332350	50.020647	55.549000
706.488587	888.332354	50.020646	55.550000
706.491098	888.332350	50.020647	55.550000
706.493564	888.332351	50.020650	55.550000
706.496041	888.332347	50.020653	55.549000
706.498673	888.332349	50.020646	55.549000
706.501063	888.332350	50.020653	55.549000
706.503793	888.332349	50.020651	55.549000
706.506248	888.332348	50.020650	55.550000
706.508792	888.332348	50.020647	55.551000
706.511290	888.332350	50.020647	55.552000
706.513757	888.332350	50.020647	55.553000
706.516238	888.332352	50.020646	55.555000
706.518779	888.332348	50.020647	55.555000
706.521164	888.332352	50.020653	55.556000
706.523700	888.332353	50.020653	55.555000
706.526145	888.332354	50.020654	55.554000
706.528694	888.332351	50.020653	55.553000
706.531197	888.332353	50.020652	55.550000
706.533666	888.332349	50.020649	55.548000
706.536128	888.332350	50.020649	55.547000
706.538680	888.332355	50.020646	55.546000
706.541361	888.332345	50.020649	55.546000
706.543892	888.332351	50.020648	55.547000
706.546352	888.332352	50.020648	55.548000
706.548898	888.332355	50.020650	55.550000
706.551401	888.332349	50.020651	55.551000
706.553853	888.332351	50.020654	55.551000
706.556324	888.332350	50.020654	55.552000
706.558867	888.332350	50.020651	55.552000
706.561365	888.332353	50.020651	55.552000
706.563801	888.332349	50.020649	55.552000
706.566245	888.332350	50.020650	55.553000
706.568792	888.332352	50.020654	55.554000
706.571295	888.332349	50.020653	55.556000
706.573862	888.332347	50.020648	55.559000
706.576231	888.332350	50.020652	55.561000
706.578977	888.332349	50.020646	55.562000
706.581461	888.332353	50.020646	55.562000
706.584101	888.332349	50.020648	55.562000
706.586452	888.332351	50.020651	55.560000
706.589002	888.332350	50.020652	55.558000
706.591491	888.332350	50.020654	55.556000
706.593952	888.332350	50.020653	55.552000
706.596422	888.332347	50.020652	55.549000
706.598884	888.332353	50.020649	55.545000
706.601360	888.332351	50.020652	55.542000
706.603898	888.332348	50.020653	55.539000
706.606345	888.332346	50.020654	55.536000
706.608886	888.332351	50.020652	55.535000
706.611393	888.332349	50.020649	55.533000
706.613855	888.332353	50.020647	55.533000
706.616529	888.332349	50.020652	55.532000
706.619068	888.332350	50.020653	55.530000
706.621562	888.332349	50.020654	55.528000
706.624089	888.332352	50.020651	55.526000
706.626545	888.332352	50.020648	55.524000
706.629096	888.332348	50.020647	55.522000
706.631687	888.332352	50.020653	55.520000
706.634055	888.332350	50.020647	55.519000
706.636537	888.332350	50.020651	55.519000
706.639081	888.332350	50.020654	55.518000
706.641564	888.332354	50.020653	55.519000
706.643999	888.332351	50.020648	55.520000
706.646449	888.332351	50.020653	55.520000
706.648986	888.332347	50.020654	55.519000
706.651486	888.332352	50.020652	55.518000
706.654156	888.332352	50.020647	55.516000
706.656646	888.332353	50.020650	55.513000
706.659276	888.332350	50.020646	55.510000
706.661668	888.332349	50.020653	55.507000
706.664187	888.332350	50.020653	55.503000
706.666646	888.332353	50.020648	55.500000
706.669186	888.332354	50.020647	55.498000
706.671580	888.332348	50.020654	55.496000
706.674156	888.332348	50.020650	55.496000
706.676546	888.332350	50.020650	55.497000
706.679074	888.332352	50.020647	55.498000
706.681563	888.332350	50.020647	55.500000
706.684185	888.332351	50.020645	55.501000
706.686549	888.332351	50.020653	55.503000
706.689096	888.332347	50.020650	55.504000
706.691789	888.332349	50.020647	55.504000
706.694245	888.332348	50.020652	55.505000
706.696736	888.332349	50.020654	55.505000
706.699272	888.332351	50.020652	55.505000
706.701768	888.332349	50.020650	55.505000
706.704290	888.332346	50.020647	55.505000
706.706840	888.332351	50.020651	55.505000
706.709291	888.332345	50.020652	55.505000
706.711790	888.332351	50.020654	55.505000
706.714157	888.332348	50.020647	55.505000
706.716626	888.332349	50.020647	55.505000
706.719174	888.332348	50.020652	55.505000
706.721670	888.332351	50.020653	55.505000
706.724194	888.332349	50.020653	55.506000
706.726639	888.332350	50.020651	55.506000
706.729399	888.332351	50.020647	55.507000
706.731887	888.332349	50.020647	55.509000
706.734350	888.332352	50.020653	55.511000
706.736825	888.332347	50.020653	55.513000
706.739375	888.332347	50.020650	55.516000
706.741873	888.332351	50.020648	55.520000
706.744383	888.332352	50.020646	55.523000
706.746849	888.332351	50.020648	55.525000
706.749289	888.332349	50.020650	55.527000
706.751784	888.332348	50.020647	55.529000
706.754252	888.332352	50.020648	55.530000
706.756729	888.332347	50.020651	55.531000
706.759281	888.332351	50.020653	55.533000
706.761772	888.332349	50.020653	55.535000
706.764295	888.332349	50.020647	55.538000
706.766742	888.332346	50.020648	55.541000
706.769483	888.332347	50.020653	55.544000
706.771993	888.332351	50.020649	55.548000
706.774442	888.332350	50.020646	55.551000
706.776930	888.332348	50.020651	55.553000
706.779474	888.332349	50.020653	55.555000
706.781961	888.332348	50.020653	55.557000
706.784484	888.332347	50.020650	55.558000
706.786943	888.332351	50.020647	55.559000
706.789391	888.332351	50.020653	55.560000
706.791894	888.332352	50.020653	55.561000
706.794339	888.332352	50.020651	55.563000
706.796831	888.332346	50.020647	55.565000
706.799467	888.332350	50.020650	55.567000
706.801867	888.332349	50.020651	55.570000
706.804381	888.332349	50.020653	55.572000
706.807149	888.332347	50.020652	55.573000
706.809695	888.332348	50.020653	55.573000
706.812084	888.332351	50.020646	55.572000
706.814549	888.332350	50.020650	55.571000
706.817137	888.332349	50.020647	55.570000
706.819656	888.332352	50.020649	55.569000
706.822064	888.332347	50.020651	55.569000
706.824582	888.332351	50.020648	55.570000
706.827158	888.332349	50.020652	55.571000
706.829587	888.332350	50.020649	55.573000
706.831984	888.332353	50.020652	55.576000
706.834448	888.332350	50.020650	55.579000
706.836929	888.332351	50.020649	55.581000
706.839469	888.332344	50.020647	55.583000
706.841971	888.332350	50.020648	55.585000
706.844666	888.332350	50.020651	55.586000
706.847140	888.332350	50.020646	55.586000
706.849684	888.332350	50.020651	55.586000
706.852173	888.332349	50.020655	55.585000
706.854649	888.332349	50.020647	55.583000
706.857139	888.332351	50.020647	55.582000
706.859661	888.332350	50.020651	55.580000
706.862063	888.332346	50.020647	55.578000
706.864668	888.332348	50.020649	55.577000
706.867147	888.332347	50.020647	55.575000
706.869588	888.332354	50.020651	55.575000
706.872083	888.332349	50.020647	55.575000
706.874549	888.332352	50.020648	55.575000
706.877034	888.332350	50.020648	55.576000
706.879568	888.332350	50.020652	55.577000
706.882269	888.332348	50.020651	55.578000
706.884769	888.332353	50.020646	55.580000
706.887256	888.332351	50.020649	55.582000
706.889798	888.332347	50.020654	55.584000
706.892286	888.332352	50.020651	55.585000
706.894745	888.332355	50.020647	55.586000
706.897235	888.332351	50.020648	55.587000
706.899756	888.332352	50.020650	55.587000
706.902173	888.332349	50.020649	55.587000
706.904773	888.332353	50.020652	55.586000
706.907140	888.332353	50.020651	55.584000
706.909803	888.332353	50.020648	55.583000
706.912182	888.332352	50.020650	55.582000
706.914651	888.332351	50.020647	55.582000
706.917131	888.332349	50.020653	55.582000
706.919852	888.332349	50.020646	55.584000
706.922357	888.332352	50.020648	55.586000
706.924859	888.332353	50.020653	55.588000
706.927349	888.332349	50.020652	55.590000
706.930010	888.332351	50.020653	55.591000
706.932387	888.332350	50.020647	55.593000
706.934848	888.332352	50.020649	55.594000
706.937336	888.332351	50.020653	55.594000
706.939862	888.332350	50.020652	55.594000
706.942277	888.332351	50.020652	55.594000
706.944769	888.332352	50.020653	55.594000
706.947249	888.332350	50.020652	55.594000
706.949805	888.332350	50.020647	55.594000
706.952299	888.332348	50.020646	55.595000
706.954755	888.332351	50.020648	55.595000
706.957437	888.332350	50.020652	55.595000
706.959952	888.332351	50.020648	55.596000
706.962479	888.332352	50.020647	55.596000
706.964958	888.332350	50.020650	55.596000
706.967458	888.332349	50.020653	55.596000
706.970001	888.332348	50.020652	55.596000
706.972387	888.332353	50.020651	55.597000
706.974949	888.332351	50.020649	55.598000
706.977434	888.332351	50.020653	55.600000
706.979862	888.332349	50.020646	55.602000
706.982373	888.332353	50.020650	55.604000
706.984861	888.332351	50.020654	55.605000
706.987349	888.332353	50.020648	55.607000
706.989911	888.332350	50.020646	55.608000
706.992385	888.332353	50.020651	55.609000
706.995041	888.332349	50.020649	55.609000
706.997537	888.332349	50.020647	55.610000
707.000053	888.332351	50.020652	55.611000
707.002566	888.332351	50.020651	55.612000
707.005045	888.332348	50.020645	55.613000
707.007542	888.332349	50.020653	55.614000
707.010100	888.332351	50.020652	55.616000
707.012583	888.332349	50.020646	55.617000
707.014927	888.332349	50.020653	55.618000
707.017438	888.332352	50.020648	55.618000
707.019943	888.332354	50.020648	55.618000
707.022573	888.332349	50.020646	55.617000
707.024948	888.332351	50.020651	55.616000
707.027453	888.332353	50.020647	55.613000
707.030005	888.332351	50.020648	55.610000
707.032670	888.332353	50.020653	55.607000
707.035135	888.332348	50.020651	55.605000
707.037640	888.332351	50.020646	55.603000
707.040153	888.332348	50.020653	55.602000
707.042664	888.332346	50.020650	55.602000
707.045139	888.332348	50.020646	55.602000
707.047550	888.332345	50.020651	55.603000
707.050201	888.332350	50.020653	55.605000
707.052572	888.332352	50.020650	55.606000
707.055042	888.332352	50.020654	55.607000
707.057550	888.332349	50.020647	55.608000
707.060054	888.332347	50.020648	55.608000
707.062562	888.332347	50.020653	55.608000
707.065044	888.332347	50.020651	55.607000
707.067547	888.332347	50.020651	55.606000
707.070295	888.332348	50.020649	55.604000
707.072779	888.332350	50.020648	55.603000
707.075241	888.332350	50.020650	55.601000
707.077742	888.332350	50.020651	55.600000
707.080239	888.332351	50.020653	55.600000
707.082758	888.332350	50.020654	55.600000
707.085238	888.332352	50.020648	55.600000
707.087851	888.332348	50.020651	55.600000
707.090298	888.332350	50.020653	55.599000
707.092783	888.332351	50.020653	55.598000
707.095144	888.332350	50.020654	55.597000
707.097631	888.332352	50.020653	55.595000
707.100155	888.332348	50.020644	55.592000
707.102674	888.332348	50.020655	55.588000
707.105152	888.332352	50.020649	55.584000
707.107857	888.332351	50.020651	55.579000
707.110406	888.332352	50.020654	55.576000
707.112881	888.332348	50.020651	55.573000
707.115349	888.332351	50.020651	55.572000
707.117835	888.332352	50.020650	55.571000
707.120358	888.332351	50.020646	55.572000
707.122863	888.332348	50.020650	55.573000
707.125244	888.332350	50.020645	55.574000
707.127851	888.332352	50.020647	55.575000
707.130401	888.332355	50.020646	55.574000
707.132783	888.332349	50.020649	55.573000
707.135246	888.332352	50.020646	55.571000
707.137738	888.332349	50.020654	55.568000
707.140256	888.332350	50.020652	55.564000
707.142768	888.332350	50.020647	55.560000
707.145452	888.332352	50.020647	55.556000
707.147962	888.332352	50.020646	55.554000
707.150499	888.332352	50.020653	55.552000
707.152971	888.332354	50.020653	55.551000
707.155436	888.332351	50.020645	55.552000
707.157932	888.332355	50.020652	55.553000
707.160464	888.332349	50.020652	55.554000
707.163056	888.332348	50.020652	55.555000
707.165352	888.332350	50.020650	55.555000
707.167956	888.332350	50.020654	55.555000
707.170396	888.332351	50.020649	55.553000
707.172870	888.332346	50.020656	55.551000
707.175335	888.332352	50.020647	55.549000
707.177826	888.332350	50.020646	55.547000
707.180363	888.332351	50.020650	55.544000
707.183053	888.332352	50.020652	55.543000
707.185553	888.332349	50.020645	55.541000
707.188059	888.332352	50.020651	55.541000
707.190596	888.332351	50.020654	55.542000
707.193062	888.332347	50.020647	55.542000
707.195647	888.332352	50.020648	55.543000
707.198031	888.332353	50.020656	55.544000
707.200565	888.332352	50.020647	55.545000
707.203062	888.332352	50.020647	55.545000
707.205548	888.332350	50.020655	55.544000
707.207955	888.332351	50.020644	55.542000
707.210492	888.332354	50.020653	55.541000
707.212971	888.332353	50.020653	55.539000
707.215441	888.332348	50.020645	55.537000
707.217930	888.332352	50.020651	55.534000
707.220667	888.332353	50.020650	55.532000
707.223160	888.332355	50.020644	55.531000
707.225651	888.332349	50.020654	55.530000
707.228158	888.332350	50.020653	55.529000
707.230696	888.332353	50.020645	55.528000
707.233169	888.332353	50.020648	55.527000
707.235634	888.332349	50.020656	55.526000
707.238120	888.332349	50.020648	55.526000
707.240772	888.332349	50.020650	55.525000
707.243056	888.332353	50.020645	55.523000
707.245553	888.332349	50.020651	55.522000
707.248055	888.332349	50.020655	55.521000
707.250604	888.332353	50.020646	55.519000
707.253077	888.332350	50.020646	55.518000
707.255529	888.332350	50.020656	55.518000
707.258237	888.332348	50.020645	55.518000
707.260770	888.332353	50.020651	55.518000
707.263271	888.332350	50.020655	55.519000
707.265762	888.332350	50.020645	55.521000
707.268272	888.332346	50.020647	55.522000
707.270798	888.332354	50.020655	55.524000
707.273363	888.332352	50.020650	55.525000
707.275743	888.332350	50.020646	55.526000
707.278234	888.332352	50.020646	55.528000
707.280867	888.332352	50.020644	55.529000
707.283161	888.332351	50.020647	55.530000
707.285653	888.332349	50.020656	55.531000
707.288158	888.332351	50.020647	55.531000
707.290807	888.332348	50.020652	55.531000
707.293174	888.332352	50.020654	55.532000
707.295634	888.332349	50.020651	55.532000
707.298338	888.332351	50.020648	55.532000
707.300965	888.332350	50.020647	55.532000
707.303372	888.332350	50.020645	55.532000
707.305860	888.332350	50.020647	55.532000
707.308470	888.332351	50.020644	55.533000
707.310900	888.332350	50.020649	55.533000
707.313375	888.332354	50.020645	55.534000
707.315810	888.332352	50.020656	55.534000
707.318341	888.332348	50.020650	55.535000
707.320773	888.332351	50.020655	55.535000
707.323269	888.332347	50.020650	55.536000
707.325754	888.332353	50.020645	55.536000
707.328364	888.332351	50.020646	55.536000
707.330791	888.332352	50.020655	55.537000
707.333268	888.332348	50.020649	55.537000
707.335929	888.332346	50.020649	55.538000
707.338453	888.332350	50.020655	55.538000
707.340967	888.332353	50.020650	55.540000
707.343481	888.332348	50.020645	55.541000
707.345949	888.332351	50.020653	55.544000
707.348588	888.332348	50.020649	55.546000
707.350997	888.332347	50.020646	55.548000
707.353465	888.332346	50.020647	55.550000
707.355831	888.332350	50.020649	55.551000
707.358347	888.332352	50.020645	55.552000
707.360870	888.332351	50.020653	55.552000
707.363375	888.332350	50.020654	55.551000
707.365859	888.332349	50.020645	55.550000
707.368367	888.332352	50.020648	55.549000
707.370891	888.332350	50.020655	55.547000
707.373555	888.332349	50.020645	55.546000
707.376026	888.332352	50.020650	55.545000
707.378547	888.332351	50.020655	55.545000
707.380971	888.332351	50.020646	55.545000
707.383594	888.332352	50.020645	55.546000
707.386051	888.332350	50.020650	55.547000
707.388583	888.332350	50.020656	55.548000
707.390994	888.332351	50.020646	55.549000
707.393568	888.332348	50.020646	55.550000
707.395928	888.332353	50.020655	55.550000
707.398556	888.332348	50.020655	55.550000
707.401055	888.332350	50.020653	55.550000
707.403481	888.332347	50.020650	55.549000
707.405954	888.332350	50.020655	55.549000
707.408484	888.332351	50.020651	55.548000
707.411186	888.332350	50.020648	55.547000
707.413666	888.332350	50.020656	55.547000
707.416137	888.332350	50.020647	55.547000
707.418666	888.332354	50.020645	55.547000
707.421158	888.332349	50.020648	55.548000
707.423687	888.332351	50.020655	55.549000
707.426149	888.332350	50.020651	55.550000
707.428688	888.332353	50.020646	55.551000
707.431294	888.332350	50.020652	55.551000
707.433564	888.332351	50.020651	55.552000
707.436038	888.332348	50.020648	55.552000
707.438553	888.332349	50.020648	55.552000
707.441160	888.332349	50.020653	55.552000
707.443578	888.332352	50.020652	55.552000
707.446046	888.332351	50.020654	55.552000
707.448786	888.332352	50.020646	55.552000
707.451298	888.332352	50.020647	55.552000
707.453754	888.332348	50.020653	55.552000
707.456229	888.332352	50.020654	55.553000
707.458749	888.332352	50.020648	55.553000
707.461265	888.332352	50.020645	55.553000
707.463699	888.332352	50.020654	55.553000
707.466240	888.332347	50.020655	55.553000
707.468683	888.332352	50.020648	55.553000
707.471192	888.332350	50.020654	55.552000
707.473655	888.332353	50.020652	55.552000
707.476132	888.332354	50.020646	55.552000
707.478660	888.332354	50.020646	55.551000
707.481167	888.332348	50.020647	55.552000
707.483682	888.332352	50.020650	55.551000
707.486341	888.332350	50.020652	55.551000
707.488891	888.332352	50.020646	55.551000
707.491394	888.332350	50.020646	55.550000
707.493862	888.332351	50.020650	55.549000
707.496341	888.332348	50.020652	55.548000
707.498871	888.332349	50.020655	55.547000
707.501369	888.332347	50.020647	55.545000
707.503888	888.332352	50.020645	55.544000
707.506356	888.332348	50.020652	55.542000
707.508787	888.332346	50.020645	55.541000
707.511296	888.332349	50.020647	55.540000
707.513759	888.332350	50.020652	55.539000
707.516433	888.332349	50.020652	55.538000
707.518758	888.332345	50.020651	55.537000
707.521268	888.332350	50.020647	55.536000
707.524000	888.332347	50.020649	55.534000
707.526539	888.332352	50.020645	55.533000
707.528987	888.332349	50.020655	55.532000
707.531495	888.332348	50.020650	55.531000
707.533967	888.332349	50.020646	55.530000
707.536428	888.332351	50.020646	55.528000
707.538974	888.332351	50.020652	55.527000
707.541458	888.332351	50.020654	55.525000
707.544095	888.332353	50.020653	55.524000
707.546352	888.332350	50.020651	55.522000
707.548876	888.332350	50.020654	55.521000
707.551377	888.332350	50.020653	55.520000
707.553963	888.332350	50.020653	55.519000
707.556337	888.332348	50.020646	55.518000
707.558864	888.332353	50.020645	55.517000
707.561559	888.332347	50.020655	55.516000
707.564084	888.332354	50.020651	55.516000
707.566541	888.332347	50.020647	55.516000
707.569087	888.332349	50.020647	55.517000
707.571591	888.332348	50.020645	55.518000
707.574050	888.332348	50.020649	55.519000
707.576537	888.332352	50.020654	55.520000
707.579069	888.332350	50.020654	55.521000
707.581462	888.332354	50.020647	55.522000
707.584001	888.332348	50.020646	55.523000
707.586548	888.332346	50.020651	55.525000
707.588997	888.332349	50.020651	55.525000
707.591602	888.332351	50.020646	55.526000
707.594065	888.332352	50.020652	55.526000
707.596434	888.332353	50.020648	55.526000
707.599183	888.332350	50.020647	55.526000
707.601662	888.332353	50.020653	55.525000
707.604296	888.332350	50.020647	55.525000
707.606650	888.332352	50.020654	55.524000
707.609198	888.332349	50.020649	55.523000
707.611693	888.332350	50.020645	55.522000
707.614166	888.332352	50.020647	55.521000
707.616541	888.332348	50.020653	55.520000
707.619182	888.332350	50.020653	55.520000
707.621673	888.332348	50.020655	55.520000
707.624096	888.332356	50.020647	55.520000
707.626556	888.332352	50.020647	55.522000
707.629098	888.332351	50.020646	55.523000
707.631601	888.332348	50.020647	55.525000
707.634062	888.332349	50.020649	55.527000
707.636847	888.332348	50.020646	55.528000
707.639282	888.332349	50.020654	55.530000
707.641766	888.332349	50.020653	55.530000
707.644291	888.332352	50.020648	55.531000
707.646748	888.332352	50.020645	55.530000
707.649294	888.332349	50.020648	55.529000
707.651788	888.332353	50.020650	55.528000
707.654254	888.332350	50.020652	55.527000
707.656737	888.332349	50.020655	55.526000
707.659276	888.332349	50.020652	55.525000
707.661670	888.332350	50.020650	55.524000
707.664189	888.332350	50.020653	55.523000
707.666750	888.332349	50.020646	55.522000
707.669297	888.332347	50.020647	55.522000
707.671690	888.332349	50.020655	55.521000
707.674355	888.332353	50.020649	55.520000
707.676935	888.332351	50.020654	55.519000
707.679379	888.332350	50.020646	55.518000
707.681868	888.332351	50.020646	55.518000
707.684389	888.332350	50.020649	55.519000
707.686948	888.332348	50.020646	55.520000
707.689386	888.332353	50.020654	55.523000
707.691887	888.332347	50.020654	55.527000
707.694246	888.332350	50.020645	55.530000
707.696734	888.332350	50.020647	55.534000
707.699267	888.332346	50.020651	55.538000
707.701766	888.332349	50.020655	55.542000
707.704291	888.332351	50.020654	55.545000
707.706740	888.332351	50.020653	55.548000
707.709384	888.332347	50.020651	55.551000
707.711984	888.332353	50.020646	55.553000
707.714456	888.332349	50.020646	55.555000
707.716936	888.332349	50.020649	55.557000
707.719462	888.332349	50.020650	55.560000
707.721963	888.332349	50.020649	55.563000
707.724481	888.332348	50.020647	55.567000
707.726949	888.332351	50.020645	55.570000
707.729491	888.332348	50.020647	55.573000
707.731884	888.332351	50.020654	55.576000
707.734459	888.332350	50.020648	55.577000
707.736831	888.332351	50.020654	55.578000
707.739374	888.332352	50.020651	55.579000
707.741973	888.332346	50.020652	55.579000
707.744387	888.332349	50.020650	55.579000
707.746847	888.332351	50.020647	55.578000
707.749592	888.332349	50.020649	55.576000
707.752183	888.332350	50.020646	55.575000
707.754555	888.332353	50.020654	55.574000
707.757027	888.332349	50.020654	55.573000
707.759560	888.332351	50.020654	55.573000
707.762070	888.332351	50.020653	55.573000
707.764585	888.332349	50.020654	55.573000
707.766952	888.332351	50.020647	55.574000
707.769678	888.332351	50.020654	55.576000
707.771990	888.332352	50.020649	55.577000
707.774449	888.332347	50.020648	55.578000
707.776932	888.332353	50.020649	55.578000
707.779464	888.332347	50.020647	55.579000
707.782069	888.332348	50.020648	55.579000
707.784583	888.332346	50.020646	55.579000
707.786942	888.332351	50.020653	55.579000
707.789689	888.332349	50.020649	55.579000
707.792281	888.332347	50.020652	55.579000
707.794650	888.332349	50.020650	55.579000
707.797127	888.332348	50.020652	55.579000
707.799664	888.332352	50.020653	55.580000
707.802173	888.332350	50.020654	55.580000
707.804688	888.332348	50.020650	55.580000
707.807141	888.332350	50.020650	55.580000
707.809588	888.332351	50.020649	55.580000
707.812189	888.332350	50.020647	55.579000
707.814547	888.332351	50.020651	55.579000
707.817022	888.332349	50.020651	55.579000
707.819563	888.332349	50.020651	55.578000
707.822071	888.332354	50.020652	55.577000
707.824585	888.332351	50.020653	55.576000
707.827252	888.332350	50.020654	55.575000
707.829902	888.332349	50.020650	55.573000
707.832294	888.332348	50.020654	55.570000
707.834749	888.332352	50.020654	55.568000
707.837234	888.332348	50.020653	55.565000
707.839767	888.332352	50.020654	55.563000
707.842271	888.332351	50.020653	55.561000
707.844777	888.332347	50.020653	55.559000
707.847154	888.332350	50.020646	55.557000
707.849688	888.332351	50.020645	55.556000
707.852183	888.332351	50.020648	55.556000
707.854654	888.332348	50.020650	55.555000
707.857125	888.332355	50.020650	55.555000
707.859759	888.332351	50.020647	55.554000
707.862164	888.332350	50.020651	55.554000
707.864865	888.332346	50.020654	55.552000
707.867342	888.332351	50.020653	55.551000
707.869991	888.332349	50.020647	55.549000
707.872472	888.332348	50.020646	55.547000
707.874845	888.332348	50.020653	55.546000
707.877337	888.332348	50.020654	55.545000
707.879859	888.332351	50.020654	55.543000
707.882366	888.332347	50.020653	55.542000
707.884867	888.332355	50.020653	55.541000
707.887340	888.332348	50.020652	55.541000
707.889781	888.332350	50.020651	55.540000
707.892277	888.332349	50.020652	55.539000
707.894742	888.332349	50.020652	55.538000
707.897249	888.332350	50.020651	55.537000
707.899758	888.332348	50.020651	55.536000
707.902565	888.332350	50.020650	55.535000
707.905050	888.332352	50.020648	55.533000
707.907449	888.332356	50.020652	55.532000
707.909991	888.332349	50.020652	55.530000
707.912586	888.332350	50.020649	55.528000
707.915038	888.332347	50.020647	55.526000
707.917437	888.332351	50.020652	55.525000
707.919959	888.332348	50.020650	55.524000
707.922469	888.332349	50.020647	55.523000
707.924869	888.332348	50.020654	55.523000
707.927340	888.332351	50.020654	55.522000
707.929904	888.332354	50.020654	55.522000
707.932382	888.332350	50.020653	55.522000
707.934846	888.332354	50.020654	55.522000
707.937329	888.332348	50.020653	55.522000
707.940047	888.332350	50.020653	55.522000
707.942569	888.332351	50.020650	55.522000
707.945141	888.332349	50.020651	55.522000
707.947549	888.332349	50.020646	55.522000
707.950096	888.332347	50.020647	55.522000
707.952582	888.332348	50.020647	55.522000
707.955040	888.332353	50.020649	55.522000
707.957537	888.332347	50.020649	55.523000
707.960042	888.332350	50.020652	55.525000
707.962471	888.332354	50.020646	55.526000
707.964958	888.332351	50.020647	55.528000
707.967459	888.332349	50.020651	55.530000
707.970007	888.332347	50.020654	55.531000
707.972485	888.332353	50.020653	55.532000
707.974948	888.332347	50.020651	55.533000
707.977635	888.332348	50.020656	55.533000
707.980154	888.332351	50.020653	55.533000
707.982668	888.332350	50.020655	55.532000
707.985153	888.332351	50.020654	55.532000
707.987643	888.332349	50.020654	55.531000
707.990201	888.332348	50.020651	55.531000
707.992669	888.332354	50.020654	55.531000
707.995140	888.332346	50.020653	55.532000
707.997623	888.332350	50.020653	55.534000
708.000039	888.332350	50.020651	55.536000
708.002569	888.332350	50.020651	55.539000
708.005050	888.332352	50.020654	55.542000
708.007545	888.332345	50.020654	55.545000
708.010201	888.332351	50.020645	55.548000
708.012575	888.332347	50.020654	55.550000
708.015345	888.332353	50.020650	55.553000
708.017737	888.332347	50.020653	55.554000
708.020254	888.332350	50.020653	55.555000
708.022772	888.332346	50.020654	55.556000
708.025235	888.332348	50.020654	55.556000
708.027759	888.332350	50.020655	55.556000
708.030296	888.332351	50.020655	55.555000
708.032779	888.332350	50.020653	55.555000
708.035242	888.332347	50.020654	55.554000
708.037743	888.332348	50.020653	55.554000
708.040147	888.332349	50.020650	55.554000
708.042669	888.332350	50.020651	55.554000
708.045248	888.332351	50.020650	55.554000
708.047754	888.332351	50.020651	55.554000
708.050207	888.332351	50.020651	55.555000
708.052875	888.332353	50.020648	55.555000
708.055446	888.332352	50.020648	55.555000
708.057931	888.332348	50.020646	55.555000
708.060353	888.332348	50.020653	55.555000
708.062953	888.332350	50.020648	55.555000
708.065342	888.332349	50.020647	55.556000
708.067862	888.332347	50.020648	55.556000
708.070392	888.332354	50.020653	55.557000
708.072872	888.332350	50.020655	55.558000
708.075249	888.332350	50.020645	55.559000
708.077744	888.332346	50.020645	55.561000
708.080247	888.332347	50.020646	55.562000
708.082771	888.332348	50.020646	55.564000
708.085238	888.332351	50.020646	55.565000
708.087853	888.332347	50.020654	55.566000
708.090298	888.332350	50.020648	55.566000
708.092972	888.332352	50.020648	55.565000
708.095441	888.332352	50.020649	55.564000
708.097927	888.332352	50.020651	55.562000
708.100557	888.332352	50.020648	55.561000
708.102946	888.332349	50.020654	55.559000
708.105448	888.332351	50.020653	55.557000
708.107959	888.332353	50.020651	55.555000
708.110496	888.332353	50.020648	55.553000
708.112974	888.332353	50.020650	55.551000
708.115338	888.332350	50.020651	55.550000
708.117822	888.332351	50.020652	55.550000
708.120347	888.332350	50.020653	55.550000
708.122852	888.332352	50.020654	55.550000
708.125341	888.332347	50.020651	55.550000
708.127946	888.332350	50.020651	55.551000
708.130709	888.332350	50.020648	55.551000
708.133076	888.332350	50.020647	55.551000
708.135538	888.332353	50.020646	55.551000
708.138030	888.332347	50.020646	55.551000
708.140672	888.332351	50.020653	55.549000
708.143053	888.332349	50.020648	55.548000
708.145546	888.332350	50.020650	55.546000
708.148062	888.332352	50.020652	55.544000
708.150597	888.332351	50.020651	55.542000
708.153068	888.332350	50.020652	55.540000
708.155435	888.332352	50.020646	55.540000
708.157928	888.332353	50.020646	55.539000
708.160464	888.332351	50.020647	55.539000
708.162959	888.332350	50.020650	55.539000
708.165462	888.332350	50.020651	55.540000
708.168156	888.332350	50.020650	55.540000
708.170802	888.332349	50.020650	55.540000
708.173175	888.332350	50.020654	55.539000
708.175640	888.332350	50.020653	55.538000
708.178121	888.332354	50.020650	55.536000
708.180664	888.332349	50.020648	55.534000
708.183171	888.332352	50.020647	55.532000
708.185657	888.332351	50.020647	55.530000
708.188157	888.332347	50.020645	55.529000
708.190599	888.332351	50.020652	55.528000
708.193067	888.332349	50.020647	55.528000
708.195548	888.332350	50.020647	55.528000
708.198033	888.332351	50.020648	55.529000
708.200565	888.332347	50.020650	55.530000
708.203069	888.332351	50.020652	55.530000
708.205557	888.332349	50.020654	55.530000
708.208171	888.332353	50.020646	55.530000
708.210701	888.332352	50.020647	55.529000
708.213177	888.332351	50.020648	55.528000
708.215637	888.332353	50.020648	55.527000
708.218132	888.332350	50.020652	55.526000
708.220663	888.332348	50.020654	55.525000
708.223164	888.332350	50.020653	55.524000
708.225562	888.332349	50.020651	55.524000
708.228165	888.332351	50.020649	55.524000
708.230598	888.332348	50.020654	55.525000
708.233077	888.332347	50.020654	55.526000
708.235541	888.332350	50.020653	55.526000
708.238041	888.332350	50.020650	55.527000
708.240564	888.332348	50.020650	55.528000
708.243261	888.332350	50.020650	55.529000
708.245862	888.332352	50.020651	55.530000
708.248368	888.332351	50.020653	55.531000
708.250797	888.332351	50.020652	55.533000
708.253273	888.332351	50.020652	55.535000
708.255752	888.332354	50.020650	55.537000
708.258235	888.332349	50.020648	55.540000
708.260775	888.332353	50.020646	55.542000
708.263155	888.332350	50.020651	55.545000
708.265754	888.332351	50.020651	55.547000
708.268155	888.332348	50.020649	55.549000
708.270691	888.332349	50.020652	55.550000
708.273174	888.332349	50.020653	55.551000
708.275637	888.332350	50.020651	55.551000
708.278130	888.332351	50.020650	55.551000
708.280860	888.332350	50.020652	55.551000
708.283469	888.332347	50.020646	55.551000
708.285946	888.332346	50.020651	55.551000
708.288463	888.332349	50.020654	55.553000
708.290994	888.332345	50.020653	55.554000
708.293473	888.332348	50.020652	55.556000
708.295930	888.332346	50.020650	55.559000
708.298429	888.332348	50.020648	55.561000
708.300959	888.332345	50.020647	55.564000
708.303568	888.332349	50.020654	55.566000
708.305848	888.332351	50.020648	55.567000
708.308355	888.332348	50.020648	55.568000
708.311000	888.332350	50.020650	55.568000
708.313362	888.332348	50.020653	55.567000
708.315836	888.332351	50.020652	55.567000
708.318535	888.332349	50.020654	55.566000
708.321160	888.332349	50.020647	55.566000
708.323683	888.332346	50.020650	55.566000
708.326144	888.332349	50.020653	55.566000
708.328669	888.332350	50.020651	55.568000
708.331193	888.332349	50.020648	55.570000
708.333668	888.332350	50.020647	55.572000
708.336128	888.332350	50.020647	55.573000
708.338645	888.332348	50.020650	55.575000
708.341057	888.332352	50.020648	55.577000
708.343574	888.332347	50.020648	55.578000
708.346041	888.332350	50.020652	55.580000
708.348563	888.332350	50.020649	55.581000
708.351107	888.332352	50.020647	55.582000
708.353572	888.332349	50.020651	55.583000
708.356220	888.332350	50.020652	55.584000
708.358753	888.332350	50.020654	55.585000
708.361254	888.332348	50.020652	55.586000
708.363785	888.332352	50.020647	55.587000
708.366248	888.332352	50.020648	55.587000
708.368780	888.332347	50.020653	55.587000
708.371293	888.332349	50.020653	55.587000
708.373755	888.332349	50.020649	55.586000
708.376123	888.332354	50.020654	55.585000
708.378760	888.332352	50.020647	55.583000
708.381173	888.332351	50.020647	55.582000
708.383687	888.332350	50.020650	55.580000
708.386156	888.332352	50.020653	55.579000
708.388670	888.332352	50.020653	55.577000
708.391198	888.332349	50.020649	55.576000
708.393959	888.332348	50.020648	55.576000
708.396341	888.332350	50.020647	55.576000
708.398868	888.332350	50.020649	55.576000
708.401363	888.332351	50.020652	55.577000
708.403897	888.332350	50.020654	55.578000
708.406448	888.332350	50.020648	55.579000
708.408882	888.332349	50.020648	55.580000
708.411406	888.332351	50.020651	55.581000
708.413781	888.332350	50.020648	55.581000
708.416441	888.332352	50.020650	55.581000
708.418764	888.332350	50.020653	55.580000
708.421270	888.332348	50.020651	55.578000
708.423897	888.332348	50.020650	55.576000
708.426254	888.332351	50.020646	55.574000
708.428782	888.332351	50.020647	55.571000
708.431501	888.332351	50.020647	55.568000
708.433973	888.332353	50.020647	55.564000
708.436436	888.332349	50.020652	55.561000
708.438975	888.332352	50.020653	55.558000
708.441366	888.332347	50.020649	55.555000
708.444001	888.332350	50.020647	55.551000
708.446448	888.332351	50.020647	55.549000
708.449092	888.332353	50.020652	55.546000
708.451410	888.332351	50.020647	55.543000
708.454065	888.332352	50.020647	55.541000
708.456340	888.332350	50.020651	55.539000
708.458867	888.332351	50.020653	55.538000
708.461379	888.332348	50.020651	55.536000
708.463902	888.332351	50.020648	55.535000
708.466357	888.332352	50.020647	55.533000
708.469096	888.332354	50.020648	55.531000
708.471597	888.332352	50.020653	55.529000
708.474063	888.332352	50.020650	55.527000
708.476526	888.332349	50.020647	55.524000
708.479081	888.332349	50.020651	55.522000
708.481672	888.332352	50.020647	55.519000
708.484098	888.332351	50.020651	55.517000
708.486547	888.332351	50.020647	55.515000
708.489098	888.332350	50.020652	55.513000
708.491491	888.332349	50.020647	55.512000
708.493960	888.332352	50.020650	55.511000
708.496435	888.332347	50.020652	55.511000
708.498969	888.332351	50.020653	55.510000
708.501458	888.332350	50.020652	55.510000
708.503990	888.332349	50.020647	55.510000
708.506549	888.332350	50.020652	55.509000
708.509097	888.332352	50.020651	55.508000
708.511607	888.332348	50.020646	55.507000
708.514061	888.332351	50.020646	55.506000
708.516630	888.332351	50.020654	55.505000
708.519076	888.332352	50.020651	55.504000
708.521570	888.332351	50.020653	55.503000
708.524193	888.332350	50.020646	55.502000
708.526545	888.332351	50.020649	55.501000
708.528995	888.332349	50.020652	55.500000
708.531494	888.332352	50.020648	55.499000
708.533963	888.332351	50.020646	55.498000
708.536431	888.332351	50.020650	55.497000
708.538969	888.332350	50.020652	55.496000
708.541457	888.332353	50.020649	55.495000
708.544196	888.332349	50.020648	55.494000
708.546644	888.332349	50.020648	55.493000
708.549296	888.332349	50.020650	55.492000
708.551696	888.332352	50.020653	55.492000
708.554161	888.332352	50.020648	55.493000
708.556630	888.332349	50.020648	55.493000
708.559173	888.332349	50.020650	55.494000
708.561662	888.332352	50.020653	55.494000
708.564192	888.332351	50.020651	55.495000
708.566638	888.332349	50.020648	55.495000
708.569087	888.332347	50.020648	55.495000
708.571598	888.332351	50.020648	55.494000
708.574057	888.332347	50.020652	55.494000
708.576533	888.332350	50.020653	55.493000
708.579061	888.332351	50.020651	55.493000
708.581768	888.332347	50.020650	55.493000
708.584286	888.332348	50.020652	55.494000
708.586739	888.332353	50.020647	55.495000
708.589284	888.332348	50.020651	55.497000
708.591789	888.332348	50.020653	55.498000
708.594253	888.332345	50.020650	55.500000
708.596730	888.332349	50.020649	55.501000
708.599171	888.332352	50.020652	55.501000
708.601758	888.332350	50.020650	55.502000
708.604200	888.332349	50.020647	55.503000
708.606638	888.332350	50.020652	55.503000
708.609188	888.332349	50.020654	55.504000
708.611688	888.332348	50.020649	55.505000
708.614158	888.332350	50.020648	55.507000
708.616630	888.332348	50.020653	55.509000
708.619378	888.332351	50.020651	55.512000
708.621859	888.332351	50.020651	55.514000
708.624394	888.332351	50.020648	55.517000
708.626848	888.332351	50.020650	55.518000
708.629386	888.332351	50.020653	55.520000
708.631886	888.332349	50.020653	55.520000
708.634352	888.332348	50.020651	55.520000
708.636829	888.332346	50.020648	55.521000
708.639370	888.332349	50.020652	55.521000
708.641872	888.332344	50.020654	55.523000
708.644294	888.332350	50.020651	55.525000
708.646750	888.332352	50.020651	55.528000
708.649293	888.332345	50.020650	55.532000
708.651796	888.332350	50.020649	55.536000
708.654264	888.332350	50.020652	55.539000
708.656838	888.332349	50.020652	55.543000
708.659369	888.332348	50.020653	55.546000
708.661864	888.332352	50.020651	55.548000
708.664485	888.332350	50.020651	55.550000
708.666845	888.332352	50.020649	55.551000
708.669389	888.332352	50.020651	55.552000
708.671883	888.332352	50.020652	55.553000
708.674358	888.332350	50.020648	55.554000
708.676831	888.332348	50.020652	55.555000
708.679379	888.332349	50.020647	55.555000
708.681770	888.332350	50.020647	55.556000
708.684290	888.332349	50.020650	55.557000
708.686851	888.332352	50.020650	55.557000
708.689388	888.332349	50.020648	55.558000
708.691889	888.332350	50.020652	55.558000
708.694557	888.332352	50.020653	55.559000
708.697041	888.332350	50.020650	55.559000
708.699573	888.332353	50.020651	55.560000
708.702071	888.332352	50.020650	55.561000
708.704577	888.332352	50.020652	55.561000
708.707156	888.332351	50.020652	55.562000
708.709684	888.332351	50.020647	55.562000
708.712093	888.332351	50.020648	55.562000
708.714454	888.332351	50.020650	55.562000
708.717052	888.332352	50.020649	55.561000
708.719569	888.332349	50.020650	55.560000
708.722064	888.332348	50.020652	55.559000
708.724584	888.332348	50.020649	55.558000
708.727055	888.332349	50.020648	55.556000
708.729586	888.332349	50.020652	55.555000
708.732291	888.332350	50.020650	55.554000
708.734748	888.332352	50.020650	55.553000
708.737240	888.332350	50.020651	55.553000
708.739774	888.332349	50.020651	55.553000
708.742266	888.332346	50.020647	55.554000
708.744778	888.332350	50.020652	55.555000
708.747257	888.332347	50.020647	55.557000
708.749896	888.332353	50.020649	55.558000
708.752288	888.332350	50.020648	55.560000
708.754760	888.332351	50.020651	55.561000
708.757332	888.332353	50.020648	55.561000
708.759866	888.332352	50.020647	55.562000
708.762276	888.332348	50.020648	55.562000
708.764778	888.332351	50.020650	55.561000
708.767251	888.332350	50.020651	55.561000
708.769996	888.332348	50.020651	55.560000
708.772486	888.332346	50.020648	55.560000
708.775054	888.332351	50.020652	55.559000
708.777441	888.332349	50.020651	55.559000
708.779954	888.332355	50.020653	55.559000
708.782570	888.332350	50.020650	55.560000
708.784961	888.332352	50.020651	55.560000
708.787453	888.332352	50.020648	55.561000
708.789994	888.332349	50.020653	55.562000
708.792492	888.332348	50.020651	55.563000
708.794954	888.332346	50.020648	55.564000
708.797443	888.332349	50.020651	55.565000
708.799870	888.332349	50.020647	55.566000
708.802374	888.332349	50.020650	55.567000
708.804875	888.332353	50.020653	55.567000
708.807462	888.332351	50.020646	55.568000
708.810002	888.332349	50.020650	55.567000
708.812487	888.332349	50.020650	55.567000
708.815048	888.332349	50.020652	55.566000
708.817441	888.332348	50.020652	55.565000
708.819962	888.332352	50.020648	55.564000
708.822471	888.332348	50.020646	55.564000
708.824972	888.332347	50.020649	55.564000
708.827453	888.332350	50.020651	55.565000
708.830007	888.332354	50.020648	55.566000
708.832491	888.332351	50.020652	55.568000
708.834850	888.332353	50.020650	55.569000
708.837339	888.332350	50.020652	55.571000
708.839860	888.332350	50.020648	55.572000
708.842362	888.332348	50.020648	55.573000
708.845054	888.332347	50.020649	55.574000
708.847557	888.332350	50.020654	55.573000
708.850095	888.332350	50.020650	55.573000
708.852592	888.332348	50.020648	55.572000
708.855044	888.332350	50.020646	55.571000
708.857631	888.332351	50.020653	55.571000
708.860051	888.332349	50.020652	55.571000
708.862574	888.332353	50.020655	55.570000
708.865153	888.332347	50.020648	55.570000
708.867552	888.332353	50.020647	55.569000
708.869994	888.332349	50.020650	55.568000
708.872482	888.332351	50.020647	55.567000
708.874949	888.332352	50.020648	55.566000
708.877432	888.332352	50.020651	55.565000
708.879955	888.332350	50.020654	55.565000
708.882468	888.332350	50.020651	55.566000
708.885151	888.332353	50.020651	55.567000
708.887650	888.332353	50.020649	55.568000
708.890195	888.332355	50.020647	55.570000
708.892587	888.332348	50.020648	55.571000
708.895141	888.332350	50.020653	55.573000
708.897642	888.332353	50.020648	55.574000
708.900242	888.332350	50.020652	55.575000
708.902673	888.332345	50.020650	55.574000
708.905246	888.332345	50.020650	55.574000
708.907558	888.332350	50.020652	55.573000
708.910199	888.332344	50.020648	55.572000
708.912580	888.332352	50.020647	55.570000
708.915142	888.332348	50.020652	55.570000
708.917540	888.332351	50.020653	55.569000
708.920249	888.332349	50.020651	55.569000
708.922771	888.332347	50.020648	55.569000
708.925351	888.332347	50.020648	55.569000
708.927757	888.332352	50.020650	55.569000
708.930297	888.332348	50.020648	55.567000
708.932779	888.332349	50.020652	55.564000
708.935248	888.332352	50.020647	55.560000
708.937845	888.332354	50.020651	55.556000
708.940253	888.332350	50.020652	55.551000
708.942765	888.332352	50.020649	55.546000
708.945150	888.332351	50.020650	55.540000
708.947755	888.332351	50.020650	55.534000
708.950192	888.332355	50.020650	55.529000
708.952682	888.332346	50.020646	55.524000
708.955144	888.332349	50.020650	55.521000
708.957838	888.332353	50.020650	55.518000
708.960557	888.332352	50.020648	55.516000
708.963046	888.332345	50.020651	55.515000
708.965549	888.332348	50.020648	55.515000
708.968052	888.332346	50.020653	55.516000
708.970587	888.332349	50.020649	55.518000
708.973073	888.332349	50.020650	55.520000
708.975550	888.332348	50.020649	55.522000
708.978043	888.332351	50.020652	55.525000
708.980553	888.332349	50.020648	55.528000
708.983057	888.332350	50.020650	55.530000
708.985544	888.332350	50.020649	55.532000
708.987965	888.332354	50.020651	55.534000
708.990491	888.332352	50.020649	55.536000
708.992975	888.332353	50.020652	55.537000
708.995645	888.332351	50.020653	55.538000
708.998237	888.332353	50.020650	55.538000
709.000665	888.332350	50.020650	55.538000
709.003150	888.332349	50.020650	55.538000
709.005650	888.332348	50.020652	55.539000
709.008160	888.332350	50.020647	55.540000
709.010698	888.332352	50.020649	55.541000
709.013180	888.332351	50.020653	55.543000
709.015647	888.332352	50.020650	55.544000
709.018040	888.332351	50.020653	55.546000
709.020664	888.332350	50.020649	55.548000
709.023067	888.332348	50.020647	55.549000
709.025554	888.332353	50.020646	55.549000
709.028261	888.332352	50.020648	55.549000
709.030596	888.332353	50.020651	55.548000
709.033270	888.332350	50.020651	55.547000
709.035736	888.332347	50.020653	55.545000
709.038330	888.332348	50.020646	55.543000
709.040754	888.332351	50.020648	55.540000
709.043259	888.332349	50.020652	55.538000
709.045757	888.332351	50.020650	55.537000
709.048257	888.332349	50.020650	55.536000
709.050797	888.332354	50.020652	55.536000
709.053381	888.332348	50.020651	55.538000
709.055746	888.332347	50.020649	55.540000
709.058230	888.332351	50.020650	55.543000
709.060757	888.332351	50.020649	55.546000
709.063157	888.332350	50.020647	55.550000
709.065658	888.332349	50.020651	55.553000
709.068167	888.332352	50.020649	55.555000
709.070702	888.332348	50.020652	55.557000
709.073374	888.332354	50.020652	55.558000
709.075838	888.332351	50.020648	55.558000
709.078330	888.332351	50.020650	55.558000
709.080865	888.332350	50.020654	55.556000
709.083361	888.332351	50.020649	55.554000
709.085856	888.332348	50.020647	55.552000
709.088357	888.332347	50.020652	55.549000
709.090900	888.332350	50.020653	55.546000
709.093369	888.332349	50.020648	55.542000
709.095836	888.332352	50.020648	55.540000
709.098332	888.332349	50.020652	55.537000
709.100773	888.332354	50.020652	55.536000
709.103264	888.332353	50.020648	55.535000
709.105758	888.332349	50.020649	55.534000
709.108260	888.332350	50.020653	55.535000
709.110997	888.332348	50.020651	55.536000
709.113479	888.332350	50.020648	55.537000
709.115928	888.332352	50.020649	55.538000
709.118430	888.332350	50.020653	55.540000
709.120961	888.332348	50.020651	55.543000
709.123463	888.332346	50.020648	55.545000
709.125951	888.332347	50.020648	55.548000
709.128456	888.332349	50.020653	55.551000
709.130893	888.332351	50.020648	55.553000
709.133469	888.332352	50.020649	55.556000
709.135933	888.332345	50.020651	55.557000
709.138326	888.332349	50.020650	55.559000
709.140870	888.332350	50.020650	55.560000
709.143357	888.332349	50.020651	55.560000
709.145854	888.332351	50.020648	55.561000
709.148564	888.332351	50.020646	55.560000
709.151093	888.332348	50.020649	55.560000
709.153565	888.332348	50.020652	55.560000
709.156030	888.332353	50.020649	55.559000
709.158528	888.332347	50.020650	55.559000
709.161056	888.332349	50.020653	55.559000
709.163564	888.332351	50.020652	55.560000
709.166054	888.332353	50.020648	55.560000
709.168571	888.332349	50.020645	55.561000
709.171099	888.332351	50.020649	55.562000
709.173561	888.332350	50.020651	55.563000
709.175927	888.332349	50.020653	55.563000
709.178434	888.332351	50.020649	55.563000
709.181165	888.332352	50.020646	55.563000
709.183461	888.332351	50.020653	55.564000
709.186149	888.332352	50.020652	55.564000
709.188662	888.332354	50.020648	55.564000
709.191191	888.332350	50.020648	55.566000
709.193666	888.332349	50.020652	55.567000
709.196132	888.332345	50.020653	55.569000
709.198635	888.332353	50.020648	55.571000
709.201160	888.332351	50.020649	55.574000
709.203780	888.332354	50.020649	55.576000
709.206152	888.332352	50.020653	55.578000
709.208672	888.332348	50.020649	55.580000
709.211202	888.332351	50.020650	55.581000
709.213572	888.332346	50.020647	55.582000
709.216035	888.332348	50.020652	55.582000
709.218531	888.332351	50.020652	55.583000
709.221160	888.332352	50.020652	55.583000
709.223883	888.332351	50.020653	55.583000
709.226251	888.332354	50.020647	55.583000
709.228781	888.332347	50.020651	55.583000
709.231297	888.332352	50.020652	55.582000
709.233770	888.332353	50.020648	55.582000
709.236239	888.332349	50.020646	55.582000
709.238755	888.332350	50.020651	55.582000
709.241268	888.332350	50.020653	55.581000
709.243787	888.332345	50.020651	55.581000
709.246250	888.332348	50.020649	55.580000
709.248793	888.332349	50.020647	55.580000
709.251202	888.332349	50.020650	55.580000
709.253772	888.332351	50.020652	55.580000
709.256134	888.332353	50.020651	55.580000
709.258646	888.332353	50.020652	55.580000
709.261169	888.332350	50.020647	55.580000
709.263890	888.332350	50.020646	55.581000
709.266358	888.332347	50.020650	55.581000
709.268878	888.332354	50.020652	55.582000
709.271402	888.332349	50.020651	55.583000
709.273873	888.332347	50.020647	55.584000
709.276336	888.332350	50.020647	55.585000
709.278854	888.332352	50.020652	55.586000
709.281360	888.332354	50.020652	55.586000
709.283779	888.332345	50.020653	55.586000
709.286352	888.332351	50.020648	55.586000
709.288778	888.332349	50.020647	55.586000
709.291395	888.332347	50.020652	55.585000
709.293776	888.332349	50.020653	55.584000
709.296333	888.332348	50.020647	55.583000
709.298857	888.332348	50.020650	55.582000
709.301464	888.332347	50.020647	55.582000
709.304007	888.332347	50.020649	55.583000
709.306554	888.332348	50.020649	55.584000
709.308998	888.332354	50.020650	55.586000
709.311501	888.332350	50.020647	55.588000
709.314074	888.332353	50.020651	55.590000
709.316533	888.332352	50.020647	55.592000
709.318962	888.332351	50.020649	55.594000
709.321462	888.332346	50.020646	55.595000
709.323889	888.332349	50.020647	55.595000
709.326456	888.332347	50.020652	55.594000
709.328876	888.332349	50.020653	55.592000
709.331404	888.332349	50.020654	55.590000
709.333864	888.332349	50.020649	55.588000
709.336336	888.332351	50.020647	55.586000
709.338961	888.332353	50.020652	55.585000
709.341566	888.332348	50.020651	55.584000
709.344093	888.332348	50.020651	55.584000
709.346555	888.332350	50.020647	55.585000
709.349101	888.332353	50.020650	55.587000
709.351603	888.332350	50.020653	55.589000
709.354070	888.332349	50.020652	55.591000
709.356539	888.332353	50.020648	55.593000
709.359074	888.332349	50.020647	55.594000
709.361478	888.332353	50.020648	55.596000
709.364101	888.332347	50.020648	55.598000
709.366557	888.332348	50.020649	55.599000
709.368995	888.332351	50.020647	55.600000
709.371500	888.332351	50.020652	55.600000
709.373982	888.332349	50.020650	55.601000
709.376635	888.332347	50.020651	55.602000
709.379176	888.332348	50.020647	55.602000
709.381669	888.332349	50.020649	55.602000
709.384194	888.332351	50.020653	55.602000
709.386659	888.332346	50.020653	55.602000
709.389196	888.332353	50.020650	55.602000
709.391682	888.332349	50.020647	55.601000
709.394157	888.332352	50.020652	55.601000
709.396549	888.332351	50.020651	55.600000
709.399175	888.332351	50.020648	55.599000
709.401673	888.332351	50.020650	55.597000
709.404093	888.332355	50.020647	55.596000
709.406557	888.332351	50.020649	55.595000
709.409085	888.332350	50.020650	55.594000
709.411597	888.332348	50.020650	55.593000
709.414256	888.332349	50.020651	55.593000
709.416744	888.332351	50.020649	55.592000
709.419262	888.332349	50.020652	55.592000
709.421763	888.332351	50.020650	55.592000
709.424390	888.332349	50.020651	55.591000
709.426754	888.332353	50.020653	55.591000
709.429292	888.332350	50.020651	55.591000
709.431788	888.332355	50.020648	55.590000
709.434267	888.332350	50.020650	55.590000
709.436634	888.332354	50.020649	55.590000
709.439169	888.332347	50.020653	55.590000
709.441761	888.332352	50.020648	55.589000
709.444186	888.332350	50.020648	55.589000
709.446647	888.332348	50.020648	55.588000
709.449179	888.332350	50.020653	55.588000
709.451883	888.332352	50.020652	55.587000
709.454359	888.332352	50.020652	55.586000
709.456932	888.332347	50.020653	55.586000
709.459369	888.332350	50.020651	55.585000
709.461857	888.332351	50.020652	55.584000
709.464378	888.332351	50.020647	55.583000
709.466848	888.332354	50.020651	55.582000
709.469382	888.332349	50.020654	55.581000
709.471883	888.332352	50.020651	55.580000
709.474345	888.332351	50.020647	55.578000
709.476824	888.332349	50.020650	55.577000
709.479358	888.332350	50.020653	55.575000
709.481751	888.332349	50.020649	55.574000
709.484281	888.332349	50.020652	55.574000
709.486735	888.332353	50.020650	55.574000
709.489577	888.332350	50.020651	55.574000
709.491978	888.332348	50.020648	55.575000
709.494448	888.332347	50.020652	55.577000
709.496915	888.332350	50.020651	55.578000
709.499463	888.332349	50.020646	55.580000
709.501958	888.332351	50.020648	55.581000
709.504476	888.332349	50.020652	55.583000
709.506930	888.332352	50.020650	55.583000
709.509488	888.332351	50.020648	55.583000
709.511880	888.332347	50.020647	55.583000
709.514451	888.332353	50.020652	55.581000
709.516820	888.332350	50.020652	55.580000
709.519459	888.332353	50.020649	55.577000
709.521853	888.332349	50.020646	55.576000
709.524383	888.332351	50.020650	55.574000
709.527042	888.332349	50.020651	55.572000
709.529581	888.332347	50.020653	55.571000
709.532079	888.332351	50.020653	55.570000
709.534549	888.332350	50.020649	55.571000
709.537025	888.332349	50.020647	55.571000
709.539572	888.332351	50.020649	55.572000
709.542061	888.332350	50.020653	55.573000
709.544581	888.332350	50.020652	55.574000
709.547040	888.332350	50.020647	55.574000
709.549681	888.332349	50.020653	55.574000
709.552087	888.332352	50.020650	55.573000
709.553060	888.332348	50.020651	55.571000
