679.769988	876.344388	57.005770	50.021000
679.809690	876.344382	57.005770	50.022000
679.812070	876.344377	57.005771	50.022000
679.814636	876.344378	57.005769	50.022000
679.817020	876.344377	57.005771	50.022000
679.819530	876.344375	57.005770	50.022000
679.821981	876.344379	57.005769	50.022000
679.824855	876.344380	57.005770	50.022000
679.827240	876.344378	57.005770	50.022000
679.829581	876.344382	57.005770	50.022000
679.832189	876.344382	57.005769	50.023000
679.834846	876.344378	57.005771	50.024000
679.837225	876.344379	57.005771	50.025000
679.839738	876.344380	57.005769	50.026000
679.842291	876.344380	57.005770	50.027000
679.844750	876.344378	57.005770	50.028000
679.847239	876.344380	57.005770	50.028000
679.849784	876.344379	57.005770	50.029000
679.852086	876.344380	57.005770	50.029000
679.854634	876.344376	57.005769	50.029000
679.857234	876.344379	57.005770	50.028000
679.859633	876.344381	57.005769	50.028000
679.864448	876.344381	57.005771	50.027000
679.867239	876.344381	57.005768	50.027000
679.869683	876.344379	57.005771	50.027000
679.872196	876.344379	57.005772	50.027000
679.874758	876.344377	57.005772	50.026000
679.877237	876.344380	57.005772	50.026000
679.879746	876.344381	57.005769	50.025000
679.882199	876.344382	57.005769	50.024000
679.884761	876.344382	57.005771	50.023000
679.887247	876.344381	57.005770	50.022000
679.889596	876.344384	57.005770	50.021000
679.892084	876.344382	57.005770	50.020000
679.894654	876.344377	57.005771	50.019000
679.897144	876.344380	57.005771	50.018000
679.899854	876.344382	57.005772	50.017000
679.902295	876.344378	57.005770	50.017000
679.904869	876.344383	57.005772	50.016000
679.907345	876.344376	57.005771	50.016000
679.909791	876.344380	57.005770	50.015000
679.912295	876.344378	57.005770	50.015000
679.914866	876.344380	57.005770	50.015000
679.917340	876.344380	57.005769	50.015000
679.919751	876.344379	57.005769	50.015000
679.922306	876.344379	57.005771	50.015000
679.924881	876.344380	57.005769	50.015000
679.927250	876.344382	57.005770	50.015000
679.929793	876.344378	57.005769	50.015000
679.932202	876.344382	57.005771	50.016000
679.934763	876.344380	57.005773	50.016000
679.937442	876.344382	57.005769	50.017000
679.939953	876.344385	57.005768	50.018000
679.942402	876.344381	57.005769	50.018000
679.944974	876.344384	57.005769	50.019000
679.947445	876.344379	57.005768	50.019000
679.949893	876.344378	57.005769	50.019000
679.952401	876.344380	57.005770	50.018000
679.954856	876.344378	57.005770	50.018000
679.957439	876.344382	57.005771	50.018000
679.959860	876.344379	57.005770	50.017000
679.962400	876.344378	57.005770	50.017000
679.964970	876.344380	57.005770	50.017000
679.967342	876.344378	57.005770	50.018000
679.969791	876.344381	57.005770	50.018000
679.972294	876.344380	57.005770	50.019000
679.975070	876.344382	57.005769	50.019000
679.977538	876.344383	57.005769	50.019000
679.980056	876.344379	57.005770	50.019000
679.982499	876.344382	57.005769	50.018000
679.984976	876.344377	57.005769	50.018000
679.987450	876.344378	57.005769	50.017000
679.990093	876.344378	57.005769	50.016000
679.992483	876.344380	57.005771	50.015000
679.995064	876.344382	57.005772	50.015000
679.997637	876.344378	57.005769	50.014000
680.000057	876.344378	57.005771	50.014000
680.002393	876.344380	57.005769	50.015000
680.004963	876.344382	57.005770	50.015000
680.007445	876.344381	57.005769	50.016000
680.009895	876.344382	57.005769	50.016000
680.012492	876.344379	57.005769	50.017000
680.015068	876.344379	57.005769	50.017000
680.017530	876.344377	57.005769	50.017000
680.020052	876.344380	57.005771	50.017000
680.022593	876.344377	57.005770	50.017000
680.025068	876.344379	57.005771	50.017000
680.027545	876.344380	57.005770	50.017000
680.030076	876.344380	57.005772	50.017000
680.032489	876.344382	57.005768	50.017000
680.035076	876.344383	57.005767	50.018000
680.037544	876.344380	57.005769	50.019000
680.040049	876.344380	57.005771	50.020000
680.042394	876.344379	57.005768	50.021000
680.045178	876.344377	57.005770	50.021000
680.047638	876.344380	57.005771	50.022000
680.050283	876.344383	57.005771	50.023000
680.052793	876.344379	57.005770	50.023000
680.055365	876.344378	57.005769	50.023000
680.057837	876.344380	57.005768	50.023000
680.060340	876.344380	57.005769	50.022000
680.062802	876.344382	57.005769	50.021000
680.065378	876.344378	57.005768	50.020000
680.067836	876.344378	57.005769	50.019000
680.070482	876.344375	57.005770	50.018000
680.073105	876.344380	57.005769	50.017000
680.075271	876.344380	57.005771	50.017000
680.077933	876.344375	57.005770	50.016000
680.080449	876.344377	57.005770	50.016000
680.083312	876.344381	57.005769	50.016000
680.085674	876.344382	57.005771	50.016000
680.088115	876.344380	57.005771	50.016000
680.090589	876.344383	57.005771	50.016000
680.093110	876.344380	57.005772	50.017000
680.095666	876.344381	57.005771	50.017000
680.098132	876.344381	57.005771	50.018000
680.100638	876.344380	57.005771	50.018000
680.103109	876.344380	57.005772	50.019000
680.105779	876.344383	57.005768	50.020000
680.108018	876.344377	57.005770	50.021000
680.110590	876.344381	57.005770	50.021000
680.113014	876.344384	57.005772	50.022000
680.115565	876.344377	57.005771	50.022000
680.118134	876.344378	57.005770	50.022000
680.120552	876.344379	57.005770	50.022000
680.123216	876.344380	57.005770	50.022000
680.125773	876.344380	57.005771	50.022000
680.128223	876.344381	57.005769	50.021000
680.130686	876.344381	57.005770	50.021000
680.133209	876.344379	57.005770	50.021000
680.135755	876.344381	57.005768	50.021000
680.138237	876.344381	57.005767	50.021000
680.140733	876.344377	57.005768	50.021000
680.143212	876.344382	57.005769	50.022000
680.145774	876.344380	57.005771	50.022000
680.148223	876.344381	57.005773	50.023000
680.150590	876.344379	57.005767	50.023000
680.153107	876.344377	57.005768	50.024000
680.155656	876.344380	57.005769	50.024000
680.158142	876.344379	57.005770	50.025000
680.160829	876.344382	57.005771	50.026000
680.163307	876.344381	57.005771	50.026000
680.165876	876.344381	57.005770	50.027000
680.168318	876.344380	57.005769	50.027000
680.170781	876.344380	57.005767	50.027000
680.173414	876.344382	57.005772	50.028000
680.176449	876.344376	57.005772	50.030000
680.181500	876.344381	57.005769	50.030000
680.184022	876.344382	57.005771	50.031000
680.186587	876.344381	57.005769	50.032000
680.189018	876.344377	57.005769	50.033000
680.191476	876.344379	57.005771	50.034000
680.194008	876.344380	57.005772	50.034000
680.196554	876.344380	57.005772	50.034000
680.199225	876.344377	57.005771	50.034000
680.201700	876.344380	57.005772	50.034000
680.204122	876.344378	57.005768	50.033000
680.206677	876.344379	57.005767	50.033000
680.209111	876.344377	57.005767	50.033000
680.211777	876.344382	57.005770	50.033000
680.214217	876.344382	57.005771	50.032000
680.216744	876.344381	57.005770	50.032000
680.219221	876.344381	57.005768	50.031000
680.221702	876.344380	57.005767	50.031000
680.224126	876.344380	57.005773	50.031000
680.226676	876.344381	57.005773	50.030000
680.229504	876.344381	57.005768	50.030000
680.231585	876.344379	57.005772	50.031000
680.234529	876.344380	57.005769	50.031000
680.237248	876.344380	57.005768	50.031000
680.239749	876.344382	57.005768	50.031000
680.242106	876.344382	57.005770	50.032000
680.244765	876.344379	57.005767	50.032000
680.247357	876.344380	57.005771	50.032000
680.249798	876.344381	57.005768	50.032000
680.252295	876.344381	57.005767	50.032000
680.256146	876.344383	57.005768	50.031000
680.258634	876.344380	57.005767	50.030000
680.261206	876.344379	57.005772	50.030000
680.263619	876.344382	57.005770	50.029000
680.266182	876.344381	57.005772	50.028000
680.268616	876.344377	57.005771	50.027000
680.271089	876.344381	57.005770	50.027000
680.273823	876.344377	57.005769	50.026000
680.276445	876.344378	57.005771	50.025000
680.278929	876.344377	57.005772	50.024000
680.281314	876.344379	57.005768	50.023000
680.283834	876.344380	57.005769	50.022000
680.286371	876.344378	57.005772	50.021000
680.288916	876.344381	57.005769	50.021000
680.291295	876.344379	57.005769	50.020000
680.293825	876.344380	57.005771	50.020000
680.296442	876.344382	57.005769	50.019000
680.298731	876.344381	57.005772	50.019000
680.301306	876.344380	57.005769	50.019000
680.303732	876.344379	57.005770	50.019000
680.306277	876.344380	57.005769	50.019000
680.308717	876.344382	57.005771	50.019000
680.311389	876.344375	57.005770	50.020000
680.313929	876.344380	57.005769	50.020000
680.316646	876.344379	57.005769	50.020000
680.319029	876.344379	57.005771	50.021000
680.321610	876.344380	57.005769	50.021000
680.324144	876.344381	57.005770	50.021000
680.326665	876.344379	57.005770	50.021000
680.329019	876.344384	57.005770	50.021000
680.331599	876.344382	57.005771	50.021000
680.334124	876.344384	57.005769	50.020000
680.336548	876.344380	57.005772	50.020000
680.339135	876.344383	57.005769	50.019000
680.341610	876.344383	57.005770	50.018000
680.344031	876.344382	57.005772	50.018000
680.346577	876.344383	57.005771	50.017000
680.349216	876.344379	57.005770	50.017000
680.351697	876.344379	57.005769	50.017000
680.354216	876.344379	57.005770	50.016000
680.356749	876.344380	57.005771	50.016000
680.359228	876.344380	57.005772	50.016000
680.361716	876.344385	57.005773	50.016000
680.364237	876.344383	57.005772	50.016000
680.366767	876.344380	57.005769	50.017000
680.369111	876.344379	57.005772	50.017000
680.371691	876.344380	57.005767	50.017000
680.374116	876.344381	57.005772	50.018000
680.376651	876.344379	57.005773	50.018000
680.379125	876.344379	57.005771	50.020000
680.384232	876.344379	57.005769	50.022000
680.386870	876.344381	57.005769	50.023000
680.389316	876.344378	57.005768	50.024000
680.391788	876.344378	57.005767	50.025000
680.394314	876.344381	57.005767	50.026000
680.396845	876.344383	57.005767	50.027000
680.399437	876.344381	57.005770	50.028000
680.401809	876.344380	57.005769	50.029000
680.404340	876.344378	57.005770	50.030000
680.406868	876.344380	57.005770	50.030000
680.409309	876.344378	57.005769	50.031000
680.411677	876.344380	57.005771	50.031000
680.414217	876.344381	57.005769	50.032000
680.416749	876.344381	57.005769	50.032000
680.419331	876.344379	57.005770	50.033000
680.421898	876.344380	57.005772	50.034000
680.424433	876.344380	57.005772	50.034000
680.426959	876.344379	57.005772	50.035000
680.429508	876.344381	57.005767	50.035000
680.431988	876.344382	57.005768	50.035000
680.434420	876.344379	57.005773	50.035000
680.437040	876.344381	57.005769	50.035000
680.439432	876.344382	57.005771	50.034000
680.441906	876.344381	57.005770	50.034000
680.444443	876.344383	57.005768	50.033000
680.446962	876.344381	57.005766	50.033000
680.449306	876.344380	57.005771	50.033000
680.451787	876.344382	57.005772	50.032000
680.454419	876.344380	57.005768	50.032000
680.456849	876.344377	57.005769	50.032000
680.459544	876.344382	57.005772	50.033000
680.462103	876.344381	57.005767	50.034000
680.464544	876.344380	57.005772	50.036000
680.467064	876.344381	57.005773	50.037000
680.469510	876.344377	57.005772	50.039000
680.471987	876.344378	57.005771	50.041000
680.474529	876.344383	57.005771	50.043000
680.477049	876.344379	57.005770	50.044000
680.479539	876.344379	57.005768	50.046000
680.482001	876.344381	57.005768	50.047000
680.484550	876.344378	57.005769	50.047000
680.486978	876.344378	57.005772	50.048000
680.489408	876.344381	57.005772	50.048000
680.491885	876.344382	57.005772	50.047000
680.494530	876.344381	57.005769	50.047000
680.497051	876.344381	57.005769	50.047000
680.499758	876.344383	57.005770	50.046000
680.502107	876.344382	57.005771	50.045000
680.504770	876.344383	57.005772	50.045000
680.507167	876.344381	57.005766	50.044000
680.509895	876.344381	57.005768	50.044000
680.512183	876.344379	57.005770	50.044000
680.514749	876.344378	57.005771	50.044000
680.517256	876.344382	57.005771	50.045000
680.519755	876.344383	57.005770	50.046000
680.522201	876.344376	57.005769	50.047000
680.524637	876.344378	57.005769	50.048000
680.527194	876.344381	57.005769	50.049000
680.529616	876.344383	57.005769	50.051000
680.532065	876.344379	57.005768	50.053000
680.534862	876.344383	57.005768	50.055000
680.537348	876.344382	57.005768	50.057000
680.540261	876.344379	57.005769	50.059000
680.542207	876.344376	57.005769	50.062000
680.544864	876.344383	57.005772	50.064000
680.547369	876.344385	57.005772	50.066000
680.549804	876.344379	57.005771	50.068000
680.552397	876.344383	57.005767	50.069000
680.554862	876.344380	57.005772	50.070000
680.557246	876.344380	57.005769	50.071000
680.559852	876.344378	57.005773	50.071000
680.562206	876.344380	57.005767	50.071000
680.564765	876.344382	57.005768	50.072000
680.567265	876.344380	57.005769	50.071000
680.569707	876.344378	57.005769	50.071000
680.572388	876.344378	57.005769	50.071000
680.575064	876.344380	57.005769	50.071000
680.577443	876.344380	57.005770	50.071000
680.580069	876.344379	57.005769	50.071000
680.582300	876.344379	57.005771	50.072000
680.584864	876.344376	57.005771	50.073000
680.587450	876.344380	57.005769	50.074000
680.589899	876.344376	57.005769	50.075000
680.592391	876.344380	57.005771	50.077000
680.594949	876.344383	57.005771	50.078000
680.597438	876.344378	57.005771	50.079000
680.599865	876.344378	57.005769	50.079000
680.602306	876.344378	57.005768	50.080000
680.604859	876.344378	57.005768	50.080000
680.607457	876.344379	57.005771	50.080000
680.609999	876.344381	57.005768	50.080000
680.612496	876.344379	57.005769	50.079000
680.615065	876.344381	57.005768	50.079000
680.617741	876.344383	57.005767	50.079000
680.620060	876.344382	57.005767	50.078000
680.622508	876.344379	57.005768	50.078000
680.625069	876.344376	57.005768	50.078000
680.627557	876.344379	57.005769	50.078000
680.630096	876.344381	57.005772	50.078000
680.632493	876.344383	57.005770	50.078000
680.635264	876.344378	57.005769	50.077000
680.637843	876.344381	57.005770	50.077000
680.640259	876.344378	57.005771	50.076000
680.642711	876.344381	57.005769	50.076000
680.645262	876.344381	57.005770	50.075000
680.647946	876.344377	57.005770	50.075000
680.650297	876.344377	57.005769	50.075000
680.652789	876.344377	57.005770	50.074000
680.655360	876.344378	57.005772	50.074000
680.657847	876.344380	57.005772	50.074000
680.660368	876.344378	57.005772	50.074000
680.662801	876.344378	57.005771	50.074000
680.665382	876.344381	57.005771	50.074000
680.667854	876.344376	57.005771	50.074000
680.672182	876.344377	57.005771	50.074000
680.674618	876.344382	57.005768	50.074000
680.677151	876.344377	57.005770	50.074000
680.679649	876.344383	57.005771	50.075000
680.682102	876.344379	57.005770	50.075000
680.684864	876.344382	57.005770	50.076000
680.687465	876.344382	57.005770	50.077000
680.689901	876.344380	57.005770	50.077000
680.692389	876.344381	57.005769	50.077000
680.694954	876.344381	57.005767	50.078000
680.697553	876.344378	57.005771	50.078000
680.699957	876.344379	57.005769	50.078000
680.702401	876.344381	57.005772	50.079000
680.704969	876.344380	57.005772	50.079000
680.707463	876.344380	57.005772	50.080000
680.709892	876.344378	57.005772	50.081000
680.712281	876.344379	57.005768	50.082000
680.714842	876.344376	57.005768	50.083000
680.717346	876.344382	57.005769	50.084000
680.719857	876.344380	57.005771	50.085000
680.722503	876.344383	57.005771	50.085000
680.725173	876.344379	57.005769	50.085000
680.727570	876.344379	57.005769	50.085000
680.729907	876.344380	57.005772	50.084000
680.734847	876.344379	57.005769	50.084000
680.737453	876.344381	57.005770	50.084000
680.740266	876.344381	57.005768	50.083000
680.742599	876.344381	57.005770	50.083000
680.745071	876.344381	57.005772	50.084000
680.747654	876.344378	57.005767	50.084000
680.749992	876.344383	57.005771	50.084000
680.752491	876.344380	57.005770	50.084000
680.755069	876.344380	57.005769	50.083000
680.757555	876.344381	57.005770	50.083000
680.760262	876.344379	57.005770	50.082000
680.762702	876.344383	57.005770	50.081000
680.765277	876.344378	57.005770	50.080000
680.767763	876.344380	57.005768	50.079000
680.770296	876.344380	57.005772	50.079000
680.772684	876.344383	57.005768	50.078000
680.775272	876.344378	57.005767	50.078000
680.777955	876.344380	57.005768	50.077000
680.780271	876.344384	57.005767	50.077000
680.782711	876.344383	57.005768	50.077000
680.785186	876.344383	57.005772	50.076000
680.787857	876.344380	57.005769	50.075000
680.790106	876.344377	57.005771	50.074000
680.792592	876.344379	57.005772	50.072000
680.795159	876.344380	57.005770	50.071000
680.797748	876.344379	57.005770	50.069000
680.800270	876.344379	57.005769	50.067000
680.802703	876.344379	57.005770	50.065000
680.805272	876.344381	57.005770	50.063000
680.807754	876.344377	57.005770	50.061000
680.810204	876.344382	57.005771	50.059000
680.812691	876.344384	57.005770	50.058000
680.815271	876.344382	57.005770	50.056000
680.817751	876.344382	57.005769	50.055000
680.820271	876.344377	57.005770	50.054000
680.822705	876.344379	57.005770	50.053000
680.825173	876.344381	57.005770	50.052000
680.827754	876.344381	57.005770	50.051000
680.830101	876.344383	57.005770	50.051000
680.832587	876.344383	57.005770	50.050000
680.835369	876.344377	57.005770	50.050000
680.837939	876.344382	57.005771	50.049000
680.840464	876.344381	57.005769	50.049000
680.842805	876.344382	57.005770	50.048000
680.845376	876.344382	57.005771	50.047000
680.847751	876.344383	57.005770	50.047000
680.850290	876.344375	57.005768	50.047000
680.852798	876.344380	57.005769	50.046000
680.855359	876.344380	57.005770	50.046000
680.857849	876.344379	57.005772	50.045000
680.860269	876.344379	57.005767	50.045000
680.863105	876.344382	57.005771	50.044000
680.865568	876.344378	57.005772	50.044000
680.868057	876.344382	57.005770	50.045000
680.871089	876.344378	57.005771	50.045000
680.873496	876.344379	57.005770	50.045000
680.876036	876.344384	57.005771	50.046000
680.878545	876.344380	57.005771	50.047000
680.881029	876.344379	57.005771	50.048000
680.883513	876.344381	57.005770	50.049000
680.886084	876.344381	57.005769	50.050000
680.888540	876.344378	57.005768	50.051000
680.890992	876.344379	57.005770	50.052000
680.893508	876.344378	57.005771	50.053000
680.896049	876.344380	57.005770	50.055000
680.898554	876.344379	57.005771	50.056000
680.901031	876.344377	57.005771	50.058000
680.903516	876.344379	57.005771	50.059000
680.905986	876.344378	57.005768	50.060000
680.908642	876.344377	57.005770	50.061000
680.911186	876.344385	57.005770	50.062000
680.913602	876.344380	57.005770	50.062000
680.916139	876.344382	57.005770	50.063000
680.918655	876.344376	57.005771	50.063000
680.921122	876.344382	57.005769	50.063000
680.923627	876.344379	57.005768	50.062000
680.926195	876.344378	57.005768	50.062000
680.928634	876.344377	57.005769	50.061000
680.931085	876.344378	57.005768	50.061000
680.933607	876.344380	57.005768	50.061000
680.936145	876.344380	57.005770	50.060000
680.938550	876.344380	57.005769	50.060000
680.941030	876.344379	57.005768	50.059000
680.943521	876.344381	57.005768	50.058000
680.946284	876.344381	57.005768	50.057000
680.948735	876.344380	57.005770	50.056000
680.951283	876.344382	57.005769	50.055000
680.953707	876.344383	57.005770	50.055000
680.956234	876.344378	57.005769	50.053000
680.958745	876.344379	57.005771	50.052000
680.961303	876.344383	57.005768	50.051000
680.963718	876.344380	57.005770	50.050000
680.966177	876.344379	57.005772	50.050000
680.968726	876.344378	57.005770	50.050000
680.971189	876.344377	57.005770	50.049000
680.973612	876.344379	57.005771	50.050000
680.976128	876.344378	57.005772	50.050000
680.978739	876.344382	57.005769	50.050000
680.981117	876.344381	57.005769	50.050000
680.983826	876.344380	57.005771	50.051000
680.986374	876.344379	57.005770	50.050000
680.988820	876.344378	57.005770	50.050000
680.991289	876.344380	57.005771	50.049000
680.993809	876.344379	57.005771	50.048000
680.996437	876.344382	57.005768	50.047000
680.999436	876.344380	57.005770	50.045000
681.001914	876.344380	57.005771	50.044000
681.004542	876.344379	57.005770	50.043000
681.007063	876.344381	57.005770	50.042000
681.009418	876.344379	57.005769	50.040000
681.011880	876.344381	57.005770	50.039000
681.014410	876.344379	57.005768	50.038000
681.016946	876.344376	57.005768	50.036000
681.019433	876.344382	57.005768	50.035000
681.022110	876.344380	57.005768	50.034000
681.024652	876.344379	57.005768	50.033000
681.027167	876.344381	57.005768	50.032000
681.029619	876.344378	57.005768	50.032000
681.032091	876.344379	57.005767	50.032000
681.034632	876.344383	57.005769	50.032000
681.037144	876.344378	57.005769	50.033000
681.039642	876.344379	57.005770	50.033000
681.042109	876.344380	57.005772	50.034000
681.044654	876.344381	57.005772	50.034000
681.047165	876.344378	57.005770	50.035000
681.049515	876.344377	57.005771	50.036000
681.051999	876.344382	57.005770	50.036000
681.054518	876.344379	57.005770	50.037000
681.057041	876.344379	57.005769	50.038000
681.059751	876.344379	57.005769	50.038000
681.062222	876.344377	57.005768	50.039000
681.064757	876.344380	57.005769	50.039000
681.067267	876.344381	57.005770	50.039000
681.069718	876.344380	57.005769	50.039000
681.072296	876.344380	57.005771	50.039000
681.074851	876.344380	57.005770	50.039000
681.077453	876.344377	57.005771	50.039000
681.079964	876.344380	57.005770	50.039000
681.082410	876.344378	57.005771	50.040000
681.084859	876.344380	57.005770	50.042000
681.087362	876.344381	57.005771	50.044000
681.089810	876.344383	57.005771	50.046000
681.092290	876.344379	57.005772	50.048000
681.095055	876.344378	57.005770	50.050000
681.097552	876.344380	57.005771	50.052000
681.100069	876.344381	57.005771	50.054000
681.102508	876.344383	57.005770	50.056000
681.105072	876.344382	57.005769	50.057000
681.107666	876.344382	57.005770	50.058000
681.110011	876.344381	57.005771	50.058000
681.112496	876.344379	57.005769	50.059000
681.115159	876.344381	57.005770	50.059000
681.117545	876.344379	57.005771	50.060000
681.120065	876.344379	57.005770	50.060000
681.122407	876.344380	57.005770	50.061000
681.125079	876.344379	57.005771	50.062000
681.127473	876.344379	57.005771	50.063000
681.129916	876.344382	57.005772	50.063000
681.132594	876.344380	57.005770	50.064000
681.135158	876.344380	57.005767	50.065000
681.137647	876.344383	57.005766	50.066000
681.140166	876.344379	57.005769	50.067000
681.142809	876.344384	57.005773	50.067000
681.145671	876.344375	57.005769	50.068000
681.148244	876.344380	57.005770	50.069000
681.150598	876.344379	57.005770	50.069000
681.153194	876.344384	57.005769	50.070000
681.155754	876.344380	57.005770	50.070000
681.158348	876.344380	57.005768	50.071000
681.160655	876.344376	57.005771	50.071000
681.163310	876.344379	57.005770	50.071000
681.165770	876.344377	57.005771	50.071000
681.168243	876.344382	57.005770	50.070000
681.170693	876.344380	57.005769	50.068000
681.173299	876.344381	57.005771	50.067000
681.175756	876.344379	57.005771	50.065000
681.178338	876.344380	57.005769	50.063000
681.180754	876.344378	57.005770	50.061000
681.183207	876.344384	57.005771	50.059000
681.185771	876.344377	57.005771	50.058000
681.188339	876.344381	57.005769	50.056000
681.190690	876.344378	57.005769	50.055000
681.193198	876.344378	57.005769	50.053000
681.195759	876.344377	57.005770	50.052000
681.198244	876.344381	57.005771	50.051000
681.200651	876.344383	57.005769	50.049000
681.203113	876.344378	57.005769	50.047000
681.205673	876.344377	57.005771	50.045000
681.208332	876.344379	57.005771	50.043000
681.210797	876.344381	57.005770	50.041000
681.213292	876.344383	57.005769	50.039000
681.215848	876.344381	57.005769	50.036000
681.218342	876.344379	57.005771	50.033000
681.220844	876.344379	57.005771	50.031000
681.223300	876.344376	57.005770	50.027000
681.225874	876.344380	57.005769	50.024000
681.228349	876.344381	57.005768	50.021000
681.230796	876.344381	57.005769	50.018000
681.233295	876.344382	57.005770	50.016000
681.235850	876.344379	57.005770	50.014000
681.238244	876.344380	57.005770	50.012000
681.240760	876.344381	57.005770	50.011000
681.243209	876.344382	57.005770	50.010000
681.246080	876.344382	57.005769	50.010000
681.248438	876.344382	57.005770	50.010000
681.250895	876.344381	57.005771	50.010000
681.253406	876.344381	57.005769	50.010000
681.256135	876.344378	57.005769	50.010000
681.258345	876.344378	57.005770	50.010000
681.260942	876.344380	57.005770	50.010000
681.263413	876.344380	57.005770	50.010000
681.265976	876.344383	57.005771	50.011000
681.268441	876.344380	57.005772	50.012000
681.270897	876.344383	57.005771	50.013000
681.273298	876.344378	57.005769	50.014000
681.275851	876.344379	57.005769	50.016000
681.278447	876.344377	57.005769	50.018000
681.280852	876.344383	57.005771	50.021000
681.283520	876.344376	57.005772	50.024000
681.286076	876.344380	57.005771	50.026000
681.288635	876.344380	57.005768	50.029000
681.290898	876.344379	57.005771	50.032000
681.293608	876.344378	57.005770	50.034000
681.296045	876.344381	57.005770	50.037000
681.298839	876.344377	57.005768	50.039000
681.301033	876.344380	57.005768	50.041000
681.303515	876.344378	57.005769	50.043000
681.306081	876.344378	57.005770	50.045000
681.308540	876.344379	57.005772	50.046000
681.310896	876.344382	57.005769	50.048000
681.313401	876.344382	57.005769	50.049000
681.315948	876.344380	57.005770	50.049000
681.318460	876.344375	57.005771	50.049000
681.322006	876.344380	57.005770	50.049000
681.324867	876.344380	57.005771	50.048000
681.327460	876.344380	57.005768	50.047000
681.329911	876.344381	57.005769	50.047000
681.332691	876.344381	57.005770	50.046000
681.335261	876.344380	57.005769	50.045000
681.337538	876.344381	57.005772	50.045000
681.340061	876.344379	57.005770	50.044000
681.342605	876.344381	57.005771	50.043000
681.345071	876.344379	57.005768	50.042000
681.347470	876.344383	57.005769	50.040000
681.349912	876.344378	57.005770	50.039000
681.352394	876.344380	57.005769	50.038000
681.354948	876.344380	57.005770	50.037000
681.357644	876.344378	57.005771	50.037000
681.360162	876.344377	57.005772	50.037000
681.362604	876.344384	57.005769	50.037000
681.365175	876.344378	57.005769	50.038000
681.367662	876.344381	57.005769	50.039000
681.370106	876.344378	57.005771	50.040000
681.372586	876.344380	57.005771	50.040000
681.375160	876.344379	57.005770	50.041000
681.377549	876.344379	57.005769	50.041000
681.380171	876.344382	57.005772	50.041000
681.382705	876.344376	57.005768	50.041000
681.385176	876.344380	57.005771	50.041000
681.387567	876.344379	57.005770	50.041000
681.390011	876.344382	57.005769	50.042000
681.392488	876.344379	57.005771	50.042000
681.395261	876.344382	57.005769	50.043000
681.397744	876.344378	57.005770	50.044000
681.401418	876.344380	57.005770	50.045000
681.403936	876.344378	57.005770	50.046000
681.406480	876.344378	57.005769	50.047000
681.408943	876.344379	57.005771	50.047000
681.411294	876.344379	57.005771	50.047000
681.413912	876.344378	57.005770	50.047000
681.416441	876.344382	57.005769	50.047000
681.418949	876.344377	57.005770	50.048000
681.421313	876.344379	57.005769	50.048000
681.424030	876.344381	57.005769	50.048000
681.426381	876.344380	57.005772	50.048000
681.428839	876.344377	57.005772	50.048000
681.431493	876.344380	57.005772	50.047000
681.434010	876.344379	57.005771	50.047000
681.436539	876.344379	57.005772	50.046000
681.439035	876.344380	57.005771	50.045000
681.441518	876.344378	57.005770	50.045000
681.444232	876.344381	57.005771	50.044000
681.446574	876.344380	57.005770	50.043000
681.449034	876.344383	57.005770	50.042000
681.451488	876.344381	57.005771	50.042000
681.454198	876.344380	57.005769	50.042000
681.456543	876.344383	57.005771	50.041000
681.459033	876.344382	57.005772	50.041000
681.461411	876.344381	57.005770	50.041000
681.463914	876.344379	57.005771	50.041000
681.466473	876.344383	57.005772	50.041000
681.472177	876.344383	57.005768	50.039000
681.474612	876.344385	57.005771	50.039000
681.478649	876.344375	57.005768	50.038000
681.481039	876.344378	57.005771	50.037000
681.483502	876.344381	57.005770	50.037000
681.486178	876.344379	57.005768	50.037000
681.488446	876.344377	57.005771	50.037000
681.490888	876.344381	57.005771	50.036000
681.493496	876.344378	57.005769	50.036000
681.495947	876.344378	57.005771	50.036000
681.498446	876.344381	57.005769	50.037000
681.500942	876.344382	57.005769	50.037000
681.503414	876.344378	57.005768	50.037000
681.505982	876.344376	57.005768	50.037000
681.508637	876.344378	57.005768	50.038000
681.511087	876.344378	57.005768	50.038000
681.513596	876.344383	57.005767	50.038000
681.516139	876.344383	57.005767	50.039000
681.518751	876.344379	57.005772	50.038000
681.521130	876.344380	57.005768	50.038000
681.523605	876.344380	57.005769	50.038000
681.526178	876.344378	57.005770	50.036000
681.528647	876.344379	57.005771	50.035000
681.531089	876.344378	57.005770	50.034000
681.533591	876.344383	57.005770	50.033000
681.536145	876.344381	57.005770	50.031000
681.538849	876.344378	57.005770	50.030000
681.541415	876.344378	57.005770	50.029000
681.543918	876.344380	57.005771	50.029000
681.546475	876.344376	57.005768	50.028000
681.548836	876.344383	57.005770	50.027000
681.551387	876.344378	57.005770	50.027000
681.553805	876.344382	57.005771	50.026000
681.556346	876.344381	57.005771	50.025000
681.558857	876.344380	57.005771	50.024000
681.561513	876.344382	57.005772	50.023000
681.564748	876.344375	57.005770	50.022000
681.567175	876.344381	57.005770	50.020000
681.570308	876.344383	57.005773	50.019000
681.572685	876.344380	57.005768	50.018000
681.575563	876.344383	57.005768	50.016000
681.578048	876.344380	57.005770	50.015000
681.580465	876.344378	57.005769	50.014000
681.583108	876.344381	57.005771	50.013000
681.585671	876.344377	57.005770	50.011000
681.588155	876.344382	57.005770	50.011000
681.590698	876.344376	57.005770	50.010000
681.593088	876.344385	57.005770	50.011000
681.595664	876.344383	57.005771	50.011000
681.598153	876.344379	57.005771	50.012000
681.600662	876.344379	57.005768	50.013000
681.603107	876.344380	57.005768	50.014000
681.605674	876.344379	57.005769	50.015000
681.608064	876.344383	57.005770	50.016000
681.611287	876.344382	57.005771	50.017000
681.613090	876.344381	57.005770	50.018000
681.615564	876.344380	57.005771	50.019000
681.618044	876.344380	57.005769	50.020000
681.620758	876.344380	57.005769	50.022000
681.623307	876.344380	57.005770	50.023000
681.625770	876.344379	57.005772	50.025000
681.628247	876.344384	57.005771	50.026000
681.630695	876.344379	57.005769	50.027000
681.633395	876.344381	57.005769	50.027000
681.635762	876.344382	57.005770	50.027000
681.638250	876.344381	57.005769	50.027000
681.640758	876.344383	57.005771	50.025000
681.643207	876.344384	57.005771	50.024000
681.645777	876.344378	57.005769	50.022000
681.648251	876.344377	57.005768	50.021000
681.650699	876.344376	57.005769	50.020000
681.653086	876.344376	57.005772	50.019000
681.655655	876.344381	57.005770	50.018000
681.658348	876.344382	57.005770	50.018000
681.660860	876.344379	57.005770	50.018000
681.663309	876.344380	57.005771	50.018000
681.665883	876.344384	57.005770	50.019000
681.668351	876.344379	57.005769	50.019000
681.670805	876.344380	57.005770	50.020000
681.673289	876.344382	57.005771	50.020000
681.677147	876.344382	57.005770	50.021000
681.679756	876.344380	57.005769	50.021000
681.682212	876.344384	57.005771	50.021000
681.684752	876.344379	57.005769	50.021000
681.687279	876.344380	57.005770	50.022000
681.689630	876.344379	57.005772	50.022000
681.692089	876.344380	57.005771	50.021000
681.694837	876.344381	57.005772	50.022000
681.697352	876.344382	57.005769	50.022000
681.699869	876.344381	57.005769	50.022000
681.702316	876.344383	57.005769	50.023000
681.705069	876.344381	57.005771	50.024000
681.707272	876.344379	57.005771	50.024000
681.709821	876.344384	57.005769	50.025000
681.712284	876.344382	57.005770	50.025000
681.714826	876.344379	57.005770	50.026000
681.717443	876.344376	57.005770	50.027000
681.719869	876.344381	57.005771	50.027000
681.722308	876.344383	57.005770	50.027000
681.724754	876.344380	57.005772	50.027000
681.727280	876.344380	57.005773	50.028000
681.729720	876.344376	57.005770	50.028000
681.732373	876.344382	57.005770	50.028000
681.734946	876.344381	57.005770	50.028000
681.737449	876.344383	57.005771	50.028000
681.739962	876.344377	57.005770	50.028000
681.742403	876.344375	57.005769	50.028000
681.744961	876.344378	57.005770	50.027000
681.747562	876.344380	57.005769	50.026000
681.750021	876.344382	57.005771	50.026000
681.752388	876.344380	57.005771	50.025000
681.754933	876.344382	57.005769	50.024000
681.757348	876.344380	57.005771	50.023000
681.759863	876.344385	57.005769	50.023000
681.762308	876.344380	57.005769	50.022000
681.764850	876.344376	57.005769	50.022000
681.767362	876.344374	57.005769	50.022000
681.770040	876.344381	57.005770	50.023000
681.772494	876.344379	57.005770	50.024000
681.775044	876.344380	57.005771	50.024000
681.777502	876.344376	57.005770	50.025000
681.780179	876.344377	57.005770	50.025000
681.782544	876.344384	57.005770	50.026000
681.785072	876.344377	57.005772	50.027000
681.787555	876.344380	57.005771	50.027000
681.789999	876.344382	57.005769	50.027000
681.792474	876.344376	57.005769	50.027000
681.795052	876.344381	57.005771	50.026000
681.797575	876.344378	57.005769	50.026000
681.799961	876.344378	57.005770	50.025000
681.802395	876.344380	57.005770	50.025000
681.804956	876.344379	57.005769	50.024000
681.807586	876.344382	57.005770	50.024000
681.810015	876.344378	57.005771	50.024000
681.812577	876.344378	57.005771	50.024000
681.815036	876.344379	57.005771	50.024000
681.817552	876.344378	57.005769	50.024000
681.820065	876.344382	57.005769	50.025000
681.822715	876.344380	57.005770	50.025000
681.825079	876.344381	57.005769	50.026000
681.827592	876.344382	57.005768	50.026000
681.830014	876.344382	57.005769	50.027000
681.832485	876.344380	57.005770	50.028000
681.834950	876.344381	57.005769	50.029000
681.837457	876.344382	57.005769	50.030000
681.839970	876.344379	57.005771	50.032000
681.842411	876.344379	57.005771	50.033000
681.845173	876.344379	57.005769	50.034000
681.847674	876.344382	57.005771	50.034000
681.850118	876.344380	57.005768	50.034000
681.852601	876.344377	57.005770	50.034000
681.855147	876.344377	57.005769	50.034000
681.857742	876.344380	57.005769	50.033000
681.860172	876.344380	57.005771	50.033000
681.862611	876.344379	57.005770	50.033000
681.865168	876.344373	57.005769	50.033000
681.867674	876.344378	57.005769	50.033000
681.870018	876.344380	57.005770	50.034000
681.872586	876.344376	57.005771	50.035000
681.875147	876.344380	57.005769	50.036000
681.877542	876.344379	57.005769	50.036000
681.880066	876.344379	57.005770	50.037000
681.882705	876.344381	57.005769	50.038000
681.885270	876.344380	57.005769	50.038000
681.887765	876.344377	57.005768	50.038000
681.890207	876.344379	57.005769	50.039000
681.892677	876.344380	57.005770	50.039000
681.895246	876.344381	57.005771	50.040000
681.897742	876.344377	57.005770	50.040000
681.900265	876.344379	57.005770	50.041000
681.902692	876.344379	57.005769	50.042000
681.905353	876.344378	57.005769	50.043000
681.907754	876.344379	57.005771	50.044000
681.910104	876.344382	57.005770	50.045000
681.912575	876.344381	57.005771	50.045000
681.915243	876.344380	57.005771	50.044000
681.917642	876.344380	57.005770	50.044000
681.920369	876.344381	57.005769	50.043000
681.922805	876.344378	57.005770	50.042000
681.925465	876.344382	57.005771	50.040000
681.927857	876.344379	57.005772	50.039000
681.930309	876.344380	57.005772	50.037000
681.933384	876.344377	57.005768	50.036000
681.935451	876.344383	57.005769	50.036000
681.937845	876.344378	57.005770	50.035000
681.940472	876.344381	57.005770	50.035000
681.942809	876.344378	57.005773	50.035000
681.945361	876.344378	57.005772	50.035000
681.947761	876.344383	57.005769	50.036000
681.950210	876.344380	57.005770	50.037000
681.952792	876.344377	57.005772	50.038000
681.955557	876.344379	57.005773	50.039000
681.957942	876.344380	57.005770	50.041000
681.960466	876.344380	57.005769	50.042000
681.962912	876.344378	57.005769	50.043000
681.965465	876.344379	57.005771	50.044000
681.967960	876.344379	57.005770	50.045000
681.970409	876.344382	57.005770	50.046000
681.972889	876.344380	57.005769	50.046000
681.975462	876.344382	57.005769	50.046000
681.977949	876.344381	57.005771	50.046000
681.980468	876.344381	57.005770	50.046000
681.982908	876.344382	57.005768	50.045000
681.985376	876.344380	57.005770	50.045000
681.987871	876.344380	57.005769	50.043000
681.990310	876.344381	57.005768	50.042000
681.992991	876.344383	57.005768	50.041000
681.995558	876.344380	57.005770	50.040000
681.998057	876.344378	57.005771	50.039000
682.000561	876.344379	57.005770	50.038000
682.003009	876.344378	57.005770	50.037000
682.005571	876.344379	57.005770	50.037000
682.008169	876.344384	57.005769	50.037000
682.010506	876.344379	57.005770	50.037000
682.012996	876.344379	57.005769	50.037000
682.015567	876.344378	57.005771	50.036000
682.018150	876.344381	57.005770	50.036000
682.020577	876.344381	57.005769	50.036000
682.022918	876.344382	57.005769	50.036000
682.025478	876.344380	57.005771	50.035000
682.027970	876.344380	57.005768	50.035000
682.030604	876.344381	57.005769	50.036000
682.033087	876.344380	57.005770	50.036000
682.035662	876.344382	57.005772	50.036000
682.038147	876.344378	57.005772	50.037000
682.040664	876.344380	57.005773	50.038000
682.043105	876.344380	57.005772	50.038000
682.045674	876.344382	57.005770	50.039000
682.048254	876.344379	57.005772	50.038000
682.050700	876.344380	57.005772	50.038000
682.053088	876.344382	57.005769	50.037000
682.055652	876.344379	57.005771	50.036000
682.058043	876.344380	57.005770	50.035000
682.060664	876.344379	57.005769	50.035000
682.063106	876.344381	57.005769	50.034000
682.065574	876.344380	57.005768	50.034000
682.068260	876.344378	57.005769	50.034000
682.070710	876.344379	57.005768	50.034000
682.073185	876.344380	57.005767	50.035000
682.075748	876.344385	57.005768	50.035000
682.078246	876.344378	57.005768	50.035000
682.080764	876.344378	57.005770	50.036000
682.083204	876.344378	57.005771	50.036000
682.085777	876.344382	57.005769	50.035000
682.088257	876.344380	57.005770	50.034000
682.090805	876.344381	57.005770	50.034000
682.093200	876.344379	57.005771	50.033000
682.095668	876.344382	57.005769	50.032000
682.098148	876.344377	57.005771	50.032000
682.100674	876.344381	57.005771	50.032000
682.103106	876.344380	57.005768	50.031000
682.105880	876.344381	57.005771	50.031000
682.108353	876.344379	57.005771	50.031000
682.110801	876.344380	57.005769	50.032000
682.113289	876.344379	57.005769	50.033000
682.115851	876.344383	57.005770	50.034000
682.118348	876.344378	57.005771	50.035000
682.120857	876.344381	57.005769	50.036000
682.123309	876.344378	57.005770	50.037000
682.125774	876.344381	57.005769	50.038000
682.128350	876.344381	57.005770	50.039000
682.130806	876.344379	57.005768	50.039000
682.133192	876.344383	57.005770	50.040000
682.135757	876.344380	57.005768	50.040000
682.138254	876.344377	57.005769	50.040000
682.140763	876.344382	57.005771	50.040000
682.143410	876.344380	57.005770	50.041000
682.145976	876.344379	57.005770	50.041000
682.148449	876.344378	57.005769	50.041000
682.151002	876.344377	57.005771	50.041000
682.153398	876.344381	57.005770	50.040000
682.155848	876.344378	57.005770	50.040000
682.158437	876.344376	57.005769	50.039000
682.160958	876.344379	57.005768	50.038000
682.163435	876.344379	57.005769	50.037000
682.166075	876.344380	57.005771	50.036000
682.168456	876.344379	57.005771	50.035000
682.170910	876.344382	57.005772	50.035000
682.173395	876.344378	57.005773	50.035000
682.175849	876.344378	57.005770	50.035000
682.178347	876.344380	57.005770	50.036000
682.181146	876.344382	57.005770	50.036000
682.183457	876.344379	57.005770	50.037000
682.186122	876.344381	57.005769	50.037000
682.188591	876.344379	57.005772	50.037000
682.191170	876.344382	57.005772	50.037000
682.193493	876.344379	57.005771	50.036000
682.196049	876.344380	57.005770	50.036000
682.198558	876.344379	57.005769	50.035000
682.201056	876.344378	57.005769	50.034000
682.203521	876.344377	57.005769	50.033000
682.206076	876.344377	57.005770	50.032000
682.208548	876.344377	57.005772	50.032000
682.210906	876.344380	57.005771	50.033000
682.213401	876.344382	57.005770	50.033000
682.215949	876.344378	57.005770	50.033000
682.218554	876.344380	57.005769	50.034000
682.221056	876.344380	57.005768	50.034000
682.223513	876.344379	57.005770	50.035000
682.226073	876.344380	57.005771	50.035000
682.228558	876.344381	57.005772	50.035000
682.231002	876.344381	57.005770	50.035000
682.233597	876.344380	57.005770	50.035000
682.236044	876.344385	57.005767	50.034000
682.238551	876.344378	57.005770	50.034000
682.241149	876.344377	57.005769	50.034000
682.243514	876.344377	57.005770	50.034000
682.246075	876.344381	57.005768	50.034000
682.248549	876.344382	57.005768	50.034000
682.250902	876.344383	57.005770	50.034000
682.253390	876.344382	57.005769	50.035000
682.256139	876.344382	57.005770	50.036000
682.258650	876.344382	57.005769	50.037000
682.261141	876.344380	57.005769	50.037000
682.263616	876.344380	57.005771	50.037000
682.266178	876.344383	57.005771	50.037000
682.268646	876.344385	57.005771	50.037000
682.271099	876.344378	57.005771	50.036000
682.273698	876.344379	57.005772	50.036000
682.276243	876.344382	57.005771	50.035000
682.278645	876.344376	57.005771	50.036000
682.281136	876.344379	57.005771	50.037000
682.283716	876.344383	57.005770	50.038000
682.286081	876.344382	57.005768	50.039000
682.288548	876.344381	57.005770	50.041000
682.291001	876.344381	57.005771	50.042000
682.293694	876.344380	57.005772	50.044000
682.296337	876.344381	57.005768	50.046000
682.298745	876.344380	57.005772	50.047000
682.301231	876.344381	57.005771	50.048000
682.303724	876.344380	57.005769	50.048000
682.306276	876.344383	57.005768	50.048000
682.308741	876.344381	57.005767	50.048000
682.311200	876.344380	57.005767	50.047000
682.313693	876.344379	57.005768	50.047000
682.316428	876.344381	57.005767	50.046000
682.318636	876.344380	57.005771	50.045000
682.321222	876.344379	57.005766	50.044000
682.323612	876.344383	57.005772	50.043000
682.326282	876.344378	57.005768	50.042000
682.328643	876.344377	57.005769	50.041000
682.331294	876.344383	57.005769	50.041000
682.333794	876.344376	57.005770	50.040000
682.336326	876.344382	57.005771	50.040000
682.338846	876.344382	57.005770	50.039000
682.341322	876.344382	57.005770	50.039000
682.343821	876.344378	57.005768	50.038000
682.346375	876.344378	57.005771	50.038000
682.348832	876.344380	57.005771	50.037000
682.351198	876.344377	57.005771	50.037000
682.353802	876.344384	57.005768	50.037000
682.356333	876.344378	57.005770	50.036000
682.358953	876.344379	57.005770	50.036000
682.361232	876.344380	57.005771	50.035000
682.363711	876.344380	57.005771	50.034000
682.366270	876.344384	57.005769	50.033000
682.368840	876.344379	57.005771	50.032000
682.371293	876.344383	57.005771	50.032000
682.373910	876.344379	57.005770	50.031000
682.376435	876.344377	57.005771	50.030000
682.378949	876.344379	57.005771	50.030000
682.381415	876.344382	57.005772	50.031000
682.383928	876.344381	57.005772	50.032000
682.386481	876.344379	57.005772	50.032000
682.388945	876.344377	57.005772	50.033000
682.391298	876.344381	57.005768	50.034000
682.393806	876.344381	57.005768	50.035000
682.396329	876.344376	57.005770	50.035000
682.398850	876.344381	57.005770	50.036000
682.401327	876.344382	57.005771	50.036000
682.403824	876.344376	57.005770	50.036000
682.406586	876.344381	57.005771	50.036000
682.409049	876.344381	57.005769	50.036000
682.411486	876.344378	57.005770	50.037000
682.414003	876.344384	57.005771	50.037000
682.416637	876.344379	57.005770	50.038000
682.419049	876.344380	57.005769	50.039000
682.421513	876.344380	57.005771	50.041000
682.424028	876.344373	57.005771	50.042000
682.426590	876.344379	57.005768	50.043000
682.429054	876.344383	57.005767	50.044000
682.431500	876.344379	57.005768	50.045000
682.434008	876.344382	57.005768	50.046000
682.436535	876.344381	57.005770	50.046000
682.438954	876.344379	57.005769	50.047000
682.441615	876.344381	57.005772	50.047000
682.444124	876.344380	57.005773	50.047000
682.446683	876.344384	57.005773	50.047000
682.449140	876.344383	57.005773	50.047000
682.451590	876.344378	57.005772	50.048000
682.454104	876.344382	57.005772	50.049000
682.456642	876.344380	57.005771	50.049000
682.459148	876.344380	57.005769	50.050000
682.461619	876.344378	57.005769	50.051000
682.464125	876.344375	57.005770	50.051000
682.466678	876.344378	57.005771	50.051000
682.469034	876.344380	57.005767	50.051000
682.471500	876.344382	57.005769	50.051000
682.474007	876.344378	57.005768	50.050000
682.476542	876.344382	57.005766	50.050000
682.479051	876.344383	57.005767	50.049000
682.481723	876.344377	57.005767	50.049000
682.484230	876.344380	57.005767	50.049000
682.486772	876.344384	57.005769	50.049000
682.489232	876.344381	57.005768	50.049000
682.491795	876.344379	57.005769	50.049000
682.494207	876.344381	57.005769	50.049000
682.496738	876.344382	57.005771	50.048000
682.499238	876.344381	57.005773	50.048000
682.501830	876.344384	57.005767	50.047000
682.504227	876.344379	57.005773	50.047000
682.506782	876.344380	57.005772	50.046000
682.509132	876.344376	57.005769	50.046000
682.511692	876.344382	57.005773	50.045000
682.514105	876.344379	57.005768	50.045000
682.516635	876.344379	57.005768	50.045000
682.519335	876.344377	57.005769	50.045000
682.521722	876.344382	57.005769	50.046000
682.524232	876.344380	57.005767	50.046000
682.526777	876.344383	57.005768	50.046000
682.529229	876.344381	57.005769	50.047000
682.531788	876.344382	57.005771	50.047000
682.534203	876.344380	57.005771	50.047000
682.536742	876.344380	57.005772	50.047000
682.539233	876.344377	57.005771	50.047000
682.541720	876.344381	57.005770	50.047000
682.544224	876.344379	57.005769	50.047000
682.546780	876.344381	57.005770	50.048000
682.549233	876.344379	57.005768	50.048000
682.551599	876.344382	57.005772	50.048000
682.554105	876.344379	57.005772	50.048000
682.556840	876.344379	57.005772	50.048000
682.559329	876.344379	57.005770	50.048000
682.561818	876.344381	57.005768	50.048000
682.564319	876.344381	57.005770	50.048000
682.566869	876.344382	57.005771	50.048000
682.569321	876.344379	57.005768	50.048000
682.571783	876.344382	57.005769	50.049000
682.574291	876.344381	57.005770	50.050000
682.576832	876.344383	57.005771	50.052000
682.579333	876.344380	57.005773	50.053000
682.581819	876.344383	57.005772	50.054000
682.584223	876.344382	57.005768	50.056000
682.586861	876.344382	57.005773	50.057000
682.589233	876.344377	57.005769	50.057000
682.591885	876.344381	57.005769	50.058000
682.594496	876.344377	57.005770	50.057000
682.597039	876.344380	57.005770	50.057000
682.599434	876.344382	57.005773	50.056000
682.601916	876.344381	57.005772	50.056000
682.604419	876.344379	57.005772	50.055000
682.606976	876.344382	57.005772	50.054000
682.609437	876.344382	57.005772	50.053000
682.611888	876.344381	57.005772	50.053000
682.614391	876.344381	57.005769	50.053000
682.616937	876.344378	57.005768	50.053000
682.619651	876.344379	57.005768	50.053000
682.621924	876.344380	57.005770	50.053000
682.624327	876.344380	57.005770	50.053000
682.626980	876.344382	57.005769	50.054000
682.629531	876.344381	57.005771	50.054000
682.631986	876.344381	57.005769	50.054000
682.634497	876.344382	57.005767	50.054000
682.637252	876.344378	57.005768	50.054000
682.639541	876.344380	57.005771	50.054000
682.642119	876.344380	57.005768	50.053000
682.644529	876.344376	57.005771	50.053000
682.647082	876.344378	57.005770	50.053000
682.649629	876.344380	57.005771	50.053000
682.651998	876.344381	57.005770	50.053000
682.654503	876.344383	57.005772	50.052000
682.657049	876.344382	57.005772	50.052000
682.659544	876.344380	57.005773	50.052000
682.661924	876.344385	57.005768	50.052000
682.664428	876.344379	57.005768	50.052000
682.667176	876.344382	57.005767	50.052000
682.669723	876.344381	57.005772	50.051000
682.672090	876.344380	57.005767	50.051000
682.674614	876.344379	57.005768	50.050000
682.677147	876.344379	57.005768	50.050000
682.679649	876.344382	57.005770	50.049000
682.682121	876.344380	57.005771	50.048000
682.684645	876.344379	57.005770	50.046000
682.687175	876.344379	57.005769	50.045000
682.689633	876.344383	57.005770	50.044000
682.692093	876.344377	57.005770	50.042000
682.694506	876.344382	57.005771	50.041000
682.697045	876.344377	57.005773	50.040000
682.699543	876.344384	57.005772	50.039000
682.702019	876.344383	57.005771	50.038000
682.704853	876.344379	57.005770	50.037000
682.707274	876.344381	57.005770	50.037000
682.709726	876.344380	57.005770	50.036000
682.712282	876.344378	57.005769	50.036000
682.714717	876.344382	57.005769	50.035000
682.717244	876.344380	57.005771	50.035000
682.719750	876.344376	57.005772	50.034000
682.722220	876.344381	57.005772	50.034000
682.724641	876.344380	57.005770	50.034000
682.727273	876.344376	57.005770	50.033000
682.729721	876.344379	57.005769	50.033000
682.732088	876.344379	57.005771	50.032000
682.734611	876.344381	57.005770	50.032000
682.737150	876.344379	57.005770	50.032000
682.739645	876.344383	57.005770	50.031000
682.742316	876.344384	57.005768	50.031000
682.744844	876.344378	57.005768	50.030000
682.747367	876.344381	57.005768	50.030000
682.749922	876.344380	57.005770	50.030000
682.752291	876.344381	57.005770	50.031000
682.754929	876.344379	57.005769	50.031000
682.757345	876.344380	57.005769	50.032000
682.759959	876.344376	57.005771	50.033000
682.762315	876.344379	57.005769	50.035000
682.764848	876.344380	57.005770	50.036000
682.767278	876.344377	57.005770	50.037000
682.769731	876.344381	57.005771	50.038000
682.772188	876.344382	57.005771	50.038000
682.774717	876.344377	57.005771	50.038000
682.777245	876.344376	57.005772	50.038000
682.779962	876.344380	57.005771	50.038000
682.782415	876.344380	57.005771	50.038000
682.784948	876.344379	57.005771	50.038000
682.787474	876.344379	57.005772	50.038000
682.789923	876.344382	57.005770	50.038000
682.792387	876.344377	57.005769	50.039000
682.794921	876.344378	57.005768	50.039000
682.797538	876.344381	57.005772	50.040000
682.799959	876.344382	57.005767	50.039000
682.802411	876.344378	57.005768	50.039000
682.804945	876.344379	57.005767	50.039000
682.807473	876.344382	57.005767	50.037000
682.809820	876.344378	57.005772	50.036000
682.812288	876.344379	57.005774	50.035000
682.814805	876.344378	57.005772	50.035000
682.817544	876.344382	57.005772	50.034000
682.820062	876.344381	57.005773	50.035000
682.822510	876.344380	57.005772	50.035000
682.825052	876.344377	57.005772	50.036000
682.827567	876.344380	57.005773	50.037000
682.830018	876.344378	57.005772	50.037000
682.832480	876.344383	57.005770	50.037000
682.835028	876.344378	57.005768	50.037000
682.837646	876.344381	57.005772	50.036000
682.840166	876.344379	57.005772	50.035000
682.842615	876.344380	57.005772	50.034000
682.844949	876.344376	57.005769	50.033000
682.847472	876.344378	57.005768	50.032000
682.849918	876.344380	57.005769	50.031000
682.852484	876.344382	57.005770	50.030000
682.855136	876.344383	57.005772	50.029000
682.857648	876.344382	57.005771	50.028000
682.860172	876.344383	57.005769	50.026000
682.862706	876.344378	57.005772	50.025000
682.865162	876.344377	57.005767	50.023000
682.867660	876.344381	57.005768	50.021000
682.870117	876.344380	57.005770	50.020000
682.872585	876.344378	57.005772	50.018000
682.875245	876.344382	57.005769	50.017000
682.877646	876.344380	57.005773	50.016000
682.880165	876.344384	57.005772	50.014000
682.882514	876.344379	57.005768	50.013000
682.885052	876.344382	57.005771	50.012000
682.887568	876.344378	57.005772	50.011000
682.890019	876.344382	57.005773	50.010000
682.892694	876.344383	57.005767	50.009000
682.895243	876.344379	57.005767	50.008000
682.897754	876.344382	57.005768	50.007000
682.900268	876.344381	57.005769	50.007000
682.902710	876.344382	57.005771	50.007000
682.905470	876.344378	57.005772	50.007000
682.907776	876.344382	57.005768	50.007000
682.910211	876.344383	57.005769	50.007000
682.912687	876.344382	57.005768	50.007000
682.915252	876.344381	57.005770	50.007000
682.917748	876.344380	57.005772	50.008000
682.920164	876.344379	57.005770	50.009000
682.922612	876.344377	57.005771	50.009000
682.925160	876.344382	57.005770	50.010000
682.927669	876.344380	57.005772	50.011000
682.930222	876.344380	57.005771	50.012000
682.932695	876.344381	57.005770	50.012000
682.935249	876.344378	57.005770	50.013000
682.937746	876.344380	57.005770	50.013000
682.940361	876.344381	57.005768	50.014000
682.942708	876.344380	57.005768	50.014000
682.945365	876.344378	57.005772	50.015000
682.947760	876.344380	57.005769	50.016000
682.950215	876.344380	57.005768	50.017000
682.952688	876.344377	57.005769	50.017000
682.955244	876.344380	57.005769	50.018000
682.957742	876.344381	57.005770	50.018000
682.960265	876.344381	57.005772	50.019000
682.962716	876.344379	57.005771	50.019000
682.965265	876.344382	57.005768	50.019000
682.967970	876.344380	57.005768	50.019000
682.970412	876.344380	57.005768	50.019000
682.972891	876.344381	57.005767	50.020000
682.975446	876.344381	57.005766	50.020000
682.977944	876.344380	57.005769	50.021000
682.980470	876.344379	57.005769	50.022000
682.983017	876.344382	57.005766	50.023000
682.985465	876.344381	57.005773	50.024000
682.987973	876.344382	57.005773	50.025000
682.990516	876.344379	57.005768	50.026000
682.992792	876.344379	57.005767	50.026000
682.995347	876.344379	57.005768	50.027000
682.997851	876.344382	57.005767	50.027000
683.000372	876.344381	57.005767	50.027000
683.002815	876.344382	57.005767	50.026000
683.005576	876.344381	57.005772	50.026000
683.008072	876.344380	57.005772	50.025000
683.010514	876.344380	57.005772	50.024000
683.013187	876.344378	57.005772	50.023000
683.015752	876.344378	57.005773	50.022000
683.018255	876.344380	57.005773	50.022000
683.020772	876.344378	57.005772	50.022000
683.023209	876.344378	57.005771	50.021000
683.025780	876.344379	57.005770	50.021000
683.028362	876.344380	57.005772	50.022000
683.030709	876.344382	57.005769	50.022000
683.033288	876.344380	57.005773	50.022000
683.035759	876.344381	57.005768	50.022000
683.038148	876.344377	57.005771	50.021000
683.040863	876.344382	57.005772	50.021000
683.043300	876.344380	57.005772	50.021000
683.045869	876.344379	57.005770	50.021000
683.048458	876.344383	57.005768	50.021000
683.050803	876.344382	57.005768	50.021000
683.053388	876.344380	57.005771	50.021000
683.055849	876.344380	57.005767	50.022000
683.058444	876.344382	57.005772	50.023000
683.060856	876.344381	57.005768	50.023000
683.063308	876.344381	57.005769	50.024000
683.065874	876.344381	57.005770	50.025000
683.068456	876.344382	57.005766	50.025000
683.070805	876.344381	57.005774	50.025000
683.073288	876.344385	57.005772	50.026000
683.075748	876.344381	57.005769	50.026000
683.078454	876.344382	57.005771	50.026000
683.080951	876.344377	57.005768	50.025000
683.083409	876.344378	57.005767	50.026000
683.085975	876.344379	57.005768	50.026000
683.088358	876.344383	57.005771	50.026000
683.090907	876.344378	57.005769	50.026000
683.093395	876.344381	57.005766	50.027000
683.095949	876.344382	57.005767	50.027000
683.098451	876.344379	57.005768	50.027000
683.100958	876.344381	57.005773	50.027000
683.103420	876.344383	57.005774	50.027000
683.105975	876.344381	57.005772	50.027000
683.108355	876.344379	57.005768	50.027000
683.110810	876.344382	57.005770	50.028000
683.113392	876.344380	57.005770	50.028000
683.116051	876.344380	57.005768	50.028000
683.118550	876.344381	57.005769	50.029000
683.121049	876.344383	57.005770	50.029000
683.123509	876.344381	57.005771	50.030000
683.126075	876.344378	57.005772	50.031000
683.128554	876.344381	57.005773	50.031000
683.131102	876.344384	57.005768	50.031000
683.133490	876.344378	57.005772	50.031000
683.136043	876.344378	57.005772	50.031000
683.138544	876.344381	57.005772	50.030000
683.141146	876.344382	57.005769	50.030000
683.143414	876.344377	57.005767	50.029000
683.145975	876.344381	57.005769	50.029000
683.148457	876.344379	57.005773	50.029000
683.150903	876.344379	57.005773	50.029000
683.153595	876.344379	57.005767	50.029000
683.156142	876.344383	57.005766	50.030000
683.158651	876.344379	57.005767	50.030000
683.161149	876.344377	57.005768	50.030000
683.163621	876.344382	57.005767	50.030000
683.166180	876.344379	57.005768	50.030000
683.168651	876.344379	57.005768	50.030000
683.171097	876.344382	57.005769	50.030000
683.173702	876.344381	57.005770	50.030000
683.176149	876.344381	57.005772	50.031000
683.178652	876.344381	57.005773	50.031000
683.181054	876.344380	57.005768	50.032000
683.183517	876.344381	57.005769	50.033000
683.186082	876.344381	57.005769	50.034000
683.188554	876.344381	57.005770	50.035000
683.191204	876.344379	57.005769	50.036000
683.193700	876.344381	57.005772	50.036000
683.196240	876.344379	57.005772	50.037000
683.198747	876.344379	57.005772	50.037000
683.201235	876.344380	57.005771	50.037000
683.203713	876.344379	57.005772	50.037000
683.206275	876.344380	57.005772	50.037000
683.208750	876.344380	57.005773	50.037000
683.211199	876.344379	57.005772	50.037000
683.213692	876.344382	57.005773	50.037000
683.216234	876.344379	57.005772	50.037000
683.218654	876.344379	57.005767	50.038000
683.221147	876.344380	57.005767	50.038000
683.223610	876.344382	57.005767	50.038000
683.226174	876.344380	57.005767	50.038000
683.229040	876.344380	57.005773	50.039000
683.231304	876.344377	57.005772	50.039000
683.233893	876.344385	57.005768	50.039000
683.236323	876.344379	57.005769	50.040000
683.238850	876.344380	57.005768	50.040000
683.241326	876.344383	57.005768	50.041000
683.243915	876.344381	57.005772	50.041000
683.246366	876.344382	57.005768	50.041000
683.248841	876.344381	57.005767	50.042000
683.251296	876.344381	57.005768	50.042000
683.253891	876.344380	57.005773	50.042000
683.256327	876.344378	57.005768	50.042000
683.258853	876.344380	57.005769	50.041000
683.261237	876.344381	57.005769	50.040000
683.263710	876.344382	57.005769	50.040000
683.266474	876.344379	57.005769	50.039000
683.269042	876.344381	57.005769	50.038000
683.271395	876.344378	57.005769	50.038000
683.273888	876.344381	57.005769	50.037000
683.276420	876.344381	57.005770	50.037000
683.278949	876.344379	57.005772	50.037000
683.281423	876.344382	57.005770	50.036000
683.283917	876.344378	57.005769	50.036000
683.286468	876.344377	57.005767	50.036000
683.288934	876.344379	57.005766	50.035000
683.291405	876.344379	57.005769	50.035000
683.293798	876.344381	57.005769	50.035000
683.296327	876.344382	57.005767	50.035000
683.298844	876.344380	57.005766	50.035000
683.301322	876.344377	57.005768	50.035000
683.304012	876.344380	57.005773	50.036000
683.306559	876.344378	57.005772	50.037000
683.309028	876.344378	57.005770	50.039000
683.311497	876.344381	57.005767	50.040000
683.313999	876.344378	57.005766	50.041000
683.316530	876.344379	57.005769	50.041000
683.319050	876.344380	57.005771	50.042000
683.321521	876.344381	57.005771	50.042000
683.324027	876.344380	57.005768	50.042000
683.326576	876.344380	57.005769	50.042000
683.329043	876.344379	57.005770	50.042000
683.331493	876.344379	57.005772	50.043000
683.334008	876.344381	57.005773	50.044000
683.336633	876.344380	57.005772	50.045000
683.338954	876.344380	57.005768	50.046000
683.341521	876.344379	57.005769	50.047000
683.344032	876.344382	57.005768	50.049000
683.346588	876.344377	57.005766	50.050000
683.349051	876.344378	57.005768	50.051000
683.351492	876.344381	57.005770	50.052000
683.353996	876.344379	57.005769	50.053000
683.356535	876.344378	57.005768	50.053000
683.359051	876.344377	57.005767	50.054000
683.361529	876.344379	57.005768	50.055000
683.364021	876.344379	57.005768	50.056000
683.366689	876.344380	57.005769	50.057000
683.368956	876.344379	57.005772	50.058000
683.371396	876.344379	57.005771	50.058000
683.373899	876.344379	57.005770	50.059000
683.376434	876.344380	57.005767	50.058000
683.379155	876.344380	57.005770	50.058000
683.381630	876.344381	57.005771	50.057000
683.384123	876.344381	57.005771	50.056000
683.386686	876.344380	57.005770	50.055000
683.389239	876.344381	57.005766	50.055000
683.391593	876.344381	57.005773	50.054000
683.394104	876.344381	57.005773	50.054000
683.396641	876.344378	57.005772	50.054000
683.399150	876.344381	57.005769	50.054000
683.401730	876.344383	57.005774	50.054000
683.404127	876.344380	57.005767	50.054000
683.406579	876.344382	57.005773	50.053000
683.409045	876.344383	57.005769	50.053000
683.411493	876.344379	57.005767	50.052000
683.414002	876.344384	57.005768	50.051000
683.416735	876.344380	57.005773	50.050000
683.419254	876.344379	57.005772	50.050000
683.421728	876.344381	57.005769	50.050000
683.424228	876.344380	57.005768	50.049000
683.426776	876.344380	57.005769	50.050000
683.429241	876.344380	57.005771	50.050000
683.431790	876.344380	57.005769	50.050000
683.434203	876.344381	57.005769	50.051000
683.436742	876.344380	57.005770	50.051000
683.439251	876.344381	57.005772	50.052000
683.441720	876.344382	57.005774	50.051000
683.444125	876.344379	57.005767	50.051000
683.446677	876.344381	57.005767	50.050000
683.449137	876.344379	57.005770	50.050000
683.451692	876.344381	57.005769	50.049000
683.454385	876.344378	57.005770	50.048000
683.456834	876.344379	57.005767	50.047000
683.459339	876.344378	57.005767	50.046000
683.461831	876.344381	57.005769	50.046000
683.464327	876.344375	57.005772	50.045000
683.466873	876.344380	57.005774	50.044000
683.469336	876.344379	57.005770	50.044000
683.471789	876.344381	57.005769	50.043000
683.474383	876.344378	57.005774	50.043000
683.476836	876.344378	57.005767	50.042000
683.479341	876.344382	57.005768	50.042000
683.481820	876.344381	57.005767	50.042000
683.484221	876.344378	57.005772	50.042000
683.486775	876.344381	57.005771	50.043000
683.489340	876.344380	57.005772	50.043000
683.491791	876.344381	57.005774	50.044000
683.494297	876.344380	57.005772	50.045000
683.496728	876.344377	57.005770	50.046000
683.499343	876.344380	57.005766	50.046000
683.501918	876.344381	57.005771	50.046000
683.504325	876.344382	57.005770	50.046000
683.506872	876.344379	57.005771	50.046000
683.509331	876.344383	57.005773	50.046000
683.511791	876.344380	57.005773	50.045000
683.514298	876.344380	57.005772	50.045000
683.516830	876.344383	57.005772	50.045000
683.519324	876.344382	57.005772	50.045000
683.521712	876.344382	57.005770	50.046000
683.524219	876.344381	57.005772	50.046000
683.526878	876.344382	57.005770	50.047000
683.529431	876.344382	57.005768	50.048000
683.531890	876.344377	57.005770	50.048000
683.534394	876.344378	57.005771	50.048000
683.537047	876.344382	57.005769	50.048000
683.539441	876.344378	57.005770	50.048000
683.541930	876.344382	57.005770	50.048000
683.544439	876.344379	57.005768	50.048000
683.546980	876.344380	57.005769	50.049000
683.549441	876.344381	57.005771	50.050000
683.551889	876.344380	57.005767	50.050000
683.554401	876.344381	57.005765	50.051000
683.556846	876.344379	57.005773	50.052000
683.559350	876.344383	57.005767	50.053000
683.561829	876.344376	57.005767	50.053000
683.564429	876.344376	57.005771	50.054000
683.567079	876.344380	57.005771	50.054000
683.569638	876.344380	57.005769	50.055000
683.571980	876.344381	57.005768	50.055000
683.574501	876.344379	57.005769	50.055000
683.577047	876.344381	57.005770	50.056000
683.579544	876.344381	57.005772	50.056000
683.582029	876.344376	57.005772	50.056000
683.584533	876.344380	57.005773	50.056000
683.587076	876.344380	57.005773	50.055000
683.589529	876.344379	57.005772	50.055000
683.591985	876.344377	57.005767	50.055000
683.594389	876.344379	57.005772	50.054000
683.596946	876.344382	57.005773	50.054000
683.599439	876.344378	57.005773	50.054000
683.602119	876.344380	57.005766	50.053000
683.604631	876.344379	57.005769	50.053000
683.607171	876.344379	57.005774	50.053000
683.609616	876.344378	57.005771	50.053000
683.612077	876.344380	57.005767	50.053000
683.614587	876.344380	57.005766	50.053000
683.617142	876.344382	57.005769	50.053000
683.619637	876.344378	57.005772	50.053000
683.622123	876.344380	57.005773	50.053000
683.624633	876.344381	57.005773	50.053000
683.627168	876.344381	57.005772	50.053000
683.629620	876.344379	57.005772	50.053000
683.632091	876.344382	57.005772	50.053000
683.634496	876.344379	57.005768	50.053000
683.637045	876.344381	57.005768	50.053000
683.639751	876.344378	57.005768	50.053000
683.642219	876.344380	57.005771	50.053000
683.644741	876.344379	57.005769	50.053000
683.647271	876.344379	57.005768	50.053000
683.649732	876.344381	57.005767	50.053000
683.652187	876.344381	57.005768	50.053000
683.654611	876.344379	57.005769	50.053000
683.657233	876.344378	57.005773	50.052000
683.659739	876.344380	57.005772	50.052000
683.662224	876.344379	57.005772	50.052000
683.664739	876.344382	57.005770	50.051000
683.667191	876.344382	57.005773	50.051000
683.669638	876.344379	57.005772	50.052000
683.672078	876.344380	57.005770	50.052000
683.674589	876.344383	57.005770	50.052000
683.677352	876.344381	57.005767	50.053000
683.679858	876.344378	57.005769	50.054000
683.682328	876.344382	57.005771	50.055000
683.684850	876.344383	57.005772	50.055000
683.687482	876.344378	57.005770	50.055000
683.689829	876.344383	57.005771	50.055000
683.692287	876.344384	57.005772	50.055000
683.694804	876.344377	57.005772	50.055000
683.697353	876.344379	57.005771	50.054000
683.699854	876.344378	57.005769	50.053000
683.702320	876.344380	57.005768	50.053000
683.704744	876.344377	57.005772	50.053000
683.707275	876.344377	57.005773	50.052000
683.709732	876.344378	57.005769	50.052000
683.712189	876.344380	57.005767	50.052000
683.714924	876.344380	57.005771	50.052000
683.717443	876.344379	57.005774	50.052000
683.719956	876.344381	57.005768	50.052000
683.722416	876.344382	57.005766	50.052000
683.724948	876.344381	57.005770	50.052000
683.727471	876.344377	57.005772	50.051000
683.729928	876.344380	57.005772	50.051000
683.732386	876.344383	57.005773	50.051000
683.734917	876.344383	57.005772	50.051000
683.737438	876.344381	57.005772	50.051000
683.740065	876.344381	57.005769	50.051000
683.742410	876.344381	57.005773	50.052000
683.744843	876.344380	57.005770	50.052000
683.747377	876.344379	57.005775	50.053000
683.749828	876.344385	57.005771	50.053000
683.752483	876.344377	57.005767	50.054000
683.755019	876.344380	57.005773	50.055000
683.757543	876.344381	57.005773	50.055000
683.760055	876.344379	57.005773	50.056000
683.762515	876.344380	57.005770	50.056000
683.765045	876.344377	57.005769	50.057000
683.767573	876.344383	57.005772	50.057000
683.770021	876.344382	57.005773	50.057000
683.772481	876.344380	57.005770	50.057000
683.775022	876.344380	57.005772	50.057000
683.777539	876.344380	57.005772	50.057000
683.780057	876.344380	57.005772	50.058000
683.782613	876.344379	57.005768	50.058000
683.785046	876.344376	57.005770	50.057000
683.787463	876.344378	57.005773	50.057000
683.790109	876.344380	57.005768	50.056000
683.792588	876.344380	57.005766	50.056000
683.795138	876.344379	57.005768	50.055000
683.797648	876.344380	57.005768	50.054000
683.800160	876.344379	57.005770	50.053000
683.802610	876.344378	57.005772	50.052000
683.805162	876.344379	57.005770	50.052000
683.807768	876.344382	57.005771	50.052000
683.810120	876.344381	57.005769	50.052000
683.812586	876.344381	57.005771	50.052000
683.815132	876.344382	57.005770	50.052000
683.817635	876.344382	57.005768	50.052000
683.820064	876.344378	57.005769	50.053000
683.822509	876.344378	57.005767	50.053000
683.825061	876.344381	57.005768	50.052000
683.827776	876.344379	57.005772	50.052000
683.830221	876.344385	57.005773	50.051000
683.832682	876.344378	57.005772	50.050000
683.835228	876.344382	57.005772	50.050000
683.837744	876.344379	57.005769	50.049000
683.840270	876.344383	57.005766	50.049000
683.842714	876.344379	57.005771	50.048000
683.845262	876.344381	57.005774	50.048000
683.847777	876.344377	57.005767	50.049000
683.850217	876.344380	57.005767	50.049000
683.852778	876.344379	57.005767	50.049000
683.855233	876.344381	57.005774	50.049000
683.857745	876.344379	57.005772	50.049000
683.860156	876.344375	57.005771	50.048000
683.862611	876.344381	57.005771	50.047000
683.865357	876.344380	57.005770	50.047000
683.867969	876.344377	57.005771	50.046000
683.870317	876.344379	57.005769	50.046000
683.872789	876.344381	57.005770	50.045000
683.875343	876.344382	57.005770	50.045000
683.877852	876.344378	57.005770	50.045000
683.880268	876.344379	57.005770	50.044000
683.882915	876.344381	57.005771	50.044000
683.885368	876.344374	57.005767	50.044000
683.887880	876.344378	57.005769	50.045000
683.890321	876.344381	57.005768	50.045000
683.892682	876.344378	57.005771	50.045000
683.895238	876.344384	57.005774	50.045000
683.897745	876.344379	57.005773	50.045000
683.900378	876.344378	57.005769	50.045000
683.902913	876.344380	57.005768	50.046000
683.905364	876.344380	57.005773	50.046000
683.907868	876.344379	57.005773	50.047000
683.910425	876.344379	57.005773	50.047000
683.912785	876.344383	57.005767	50.048000
683.915444	876.344378	57.005771	50.048000
683.917847	876.344379	57.005769	50.049000
683.920366	876.344378	57.005770	50.049000
683.922715	876.344376	57.005769	50.049000
683.925360	876.344378	57.005770	50.049000
683.927871	876.344379	57.005770	50.049000
683.930215	876.344381	57.005770	50.049000
683.932683	876.344378	57.005770	50.048000
683.935337	876.344381	57.005770	50.048000
683.937748	876.344381	57.005770	50.047000
683.940472	876.344379	57.005771	50.047000
683.942912	876.344380	57.005769	50.047000
683.945467	876.344380	57.005770	50.047000
683.947967	876.344379	57.005771	50.048000
683.950413	876.344380	57.005771	50.048000
683.952885	876.344380	57.005770	50.048000
683.955548	876.344381	57.005769	50.048000
683.957949	876.344379	57.005770	50.048000
683.960479	876.344380	57.005770	50.048000
683.962910	876.344380	57.005769	50.048000
683.965472	876.344382	57.005770	50.047000
683.967963	876.344380	57.005770	50.047000
683.970320	876.344379	57.005770	50.046000
683.972795	876.344378	57.005772	50.046000
683.975447	876.344381	57.005769	50.045000
683.978042	876.344377	57.005772	50.045000
683.980566	876.344379	57.005772	50.045000
683.983009	876.344380	57.005772	50.045000
683.985666	876.344382	57.005769	50.045000
683.988066	876.344380	57.005771	50.044000
683.990518	876.344377	57.005768	50.044000
683.992979	876.344383	57.005770	50.044000
683.995550	876.344383	57.005770	50.045000
683.998151	876.344380	57.005770	50.045000
684.000572	876.344379	57.005771	50.045000
684.003009	876.344380	57.005770	50.046000
684.005460	876.344378	57.005772	50.046000
684.007957	876.344381	57.005771	50.046000
684.010418	876.344380	57.005771	50.046000
684.012896	876.344382	57.005769	50.046000
684.015653	876.344383	57.005769	50.046000
684.018140	876.344378	57.005770	50.046000
684.020656	876.344379	57.005771	50.046000
684.023106	876.344379	57.005771	50.045000
684.025661	876.344382	57.005769	50.045000
684.028165	876.344380	57.005768	50.045000
684.030611	876.344382	57.005770	50.045000
684.033074	876.344377	57.005771	50.045000
684.035642	876.344381	57.005772	50.045000
684.038148	876.344381	57.005770	50.046000
684.040571	876.344377	57.005770	50.046000
684.043004	876.344376	57.005769	50.047000
684.045561	876.344377	57.005771	50.048000
684.048163	876.344379	57.005769	50.049000
684.050712	876.344378	57.005771	50.049000
684.053191	876.344384	57.005771	50.050000
684.055753	876.344382	57.005770	50.050000
684.058252	876.344381	57.005770	50.051000
684.060777	876.344381	57.005770	50.051000
684.063215	876.344380	57.005770	50.051000
684.065776	876.344381	57.005771	50.051000
684.068267	876.344382	57.005770	50.050000
684.070711	876.344381	57.005770	50.050000
684.073289	876.344380	57.005768	50.050000
684.075749	876.344380	57.005771	50.050000
684.078348	876.344377	57.005770	50.050000
684.080671	876.344382	57.005770	50.050000
684.083117	876.344382	57.005768	50.051000
684.085667	876.344378	57.005771	50.051000
684.088366	876.344380	57.005769	50.052000
684.090803	876.344381	57.005770	50.052000
684.093284	876.344383	57.005770	50.053000
684.095842	876.344382	57.005771	50.053000
684.098348	876.344379	57.005769	50.052000
684.100862	876.344377	57.005770	50.052000
684.103317	876.344383	57.005769	50.052000
684.105873	876.344379	57.005771	50.051000
684.108463	876.344380	57.005771	50.050000
684.110805	876.344381	57.005771	50.050000
684.113283	876.344379	57.005772	50.049000
684.115743	876.344380	57.005770	50.049000
684.118244	876.344377	57.005772	50.049000
684.120864	876.344380	57.005771	50.049000
684.123310	876.344379	57.005769	50.049000
684.125968	876.344377	57.005768	50.050000
684.128462	876.344379	57.005771	50.050000
684.130908	876.344382	57.005768	50.050000
684.133385	876.344380	57.005772	50.050000
684.136040	876.344378	57.005768	50.050000
684.138452	876.344381	57.005770	50.049000
684.140971	876.344382	57.005770	50.049000
684.143510	876.344378	57.005771	50.048000
684.145970	876.344381	57.005768	50.048000
684.148465	876.344381	57.005769	50.047000
684.150912	876.344379	57.005771	50.046000
684.153385	876.344380	57.005769	50.045000
684.155849	876.344382	57.005771	50.045000
684.158349	876.344378	57.005768	50.044000
684.160867	876.344382	57.005769	50.044000
684.163507	876.344380	57.005769	50.044000
684.166072	876.344379	57.005771	50.044000
684.168559	876.344377	57.005769	50.044000
684.170906	876.344383	57.005769	50.044000
684.173488	876.344379	57.005771	50.044000
684.176053	876.344377	57.005771	50.044000
684.178560	876.344380	57.005770	50.044000
684.181157	876.344382	57.005770	50.043000
684.183511	876.344378	57.005769	50.043000
684.186081	876.344377	57.005771	50.042000
684.188562	876.344381	57.005769	50.041000
684.190915	876.344383	57.005770	50.041000
684.193391	876.344383	57.005771	50.040000
684.195943	876.344381	57.005770	50.039000
684.198459	876.344381	57.005768	50.038000
684.201148	876.344384	57.005769	50.038000
684.203616	876.344382	57.005770	50.037000
684.206182	876.344378	57.005771	50.036000
684.208656	876.344377	57.005769	50.036000
684.211204	876.344378	57.005771	50.036000
684.213591	876.344376	57.005771	50.036000
684.216140	876.344378	57.005769	50.036000
684.218650	876.344378	57.005769	50.036000
684.221152	876.344381	57.005770	50.036000
684.223617	876.344380	57.005769	50.035000
684.226177	876.344379	57.005767	50.035000
684.228563	876.344377	57.005771	50.035000
684.231107	876.344377	57.005770	50.035000
684.233495	876.344379	57.005769	50.035000
684.236041	876.344376	57.005772	50.034000
684.238755	876.344378	57.005770	50.034000
684.241244	876.344379	57.005771	50.034000
684.243721	876.344382	57.005770	50.033000
684.246374	876.344380	57.005769	50.033000
684.248754	876.344380	57.005769	50.032000
684.251205	876.344378	57.005769	50.032000
684.253595	876.344378	57.005770	50.031000
684.256147	876.344375	57.005768	50.031000
684.258649	876.344377	57.005769	50.031000
684.261243	876.344376	57.005770	50.031000
684.263817	876.344379	57.005770	50.031000
684.266174	876.344378	57.005769	50.031000
684.268652	876.344381	57.005770	50.031000
684.271102	876.344379	57.005771	50.031000
684.273592	876.344380	57.005770	50.031000
684.276329	876.344380	57.005772	50.031000
684.278852	876.344384	57.005770	50.032000
684.281337	876.344382	57.005769	50.032000
684.283815	876.344383	57.005770	50.033000
684.286376	876.344380	57.005770	50.033000
684.288854	876.344380	57.005770	50.033000
684.291301	876.344379	57.005771	50.033000
684.293887	876.344381	57.005770	50.033000
684.296331	876.344379	57.005770	50.033000
684.298951	876.344378	57.005770	50.033000
684.301335	876.344377	57.005770	50.033000
684.303712	876.344378	57.005770	50.033000
684.306266	876.344381	57.005769	50.033000
684.308847	876.344381	57.005770	50.033000
684.311202	876.344381	57.005771	50.033000
684.313785	876.344382	57.005770	50.034000
684.316328	876.344381	57.005771	50.034000
684.318842	876.344380	57.005771	50.034000
684.321337	876.344381	57.005770	50.035000
684.323907	876.344381	57.005770	50.035000
684.326479	876.344381	57.005770	50.035000
684.328848	876.344379	57.005769	50.035000
684.331301	876.344380	57.005769	50.034000
684.333783	876.344380	57.005771	50.034000
684.336329	876.344382	57.005770	50.034000
684.338948	876.344378	57.005770	50.033000
684.341339	876.344379	57.005769	50.033000
684.343710	876.344379	57.005770	50.033000
684.346376	876.344379	57.005769	50.032000
684.348754	876.344379	57.005769	50.032000
684.351400	876.344381	57.005770	50.032000
684.353892	876.344377	57.005769	50.031000
684.356630	876.344377	57.005768	50.031000
684.358953	876.344380	57.005770	50.030000
684.361426	876.344380	57.005771	50.030000
684.363909	876.344379	57.005770	50.029000
684.366571	876.344380	57.005769	50.028000
684.368945	876.344379	57.005769	50.027000
684.371393	876.344378	57.005768	50.026000
684.373985	876.344382	57.005771	50.026000
684.376519	876.344382	57.005771	50.025000
684.378947	876.344380	57.005770	50.024000
684.381424	876.344379	57.005770	50.024000
684.383807	876.344382	57.005770	50.024000
684.386365	876.344382	57.005769	50.024000
684.389042	876.344376	57.005769	50.024000
684.391485	876.344376	57.005770	50.024000
684.393990	876.344379	57.005771	50.024000
684.396526	876.344382	57.005768	50.024000
684.399045	876.344378	57.005769	50.024000
684.401517	876.344381	57.005771	50.024000
684.404006	876.344382	57.005771	50.024000
684.406671	876.344383	57.005769	50.023000
684.409044	876.344378	57.005769	50.023000
684.411498	876.344381	57.005770	50.023000
684.413992	876.344381	57.005771	50.022000
684.416429	876.344381	57.005770	50.022000
684.418951	876.344381	57.005770	50.021000
684.421434	876.344382	57.005770	50.021000
684.423914	876.344379	57.005769	50.021000
684.426678	876.344384	57.005770	50.020000
684.429150	876.344378	57.005770	50.020000
684.431598	876.344382	57.005771	50.020000
684.434097	876.344380	57.005770	50.020000
684.436636	876.344381	57.005770	50.020000
684.439154	876.344381	57.005770	50.020000
684.441732	876.344380	57.005770	50.021000
684.444122	876.344380	57.005770	50.021000
684.446681	876.344381	57.005770	50.021000
684.449346	876.344380	57.005771	50.022000
684.451605	876.344381	57.005769	50.022000
684.454000	876.344381	57.005769	50.022000
684.456533	876.344380	57.005770	50.022000
684.459054	876.344381	57.005770	50.023000
684.461538	876.344379	57.005769	50.023000
684.464124	876.344378	57.005770	50.023000
684.466691	876.344379	57.005769	50.024000
684.469150	876.344382	57.005770	50.024000
684.471607	876.344378	57.005770	50.025000
684.474106	876.344383	57.005771	50.025000
684.476636	876.344378	57.005770	50.025000
684.479157	876.344380	57.005769	50.026000
684.481637	876.344378	57.005770	50.026000
684.484129	876.344382	57.005770	50.026000
684.486680	876.344379	57.005770	50.027000
684.489152	876.344379	57.005770	50.027000
684.491605	876.344379	57.005770	50.028000
684.493999	876.344380	57.005770	50.028000
684.496533	876.344379	57.005770	50.029000
684.499062	876.344379	57.005771	50.030000
684.501737	876.344380	57.005770	50.031000
684.504229	876.344380	57.005769	50.031000
684.506787	876.344383	57.005770	50.031000
684.509244	876.344375	57.005770	50.031000
684.511700	876.344380	57.005770	50.031000
684.514198	876.344378	57.005769	50.030000
684.516737	876.344380	57.005770	50.030000
684.519254	876.344379	57.005771	50.029000
684.521833	876.344379	57.005770	50.029000
684.524227	876.344377	57.005770	50.029000
684.526781	876.344381	57.005770	50.029000
684.529153	876.344382	57.005768	50.029000
684.531602	876.344379	57.005769	50.029000
684.534099	876.344382	57.005770	50.029000
684.536832	876.344379	57.005770	50.030000
684.539347	876.344379	57.005769	50.030000
684.541926	876.344382	57.005770	50.030000
684.544324	876.344380	57.005769	50.030000
684.546880	876.344376	57.005769	50.031000
684.549350	876.344381	57.005770	50.031000
684.551795	876.344381	57.005770	50.031000
684.554297	876.344381	57.005771	50.031000
684.556934	876.344377	57.005771	50.031000
684.559346	876.344380	57.005771	50.031000
684.561926	876.344379	57.005770	50.031000
684.564326	876.344381	57.005770	50.031000
684.566774	876.344380	57.005771	50.031000
684.569241	876.344383	57.005770	50.031000
684.571698	876.344378	57.005769	50.031000
684.574401	876.344378	57.005769	50.032000
684.576936	876.344379	57.005770	50.032000
684.579450	876.344379	57.005771	50.032000
684.581929	876.344380	57.005771	50.032000
684.584422	876.344381	57.005769	50.032000
684.586974	876.344379	57.005770	50.032000
684.589447	876.344379	57.005771	50.031000
684.591895	876.344380	57.005769	50.031000
684.594400	876.344380	57.005769	50.031000
684.596935	876.344379	57.005771	50.031000
684.599448	876.344378	57.005770	50.031000
684.601825	876.344380	57.005770	50.031000
684.604329	876.344376	57.005769	50.031000
684.606885	876.344379	57.005770	50.032000
684.609343	876.344382	57.005771	50.032000
684.611986	876.344380	57.005771	50.032000
684.614490	876.344379	57.005771	50.032000
684.617048	876.344377	57.005769	50.032000
684.619547	876.344382	57.005771	50.032000
684.622029	876.344381	57.005770	50.033000
684.624622	876.344377	57.005770	50.033000
684.627080	876.344382	57.005769	50.033000
684.629542	876.344384	57.005771	50.033000
684.632091	876.344381	57.005770	50.034000
684.634492	876.344380	57.005769	50.034000
684.637038	876.344381	57.005771	50.034000
684.639534	876.344381	57.005770	50.035000
684.641922	876.344380	57.005772	50.035000
684.644421	876.344379	57.005771	50.035000
684.646988	876.344379	57.005769	50.036000
684.649637	876.344380	57.005768	50.036000
684.652089	876.344378	57.005770	50.036000
684.654592	876.344380	57.005769	50.036000
684.657136	876.344383	57.005771	50.036000
684.659633	876.344381	57.005769	50.036000
684.662118	876.344384	57.005771	50.036000
684.664627	876.344378	57.005770	50.036000
684.667184	876.344381	57.005770	50.037000
684.669634	876.344381	57.005770	50.037000
684.672077	876.344382	57.005771	50.038000
684.674591	876.344380	57.005769	50.039000
684.677038	876.344378	57.005769	50.039000
684.679542	876.344379	57.005771	50.040000
684.682028	876.344382	57.005770	50.040000
684.684525	876.344380	57.005771	50.041000
684.687281	876.344381	57.005770	50.041000
684.689739	876.344378	57.005771	50.041000
684.692183	876.344380	57.005769	50.041000
684.694697	876.344377	57.005771	50.040000
684.697250	876.344380	57.005769	50.040000
684.699852	876.344378	57.005770	50.040000
684.702224	876.344383	57.005769	50.040000
684.704742	876.344381	57.005771	50.040000
684.707276	876.344378	57.005770	50.039000
684.709838	876.344377	57.005770	50.039000
684.712186	876.344379	57.005768	50.039000
684.714692	876.344381	57.005771	50.039000
684.717233	876.344381	57.005770	50.039000
684.719651	876.344380	57.005771	50.039000
684.722125	876.344381	57.005769	50.039000
684.724732	876.344383	57.005771	50.039000
684.727278	876.344380	57.005769	50.039000
684.729735	876.344378	57.005770	50.039000
684.732175	876.344378	57.005771	50.039000
684.734683	876.344379	57.005769	50.039000
684.737226	876.344380	57.005769	50.040000
684.739738	876.344378	57.005771	50.040000
684.742203	876.344381	57.005769	50.040000
684.744725	876.344382	57.005770	50.040000
684.747266	876.344380	57.005770	50.040000
684.749827	876.344379	57.005770	50.040000
684.752080	876.344382	57.005769	50.040000
684.754585	876.344383	57.005768	50.040000
684.757133	876.344378	57.005771	50.040000
684.759639	876.344383	57.005770	50.040000
684.762316	876.344376	57.005770	50.040000
684.764826	876.344379	57.005771	50.040000
684.767383	876.344381	57.005769	50.040000
684.769837	876.344379	57.005771	50.041000
684.772289	876.344379	57.005770	50.041000
684.773041	876.344382	57.005771	50.041000
