704.551045	888.332396	50.020653	55.550000
704.552197	888.332342	50.020646	55.553000
704.554756	888.332336	50.020646	55.553000
704.557299	888.332350	50.020652	55.554000
704.559919	888.332346	50.020651	55.556000
704.562708	888.332350	50.020651	55.557000
704.565260	888.332351	50.020649	55.557000
704.567872	888.332348	50.020654	55.557000
704.570431	888.332346	50.020654	55.557000
704.573115	888.332354	50.020651	55.555000
704.575505	888.332348	50.020650	55.553000
704.578141	888.332349	50.020652	55.551000
704.580560	888.332350	50.020648	55.549000
704.583108	888.332351	50.020646	55.547000
704.585825	888.332349	50.020648	55.545000
704.588376	888.332348	50.020651	55.544000
704.590902	888.332353	50.020654	55.543000
704.593321	888.332347	50.020648	55.543000
704.595904	888.332349	50.020653	55.544000
704.598363	888.332351	50.020646	55.545000
704.600872	888.332350	50.020647	55.546000
704.603508	888.332350	50.020650	55.548000
704.605887	888.332354	50.020650	55.549000
704.608419	888.332350	50.020653	55.551000
704.611043	888.332350	50.020646	55.551000
704.613411	888.332350	50.020654	55.552000
704.615897	888.332352	50.020652	55.552000
704.618425	888.332347	50.020650	55.552000
704.620933	888.332351	50.020649	55.551000
704.623669	888.332354	50.020646	55.551000
704.626123	888.332351	50.020647	55.551000
704.628663	888.332350	50.020650	55.551000
704.631063	888.332353	50.020650	55.551000
704.633542	888.332349	50.020649	55.551000
704.636024	888.332353	50.020648	55.550000
704.638562	888.332351	50.020647	55.551000
704.641048	888.332353	50.020646	55.551000
704.643585	888.332349	50.020646	55.552000
704.646034	888.332351	50.020649	55.553000
704.648583	888.332348	50.020651	55.554000
704.651078	888.332351	50.020653	55.555000
704.653656	888.332352	50.020646	55.556000
704.656033	888.332347	50.020654	55.557000
704.658585	888.332349	50.020654	55.558000
704.661263	888.332346	50.020651	55.558000
704.663791	888.332351	50.020652	55.559000
704.666244	888.332351	50.020649	55.560000
704.668795	888.332352	50.020649	55.561000
704.671287	888.332350	50.020649	55.562000
704.673668	888.332350	50.020650	55.563000
704.676148	888.332350	50.020652	55.564000
704.678689	888.332348	50.020654	55.566000
704.681173	888.332350	50.020654	55.567000
704.683697	888.332352	50.020654	55.569000
704.686159	888.332352	50.020652	55.571000
704.688710	888.332348	50.020649	55.572000
704.691199	888.332351	50.020650	55.573000
704.693666	888.332352	50.020651	55.574000
704.696252	888.332348	50.020653	55.575000
704.698808	888.332348	50.020655	55.575000
704.701393	888.332347	50.020649	55.576000
704.703903	888.332348	50.020652	55.576000
704.706260	888.332350	50.020650	55.578000
704.708810	888.332349	50.020647	55.579000
704.711290	888.332349	50.020647	55.581000
704.713756	888.332349	50.020647	55.584000
704.716252	888.332348	50.020646	55.586000
704.718799	888.332351	50.020647	55.588000
704.721278	888.332350	50.020648	55.589000
704.723806	888.332347	50.020651	55.591000
704.726261	888.332352	50.020653	55.593000
704.728798	888.332350	50.020654	55.594000
704.731301	888.332348	50.020654	55.596000
704.733762	888.332350	50.020651	55.597000
704.736453	888.332348	50.020647	55.598000
704.738989	888.332351	50.020646	55.599000
704.741486	888.332348	50.020646	55.600000
704.743888	888.332349	50.020652	55.601000
704.746460	888.332350	50.020650	55.602000
704.748895	888.332348	50.020650	55.602000
704.751382	888.332352	50.020648	55.602000
704.753854	888.332351	50.020647	55.602000
704.756345	888.332348	50.020646	55.602000
704.758892	888.332352	50.020647	55.601000
704.761370	888.332351	50.020647	55.600000
704.763993	888.332350	50.020652	55.599000
704.766544	888.332352	50.020650	55.597000
704.768893	888.332349	50.020646	55.596000
704.771488	888.332352	50.020649	55.595000
704.774047	888.332353	50.020654	55.594000
704.776638	888.332348	50.020648	55.594000
704.779077	888.332348	50.020654	55.594000
704.781561	888.332349	50.020653	55.594000
704.784085	888.332352	50.020651	55.594000
704.786444	888.332353	50.020647	55.595000
704.788983	888.332349	50.020648	55.595000
704.791487	888.332348	50.020651	55.595000
704.793947	888.332349	50.020652	55.595000
704.796426	888.332345	50.020654	55.595000
704.798980	888.332352	50.020654	55.595000
704.801466	888.332350	50.020654	55.594000
704.804085	888.332350	50.020647	55.594000
704.806453	888.332348	50.020653	55.593000
704.808984	888.332350	50.020653	55.592000
704.811679	888.332352	50.020647	55.591000
704.814151	888.332350	50.020646	55.590000
704.816633	888.332348	50.020649	55.590000
704.819077	888.332353	50.020652	55.589000
704.821668	888.332356	50.020651	55.588000
704.824082	888.332351	50.020649	55.588000
704.826534	888.332353	50.020646	55.587000
704.829187	888.332349	50.020654	55.587000
704.831583	888.332352	50.020647	55.586000
704.834048	888.332351	50.020646	55.586000
704.836532	888.332352	50.020647	55.585000
704.839080	888.332348	50.020647	55.584000
704.841565	888.332349	50.020648	55.583000
704.844085	888.332352	50.020649	55.583000
704.846642	888.332347	50.020646	55.581000
704.849289	888.332351	50.020652	55.580000
704.851777	888.332350	50.020653	55.578000
704.854237	888.332352	50.020652	55.577000
704.856725	888.332351	50.020653	55.574000
704.859175	888.332352	50.020645	55.572000
704.861669	888.332350	50.020647	55.569000
704.864181	888.332350	50.020650	55.566000
704.866643	888.332350	50.020654	55.563000
704.869178	888.332351	50.020653	55.560000
704.871667	888.332353	50.020654	55.558000
704.874139	888.332349	50.020654	55.556000
704.876632	888.332351	50.020652	55.555000
704.879269	888.332354	50.020653	55.554000
704.881664	888.332349	50.020648	55.553000
704.884178	888.332351	50.020647	55.553000
704.886846	888.332350	50.020648	55.552000
704.889389	888.332349	50.020652	55.552000
704.891875	888.332355	50.020654	55.551000
704.894339	888.332348	50.020654	55.550000
704.896825	888.332352	50.020654	55.549000
704.899367	888.332350	50.020653	55.547000
704.901764	888.332349	50.020647	55.545000
704.904268	888.332351	50.020648	55.543000
704.906736	888.332350	50.020650	55.541000
704.909283	888.332351	50.020649	55.540000
704.911869	888.332353	50.020648	55.538000
704.914233	888.332349	50.020653	55.537000
704.916725	888.332349	50.020654	55.536000
704.919258	888.332353	50.020654	55.535000
704.921751	888.332349	50.020655	55.535000
704.924452	888.332350	50.020648	55.534000
704.926936	888.332345	50.020646	55.533000
704.929483	888.332353	50.020647	55.533000
704.931970	888.332350	50.020646	55.532000
704.934432	888.332349	50.020647	55.532000
704.936932	888.332351	50.020646	55.533000
704.939353	888.332347	50.020654	55.533000
704.941972	888.332347	50.020647	55.534000
704.944353	888.332350	50.020653	55.536000
704.946832	888.332350	50.020653	55.537000
704.949384	888.332349	50.020654	55.539000
704.951864	888.332352	50.020652	55.540000
704.954333	888.332352	50.020650	55.541000
704.956934	888.332353	50.020654	55.541000
704.959360	888.332347	50.020647	55.541000
704.962066	888.332351	50.020647	55.541000
704.964556	888.332351	50.020646	55.540000
704.967048	888.332346	50.020646	55.539000
704.969593	888.332347	50.020646	55.539000
704.972064	888.332349	50.020646	55.538000
704.974540	888.332350	50.020650	55.538000
704.976937	888.332351	50.020649	55.538000
704.979460	888.332356	50.020646	55.538000
704.981967	888.332353	50.020646	55.538000
704.984467	888.332348	50.020647	55.538000
704.986942	888.332347	50.020647	55.537000
704.989486	888.332353	50.020648	55.536000
704.991976	888.332351	50.020648	55.535000
704.994443	888.332350	50.020646	55.534000
704.996939	888.332351	50.020647	55.532000
704.999462	888.332352	50.020648	55.531000
705.002164	888.332347	50.020653	55.530000
705.004646	888.332350	50.020653	55.529000
705.007048	888.332354	50.020648	55.530000
705.009684	888.332351	50.020654	55.531000
705.012177	888.332349	50.020654	55.532000
705.014538	888.332352	50.020646	55.534000
705.017033	888.332349	50.020646	55.536000
705.019560	888.332349	50.020646	55.539000
705.022163	888.332350	50.020652	55.541000
705.024551	888.332350	50.020647	55.544000
705.027035	888.332353	50.020651	55.546000
705.029595	888.332346	50.020653	55.548000
705.032069	888.332352	50.020653	55.550000
705.034539	888.332350	50.020654	55.551000
705.037026	888.332350	50.020653	55.552000
705.039758	888.332352	50.020646	55.553000
705.042272	888.332351	50.020646	55.554000
705.044741	888.332349	50.020645	55.554000
705.047144	888.332349	50.020653	55.555000
705.049801	888.332348	50.020647	55.554000
705.052168	888.332349	50.020654	55.554000
705.054637	888.332348	50.020654	55.554000
705.057137	888.332349	50.020652	55.554000
705.059647	888.332348	50.020650	55.554000
705.062165	888.332347	50.020650	55.555000
705.064650	888.332351	50.020650	55.557000
705.067150	888.332350	50.020647	55.559000
705.069693	888.332350	50.020647	55.562000
705.072271	888.332353	50.020654	55.565000
705.074641	888.332353	50.020649	55.567000
705.077334	888.332349	50.020647	55.570000
705.079855	888.332351	50.020647	55.572000
705.082377	888.332352	50.020647	55.574000
705.084843	888.332350	50.020647	55.575000
705.087247	888.332351	50.020650	55.577000
705.089886	888.332349	50.020651	55.578000
705.092281	888.332350	50.020646	55.579000
705.094740	888.332352	50.020647	55.580000
705.097230	888.332350	50.020650	55.581000
705.099744	888.332352	50.020653	55.581000
705.102262	888.332350	50.020654	55.581000
705.104844	888.332353	50.020648	55.581000
705.107243	888.332350	50.020653	55.580000
705.109789	888.332351	50.020652	55.580000
705.112265	888.332350	50.020650	55.579000
705.114934	888.332351	50.020647	55.578000
705.117442	888.332349	50.020648	55.578000
705.119951	888.332350	50.020649	55.578000
705.122365	888.332350	50.020654	55.578000
705.124950	888.332353	50.020647	55.578000
705.127455	888.332350	50.020648	55.578000
705.129895	888.332350	50.020653	55.578000
705.132369	888.332351	50.020653	55.578000
705.134837	888.332351	50.020653	55.577000
705.137338	888.332350	50.020653	55.576000
705.139852	888.332352	50.020655	55.574000
705.142369	888.332352	50.020653	55.572000
705.144833	888.332352	50.020652	55.571000
705.147562	888.332349	50.020648	55.570000
705.149890	888.332348	50.020651	55.569000
705.152569	888.332353	50.020646	55.569000
705.155032	888.332352	50.020648	55.570000
705.157536	888.332349	50.020648	55.570000
705.160060	888.332351	50.020649	55.571000
705.162566	888.332352	50.020649	55.572000
705.164940	888.332348	50.020652	55.572000
705.167656	888.332351	50.020649	55.572000
705.169987	888.332351	50.020652	55.572000
705.172464	888.332351	50.020651	55.571000
705.174934	888.332348	50.020651	55.570000
705.177431	888.332354	50.020649	55.568000
705.179957	888.332353	50.020647	55.567000
705.182469	888.332349	50.020646	55.566000
705.184944	888.332354	50.020646	55.566000
705.187454	888.332353	50.020648	55.567000
705.190192	888.332352	50.020654	55.568000
705.192663	888.332351	50.020654	55.569000
705.195142	888.332352	50.020652	55.571000
705.197643	888.332350	50.020651	55.573000
705.200062	888.332349	50.020646	55.575000
705.202656	888.332347	50.020652	55.576000
705.205041	888.332353	50.020647	55.578000
705.207664	888.332348	50.020652	55.579000
705.210090	888.332353	50.020647	55.580000
705.212571	888.332350	50.020646	55.580000
705.215132	888.332350	50.020654	55.581000
705.217540	888.332352	50.020646	55.582000
705.220059	888.332350	50.020647	55.582000
705.222665	888.332350	50.020654	55.582000
705.225046	888.332352	50.020647	55.583000
705.227559	888.332352	50.020647	55.583000
705.230292	888.332351	50.020648	55.582000
705.232765	888.332349	50.020646	55.582000
705.235144	888.332350	50.020654	55.582000
705.237735	888.332350	50.020647	55.581000
705.240265	888.332350	50.020648	55.580000
705.242655	888.332351	50.020654	55.580000
705.245153	888.332349	50.020653	55.580000
705.247649	888.332349	50.020652	55.580000
705.250197	888.332353	50.020651	55.580000
705.252663	888.332351	50.020652	55.581000
705.255149	888.332353	50.020650	55.582000
705.257638	888.332349	50.020651	55.582000
705.260168	888.332351	50.020650	55.583000
705.262663	888.332348	50.020651	55.583000
705.265154	888.332350	50.020648	55.584000
705.267862	888.332346	50.020648	55.584000
705.270392	888.332349	50.020649	55.583000
705.272865	888.332347	50.020652	55.583000
705.275340	888.332351	50.020651	55.583000
705.277840	888.332349	50.020651	55.582000
705.280269	888.332346	50.020652	55.582000
705.282757	888.332349	50.020649	55.583000
705.285243	888.332350	50.020647	55.583000
705.287753	888.332351	50.020646	55.584000
705.290396	888.332350	50.020653	55.585000
705.292768	888.332349	50.020647	55.586000
705.295235	888.332347	50.020646	55.587000
705.297824	888.332349	50.020652	55.589000
705.300257	888.332350	50.020647	55.590000
705.302749	888.332346	50.020646	55.591000
705.305446	888.332351	50.020651	55.593000
705.307952	888.332354	50.020653	55.595000
705.310589	888.332352	50.020646	55.596000
705.312960	888.332348	50.020652	55.597000
705.315431	888.332354	50.020653	55.597000
705.317927	888.332351	50.020653	55.598000
705.320356	888.332353	50.020648	55.598000
705.322849	888.332347	50.020649	55.599000
705.325352	888.332351	50.020646	55.599000
705.327859	888.332351	50.020647	55.599000
705.330488	888.332351	50.020650	55.599000
705.332864	888.332349	50.020650	55.599000
705.335328	888.332349	50.020651	55.599000
705.337831	888.332350	50.020653	55.599000
705.340362	888.332352	50.020654	55.599000
705.343073	888.332350	50.020652	55.599000
705.345550	888.332351	50.020652	55.599000
705.348063	888.332349	50.020653	55.598000
705.350496	888.332347	50.020648	55.597000
705.352975	888.332350	50.020647	55.597000
705.355435	888.332346	50.020647	55.596000
705.357938	888.332352	50.020647	55.595000
705.360472	888.332353	50.020649	55.594000
705.362954	888.332348	50.020651	55.593000
705.365454	888.332349	50.020652	55.592000
705.367965	888.332350	50.020651	55.590000
705.370507	888.332349	50.020650	55.589000
705.373059	888.332351	50.020654	55.587000
705.375435	888.332349	50.020647	55.585000
705.377935	888.332351	50.020646	55.583000
705.380675	888.332352	50.020649	55.581000
705.383179	888.332347	50.020648	55.579000
705.385654	888.332350	50.020652	55.577000
705.388167	888.332348	50.020653	55.576000
705.390694	888.332351	50.020653	55.575000
705.393174	888.332351	50.020652	55.574000
705.395532	888.332356	50.020650	55.574000
705.398043	888.332352	50.020650	55.574000
705.400566	888.332347	50.020652	55.575000
705.403073	888.332351	50.020653	55.575000
705.405550	888.332352	50.020653	55.575000
705.408065	888.332349	50.020653	55.575000
705.410596	888.332354	50.020652	55.575000
705.413064	888.332351	50.020652	55.574000
705.415530	888.332346	50.020650	55.573000
705.418255	888.332351	50.020652	55.572000
705.420769	888.332348	50.020652	55.570000
705.423383	888.332353	50.020647	55.568000
705.425747	888.332351	50.020654	55.567000
705.428273	888.332353	50.020653	55.565000
705.430699	888.332352	50.020647	55.563000
705.433253	888.332350	50.020653	55.561000
705.435636	888.332349	50.020649	55.560000
705.438136	888.332351	50.020650	55.558000
705.440668	888.332349	50.020651	55.556000
705.443168	888.332347	50.020651	55.554000
705.445646	888.332352	50.020651	55.552000
705.448164	888.332346	50.020652	55.551000
705.450686	888.332351	50.020653	55.549000
705.453257	888.332352	50.020651	55.547000
705.455635	888.332351	50.020653	55.546000
705.458350	888.332346	50.020649	55.545000
705.460859	888.332353	50.020651	55.544000
705.463483	888.332351	50.020651	55.543000
705.465836	888.332352	50.020652	55.542000
705.468380	888.332350	50.020652	55.541000
705.470787	888.332348	50.020646	55.539000
705.473351	888.332352	50.020650	55.537000
705.475825	888.332348	50.020648	55.536000
705.478235	888.332352	50.020652	55.534000
705.480757	888.332352	50.020653	55.532000
705.483266	888.332348	50.020654	55.530000
705.485738	888.332351	50.020654	55.529000
705.488267	888.332349	50.020653	55.527000
705.490791	888.332350	50.020653	55.525000
705.493260	888.332349	50.020652	55.524000
705.495934	888.332350	50.020653	55.522000
705.498466	888.332350	50.020654	55.520000
705.500963	888.332348	50.020652	55.518000
705.503478	888.332349	50.020650	55.516000
705.505945	888.332349	50.020650	55.514000
705.508482	888.332346	50.020647	55.512000
705.510902	888.332348	50.020652	55.511000
705.513361	888.332353	50.020651	55.510000
705.515833	888.332352	50.020651	55.510000
705.518357	888.332351	50.020648	55.511000
705.520862	888.332353	50.020647	55.511000
705.523489	888.332347	50.020652	55.512000
705.525850	888.332351	50.020650	55.512000
705.528381	888.332350	50.020647	55.513000
705.530895	888.332353	50.020646	55.513000
705.533559	888.332350	50.020649	55.513000
705.536036	888.332349	50.020648	55.513000
705.538571	888.332352	50.020647	55.513000
705.541061	888.332348	50.020647	55.513000
705.543587	888.332351	50.020649	55.514000
705.546053	888.332347	50.020649	55.515000
705.548586	888.332354	50.020647	55.517000
705.550995	888.332348	50.020652	55.519000
705.553461	888.332350	50.020650	55.521000
705.556032	888.332347	50.020649	55.523000
705.558468	888.332354	50.020648	55.524000
705.560967	888.332353	50.020647	55.526000
705.563488	888.332347	50.020647	55.527000
705.566045	888.332351	50.020653	55.528000
705.568693	888.332347	50.020649	55.530000
705.571199	888.332350	50.020650	55.531000
705.573656	888.332349	50.020652	55.532000
705.576135	888.332346	50.020652	55.533000
705.578665	888.332348	50.020650	55.534000
705.581065	888.332350	50.020652	55.536000
705.583601	888.332351	50.020649	55.537000
705.586055	888.332349	50.020647	55.538000
705.588586	888.332350	50.020647	55.539000
705.591098	888.332351	50.020647	55.540000
705.593562	888.332353	50.020647	55.541000
705.596035	888.332346	50.020647	55.542000
705.598782	888.332352	50.020647	55.544000
705.601073	888.332347	50.020646	55.546000
705.603596	888.332350	50.020647	55.549000
705.606247	888.332350	50.020647	55.552000
705.608899	888.332350	50.020651	55.554000
705.611291	888.332350	50.020647	55.555000
705.613758	888.332354	50.020649	55.555000
705.616236	888.332352	50.020651	55.555000
705.618770	888.332351	50.020649	55.554000
705.621170	888.332349	50.020648	55.552000
705.623691	888.332348	50.020647	55.550000
705.626151	888.332351	50.020647	55.548000
705.628691	888.332351	50.020646	55.546000
705.631196	888.332347	50.020646	55.544000
705.633652	888.332352	50.020647	55.543000
705.636132	888.332350	50.020647	55.543000
705.638774	888.332350	50.020653	55.543000
705.641164	888.332350	50.020647	55.543000
705.643987	888.332348	50.020652	55.543000
705.646346	888.332349	50.020647	55.542000
705.648891	888.332349	50.020646	55.541000
705.651388	888.332354	50.020646	55.540000
705.653752	888.332346	50.020654	55.539000
705.656338	888.332353	50.020646	55.537000
705.658771	888.332350	50.020653	55.536000
705.661259	888.332350	50.020653	55.536000
705.663789	888.332350	50.020652	55.535000
705.666241	888.332351	50.020652	55.535000
705.668786	888.332350	50.020654	55.536000
705.671284	888.332349	50.020654	55.536000
705.673760	888.332350	50.020653	55.537000
705.676239	888.332348	50.020650	55.537000
705.678761	888.332350	50.020650	55.537000
705.681464	888.332345	50.020648	55.536000
705.683988	888.332353	50.020649	55.536000
705.686445	888.332350	50.020650	55.535000
705.688986	888.332349	50.020651	55.535000
705.691483	888.332349	50.020649	55.535000
705.693954	888.332355	50.020650	55.536000
705.696334	888.332349	50.020648	55.539000
705.698962	888.332353	50.020653	55.542000
705.701364	888.332350	50.020649	55.546000
705.703890	888.332349	50.020647	55.550000
705.706347	888.332352	50.020647	55.553000
705.708893	888.332349	50.020647	55.556000
705.711389	888.332353	50.020650	55.558000
705.713847	888.332354	50.020652	55.559000
705.716432	888.332349	50.020650	55.559000
705.719072	888.332348	50.020648	55.559000
705.721563	888.332350	50.020649	55.558000
705.724089	888.332350	50.020648	55.557000
705.726539	888.332350	50.020649	55.558000
705.728982	888.332351	50.020648	55.558000
705.731486	888.332351	50.020649	55.560000
705.733952	888.332351	50.020648	55.562000
705.736525	888.332351	50.020654	55.565000
705.738981	888.332354	50.020646	55.568000
705.741564	888.332351	50.020649	55.570000
705.743995	888.332353	50.020648	55.572000
705.746438	888.332349	50.020651	55.573000
705.748990	888.332354	50.020652	55.574000
705.751482	888.332345	50.020654	55.574000
705.753954	888.332350	50.020654	55.573000
705.756430	888.332350	50.020653	55.573000
705.759179	888.332348	50.020648	55.572000
705.761674	888.332351	50.020649	55.571000
705.764183	888.332350	50.020649	55.571000
705.766650	888.332353	50.020649	55.572000
705.769192	888.332350	50.020652	55.572000
705.771601	888.332354	50.020647	55.573000
705.774057	888.332350	50.020647	55.575000
705.776539	888.332350	50.020648	55.576000
705.779083	888.332346	50.020648	55.577000
705.781671	888.332349	50.020652	55.579000
705.784092	888.332351	50.020646	55.579000
705.786542	888.332353	50.020646	55.580000
705.789103	888.332350	50.020647	55.581000
705.791687	888.332352	50.020651	55.581000
705.794052	888.332350	50.020649	55.581000
705.796727	888.332351	50.020652	55.581000
705.799272	888.332349	50.020651	55.581000
705.801765	888.332346	50.020651	55.581000
705.804936	888.332349	50.020652	55.581000
705.806641	888.332353	50.020646	55.580000
705.809198	888.332352	50.020648	55.580000
705.811684	888.332351	50.020650	55.580000
705.814153	888.332353	50.020650	55.581000
705.816639	888.332351	50.020649	55.581000
705.819178	888.332347	50.020650	55.583000
705.821769	888.332352	50.020653	55.584000
705.824276	888.332348	50.020651	55.585000
705.826649	888.332350	50.020650	55.586000
705.829189	888.332350	50.020651	55.587000
705.831682	888.332351	50.020651	55.587000
705.834345	888.332351	50.020647	55.587000
705.836832	888.332347	50.020647	55.587000
705.839363	888.332345	50.020648	55.587000
705.841874	888.332351	50.020649	55.587000
705.844378	888.332350	50.020648	55.586000
705.846748	888.332350	50.020652	55.586000
705.849395	888.332349	50.020646	55.587000
705.851784	888.332354	50.020655	55.588000
705.854248	888.332349	50.020653	55.589000
705.856731	888.332348	50.020652	55.591000
705.859268	888.332353	50.020650	55.593000
705.861770	888.332347	50.020647	55.594000
705.864381	888.332347	50.020651	55.595000
705.866743	888.332352	50.020647	55.595000
705.869287	888.332347	50.020649	55.594000
705.871972	888.332347	50.020654	55.593000
705.874551	888.332352	50.020647	55.591000
705.876942	888.332352	50.020654	55.590000
705.879458	888.332348	50.020653	55.588000
705.881967	888.332346	50.020654	55.587000
705.884466	888.332345	50.020653	55.586000
705.886855	888.332348	50.020645	55.586000
705.889391	888.332350	50.020647	55.587000
705.891878	888.332349	50.020646	55.588000
705.894355	888.332349	50.020649	55.590000
705.896840	888.332350	50.020650	55.592000
705.899366	888.332348	50.020649	55.594000
705.901873	888.332351	50.020647	55.596000
705.904380	888.332350	50.020648	55.597000
705.906947	888.332351	50.020651	55.598000
705.909589	888.332350	50.020646	55.599000
705.912182	888.332348	50.020654	55.599000
705.914549	888.332351	50.020646	55.600000
705.917041	888.332351	50.020648	55.600000
705.919566	888.332349	50.020649	55.599000
705.921967	888.332352	50.020650	55.599000
705.924481	888.332350	50.020647	55.600000
705.926951	888.332351	50.020649	55.600000
705.929493	888.332348	50.020652	55.602000
705.931981	888.332347	50.020653	55.603000
705.934452	888.332352	50.020653	55.605000
705.936929	888.332351	50.020653	55.607000
705.939466	888.332350	50.020651	55.610000
705.941978	888.332353	50.020650	55.612000
705.944477	888.332350	50.020650	55.614000
705.947151	888.332352	50.020647	55.616000
705.949695	888.332348	50.020647	55.617000
705.952179	888.332352	50.020647	55.618000
705.954645	888.332354	50.020648	55.618000
705.957131	888.332352	50.020649	55.618000
705.959561	888.332350	50.020646	55.617000
705.962068	888.332353	50.020646	55.616000
705.964659	888.332350	50.020653	55.616000
705.967044	888.332349	50.020647	55.615000
705.969591	888.332349	50.020647	55.614000
705.972087	888.332354	50.020647	55.613000
705.974552	888.332350	50.020647	55.613000
705.977029	888.332353	50.020647	55.613000
705.979566	888.332351	50.020646	55.614000
705.982069	888.332351	50.020647	55.615000
705.984754	888.332349	50.020647	55.616000
705.987255	888.332355	50.020646	55.617000
705.989800	888.332348	50.020648	55.618000
705.992278	888.332350	50.020649	55.619000
705.994750	888.332349	50.020648	55.620000
705.997135	888.332349	50.020654	55.620000
705.999662	888.332350	50.020653	55.620000
706.002165	888.332351	50.020653	55.620000
706.004663	888.332353	50.020654	55.619000
706.007351	888.332349	50.020652	55.618000
706.009699	888.332349	50.020654	55.616000
706.012181	888.332354	50.020654	55.615000
706.014641	888.332350	50.020654	55.613000
706.017131	888.332352	50.020653	55.611000
706.019658	888.332348	50.020653	55.610000
706.022185	888.332351	50.020653	55.608000
706.024844	888.332353	50.020653	55.607000
706.027357	888.332352	50.020653	55.607000
706.029895	888.332349	50.020653	55.607000
706.032283	888.332352	50.020649	55.607000
706.034747	888.332350	50.020651	55.607000
706.037229	888.332352	50.020650	55.607000
706.039752	888.332347	50.020649	55.607000
706.042272	888.332350	50.020650	55.605000
706.044761	888.332349	50.020649	55.604000
706.047251	888.332351	50.020647	55.602000
706.049895	888.332350	50.020653	55.601000
706.052276	888.332351	50.020650	55.600000
706.054749	888.332348	50.020650	55.600000
706.057232	888.332353	50.020648	55.601000
706.059954	888.332349	50.020648	55.603000
706.062462	888.332352	50.020649	55.605000
706.064953	888.332349	50.020649	55.608000
706.067457	888.332349	50.020651	55.610000
706.069993	888.332353	50.020652	55.611000
706.072375	888.332348	50.020651	55.612000
706.074840	888.332351	50.020651	55.613000
706.077442	888.332346	50.020653	55.613000
706.079850	888.332352	50.020649	55.613000
706.082377	888.332348	50.020647	55.612000
706.084856	888.332348	50.020647	55.612000
706.087466	888.332351	50.020654	55.612000
706.089895	888.332350	50.020646	55.613000
706.092475	888.332348	50.020654	55.614000
706.094851	888.332350	50.020647	55.615000
706.097440	888.332348	50.020653	55.615000
706.100056	888.332349	50.020650	55.616000
706.102579	888.332349	50.020651	55.617000
706.105053	888.332348	50.020652	55.617000
706.107660	888.332351	50.020648	55.617000
706.110101	888.332347	50.020652	55.617000
706.112573	888.332349	50.020653	55.616000
706.114943	888.332352	50.020650	55.616000
706.117451	888.332350	50.020651	55.615000
706.120063	888.332347	50.020653	55.614000
706.122466	888.332346	50.020650	55.614000
706.125050	888.332347	50.020652	55.613000
706.127557	888.332350	50.020652	55.612000
706.130009	888.332352	50.020649	55.612000
706.132475	888.332350	50.020650	55.611000
706.134946	888.332349	50.020649	55.611000
706.137644	888.332350	50.020647	55.611000
706.140163	888.332351	50.020647	55.611000
706.142664	888.332350	50.020646	55.612000
706.145154	888.332349	50.020645	55.613000
706.147657	888.332351	50.020647	55.614000
706.150101	888.332347	50.020653	55.614000
706.152573	888.332341	50.020653	55.615000
706.155035	888.332351	50.020654	55.616000
706.157548	888.332350	50.020653	55.617000
706.160057	888.332346	50.020653	55.617000
706.162570	888.332350	50.020651	55.618000
706.165048	888.332350	50.020650	55.618000
706.167662	888.332354	50.020655	55.618000
706.170101	888.332350	50.020648	55.618000
706.172577	888.332352	50.020647	55.617000
706.175245	888.332351	50.020648	55.617000
706.177738	888.332351	50.020647	55.617000
706.180263	888.332350	50.020648	55.617000
706.182758	888.332352	50.020647	55.616000
706.185253	888.332349	50.020648	55.616000
706.187649	888.332349	50.020654	55.616000
706.190199	888.332350	50.020654	55.616000
706.192668	888.332350	50.020653	55.616000
706.195145	888.332348	50.020653	55.615000
706.197649	888.332346	50.020654	55.615000
706.200261	888.332352	50.020649	55.615000
706.202755	888.332348	50.020648	55.614000
706.205144	888.332351	50.020654	55.613000
706.207661	888.332348	50.020654	55.611000
706.210200	888.332351	50.020654	55.610000
706.212865	888.332349	50.020648	55.609000
706.215338	888.332352	50.020646	55.608000
706.217842	888.332349	50.020646	55.607000
706.220460	888.332350	50.020652	55.606000
706.222752	888.332353	50.020654	55.606000
706.225243	888.332352	50.020654	55.606000
706.227760	888.332349	50.020654	55.606000
706.230397	888.332349	50.020652	55.606000
706.232875	888.332351	50.020652	55.607000
706.235334	888.332347	50.020653	55.607000
706.237734	888.332348	50.020649	55.607000
706.240255	888.332349	50.020649	55.608000
706.242758	888.332350	50.020648	55.608000
706.245232	888.332350	50.020648	55.608000
706.247753	888.332351	50.020648	55.608000
706.250395	888.332350	50.020654	55.608000
706.253070	888.332352	50.020650	55.608000
706.255438	888.332351	50.020648	55.608000
706.257928	888.332354	50.020649	55.608000
706.260469	888.332351	50.020649	55.607000
706.262958	888.332350	50.020649	55.606000
706.265348	888.332349	50.020653	55.606000
706.267849	888.332351	50.020653	55.604000
706.270402	888.332349	50.020653	55.603000
706.272871	888.332351	50.020654	55.602000
706.275323	888.332350	50.020653	55.601000
706.277828	888.332348	50.020653	55.600000
706.280362	888.332352	50.020653	55.600000
706.282858	888.332348	50.020652	55.600000
706.285440	888.332350	50.020650	55.600000
706.288056	888.332355	50.020646	55.601000
706.290598	888.332352	50.020646	55.602000
706.293072	888.332352	50.020648	55.603000
706.295538	888.332347	50.020649	55.604000
706.298034	888.332348	50.020651	55.605000
706.300459	888.332349	50.020651	55.605000
706.302959	888.332350	50.020649	55.604000
706.305558	888.332351	50.020653	55.604000
706.307948	888.332345	50.020649	55.603000
706.310502	888.332352	50.020648	55.602000
706.312971	888.332349	50.020650	55.600000
706.315435	888.332353	50.020648	55.599000
706.317924	888.332350	50.020647	55.598000
706.320575	888.332349	50.020654	55.597000
706.322962	888.332347	50.020646	55.596000
706.325452	888.332353	50.020647	55.596000
706.328264	888.332351	50.020646	55.595000
706.330703	888.332351	50.020654	55.595000
706.333170	888.332348	50.020654	55.595000
706.335632	888.332349	50.020655	55.595000
706.338138	888.332349	50.020653	55.594000
706.340564	888.332352	50.020647	55.594000
706.343070	888.332355	50.020647	55.594000
706.345555	888.332352	50.020646	55.594000
706.348062	888.332349	50.020646	55.593000
706.350604	888.332353	50.020646	55.593000
706.353077	888.332353	50.020647	55.593000
706.355546	888.332349	50.020649	55.593000
706.358029	888.332354	50.020651	55.592000
706.360670	888.332346	50.020646	55.592000
706.363383	888.332348	50.020651	55.592000
706.365754	888.332352	50.020651	55.592000
706.368275	888.332351	50.020652	55.592000
706.370901	888.332347	50.020653	55.593000
706.373377	888.332351	50.020653	55.593000
706.375828	888.332348	50.020654	55.594000
706.378137	888.332356	50.020654	55.594000
706.380670	888.332353	50.020653	55.594000
706.383163	888.332350	50.020652	55.594000
706.385651	888.332352	50.020653	55.593000
706.388159	888.332348	50.020653	55.592000
706.390701	888.332352	50.020654	55.590000
706.393166	888.332349	50.020652	55.589000
706.395634	888.332353	50.020652	55.588000
706.398133	888.332350	50.020652	55.586000
706.400870	888.332351	50.020651	55.585000
706.403488	888.332346	50.020650	55.584000
706.405845	888.332348	50.020652	55.583000
706.408367	888.332350	50.020652	55.582000
706.410888	888.332352	50.020652	55.581000
706.413267	888.332351	50.020647	55.579000
706.415835	888.332350	50.020653	55.577000
706.418248	888.332352	50.020647	55.576000
706.420759	888.332349	50.020647	55.574000
706.423274	888.332352	50.020647	55.571000
706.425751	888.332349	50.020648	55.569000
706.428267	888.332347	50.020649	55.567000
706.430791	888.332347	50.020653	55.565000
706.433258	888.332352	50.020653	55.563000
706.435833	888.332345	50.020647	55.562000
706.438246	888.332349	50.020655	55.560000
706.440968	888.332348	50.020648	55.559000
706.443479	888.332349	50.020647	55.557000
706.445855	888.332346	50.020652	55.557000
706.448480	888.332346	50.020647	55.556000
706.450997	888.332353	50.020647	55.555000
706.453362	888.332351	50.020654	55.555000
706.455834	888.332350	50.020654	55.554000
706.458347	888.332349	50.020652	55.553000
706.460866	888.332348	50.020651	55.552000
706.463380	888.332349	50.020646	55.551000
706.465857	888.332349	50.020646	55.550000
706.468373	888.332345	50.020646	55.549000
706.470906	888.332351	50.020650	55.548000
706.473368	888.332350	50.020652	55.547000
706.475838	888.332353	50.020654	55.547000
706.478677	888.332351	50.020653	55.547000
706.481074	888.332350	50.020647	55.548000
706.483601	888.332351	50.020649	55.549000
706.486149	888.332351	50.020655	55.549000
706.488692	888.332348	50.020653	55.549000
706.491095	888.332347	50.020647	55.549000
706.493468	888.332354	50.020652	55.549000
706.495938	888.332349	50.020649	55.549000
706.498467	888.332347	50.020646	55.549000
706.500957	888.332350	50.020647	55.549000
706.503476	888.332348	50.020648	55.549000
706.505958	888.332347	50.020648	55.550000
706.508490	888.332349	50.020651	55.551000
706.510992	888.332349	50.020654	55.552000
706.513463	888.332346	50.020654	55.553000
706.516144	888.332351	50.020647	55.554000
706.518683	888.332350	50.020647	55.555000
706.521073	888.332355	50.020652	55.555000
706.523701	888.332353	50.020646	55.555000
706.526152	888.332353	50.020650	55.554000
706.528579	888.332348	50.020650	55.552000
706.531092	888.332351	50.020647	55.550000
706.533565	888.332348	50.020647	55.548000
706.536038	888.332353	50.020647	55.547000
706.538563	888.332348	50.020647	55.546000
706.541066	888.332351	50.020647	55.545000
706.543587	888.332349	50.020649	55.546000
706.546046	888.332354	50.020652	55.548000
706.548594	888.332350	50.020653	55.549000
706.551099	888.332353	50.020654	55.550000
706.553763	888.332348	50.020649	55.551000
706.556238	888.332351	50.020646	55.551000
706.558777	888.332348	50.020646	55.551000
706.561167	888.332348	50.020652	55.551000
706.563794	888.332351	50.020651	55.552000
706.566146	888.332352	50.020648	55.552000
706.568698	888.332352	50.020647	55.554000
706.571198	888.332348	50.020648	55.556000
706.573660	888.332347	50.020646	55.558000
706.576128	888.332349	50.020647	55.560000
706.578664	888.332349	50.020646	55.562000
706.581175	888.332350	50.020648	55.562000
706.583697	888.332350	50.020646	55.562000
706.586139	888.332350	50.020647	55.560000
706.588682	888.332346	50.020650	55.558000
706.591404	888.332351	50.020653	55.556000
706.593856	888.332347	50.020649	55.552000
706.596325	888.332352	50.020648	55.549000
706.598771	888.332353	50.020652	55.545000
706.601370	888.332355	50.020647	55.542000
706.603798	888.332349	50.020650	55.539000
706.606243	888.332350	50.020649	55.536000
706.608792	888.332351	50.020648	55.535000
706.611293	888.332350	50.020647	55.534000
706.613758	888.332351	50.020646	55.533000
706.616234	888.332349	50.020648	55.532000
706.618765	888.332348	50.020650	55.530000
706.621360	888.332348	50.020648	55.529000
706.623801	888.332354	50.020649	55.527000
706.626241	888.332351	50.020650	55.524000
706.628980	888.332351	50.020653	55.522000
706.631588	888.332351	50.020654	55.520000
706.633959	888.332349	50.020647	55.519000
706.636424	888.332351	50.020649	55.519000
706.638867	888.332355	50.020650	55.519000
706.641363	888.332351	50.020648	55.519000
706.643901	888.332354	50.020646	55.520000
706.646341	888.332352	50.020647	55.520000
706.648996	888.332351	50.020646	55.519000
706.651294	888.332348	50.020645	55.518000
706.653854	888.332350	50.020648	55.516000
706.656329	888.332350	50.020646	55.514000
706.658877	888.332351	50.020648	55.510000
706.661363	888.332352	50.020650	55.507000
706.663891	888.332349	50.020653	55.504000
706.666549	888.332351	50.020648	55.501000
706.669091	888.332353	50.020647	55.498000
706.671584	888.332348	50.020647	55.496000
706.673956	888.332350	50.020650	55.496000
706.676542	888.332350	50.020654	55.497000
706.678978	888.332351	50.020649	55.498000
706.681471	888.332352	50.020649	55.499000
706.683991	888.332350	50.020652	55.501000
706.686441	888.332348	50.020653	55.503000
706.688992	888.332349	50.020653	55.504000
706.691489	888.332351	50.020652	55.504000
706.693951	888.332354	50.020650	55.505000
706.696436	888.332350	50.020647	55.505000
706.698980	888.332354	50.020647	55.505000
706.701467	888.332349	50.020649	55.505000
706.704186	888.332348	50.020654	55.505000
706.706637	888.332349	50.020652	55.505000
706.709188	888.332350	50.020647	55.505000
706.711689	888.332351	50.020647	55.505000
706.714050	888.332347	50.020653	55.505000
706.716531	888.332354	50.020652	55.505000
706.719073	888.332348	50.020651	55.505000
706.721570	888.332349	50.020650	55.505000
706.724097	888.332349	50.020648	55.505000
706.726543	888.332352	50.020648	55.506000
706.729091	888.332349	50.020647	55.507000
706.731684	888.332350	50.020650	55.508000
706.734061	888.332348	50.020648	55.510000
706.736529	888.332347	50.020651	55.513000
706.739079	888.332352	50.020652	55.516000
706.741869	888.332349	50.020649	55.519000
706.744290	888.332350	50.020651	55.523000
706.746746	888.332349	50.020647	55.525000
706.749390	888.332345	50.020653	55.527000
706.751790	888.332350	50.020648	55.528000
706.754361	888.332350	50.020647	55.530000
706.756635	888.332350	50.020648	55.531000
706.759175	888.332349	50.020647	55.532000
706.761663	888.332345	50.020653	55.534000
706.764192	888.332348	50.020652	55.537000
706.766641	888.332348	50.020651	55.540000
706.769191	888.332352	50.020646	55.544000
706.771689	888.332348	50.020648	55.547000
706.774156	888.332344	50.020651	55.550000
706.776623	888.332348	50.020652	55.553000
706.779363	888.332352	50.020652	55.555000
706.781865	888.332349	50.020651	55.557000
706.784388	888.332351	50.020652	55.558000
706.786847	888.332348	50.020653	55.559000
706.789396	888.332354	50.020652	55.560000
706.791900	888.332351	50.020653	55.561000
706.794247	888.332350	50.020649	55.563000
706.796728	888.332351	50.020647	55.565000
706.799282	888.332348	50.020648	55.567000
706.801767	888.332351	50.020650	55.569000
706.804292	888.332347	50.020654	55.571000
706.806737	888.332347	50.020647	55.572000
706.809286	888.332356	50.020648	55.573000
706.811780	888.332350	50.020650	55.572000
706.814259	888.332352	50.020649	55.571000
706.816935	888.332352	50.020653	55.570000
706.819472	888.332352	50.020652	55.569000
706.821962	888.332353	50.020651	55.569000
706.824376	888.332353	50.020649	55.569000
706.826943	888.332350	50.020649	55.571000
706.829490	888.332349	50.020650	55.573000
706.831978	888.332347	50.020649	55.575000
706.834342	888.332351	50.020650	55.578000
706.836830	888.332350	50.020651	55.581000
706.839365	888.332353	50.020653	55.583000
706.841870	888.332348	50.020650	55.585000
706.844472	888.332349	50.020654	55.586000
706.846843	888.332350	50.020647	55.586000
706.849382	888.332349	50.020653	55.586000
706.851884	888.332349	50.020652	55.585000
706.854544	888.332350	50.020649	55.583000
706.857029	888.332354	50.020654	55.581000
706.859561	888.332349	50.020652	55.579000
706.862063	888.332346	50.020651	55.577000
706.864566	888.332347	50.020648	55.576000
706.867155	888.332349	50.020652	55.575000
706.869587	888.332349	50.020648	55.574000
706.871977	888.332351	50.020650	55.574000
706.874448	888.332350	50.020648	55.575000
706.876937	888.332349	50.020647	55.575000
706.879473	888.332350	50.020653	55.576000
706.881971	888.332353	50.020653	55.578000
706.884487	888.332352	50.020648	55.579000
706.886957	888.332352	50.020647	55.581000
706.889491	888.332350	50.020649	55.583000
706.892180	888.332349	50.020651	55.585000
706.894657	888.332353	50.020648	55.586000
706.897241	888.332347	50.020652	55.587000
706.899568	888.332352	50.020651	55.587000
706.902072	888.332352	50.020648	55.586000
706.904580	888.332350	50.020647	55.585000
706.907048	888.332350	50.020647	55.584000
706.909593	888.332350	50.020648	55.583000
706.912088	888.332351	50.020652	55.582000
706.914540	888.332350	50.020653	55.582000
706.917020	888.332351	50.020652	55.582000
706.919569	888.332350	50.020649	55.583000
706.922074	888.332349	50.020647	55.585000
706.924584	888.332350	50.020650	55.587000
706.927049	888.332349	50.020652	55.589000
706.929795	888.332349	50.020652	55.591000
706.932275	888.332351	50.020652	55.592000
706.934738	888.332349	50.020652	55.593000
706.937234	888.332353	50.020651	55.594000
706.939759	888.332353	50.020650	55.594000
706.942173	888.332349	50.020650	55.594000
706.944685	888.332350	50.020648	55.594000
706.947153	888.332349	50.020647	55.594000
706.949705	888.332353	50.020649	55.594000
706.952191	888.332349	50.020654	55.595000
706.954649	888.332352	50.020649	55.595000
706.957133	888.332350	50.020646	55.595000
706.959669	888.332351	50.020652	55.595000
706.962175	888.332348	50.020653	55.595000
706.964672	888.332352	50.020651	55.595000
706.967361	888.332345	50.020648	55.595000
706.969891	888.332351	50.020649	55.596000
706.972389	888.332350	50.020650	55.597000
706.974844	888.332348	50.020651	55.598000
706.977244	888.332348	50.020650	55.600000
706.979758	888.332349	50.020651	55.602000
706.982278	888.332348	50.020651	55.604000
706.984766	888.332348	50.020653	55.606000
706.987356	888.332349	50.020647	55.607000
706.989896	888.332349	50.020648	55.608000
706.992286	888.332348	50.020653	55.609000
706.994743	888.332350	50.020651	55.609000
706.997234	888.332349	50.020649	55.610000
706.999754	888.332351	50.020646	55.610000
707.002268	888.332351	50.020648	55.611000
707.004950	888.332353	50.020653	55.613000
707.007439	888.332352	50.020648	55.614000
707.010009	888.332348	50.020647	55.615000
707.012477	888.332345	50.020653	55.617000
707.014943	888.332346	50.020652	55.618000
707.017428	888.332351	50.020646	55.618000
707.019942	888.332350	50.020648	55.618000
707.022365	888.332348	50.020648	55.617000
707.024865	888.332352	50.020646	55.616000
707.027350	888.332350	50.020651	55.613000
707.029887	888.332348	50.020653	55.610000
707.032380	888.332349	50.020653	55.607000
707.034841	888.332351	50.020652	55.605000
707.037339	888.332348	50.020652	55.603000
707.039854	888.332344	50.020646	55.602000
707.042568	888.332351	50.020655	55.601000
707.045044	888.332351	50.020647	55.602000
707.047659	888.332353	50.020649	55.603000
707.050090	888.332352	50.020654	55.604000
707.052576	888.332353	50.020651	55.606000
707.055047	888.332350	50.020647	55.607000
707.057437	888.332351	50.020654	55.608000
707.059941	888.332352	50.020649	55.608000
707.062471	888.332351	50.020646	55.608000
707.064949	888.332348	50.020651	55.607000
707.067454	888.332350	50.020653	55.606000
707.069993	888.332348	50.020653	55.604000
707.072471	888.332347	50.020646	55.602000
707.074946	888.332351	50.020650	55.601000
707.077437	888.332350	50.020654	55.600000
707.080151	888.332349	50.020647	55.600000
707.082672	888.332354	50.020650	55.599000
707.085137	888.332350	50.020654	55.599000
707.087648	888.332348	50.020646	55.599000
707.090201	888.332353	50.020649	55.599000
707.092579	888.332348	50.020645	55.598000
707.095037	888.332352	50.020653	55.597000
707.097537	888.332354	50.020653	55.595000
707.100151	888.332351	50.020652	55.592000
707.102579	888.332350	50.020647	55.588000
707.105046	888.332347	50.020648	55.584000
707.107561	888.332350	50.020646	55.580000
707.110099	888.332350	50.020651	55.576000
707.112677	888.332352	50.020649	55.574000
707.115046	888.332348	50.020649	55.572000
707.117744	888.332352	50.020649	55.572000
707.120259	888.332351	50.020653	55.572000
707.122763	888.332352	50.020651	55.573000
707.125341	888.332351	50.020652	55.574000
707.127651	888.332352	50.020653	55.574000
707.130312	888.332349	50.020653	55.574000
707.132681	888.332351	50.020646	55.573000
707.135143	888.332354	50.020651	55.571000
707.137631	888.332352	50.020653	55.568000
707.140157	888.332354	50.020653	55.564000
707.142668	888.332349	50.020652	55.561000
707.145143	888.332353	50.020653	55.557000
707.147658	888.332349	50.020652	55.554000
707.150199	888.332355	50.020650	55.552000
707.152675	888.332351	50.020647	55.551000
707.155337	888.332352	50.020648	55.552000
707.157832	888.332349	50.020646	55.553000
707.160359	888.332352	50.020651	55.554000
707.162854	888.332348	50.020654	55.555000
707.165345	888.332349	50.020646	55.555000
707.167751	888.332346	50.020654	55.555000
707.170294	888.332351	50.020645	55.553000
707.172771	888.332348	50.020648	55.551000
707.175238	888.332351	50.020653	55.549000
707.177745	888.332353	50.020654	55.547000
707.180254	888.332349	50.020652	55.544000
707.182762	888.332352	50.020647	55.543000
707.185250	888.332350	50.020646	55.542000
707.187761	888.332351	50.020647	55.541000
707.190290	888.332351	50.020655	55.541000
707.192975	888.332351	50.020646	55.542000
707.195448	888.332350	50.020649	55.543000
707.197938	888.332349	50.020654	55.544000
707.200471	888.332348	50.020650	55.544000
707.202959	888.332351	50.020645	55.544000
707.205350	888.332352	50.020647	55.544000
707.207862	888.332349	50.020646	55.542000
707.210398	888.332352	50.020652	55.540000
707.212860	888.332344	50.020652	55.538000
707.215351	888.332352	50.020644	55.536000
707.217835	888.332353	50.020652	55.535000
707.220363	888.332353	50.020654	55.533000
707.222858	888.332349	50.020651	55.531000
707.225341	888.332350	50.020646	55.530000
707.227853	888.332349	50.020647	55.529000
707.230394	888.332349	50.020652	55.528000
707.233070	888.332346	50.020652	55.527000
707.235539	888.332350	50.020646	55.526000
707.238029	888.332351	50.020650	55.526000
707.240549	888.332349	50.020655	55.524000
707.243058	888.332351	50.020650	55.523000
707.245560	888.332349	50.020645	55.522000
707.247959	888.332352	50.020651	55.520000
707.250506	888.332353	50.020645	55.519000
707.252979	888.332349	50.020653	55.518000
707.255439	888.332351	50.020654	55.518000
707.257922	888.332354	50.020647	55.518000
707.260472	888.332351	50.020646	55.518000
707.262960	888.332355	50.020653	55.519000
707.265456	888.332350	50.020654	55.520000
707.267952	888.332352	50.020647	55.522000
707.270708	888.332349	50.020652	55.524000
707.273171	888.332350	50.020655	55.525000
707.275538	888.332354	50.020652	55.526000
707.278129	888.332351	50.020647	55.527000
707.280567	888.332353	50.020649	55.529000
707.283263	888.332352	50.020651	55.530000
707.285549	888.332353	50.020652	55.530000
707.288059	888.332349	50.020654	55.531000
707.290601	888.332354	50.020647	55.531000
707.293078	888.332352	50.020645	55.531000
707.295539	888.332350	50.020652	55.531000
707.298021	888.332346	50.020655	55.531000
707.300574	888.332351	50.020644	55.531000
707.303070	888.332353	50.020649	55.532000
707.305539	888.332353	50.020656	55.532000
707.308253	888.332354	50.020645	55.532000
707.310796	888.332351	50.020653	55.533000
707.313268	888.332349	50.020655	55.533000
707.315626	888.332348	50.020649	55.534000
707.318331	888.332349	50.020651	55.534000
707.320665	888.332348	50.020650	55.535000
707.323174	888.332350	50.020645	55.535000
707.325749	888.332350	50.020645	55.536000
707.328146	888.332347	50.020654	55.536000
707.330697	888.332348	50.020647	55.536000
707.333174	888.332348	50.020645	55.537000
707.335639	888.332349	50.020651	55.537000
707.338129	888.332349	50.020656	55.538000
707.340673	888.332350	50.020646	55.539000
707.343373	888.332350	50.020653	55.541000
707.345853	888.332353	50.020654	55.543000
707.348367	888.332348	50.020646	55.545000
707.350782	888.332347	50.020655	55.547000
707.353362	888.332348	50.020655	55.549000
707.355840	888.332351	50.020645	55.551000
707.358345	888.332351	50.020648	55.551000
707.360766	888.332351	50.020645	55.551000
707.363267	888.332346	50.020650	55.551000
707.365756	888.332347	50.020656	55.550000
707.368374	888.332351	50.020654	55.549000
707.370805	888.332351	50.020645	55.547000
707.373273	888.332349	50.020652	55.546000
707.375840	888.332351	50.020645	55.545000
707.378235	888.332353	50.020648	55.544000
707.380765	888.332350	50.020645	55.544000
707.383478	888.332349	50.020655	55.545000
707.386053	888.332349	50.020654	55.546000
707.388479	888.332353	50.020644	55.547000
707.390996	888.332348	50.020653	55.549000
707.393368	888.332354	50.020645	55.549000
707.395936	888.332350	50.020648	55.550000
707.398336	888.332350	50.020654	55.550000
707.400972	888.332351	50.020651	55.550000
707.403373	888.332351	50.020645	55.549000
707.405858	888.332350	50.020650	55.548000
707.408354	888.332349	50.020656	55.547000
707.410893	888.332351	50.020649	55.547000
707.413367	888.332349	50.020645	55.547000
707.415829	888.332351	50.020655	55.546000
707.418354	888.332349	50.020652	55.547000
707.421059	888.332349	50.020649	55.547000
707.423577	888.332348	50.020655	55.548000
707.426050	888.332353	50.020653	55.550000
707.428585	888.332348	50.020647	55.551000
707.431092	888.332352	50.020647	55.551000
707.433464	888.332349	50.020650	55.552000
707.435931	888.332348	50.020644	55.552000
707.438448	888.332349	50.020654	55.552000
707.440963	888.332350	50.020654	55.551000
707.443592	888.332352	50.020656	55.551000
707.446048	888.332350	50.020649	55.551000
707.448474	888.332350	50.020654	55.551000
707.450989	888.332347	50.020652	55.552000
707.453463	888.332347	50.020647	55.552000
707.455936	888.332351	50.020646	55.552000
707.458652	888.332351	50.020654	55.553000
707.461164	888.332349	50.020647	55.553000
707.463690	888.332353	50.020646	55.553000
707.466139	888.332349	50.020654	55.553000
707.468564	888.332348	50.020645	55.553000
707.471198	888.332347	50.020646	55.552000
707.473559	888.332349	50.020655	55.552000
707.476018	888.332355	50.020653	55.552000
707.478564	888.332351	50.020647	55.551000
707.481059	888.332351	50.020646	55.551000
707.483589	888.332351	50.020646	55.551000
707.486040	888.332349	50.020654	55.551000
707.488574	888.332351	50.020655	55.550000
707.491096	888.332353	50.020644	55.550000
707.493567	888.332353	50.020649	55.549000
707.496230	888.332349	50.020652	55.548000
707.498765	888.332351	50.020647	55.547000
707.501166	888.332351	50.020656	55.545000
707.503696	888.332349	50.020652	55.544000
707.506139	888.332353	50.020648	55.543000
707.508692	888.332350	50.020646	55.541000
707.511293	888.332352	50.020649	55.540000
707.513675	888.332350	50.020654	55.539000
707.516129	888.332351	50.020654	55.537000
707.518876	888.332352	50.020645	55.536000
707.521073	888.332349	50.020654	55.535000
707.523695	888.332351	50.020649	55.535000
707.526148	888.332350	50.020655	55.534000
707.528683	888.332351	50.020653	55.532000
707.531200	888.332352	50.020647	55.531000
707.533860	888.332349	50.020648	55.530000
707.536327	888.332354	50.020653	55.528000
707.538868	888.332347	50.020655	55.527000
707.541361	888.332351	50.020653	55.525000
707.543795	888.332349	50.020651	55.524000
707.546250	888.332353	50.020655	55.522000
707.548782	888.332349	50.020652	55.521000
707.551299	888.332354	50.020646	55.520000
707.553764	888.332351	50.020646	55.519000
707.556240	888.332353	50.020651	55.518000
707.558768	888.332349	50.020655	55.517000
707.561357	888.332353	50.020650	55.516000
707.563804	888.332351	50.020649	55.516000
707.566245	888.332352	50.020646	55.516000
707.568788	888.332352	50.020649	55.517000
707.571488	888.332347	50.020655	55.517000
707.574062	888.332347	50.020651	55.518000
707.576427	888.332351	50.020650	55.520000
707.578980	888.332352	50.020645	55.521000
707.581462	888.332351	50.020647	55.522000
707.583997	888.332351	50.020654	55.523000
707.586357	888.332348	50.020645	55.524000
707.588896	888.332351	50.020649	55.525000
707.591392	888.332351	50.020651	55.526000
707.593963	888.332351	50.020645	55.526000
707.596441	888.332347	50.020651	55.526000
707.598875	888.332350	50.020647	55.526000
707.601378	888.332350	50.020646	55.525000
707.603901	888.332347	50.020649	55.525000
707.606351	888.332351	50.020654	55.524000
707.609097	888.332349	50.020648	55.523000
707.611609	888.332350	50.020645	55.522000
707.614061	888.332349	50.020648	55.521000
707.616537	888.332346	50.020652	55.520000
707.619080	888.332353	50.020654	55.520000
707.621567	888.332349	50.020654	55.520000
707.623997	888.332349	50.020647	55.520000
707.626451	888.332351	50.020646	55.521000
707.628991	888.332351	50.020648	55.523000
707.631493	888.332348	50.020650	55.525000
707.633961	888.332352	50.020654	55.526000
707.636430	888.332347	50.020654	55.527000
707.638972	888.332350	50.020648	55.529000
707.641467	888.332349	50.020646	55.530000
707.643994	888.332351	50.020648	55.530000
707.646652	888.332350	50.020654	55.530000
707.649091	888.332350	50.020648	55.530000
707.651785	888.332347	50.020653	55.529000
707.654156	888.332351	50.020648	55.527000
707.656646	888.332349	50.020650	55.526000
707.659073	888.332347	50.020649	55.525000
707.661572	888.332349	50.020645	55.524000
707.664089	888.332349	50.020647	55.523000
707.666545	888.332349	50.020652	55.522000
707.669090	888.332346	50.020652	55.522000
707.671594	888.332349	50.020653	55.521000
707.674057	888.332348	50.020655	55.520000
707.676536	888.332349	50.020655	55.519000
707.679068	888.332351	50.020652	55.518000
707.681571	888.332348	50.020649	55.518000
707.684294	888.332349	50.020646	55.519000
707.686747	888.332351	50.020646	55.521000
707.689286	888.332350	50.020647	55.524000
707.691786	888.332350	50.020649	55.527000
707.694257	888.332350	50.020654	55.531000
707.696834	888.332352	50.020646	55.535000
707.699272	888.332349	50.020654	55.538000
707.701661	888.332352	50.020646	55.542000
707.704192	888.332349	50.020647	55.545000
707.706647	888.332350	50.020648	55.548000
707.709197	888.332350	50.020650	55.551000
707.711688	888.332348	50.020654	55.553000
707.714256	888.332351	50.020648	55.555000
707.716632	888.332348	50.020650	55.557000
707.719168	888.332349	50.020648	55.560000
707.721862	888.332353	50.020647	55.564000
707.724389	888.332350	50.020649	55.567000
707.726851	888.332352	50.020650	55.570000
707.729389	888.332351	50.020653	55.573000
707.731889	888.332353	50.020653	55.576000
707.734257	888.332350	50.020647	55.577000
707.736739	888.332350	50.020645	55.578000
707.739275	888.332350	50.020648	55.579000
707.741771	888.332353	50.020648	55.579000
707.744393	888.332350	50.020646	55.579000
707.746737	888.332350	50.020653	55.578000
707.749289	888.332349	50.020654	55.577000
707.751783	888.332351	50.020653	55.575000
707.754451	888.332350	50.020649	55.574000
707.756724	888.332354	50.020652	55.573000
707.759480	888.332350	50.020646	55.573000
707.761969	888.332350	50.020646	55.573000
707.764594	888.332352	50.020648	55.573000
707.766946	888.332352	50.020649	55.574000
707.769486	888.332354	50.020650	55.576000
707.771984	888.332351	50.020654	55.577000
707.774451	888.332350	50.020654	55.578000
707.776827	888.332352	50.020646	55.579000
707.779370	888.332353	50.020645	55.579000
707.781869	888.332351	50.020647	55.579000
707.784391	888.332349	50.020649	55.579000
707.786852	888.332350	50.020651	55.579000
707.789384	888.332349	50.020652	55.579000
707.791887	888.332351	50.020650	55.579000
707.794357	888.332351	50.020649	55.580000
707.797042	888.332351	50.020655	55.580000
707.799572	888.332351	50.020654	55.580000
707.802071	888.332352	50.020653	55.580000
707.804580	888.332350	50.020653	55.580000
707.807052	888.332348	50.020650	55.580000
707.809687	888.332349	50.020652	55.580000
707.811980	888.332349	50.020647	55.579000
707.814452	888.332353	50.020650	55.579000
707.816927	888.332354	50.020652	55.579000
707.819462	888.332349	50.020653	55.578000
707.821960	888.332350	50.020655	55.577000
707.824489	888.332348	50.020654	55.576000
707.826941	888.332348	50.020652	55.575000
707.829496	888.332348	50.020650	55.572000
707.831996	888.332350	50.020649	55.570000
707.834657	888.332351	50.020646	55.568000
707.837234	888.332349	50.020648	55.565000
707.839671	888.332354	50.020651	55.563000
707.842170	888.332351	50.020652	55.561000
707.844685	888.332349	50.020654	55.558000
707.847146	888.332347	50.020654	55.557000
707.849683	888.332351	50.020654	55.556000
707.852084	888.332348	50.020646	55.556000
707.854547	888.332352	50.020647	55.555000
707.857035	888.332352	50.020645	55.555000
707.859565	888.332351	50.020646	55.555000
707.862161	888.332349	50.020650	55.554000
707.864586	888.332354	50.020649	55.552000
707.867049	888.332351	50.020650	55.551000
707.869579	888.332351	50.020653	55.549000
707.872380	888.332352	50.020650	55.547000
707.874647	888.332351	50.020646	55.546000
707.877236	888.332350	50.020646	55.544000
707.879763	888.332348	50.020646	55.543000
707.882268	888.332351	50.020646	55.542000
707.884766	888.332351	50.020649	55.541000
707.887245	888.332349	50.020651	55.540000
707.889796	888.332350	50.020652	55.540000
707.892178	888.332353	50.020647	55.539000
707.894646	888.332350	50.020646	55.539000
707.897137	888.332347	50.020646	55.538000
707.899662	888.332356	50.020645	55.536000
707.902166	888.332351	50.020647	55.535000
707.904681	888.332353	50.020647	55.534000
707.907148	888.332349	50.020647	55.532000
707.909895	888.332350	50.020652	55.530000
707.912375	888.332350	50.020653	55.528000
707.914840	888.332352	50.020654	55.527000
707.917329	888.332347	50.020653	55.525000
707.919844	888.332349	50.020652	55.524000
707.922364	888.332351	50.020652	55.524000
707.924862	888.332348	50.020651	55.523000
707.927253	888.332350	50.020654	55.523000
707.929785	888.332351	50.020654	55.523000
707.932376	888.332347	50.020647	55.523000
707.934748	888.332349	50.020651	55.522000
707.937239	888.332352	50.020649	55.522000
707.939767	888.332351	50.020649	55.522000
707.942272	888.332351	50.020650	55.522000
707.944773	888.332349	50.020650	55.521000
707.947349	888.332346	50.020650	55.521000
707.949998	888.332353	50.020652	55.521000
707.952479	888.332348	50.020652	55.521000
707.954951	888.332351	50.020648	55.522000
707.957433	888.332352	50.020647	55.523000
707.959957	888.332353	50.020648	55.524000
707.962373	888.332348	50.020655	55.526000
707.964965	888.332349	50.020648	55.528000
707.967354	888.332348	50.020653	55.530000
707.970003	888.332351	50.020646	55.531000
707.972388	888.332351	50.020648	55.532000
707.974848	888.332348	50.020647	55.533000
707.977341	888.332347	50.020647	55.533000
707.979856	888.332348	50.020649	55.533000
707.982369	888.332349	50.020654	55.533000
707.984865	888.332353	50.020653	55.532000
707.987548	888.332352	50.020653	55.531000
707.990093	888.332350	50.020654	55.531000
707.992586	888.332352	50.020654	55.531000
707.995042	888.332349	50.020655	55.532000
707.997530	888.332349	50.020653	55.533000
708.000037	888.332348	50.020653	55.536000
708.002468	888.332350	50.020652	55.538000
708.004962	888.332351	50.020654	55.541000
708.007455	888.332353	50.020654	55.545000
708.009987	888.332348	50.020654	55.547000
708.012464	888.332349	50.020654	55.550000
708.014946	888.332350	50.020653	55.552000
708.017436	888.332352	50.020652	55.554000
708.019958	888.332354	50.020652	55.555000
708.022583	888.332350	50.020646	55.556000
708.025161	888.332350	50.020653	55.556000
708.027655	888.332348	50.020651	55.555000
708.030207	888.332351	50.020647	55.555000
708.032682	888.332351	50.020647	55.555000
708.035243	888.332350	50.020654	55.554000
708.037624	888.332351	50.020649	55.554000
708.040145	888.332353	50.020650	55.554000
708.042571	888.332350	50.020647	55.554000
708.045058	888.332348	50.020647	55.554000
708.047550	888.332349	50.020646	55.554000
708.050096	888.332349	50.020646	55.554000
708.052672	888.332349	50.020655	55.555000
708.055042	888.332350	50.020645	55.555000
708.057634	888.332349	50.020652	55.555000
708.060041	888.332351	50.020646	55.555000
708.062771	888.332349	50.020650	55.555000
708.065241	888.332352	50.020647	55.556000
708.067759	888.332350	50.020647	55.556000
708.070301	888.332350	50.020646	55.557000
708.072778	888.332351	50.020649	55.558000
708.075243	888.332348	50.020651	55.559000
708.077648	888.332352	50.020647	55.561000
708.080142	888.332350	50.020646	55.562000
708.082663	888.332350	50.020647	55.564000
708.085144	888.332352	50.020648	55.565000
708.087654	888.332352	50.020650	55.565000
708.090200	888.332348	50.020652	55.565000
708.092682	888.332349	50.020654	55.565000
708.095141	888.332350	50.020654	55.564000
708.097748	888.332352	50.020645	55.563000
708.100468	888.332353	50.020648	55.560000
708.102863	888.332349	50.020654	55.558000
708.105348	888.332351	50.020653	55.556000
708.107856	888.332353	50.020652	55.554000
708.110402	888.332353	50.020652	55.553000
708.112776	888.332349	50.020652	55.551000
708.115344	888.332351	50.020646	55.550000
708.117739	888.332350	50.020652	55.550000
708.120243	888.332350	50.020650	55.550000
708.122760	888.332351	50.020650	55.550000
708.125245	888.332352	50.020647	55.550000
708.127750	888.332349	50.020647	55.550000
708.130393	888.332351	50.020652	55.551000
708.132781	888.332348	50.020647	55.551000
708.135246	888.332353	50.020650	55.551000
708.137934	888.332352	50.020646	55.550000
708.140458	888.332347	50.020647	55.549000
708.142953	888.332356	50.020650	55.548000
708.145449	888.332350	50.020650	55.546000
708.147959	888.332352	50.020651	55.544000
708.150407	888.332353	50.020647	55.542000
708.152879	888.332352	50.020645	55.540000
708.155344	888.332350	50.020645	55.539000
708.157845	888.332349	50.020647	55.539000
708.160349	888.332356	50.020646	55.539000
708.162869	888.332350	50.020649	55.539000
708.165450	888.332352	50.020651	55.540000
708.167847	888.332350	50.020653	55.540000
708.170396	888.332347	50.020653	55.540000
708.172893	888.332350	50.020654	55.539000
708.175533	888.332349	50.020653	55.538000
708.178021	888.332348	50.020653	55.537000
708.180558	888.332350	50.020653	55.534000
708.183059	888.332349	50.020654	55.532000
708.185549	888.332347	50.020654	55.530000
708.188053	888.332348	50.020654	55.529000
708.190597	888.332352	50.020653	55.528000
708.192979	888.332352	50.020650	55.528000
708.195439	888.332350	50.020652	55.528000
708.197937	888.332354	50.020653	55.528000
708.200457	888.332349	50.020655	55.529000
708.202963	888.332352	50.020654	55.530000
708.205565	888.332350	50.020646	55.530000
708.207963	888.332353	50.020652	55.529000
708.210506	888.332352	50.020651	55.529000
708.213179	888.332350	50.020654	55.528000
708.215641	888.332349	50.020653	55.527000
708.218125	888.332351	50.020653	55.526000
708.220671	888.332348	50.020649	55.525000
708.223156	888.332349	50.020648	55.524000
708.225657	888.332346	50.020647	55.524000
708.228056	888.332350	50.020654	55.524000
708.230602	888.332349	50.020654	55.525000
708.233078	888.332348	50.020653	55.525000
708.235535	888.332353	50.020650	55.526000
708.238025	888.332347	50.020648	55.527000
708.240669	888.332352	50.020652	55.528000
708.243062	888.332351	50.020647	55.529000
708.245551	888.332350	50.020651	55.529000
708.248061	888.332352	50.020653	55.531000
708.250800	888.332348	50.020651	55.533000
708.253268	888.332349	50.020653	55.535000
708.255733	888.332352	50.020653	55.537000
708.258224	888.332348	50.020653	55.540000
708.260765	888.332349	50.020653	55.542000
708.263259	888.332349	50.020651	55.545000
708.265749	888.332350	50.020648	55.547000
708.268262	888.332348	50.020647	55.549000
708.270699	888.332350	50.020654	55.550000
708.273168	888.332349	50.020652	55.550000
708.275639	888.332351	50.020651	55.551000
708.278127	888.332350	50.020651	55.551000
708.280768	888.332349	50.020651	55.550000
708.283149	888.332352	50.020647	55.550000
708.285660	888.332347	50.020649	55.551000
708.288363	888.332349	50.020647	55.552000
708.291086	888.332351	50.020648	55.554000
708.293462	888.332347	50.020648	55.556000
708.295837	888.332351	50.020653	55.559000
708.298343	888.332348	50.020650	55.561000
708.300858	888.332351	50.020648	55.563000
708.303256	888.332351	50.020654	55.565000
708.305857	888.332346	50.020647	55.567000
708.308245	888.332350	50.020653	55.567000
708.310787	888.332349	50.020649	55.568000
708.313268	888.332349	50.020647	55.567000
708.315730	888.332348	50.020650	55.566000
708.318231	888.332351	50.020653	55.566000
708.320751	888.332350	50.020653	55.565000
708.323255	888.332352	50.020649	55.565000
708.325960	888.332350	50.020647	55.566000
708.328470	888.332353	50.020648	55.567000
708.331001	888.332350	50.020652	55.569000
708.333466	888.332349	50.020653	55.571000
708.335928	888.332350	50.020653	55.573000
708.338425	888.332351	50.020652	55.575000
708.340962	888.332352	50.020649	55.576000
708.343359	888.332348	50.020653	55.578000
708.345854	888.332348	50.020647	55.580000
708.348361	888.332349	50.020648	55.581000
708.350897	888.332352	50.020652	55.582000
708.353370	888.332348	50.020649	55.583000
708.355933	888.332351	50.020653	55.584000
708.358431	888.332347	50.020652	55.585000
708.360861	888.332351	50.020652	55.586000
708.363579	888.332349	50.020650	55.586000
708.366145	888.332346	50.020653	55.587000
708.368682	888.332350	50.020651	55.587000
708.371095	888.332351	50.020652	55.586000
708.373560	888.332350	50.020647	55.586000
708.376015	888.332352	50.020650	55.585000
708.378541	888.332349	50.020650	55.584000
708.380971	888.332353	50.020651	55.582000
708.383474	888.332350	50.020649	55.580000
708.385952	888.332350	50.020652	55.579000
708.388464	888.332352	50.020649	55.577000
708.391008	888.332349	50.020650	55.576000
708.393477	888.332348	50.020653	55.576000
708.395945	888.332349	50.020648	55.575000
708.398430	888.332352	50.020650	55.576000
708.401170	888.332349	50.020652	55.577000
708.403692	888.332348	50.020653	55.578000
708.406150	888.332348	50.020650	55.579000
708.408672	888.332352	50.020648	55.580000
708.411113	888.332351	50.020647	55.581000
708.413666	888.332350	50.020653	55.581000
708.416033	888.332352	50.020652	55.580000
708.418536	888.332349	50.020650	55.580000
708.421070	888.332349	50.020651	55.578000
708.423586	888.332348	50.020649	55.576000
708.426050	888.332350	50.020649	55.574000
708.428573	888.332347	50.020652	55.571000
708.431105	888.332346	50.020654	55.568000
708.433578	888.332351	50.020652	55.565000
708.436035	888.332347	50.020648	55.562000
708.438759	888.332349	50.020648	55.558000
708.441363	888.332352	50.020649	55.555000
708.443794	888.332353	50.020648	55.552000
708.446250	888.332348	50.020652	55.549000
708.448789	888.332349	50.020649	55.546000
708.451199	888.332347	50.020650	55.543000
708.453675	888.332352	50.020653	55.541000
708.456136	888.332352	50.020652	55.540000
708.458648	888.332352	50.020647	55.538000
708.461263	888.332350	50.020653	55.536000
708.463674	888.332352	50.020652	55.535000
708.466156	888.332352	50.020648	55.533000
708.468684	888.332350	50.020652	55.531000
708.471307	888.332355	50.020651	55.529000
708.473770	888.332348	50.020652	55.527000
708.476342	888.332355	50.020649	55.525000
708.478863	888.332348	50.020653	55.522000
708.481470	888.332351	50.020649	55.519000
708.483893	888.332349	50.020648	55.517000
708.486246	888.332352	50.020650	55.515000
708.488889	888.332348	50.020649	55.513000
708.491407	888.332351	50.020652	55.512000
708.493868	888.332351	50.020651	55.511000
708.496219	888.332352	50.020653	55.511000
708.498753	888.332349	50.020648	55.510000
708.501262	888.332349	50.020652	55.510000
708.503797	888.332350	50.020652	55.509000
708.506255	888.332348	50.020648	55.509000
708.508774	888.332349	50.020648	55.508000
708.511296	888.332348	50.020653	55.507000
708.513961	888.332352	50.020651	55.506000
708.516519	888.332351	50.020650	55.505000
708.518967	888.332351	50.020651	55.504000
708.521459	888.332349	50.020651	55.503000
708.524004	888.332352	50.020647	55.502000
708.526546	888.332348	50.020648	55.501000
708.528886	888.332348	50.020650	55.500000
708.531404	888.332350	50.020652	55.499000
708.533958	888.332351	50.020648	55.498000
708.536326	888.332353	50.020647	55.497000
708.538858	888.332352	50.020650	55.496000
708.541364	888.332349	50.020652	55.495000
708.543894	888.332352	50.020648	55.494000
708.546338	888.332351	50.020648	55.493000
708.548886	888.332348	50.020653	55.492000
708.551588	888.332351	50.020652	55.492000
708.554058	888.332347	50.020649	55.492000
708.556537	888.332349	50.020646	55.493000
708.559171	888.332350	50.020652	55.493000
708.561560	888.332352	50.020653	55.494000
708.564190	888.332349	50.020650	55.494000
708.566537	888.332349	50.020650	55.494000
708.568994	888.332350	50.020649	55.494000
708.571485	888.332350	50.020654	55.494000
708.573958	888.332350	50.020651	55.494000
708.576429	888.332350	50.020648	55.493000
708.578965	888.332351	50.020651	55.493000
708.581458	888.332345	50.020649	55.493000
708.584094	888.332349	50.020651	55.494000
708.586437	888.332350	50.020652	55.495000
708.589183	888.332352	50.020649	55.496000
708.591696	888.332349	50.020648	55.498000
708.594147	888.332349	50.020652	55.499000
708.596629	888.332348	50.020647	55.500000
708.599164	888.332348	50.020651	55.501000
708.601768	888.332351	50.020651	55.502000
708.604193	888.332348	50.020650	55.503000
708.606651	888.332348	50.020646	55.503000
708.609090	888.332351	50.020647	55.504000
708.611591	888.332347	50.020648	55.505000
708.614160	888.332351	50.020650	55.507000
708.616530	888.332349	50.020653	55.509000
708.619072	888.332350	50.020649	55.511000
708.621554	888.332350	50.020650	55.514000
708.624095	888.332347	50.020651	55.516000
708.626640	888.332348	50.020651	55.518000
708.629289	888.332349	50.020652	55.519000
708.631789	888.332350	50.020648	55.520000
708.634253	888.332346	50.020646	55.520000
708.636833	888.332349	50.020653	55.521000
708.639179	888.332349	50.020647	55.521000
708.641761	888.332351	50.020651	55.522000
708.644187	888.332352	50.020653	55.525000
708.646641	888.332348	50.020648	55.528000
708.649199	888.332353	50.020646	55.531000
708.651691	888.332347	50.020651	55.536000
708.654165	888.332349	50.020653	55.539000
708.656640	888.332351	50.020649	55.542000
708.659273	888.332353	50.020652	55.545000
708.661666	888.332348	50.020652	55.548000
708.664387	888.332350	50.020650	55.550000
708.666947	888.332351	50.020653	55.551000
708.669487	888.332346	50.020650	55.552000
708.671894	888.332351	50.020653	55.553000
708.674353	888.332352	50.020648	55.554000
708.676841	888.332352	50.020648	55.554000
708.679276	888.332350	50.020648	55.555000
708.681765	888.332352	50.020652	55.556000
708.684298	888.332349	50.020650	55.557000
708.686751	888.332349	50.020652	55.557000
708.689289	888.332349	50.020647	55.558000
708.691789	888.332351	50.020648	55.558000
708.694260	888.332349	50.020652	55.559000
708.696741	888.332347	50.020649	55.560000
708.699277	888.332347	50.020647	55.560000
708.701969	888.332351	50.020649	55.561000
708.704486	888.332351	50.020652	55.561000
708.706953	888.332349	50.020648	55.562000
708.709584	888.332352	50.020652	55.562000
708.711997	888.332351	50.020652	55.562000
708.714462	888.332352	50.020654	55.562000
708.716944	888.332351	50.020651	55.561000
708.719472	888.332347	50.020647	55.560000
708.721877	888.332352	50.020649	55.559000
708.724383	888.332348	50.020650	55.558000
708.726855	888.332347	50.020649	55.556000
708.729393	888.332350	50.020651	55.555000
708.731894	888.332351	50.020652	55.554000
708.734358	888.332349	50.020649	55.553000
708.736843	888.332355	50.020647	55.552000
708.739573	888.332348	50.020650	55.553000
708.742074	888.332351	50.020651	55.553000
708.744585	888.332350	50.020648	55.555000
708.747048	888.332353	50.020653	55.557000
708.749592	888.332348	50.020654	55.558000
708.752096	888.332350	50.020652	55.560000
708.754561	888.332350	50.020647	55.561000
708.756934	888.332352	50.020648	55.561000
708.759472	888.332350	50.020649	55.561000
708.762060	888.332353	50.020649	55.561000
708.764493	888.332352	50.020652	55.561000
708.766958	888.332349	50.020649	55.560000
708.769488	888.332352	50.020648	55.560000
708.771988	888.332350	50.020651	55.559000
708.774451	888.332351	50.020650	55.559000
708.777130	888.332349	50.020649	55.559000
708.779670	888.332353	50.020652	55.559000
708.782175	888.332350	50.020649	55.559000
708.784783	888.332347	50.020648	55.560000
708.787159	888.332352	50.020648	55.561000
708.789690	888.332347	50.020650	55.562000
708.792196	888.332353	50.020653	55.562000
708.794553	888.332352	50.020653	55.563000
708.797038	888.332354	50.020652	55.564000
708.799575	888.332346	50.020648	55.565000
708.802067	888.332356	50.020650	55.566000
708.804591	888.332351	50.020653	55.567000
708.807055	888.332352	50.020651	55.567000
708.809594	888.332348	50.020647	55.567000
708.812095	888.332353	50.020650	55.566000
708.814753	888.332349	50.020652	55.565000
708.817238	888.332350	50.020653	55.565000
708.819870	888.332351	50.020651	55.564000
708.822271	888.332349	50.020650	55.564000
708.824782	888.332350	50.020650	55.564000
708.827249	888.332351	50.020652	55.565000
708.829897	888.332350	50.020652	55.566000
708.832282	888.332351	50.020651	55.568000
708.834658	888.332352	50.020649	55.570000
708.837136	888.332352	50.020647	55.571000
708.839677	888.332352	50.020651	55.572000
708.842175	888.332347	50.020648	55.573000
708.844682	888.332352	50.020651	55.573000
708.847149	888.332351	50.020649	55.573000
708.849791	888.332351	50.020650	55.573000
708.852286	888.332353	50.020649	55.572000
708.854846	888.332353	50.020650	55.572000
708.857338	888.332351	50.020649	55.572000
708.859856	888.332350	50.020650	55.571000
708.862371	888.332346	50.020650	55.570000
708.864871	888.332353	50.020652	55.570000
708.867344	888.332350	50.020651	55.569000
708.869979	888.332354	50.020652	55.568000
708.872288	888.332354	50.020651	55.567000
708.874749	888.332350	50.020649	55.566000
708.877228	888.332350	50.020647	55.565000
708.879760	888.332348	50.020648	55.565000
708.882261	888.332350	50.020653	55.565000
708.884774	888.332348	50.020648	55.566000
708.887244	888.332349	50.020648	55.568000
708.889993	888.332351	50.020649	55.570000
708.892477	888.332351	50.020654	55.571000
708.894945	888.332351	50.020653	55.573000
708.897434	888.332350	50.020649	55.574000
708.899963	888.332352	50.020651	55.574000
708.902567	888.332354	50.020651	55.575000
708.904871	888.332347	50.020647	55.574000
708.907459	888.332351	50.020649	55.573000
708.909991	888.332353	50.020650	55.572000
708.912379	888.332348	50.020647	55.571000
708.914852	888.332350	50.020653	55.570000
708.917340	888.332350	50.020648	55.570000
708.919864	888.332350	50.020649	55.570000
708.922369	888.332349	50.020651	55.570000
708.924860	888.332351	50.020651	55.570000
708.927559	888.332352	50.020649	55.569000
708.930086	888.332349	50.020653	55.568000
708.932582	888.332349	50.020648	55.565000
708.935043	888.332349	50.020649	55.561000
708.937539	888.332348	50.020651	55.557000
708.939960	888.332349	50.020650	55.552000
708.942565	888.332350	50.020652	55.546000
708.945059	888.332349	50.020649	55.541000
708.947452	888.332348	50.020650	55.535000
708.949988	888.332349	50.020647	55.530000
708.952479	888.332348	50.020652	55.525000
708.954952	888.332350	50.020653	55.521000
708.957435	888.332350	50.020649	55.518000
708.959956	888.332350	50.020647	55.516000
708.962564	888.332353	50.020651	55.515000
708.965155	888.332355	50.020651	55.515000
708.967655	888.332352	50.020651	55.516000
708.970187	888.332351	50.020647	55.517000
708.972672	888.332348	50.020648	55.520000
708.975149	888.332351	50.020653	55.522000
708.977640	888.332350	50.020650	55.525000
708.980049	888.332351	50.020651	55.528000
708.982569	888.332352	50.020647	55.530000
708.985066	888.332352	50.020646	55.533000
708.987655	888.332348	50.020652	55.535000
708.990089	888.332348	50.020653	55.536000
708.992575	888.332352	50.020650	55.537000
708.995049	888.332350	50.020647	55.538000
708.997646	888.332349	50.020651	55.538000
709.000049	888.332350	50.020654	55.538000
709.002771	888.332349	50.020653	55.538000
709.005242	888.332349	50.020652	55.539000
709.007859	888.332349	50.020650	55.539000
709.010292	888.332350	50.020648	55.541000
709.012873	888.332348	50.020648	55.542000
709.015251	888.332352	50.020651	55.544000
709.017746	888.332349	50.020649	55.546000
709.020144	888.332353	50.020654	55.547000
709.022666	888.332349	50.020651	55.548000
709.025158	888.332353	50.020647	55.549000
709.027660	888.332351	50.020649	55.549000
709.030190	888.332352	50.020652	55.548000
709.032679	888.332349	50.020647	55.547000
709.035147	888.332353	50.020652	55.545000
709.037639	888.332354	50.020649	55.543000
709.040353	888.332353	50.020647	55.540000
709.042871	888.332349	50.020649	55.538000
709.045343	888.332349	50.020653	55.537000
709.047858	888.332349	50.020652	55.536000
709.050296	888.332349	50.020652	55.536000
709.052880	888.332352	50.020646	55.537000
709.055238	888.332350	50.020648	55.539000
709.057843	888.332349	50.020653	55.542000
709.060249	888.332347	50.020650	55.545000
709.062772	888.332350	50.020653	55.549000
709.065251	888.332347	50.020651	55.552000
709.067753	888.332352	50.020647	55.554000
709.070298	888.332349	50.020652	55.556000
709.072773	888.332348	50.020652	55.557000
709.075250	888.332351	50.020648	55.558000
709.077943	888.332352	50.020649	55.557000
709.080450	888.332347	50.020652	55.557000
709.082961	888.332350	50.020653	55.555000
709.085452	888.332349	50.020649	55.552000
709.087960	888.332349	50.020647	55.549000
709.090501	888.332355	50.020648	55.546000
709.092876	888.332352	50.020647	55.543000
709.095547	888.332347	50.020649	55.540000
709.097839	888.332349	50.020650	55.537000
709.100345	888.332349	50.020648	55.536000
709.102874	888.332347	50.020653	55.535000
709.105450	888.332352	50.020647	55.534000
709.107859	888.332351	50.020652	55.534000
709.110500	888.332354	50.020649	55.535000
709.112878	888.332349	50.020646	55.536000
709.115348	888.332348	50.020650	55.538000
709.118040	888.332352	50.020651	55.540000
709.120663	888.332349	50.020646	55.542000
709.123056	888.332353	50.020652	55.545000
709.125550	888.332349	50.020648	55.547000
709.128065	888.332353	50.020645	55.550000
709.130693	888.332350	50.020654	55.553000
709.133084	888.332350	50.020647	55.555000
709.135550	888.332350	50.020651	55.557000
709.137940	888.332350	50.020646	55.558000
709.140449	888.332353	50.020651	55.560000
709.142964	888.332349	50.020653	55.560000
709.145447	888.332352	50.020648	55.561000
709.147958	888.332348	50.020648	55.561000
709.150499	888.332352	50.020652	55.560000
709.153173	888.332349	50.020653	55.560000
709.155639	888.332349	50.020650	55.559000
709.158134	888.332350	50.020647	55.559000
709.160653	888.332353	50.020649	55.559000
709.163156	888.332350	50.020653	55.560000
709.165649	888.332349	50.020653	55.560000
709.168064	888.332352	50.020647	55.561000
709.170598	888.332351	50.020650	55.562000
709.173074	888.332350	50.020653	55.562000
709.175538	888.332351	50.020654	55.563000
709.178128	888.332350	50.020648	55.563000
709.180558	888.332347	50.020648	55.563000
709.183063	888.332353	50.020651	55.563000
709.185552	888.332346	50.020654	55.564000
709.188072	888.332349	50.020650	55.564000
709.190802	888.332349	50.020650	55.565000
709.193278	888.332352	50.020647	55.567000
709.195735	888.332348	50.020646	55.569000
709.198223	888.332351	50.020649	55.571000
709.200756	888.332345	50.020653	55.573000
709.203151	888.332349	50.020651	55.575000
709.205751	888.332348	50.020647	55.577000
709.208246	888.332349	50.020651	55.579000
709.210693	888.332352	50.020647	55.581000
709.213271	888.332348	50.020650	55.582000
709.215741	888.332349	50.020647	55.582000
709.218224	888.332353	50.020650	55.582000
709.220659	888.332348	50.020648	55.583000
709.223156	888.332351	50.020652	55.583000
709.225651	888.332350	50.020652	55.582000
709.228464	888.332351	50.020647	55.582000
709.230895	888.332351	50.020651	55.582000
709.233379	888.332351	50.020649	55.582000
709.235837	888.332348	50.020648	55.582000
709.238333	888.332348	50.020647	55.582000
709.240858	888.332347	50.020653	55.581000
709.243469	888.332347	50.020647	55.581000
709.245759	888.332352	50.020654	55.580000
709.248256	888.332350	50.020653	55.580000
709.250799	888.332352	50.020650	55.580000
709.253282	888.332350	50.020647	55.580000
709.255742	888.332348	50.020649	55.580000
709.258225	888.332346	50.020653	55.580000
709.260771	888.332347	50.020651	55.581000
709.263268	888.332351	50.020647	55.581000
709.265959	888.332348	50.020646	55.582000
709.268465	888.332354	50.020649	55.582000
709.270999	888.332350	50.020651	55.583000
709.273476	888.332349	50.020654	55.584000
709.275935	888.332346	50.020653	55.585000
709.278331	888.332350	50.020651	55.586000
709.280863	888.332355	50.020654	55.586000
709.283358	888.332348	50.020651	55.586000
709.285862	888.332349	50.020648	55.586000
709.288356	888.332348	50.020653	55.585000
709.290907	888.332349	50.020652	55.585000
709.293379	888.332349	50.020646	55.584000
709.295832	888.332349	50.020649	55.583000
709.298437	888.332347	50.020648	55.583000
709.300872	888.332348	50.020652	55.582000
709.303572	888.332350	50.020651	55.583000
709.306060	888.332351	50.020648	55.584000
709.308583	888.332350	50.020650	55.586000
709.311110	888.332354	50.020653	55.588000
709.313579	888.332349	50.020653	55.590000
709.316047	888.332348	50.020648	55.592000
709.318543	888.332350	50.020647	55.594000
709.320972	888.332348	50.020647	55.594000
709.323471	888.332352	50.020647	55.594000
709.325958	888.332347	50.020647	55.594000
709.328463	888.332353	50.020649	55.592000
709.331108	888.332350	50.020649	55.590000
709.333472	888.332352	50.020652	55.588000
709.335941	888.332351	50.020650	55.586000
709.338427	888.332348	50.020647	55.585000
709.341267	888.332346	50.020652	55.584000
709.343675	888.332348	50.020654	55.584000
709.346151	888.332349	50.020653	55.585000
709.348673	888.332352	50.020649	55.586000
709.351302	888.332349	50.020653	55.588000
709.353667	888.332351	50.020647	55.590000
709.356046	888.332352	50.020648	55.592000
709.358650	888.332349	50.020648	55.595000
709.361077	888.332348	50.020650	55.596000
709.363578	888.332349	50.020646	55.598000
709.366162	888.332353	50.020652	55.599000
709.368573	888.332350	50.020653	55.599000
709.371109	888.332350	50.020651	55.600000
709.373578	888.332350	50.020646	55.601000
709.376147	888.332349	50.020653	55.602000
709.378746	888.332350	50.020649	55.602000
709.381263	888.332347	50.020653	55.602000
709.383792	888.332349	50.020653	55.602000
709.386360	888.332354	50.020649	55.602000
709.388787	888.332352	50.020647	55.602000
709.391294	888.332353	50.020651	55.601000
709.393768	888.332350	50.020653	55.601000
709.396148	888.332347	50.020652	55.600000
709.398653	888.332353	50.020649	55.599000
709.401172	888.332349	50.020647	55.598000
709.403674	888.332351	50.020649	55.596000
709.406264	888.332348	50.020647	55.595000
709.408675	888.332353	50.020648	55.594000
709.411201	888.332345	50.020652	55.593000
709.413668	888.332349	50.020649	55.592000
709.416443	888.332349	50.020648	55.592000
709.418862	888.332350	50.020648	55.592000
709.421360	888.332354	50.020652	55.592000
709.423886	888.332347	50.020649	55.591000
709.426355	888.332351	50.020648	55.591000
709.428778	888.332348	50.020648	55.591000
709.431391	888.332351	50.020648	55.590000
709.433778	888.332348	50.020652	55.590000
709.436244	888.332349	50.020647	55.590000
709.438745	888.332350	50.020650	55.590000
709.441262	888.332350	50.020652	55.589000
709.443883	888.332348	50.020648	55.589000
709.446252	888.332349	50.020647	55.588000
709.448782	888.332352	50.020651	55.588000
709.451290	888.332350	50.020652	55.587000
709.453767	888.332355	50.020648	55.586000
709.456436	888.332351	50.020649	55.586000
709.458959	888.332349	50.020648	55.585000
709.461455	888.332350	50.020647	55.584000
709.463978	888.332348	50.020651	55.583000
709.466446	888.332348	50.020651	55.582000
709.468977	888.332349	50.020648	55.581000
709.471390	888.332350	50.020648	55.580000
709.473853	888.332350	50.020647	55.578000
709.476422	888.332352	50.020652	55.577000
709.478850	888.332350	50.020653	55.576000
709.481354	888.332353	50.020653	55.575000
709.484080	888.332351	50.020654	55.574000
709.486341	888.332350	50.020648	55.574000
709.488870	888.332345	50.020646	55.574000
709.491482	888.332356	50.020653	55.575000
709.494152	888.332347	50.020653	55.576000
709.496523	888.332350	50.020653	55.578000
709.499055	888.332349	50.020651	55.579000
709.501549	888.332350	50.020649	55.581000
709.504067	888.332348	50.020651	55.582000
709.506530	888.332350	50.020649	55.583000
709.509175	888.332347	50.020649	55.583000
709.511482	888.332351	50.020649	55.582000
709.513954	888.332348	50.020653	55.581000
709.516421	888.332348	50.020650	55.579000
709.518943	888.332351	50.020647	55.577000
709.521458	888.332350	50.020646	55.575000
709.524075	888.332349	50.020651	55.573000
709.526437	888.332352	50.020653	55.572000
709.528976	888.332351	50.020653	55.571000
709.531488	888.332351	50.020647	55.570000
709.534151	888.332353	50.020649	55.570000
709.536629	888.332349	50.020646	55.571000
709.539162	888.332349	50.020649	55.572000
709.541661	888.332349	50.020653	55.573000
709.544192	888.332348	50.020649	55.574000
709.546640	888.332353	50.020647	55.574000
709.549177	888.332346	50.020651	55.574000
709.551586	888.332352	50.020646	55.573000
709.553040	888.332345	50.020648	55.571000
