679.772240	876.344394	57.005769	50.020000
679.771708	876.344380	57.005769	50.017000
679.773937	876.344372	57.005772	50.015000
679.776625	876.344375	57.005769	50.016000
679.779595	876.344376	57.005771	50.017000
679.782354	876.344376	57.005769	50.017000
679.785122	876.344374	57.005770	50.018000
679.787887	876.344375	57.005770	50.019000
679.790328	876.344377	57.005769	50.020000
679.792827	876.344379	57.005769	50.020000
679.795458	876.344380	57.005769	50.021000
679.797792	876.344381	57.005770	50.021000
679.800320	876.344381	57.005771	50.022000
679.802817	876.344381	57.005770	50.022000
679.805366	876.344381	57.005769	50.022000
679.807872	876.344378	57.005770	50.022000
679.810534	876.344378	57.005770	50.022000
679.813049	876.344376	57.005771	50.022000
679.815578	876.344380	57.005769	50.022000
679.818075	876.344380	57.005771	50.022000
679.820585	876.344380	57.005770	50.022000
679.823062	876.344382	57.005769	50.021000
679.825729	876.344380	57.005773	50.022000
679.828204	876.344378	57.005770	50.022000
679.830464	876.344379	57.005770	50.022000
679.833082	876.344379	57.005768	50.023000
679.835623	876.344380	57.005769	50.024000
679.838023	876.344378	57.005768	50.025000
679.840527	876.344377	57.005771	50.026000
679.842995	876.344378	57.005771	50.027000
679.845758	876.344382	57.005769	50.028000
679.848221	876.344381	57.005770	50.028000
679.850676	876.344381	57.005771	50.028000
679.853296	876.344382	57.005771	50.029000
679.855743	876.344379	57.005769	50.028000
679.858236	876.344380	57.005771	50.028000
679.860731	876.344381	57.005769	50.028000
679.863206	876.344379	57.005771	50.027000
679.865664	876.344381	57.005771	50.027000
679.868230	876.344378	57.005771	50.027000
679.870691	876.344379	57.005770	50.026000
679.873098	876.344379	57.005771	50.026000
679.875659	876.344375	57.005770	50.026000
679.878136	876.344378	57.005771	50.025000
679.880636	876.344381	57.005769	50.024000
679.883311	876.344381	57.005770	50.023000
679.885874	876.344379	57.005772	50.023000
679.888335	876.344378	57.005773	50.022000
679.890798	876.344376	57.005772	50.020000
679.893305	876.344379	57.005770	50.019000
679.895943	876.344382	57.005770	50.018000
679.898347	876.344378	57.005768	50.018000
679.900841	876.344380	57.005771	50.017000
679.903424	876.344379	57.005768	50.016000
679.905776	876.344381	57.005772	50.016000
679.908430	876.344383	57.005771	50.016000
679.910795	876.344377	57.005771	50.015000
679.913211	876.344379	57.005770	50.015000
679.915768	876.344381	57.005771	50.015000
679.918251	876.344377	57.005769	50.014000
679.920932	876.344381	57.005769	50.014000
679.923421	876.344383	57.005771	50.014000
679.925984	876.344383	57.005769	50.015000
679.928438	876.344379	57.005770	50.015000
679.930895	876.344378	57.005770	50.015000
679.933410	876.344380	57.005771	50.016000
679.935952	876.344381	57.005769	50.017000
679.938351	876.344382	57.005769	50.017000
679.940926	876.344381	57.005769	50.018000
679.943426	876.344382	57.005771	50.019000
679.945980	876.344380	57.005770	50.019000
679.948343	876.344380	57.005769	50.019000
679.950795	876.344379	57.005769	50.019000
679.953305	876.344379	57.005771	50.018000
679.955853	876.344377	57.005768	50.018000
679.958546	876.344378	57.005768	50.018000
679.961113	876.344379	57.005771	50.017000
679.963524	876.344381	57.005771	50.017000
679.966086	876.344382	57.005769	50.017000
679.968628	876.344379	57.005771	50.018000
679.971094	876.344376	57.005769	50.019000
679.973612	876.344379	57.005770	50.019000
679.976038	876.344378	57.005771	50.019000
679.978545	876.344381	57.005769	50.019000
679.981102	876.344378	57.005770	50.019000
679.983522	876.344380	57.005771	50.018000
679.986082	876.344381	57.005770	50.017000
679.988430	876.344380	57.005772	50.017000
679.990889	876.344377	57.005768	50.016000
679.993418	876.344379	57.005771	50.015000
679.996138	876.344378	57.005769	50.015000
679.998639	876.344380	57.005771	50.015000
680.001107	876.344378	57.005770	50.015000
680.003624	876.344380	57.005771	50.015000
680.006166	876.344379	57.005769	50.016000
680.008623	876.344380	57.005770	50.016000
680.011198	876.344381	57.005768	50.017000
680.013713	876.344381	57.005770	50.017000
680.016131	876.344378	57.005769	50.017000
680.018644	876.344379	57.005770	50.017000
680.021109	876.344381	57.005769	50.017000
680.023620	876.344379	57.005769	50.017000
680.026070	876.344379	57.005769	50.017000
680.028624	876.344381	57.005769	50.017000
680.030987	876.344379	57.005770	50.018000
680.033713	876.344378	57.005769	50.018000
680.036237	876.344377	57.005769	50.019000
680.038745	876.344377	57.005771	50.019000
680.041204	876.344377	57.005772	50.020000
680.043821	876.344381	57.005769	50.021000
680.046270	876.344379	57.005770	50.022000
680.048716	876.344377	57.005771	50.023000
680.051184	876.344379	57.005769	50.023000
680.053814	876.344380	57.005772	50.024000
680.056227	876.344383	57.005768	50.023000
680.058736	876.344382	57.005770	50.023000
680.061209	876.344383	57.005771	50.022000
680.063615	876.344381	57.005768	50.021000
680.066270	876.344377	57.005772	50.020000
680.068619	876.344380	57.005772	50.019000
680.071267	876.344385	57.005770	50.018000
680.073804	876.344381	57.005769	50.017000
680.076433	876.344378	57.005769	50.017000
680.078836	876.344380	57.005771	50.016000
680.081294	876.344384	57.005768	50.016000
680.083819	876.344382	57.005770	50.016000
680.086273	876.344380	57.005771	50.016000
680.088822	876.344380	57.005770	50.016000
680.091280	876.344379	57.005771	50.016000
680.093805	876.344377	57.005769	50.017000
680.096336	876.344380	57.005770	50.018000
680.098845	876.344378	57.005770	50.018000
680.101308	876.344377	57.005772	50.019000
680.103714	876.344378	57.005771	50.019000
680.106272	876.344380	57.005772	50.020000
680.108819	876.344378	57.005769	50.021000
680.111282	876.344378	57.005770	50.022000
680.113807	876.344378	57.005771	50.022000
680.116344	876.344379	57.005772	50.022000
680.118836	876.344379	57.005772	50.022000
680.121415	876.344382	57.005769	50.022000
680.123819	876.344378	57.005769	50.022000
680.126378	876.344380	57.005769	50.022000
680.128815	876.344379	57.005771	50.021000
680.132184	876.344378	57.005770	50.021000
680.133705	876.344378	57.005771	50.021000
680.136344	876.344377	57.005769	50.021000
680.138742	876.344379	57.005770	50.021000
680.141209	876.344380	57.005768	50.021000
680.143716	876.344378	57.005767	50.021000
680.146476	876.344379	57.005768	50.022000
680.148918	876.344380	57.005770	50.023000
680.151389	876.344379	57.005770	50.023000
680.153905	876.344376	57.005770	50.024000
680.156446	876.344382	57.005768	50.024000
680.158935	876.344379	57.005770	50.025000
680.161506	876.344381	57.005769	50.025000
680.163926	876.344383	57.005771	50.026000
680.166669	876.344379	57.005772	50.026000
680.168922	876.344382	57.005769	50.027000
680.171290	876.344377	57.005770	50.027000
680.173819	876.344379	57.005771	50.028000
680.176339	876.344381	57.005770	50.029000
680.178844	876.344378	57.005767	50.029000
680.181312	876.344383	57.005769	50.030000
680.184033	876.344380	57.005768	50.031000
680.186570	876.344379	57.005770	50.032000
680.189021	876.344380	57.005771	50.033000
680.191492	876.344381	57.005772	50.033000
680.193922	876.344385	57.005771	50.034000
680.196542	876.344384	57.005768	50.034000
680.199230	876.344382	57.005769	50.034000
680.201504	876.344381	57.005772	50.034000
680.204025	876.344378	57.005770	50.034000
680.206577	876.344381	57.005769	50.034000
680.209118	876.344383	57.005772	50.033000
680.211685	876.344384	57.005768	50.033000
680.214105	876.344384	57.005770	50.032000
680.216636	876.344380	57.005770	50.032000
680.219130	876.344381	57.005767	50.031000
680.221807	876.344378	57.005771	50.031000
680.224341	876.344381	57.005769	50.031000
680.226878	876.344379	57.005767	50.031000
680.229313	876.344379	57.005767	50.030000
680.231675	876.344378	57.005772	50.030000
680.234302	876.344379	57.005768	50.031000
680.236939	876.344376	57.005772	50.031000
680.239338	876.344382	57.005770	50.031000
680.241808	876.344379	57.005770	50.031000
680.244331	876.344382	57.005772	50.031000
680.246877	876.344381	57.005772	50.032000
680.249220	876.344378	57.005770	50.032000
680.251679	876.344380	57.005771	50.032000
680.254200	876.344384	57.005771	50.031000
680.256946	876.344381	57.005772	50.031000
680.259436	876.344377	57.005771	50.030000
680.261899	876.344380	57.005768	50.030000
680.264445	876.344379	57.005768	50.029000
680.266969	876.344379	57.005769	50.028000
680.269407	876.344379	57.005770	50.027000
680.271879	876.344377	57.005772	50.027000
680.274410	876.344380	57.005772	50.026000
680.276944	876.344377	57.005771	50.025000
680.279548	876.344382	57.005771	50.024000
680.281911	876.344376	57.005771	50.023000
680.284439	876.344381	57.005770	50.022000
680.286968	876.344380	57.005769	50.021000
680.289415	876.344384	57.005769	50.021000
680.291979	876.344380	57.005772	50.020000
680.294521	876.344380	57.005772	50.020000
680.297045	876.344379	57.005773	50.019000
680.299555	876.344381	57.005772	50.019000
680.302203	876.344380	57.005772	50.019000
680.304541	876.344378	57.005773	50.019000
680.307082	876.344376	57.005772	50.019000
680.309524	876.344379	57.005770	50.019000
680.312177	876.344379	57.005771	50.020000
680.314521	876.344379	57.005769	50.020000
680.317055	876.344377	57.005770	50.021000
680.319551	876.344379	57.005771	50.021000
680.322008	876.344379	57.005772	50.021000
680.324441	876.344381	57.005771	50.021000
680.326986	876.344378	57.005771	50.021000
680.329420	876.344378	57.005769	50.021000
680.332086	876.344380	57.005768	50.020000
680.334630	876.344380	57.005768	50.020000
680.337156	876.344379	57.005769	50.020000
680.339653	876.344378	57.005770	50.019000
680.342111	876.344376	57.005771	50.018000
680.344653	876.344378	57.005772	50.018000
680.347280	876.344379	57.005769	50.017000
680.349617	876.344378	57.005768	50.017000
680.352091	876.344380	57.005768	50.017000
680.354740	876.344377	57.005773	50.016000
680.357150	876.344381	57.005771	50.016000
680.359646	876.344381	57.005772	50.016000
680.362003	876.344380	57.005770	50.016000
680.364538	876.344379	57.005771	50.016000
680.367078	876.344381	57.005773	50.016000
680.369705	876.344379	57.005770	50.017000
680.372187	876.344380	57.005771	50.017000
680.374726	876.344380	57.005771	50.018000
680.377247	876.344378	57.005772	50.019000
680.379763	876.344379	57.005770	50.019000
680.382203	876.344383	57.005769	50.021000
680.384745	876.344383	57.005770	50.022000
680.387368	876.344377	57.005770	50.023000
680.389707	876.344382	57.005772	50.024000
680.392176	876.344379	57.005771	50.025000
680.394842	876.344381	57.005771	50.027000
680.397245	876.344384	57.005768	50.028000
680.399652	876.344380	57.005769	50.028000
680.402104	876.344383	57.005771	50.029000
680.404647	876.344375	57.005771	50.030000
680.407363	876.344382	57.005773	50.030000
680.409798	876.344376	57.005772	50.031000
680.412278	876.344381	57.005772	50.031000
680.414842	876.344379	57.005771	50.032000
680.417341	876.344381	57.005769	50.032000
680.420053	876.344380	57.005770	50.033000
680.422200	876.344379	57.005770	50.034000
680.424967	876.344381	57.005769	50.034000
680.427363	876.344379	57.005772	50.035000
680.429899	876.344378	57.005770	50.035000
680.432272	876.344381	57.005767	50.035000
680.434847	876.344378	57.005769	50.035000
680.437249	876.344381	57.005768	50.035000
680.439859	876.344380	57.005772	50.034000
680.442201	876.344379	57.005771	50.034000
680.444970	876.344381	57.005770	50.033000
680.447463	876.344381	57.005771	50.033000
680.449909	876.344380	57.005773	50.032000
680.452387	876.344383	57.005771	50.032000
680.454957	876.344380	57.005769	50.032000
680.457441	876.344381	57.005769	50.032000
680.459963	876.344381	57.005771	50.033000
680.462501	876.344377	57.005770	50.034000
680.464967	876.344378	57.005771	50.036000
680.467459	876.344377	57.005771	50.037000
680.469913	876.344378	57.005768	50.039000
680.472396	876.344381	57.005767	50.041000
680.474852	876.344381	57.005769	50.043000
680.477341	876.344377	57.005769	50.044000
680.479862	876.344381	57.005771	50.046000
680.482507	876.344379	57.005770	50.047000
680.485071	876.344379	57.005772	50.047000
680.487559	876.344380	57.005773	50.048000
680.490013	876.344380	57.005773	50.048000
680.492491	876.344380	57.005773	50.047000
680.495056	876.344379	57.005772	50.047000
680.497749	876.344380	57.005773	50.046000
680.500068	876.344383	57.005770	50.046000
680.502514	876.344379	57.005768	50.045000
680.505165	876.344382	57.005772	50.045000
680.507568	876.344381	57.005767	50.044000
680.510016	876.344384	57.005766	50.044000
680.512394	876.344384	57.005772	50.044000
680.515057	876.344376	57.005767	50.044000
680.517449	876.344382	57.005770	50.045000
680.520068	876.344379	57.005772	50.046000
680.522511	876.344379	57.005773	50.047000
680.525072	876.344381	57.005774	50.048000
680.527666	876.344380	57.005772	50.049000
680.530005	876.344379	57.005768	50.051000
680.532490	876.344382	57.005768	50.053000
680.535058	876.344379	57.005769	50.055000
680.537547	876.344380	57.005772	50.057000
680.540069	876.344380	57.005770	50.059000
680.542513	876.344376	57.005769	50.062000
680.545064	876.344378	57.005770	50.064000
680.547664	876.344380	57.005769	50.066000
680.549915	876.344379	57.005773	50.068000
680.552394	876.344380	57.005771	50.069000
680.554952	876.344384	57.005768	50.070000
680.557644	876.344377	57.005769	50.071000
680.560168	876.344382	57.005771	50.072000
680.562708	876.344382	57.005772	50.072000
680.565177	876.344382	57.005769	50.072000
680.567662	876.344379	57.005771	50.071000
680.570208	876.344379	57.005768	50.071000
680.572584	876.344382	57.005773	50.071000
680.575157	876.344375	57.005770	50.071000
680.577647	876.344380	57.005768	50.071000
680.580267	876.344379	57.005769	50.071000
680.582606	876.344379	57.005768	50.071000
680.585173	876.344381	57.005770	50.072000
680.587566	876.344381	57.005770	50.073000
680.590005	876.344379	57.005770	50.075000
680.592489	876.344383	57.005769	50.076000
680.595263	876.344379	57.005768	50.077000
680.597748	876.344377	57.005770	50.078000
680.600261	876.344380	57.005771	50.079000
680.602711	876.344377	57.005773	50.080000
680.605266	876.344376	57.005773	50.080000
680.607760	876.344383	57.005769	50.080000
680.610207	876.344382	57.005768	50.080000
680.612699	876.344378	57.005771	50.079000
680.615255	876.344380	57.005770	50.079000
680.617747	876.344381	57.005770	50.079000
680.620364	876.344379	57.005768	50.078000
680.622810	876.344383	57.005771	50.078000
680.625170	876.344378	57.005768	50.078000
680.627663	876.344379	57.005770	50.078000
680.630107	876.344380	57.005773	50.078000
680.632792	876.344382	57.005772	50.078000
680.635364	876.344380	57.005772	50.077000
680.637848	876.344381	57.005773	50.077000
680.640363	876.344381	57.005771	50.076000
680.642809	876.344379	57.005769	50.076000
680.645366	876.344376	57.005768	50.075000
680.647857	876.344377	57.005770	50.075000
680.650301	876.344378	57.005772	50.075000
680.652787	876.344381	57.005771	50.074000
680.655460	876.344379	57.005769	50.074000
680.657845	876.344383	57.005767	50.074000
680.660367	876.344381	57.005767	50.074000
680.662702	876.344380	57.005771	50.074000
680.665276	876.344381	57.005770	50.074000
680.667754	876.344382	57.005771	50.074000
680.670305	876.344383	57.005768	50.074000
680.672791	876.344377	57.005771	50.074000
680.675357	876.344377	57.005770	50.074000
680.677839	876.344381	57.005769	50.074000
680.680360	876.344375	57.005772	50.075000
680.683009	876.344381	57.005771	50.075000
680.685373	876.344377	57.005772	50.076000
680.687858	876.344376	57.005770	50.076000
680.690308	876.344380	57.005767	50.077000
680.692789	876.344376	57.005770	50.077000
680.695359	876.344380	57.005771	50.078000
680.697948	876.344378	57.005769	50.078000
680.700264	876.344382	57.005771	50.078000
680.702807	876.344380	57.005771	50.079000
680.705264	876.344378	57.005771	50.079000
680.707944	876.344381	57.005770	50.080000
680.710401	876.344378	57.005770	50.081000
680.712891	876.344379	57.005770	50.082000
680.715458	876.344379	57.005769	50.083000
680.717942	876.344377	57.005769	50.084000
680.720459	876.344382	57.005772	50.084000
680.722908	876.344377	57.005770	50.085000
680.725468	876.344380	57.005768	50.085000
680.727945	876.344379	57.005771	50.084000
680.730493	876.344378	57.005768	50.084000
680.732891	876.344378	57.005769	50.084000
680.735463	876.344381	57.005770	50.083000
680.737936	876.344377	57.005771	50.083000
680.740367	876.344381	57.005771	50.083000
680.743008	876.344379	57.005769	50.083000
680.745569	876.344378	57.005769	50.084000
680.748040	876.344380	57.005772	50.084000
680.750504	876.344379	57.005768	50.084000
680.753095	876.344378	57.005769	50.084000
680.755557	876.344380	57.005769	50.084000
680.758043	876.344380	57.005772	50.083000
680.760560	876.344378	57.005769	50.082000
680.763014	876.344379	57.005771	50.081000
680.765572	876.344378	57.005769	50.080000
680.768052	876.344378	57.005771	50.079000
680.770504	876.344377	57.005768	50.079000
680.772899	876.344380	57.005768	50.078000
680.775466	876.344379	57.005771	50.078000
680.777948	876.344381	57.005768	50.077000
680.780656	876.344378	57.005768	50.077000
680.783113	876.344381	57.005771	50.076000
680.785676	876.344380	57.005771	50.076000
680.788155	876.344383	57.005769	50.075000
680.790603	876.344381	57.005767	50.074000
680.793100	876.344379	57.005768	50.072000
680.795858	876.344378	57.005769	50.070000
680.798255	876.344388	57.005768	50.069000
680.800664	876.344378	57.005768	50.067000
680.803111	876.344380	57.005771	50.064000
680.805678	876.344381	57.005770	50.062000
680.808153	876.344378	57.005767	50.061000
680.810600	876.344379	57.005767	50.059000
680.813002	876.344380	57.005770	50.057000
680.815566	876.344383	57.005767	50.056000
680.818248	876.344377	57.005769	50.055000
680.820754	876.344381	57.005768	50.053000
680.823211	876.344382	57.005769	50.052000
680.825776	876.344381	57.005772	50.052000
680.828251	876.344380	57.005773	50.051000
680.830693	876.344381	57.005770	50.050000
680.833187	876.344378	57.005769	50.050000
680.835756	876.344382	57.005771	50.049000
680.838252	876.344378	57.005769	50.049000
680.840750	876.344382	57.005770	50.048000
680.843209	876.344383	57.005771	50.048000
680.845778	876.344379	57.005768	50.047000
680.848151	876.344378	57.005771	50.047000
680.850598	876.344381	57.005769	50.046000
680.853087	876.344382	57.005770	50.046000
680.855947	876.344380	57.005768	50.045000
680.858350	876.344381	57.005769	50.045000
680.860846	876.344379	57.005770	50.045000
680.863312	876.344378	57.005771	50.044000
680.865877	876.344381	57.005769	50.044000
680.868345	876.344381	57.005768	50.045000
680.870796	876.344379	57.005771	50.045000
680.873303	876.344381	57.005772	50.045000
680.875850	876.344380	57.005769	50.046000
680.878353	876.344382	57.005771	50.047000
680.880846	876.344381	57.005768	50.048000
680.883323	876.344382	57.005771	50.049000
680.885782	876.344383	57.005767	50.050000
680.888249	876.344381	57.005767	50.051000
680.890703	876.344379	57.005768	50.052000
680.893408	876.344381	57.005766	50.053000
680.895949	876.344381	57.005767	50.055000
680.898445	876.344383	57.005771	50.056000
680.900941	876.344378	57.005771	50.058000
680.903419	876.344382	57.005767	50.059000
680.905985	876.344381	57.005768	50.060000
680.908546	876.344381	57.005772	50.061000
680.910900	876.344382	57.005771	50.061000
680.913405	876.344377	57.005768	50.062000
680.915950	876.344383	57.005771	50.062000
680.918447	876.344380	57.005769	50.063000
680.920943	876.344380	57.005771	50.063000
680.923419	876.344378	57.005769	50.062000
680.925880	876.344378	57.005769	50.062000
680.928445	876.344382	57.005768	50.062000
680.930993	876.344380	57.005771	50.061000
680.933509	876.344380	57.005768	50.061000
680.936041	876.344382	57.005770	50.060000
680.938650	876.344377	57.005769	50.060000
680.941035	876.344380	57.005770	50.059000
680.943526	876.344383	57.005768	50.058000
680.946071	876.344383	57.005769	50.058000
680.948635	876.344381	57.005769	50.057000
680.951001	876.344377	57.005770	50.056000
680.953504	876.344379	57.005770	50.055000
680.956039	876.344381	57.005769	50.054000
680.958647	876.344379	57.005770	50.053000
680.961033	876.344378	57.005771	50.052000
680.963414	876.344378	57.005772	50.051000
680.966073	876.344383	57.005770	50.050000
680.968633	876.344383	57.005768	50.050000
680.971090	876.344379	57.005770	50.050000
680.973604	876.344383	57.005771	50.050000
680.976134	876.344377	57.005769	50.050000
680.978646	876.344381	57.005771	50.051000
680.981125	876.344378	57.005773	50.051000
680.983606	876.344384	57.005771	50.051000
680.986170	876.344379	57.005769	50.051000
680.988631	876.344385	57.005770	50.050000
680.990991	876.344382	57.005769	50.049000
680.993701	876.344382	57.005771	50.048000
680.996336	876.344380	57.005771	50.047000
680.998844	876.344380	57.005771	50.046000
681.001211	876.344379	57.005770	50.045000
681.003717	876.344381	57.005769	50.043000
681.006478	876.344380	57.005771	50.042000
681.009033	876.344381	57.005769	50.040000
681.011393	876.344379	57.005768	50.039000
681.013908	876.344380	57.005770	50.038000
681.016435	876.344379	57.005772	50.036000
681.018940	876.344380	57.005769	50.035000
681.021518	876.344382	57.005769	50.034000
681.023928	876.344380	57.005767	50.033000
681.026480	876.344377	57.005771	50.032000
681.028937	876.344383	57.005772	50.032000
681.031393	876.344383	57.005770	50.032000
681.034007	876.344381	57.005772	50.032000
681.036443	876.344379	57.005768	50.032000
681.038853	876.344378	57.005768	50.033000
681.041314	876.344378	57.005767	50.033000
681.044230	876.344381	57.005772	50.034000
681.046581	876.344378	57.005767	50.034000
681.049037	876.344382	57.005770	50.035000
681.051493	876.344380	57.005770	50.036000
681.054002	876.344381	57.005770	50.036000
681.056552	876.344384	57.005770	50.037000
681.059038	876.344379	57.005770	50.038000
681.061518	876.344377	57.005770	50.038000
681.063921	876.344379	57.005771	50.039000
681.066492	876.344380	57.005771	50.039000
681.069027	876.344380	57.005771	50.039000
681.071482	876.344380	57.005771	50.039000
681.073908	876.344381	57.005771	50.039000
681.076547	876.344381	57.005768	50.039000
681.078949	876.344380	57.005769	50.039000
681.081525	876.344383	57.005772	50.040000
681.084024	876.344376	57.005771	50.041000
681.086589	876.344380	57.005768	50.043000
681.089035	876.344378	57.005769	50.045000
681.091486	876.344381	57.005772	50.047000
681.093999	876.344379	57.005772	50.049000
681.096544	876.344378	57.005768	50.052000
681.099040	876.344378	57.005771	50.053000
681.101520	876.344380	57.005770	50.055000
681.104029	876.344381	57.005769	50.057000
681.106687	876.344378	57.005769	50.058000
681.109041	876.344381	57.005773	50.058000
681.111494	876.344380	57.005772	50.059000
681.113915	876.344380	57.005773	50.059000
681.116548	876.344384	57.005768	50.060000
681.119143	876.344382	57.005771	50.060000
681.121625	876.344377	57.005772	50.061000
681.124132	876.344379	57.005773	50.061000
681.126784	876.344376	57.005770	50.062000
681.129131	876.344379	57.005772	50.063000
681.131585	876.344381	57.005773	50.064000
681.134201	876.344381	57.005767	50.064000
681.136642	876.344380	57.005772	50.065000
681.139140	876.344380	57.005769	50.066000
681.141618	876.344383	57.005768	50.067000
681.144127	876.344376	57.005772	50.067000
681.146682	876.344379	57.005769	50.068000
681.149018	876.344383	57.005770	50.068000
681.151491	876.344378	57.005768	50.069000
681.154199	876.344378	57.005769	50.070000
681.156744	876.344378	57.005768	50.070000
681.159229	876.344378	57.005768	50.071000
681.161813	876.344379	57.005769	50.071000
681.164227	876.344378	57.005770	50.070000
681.166778	876.344376	57.005769	50.070000
681.169224	876.344381	57.005772	50.069000
681.171781	876.344378	57.005771	50.067000
681.174191	876.344376	57.005768	50.066000
681.176747	876.344378	57.005768	50.064000
681.179227	876.344381	57.005769	50.062000
681.181713	876.344379	57.005769	50.060000
681.184124	876.344382	57.005768	50.059000
681.186673	876.344378	57.005770	50.057000
681.189130	876.344381	57.005772	50.055000
681.191882	876.344382	57.005768	50.054000
681.194298	876.344381	57.005770	50.053000
681.196841	876.344382	57.005768	50.051000
681.199338	876.344383	57.005768	50.050000
681.201909	876.344382	57.005770	50.048000
681.204318	876.344381	57.005773	50.046000
681.206867	876.344380	57.005773	50.045000
681.209325	876.344380	57.005773	50.042000
681.211781	876.344378	57.005772	50.040000
681.214297	876.344381	57.005770	50.038000
681.216939	876.344378	57.005771	50.035000
681.219337	876.344382	57.005769	50.032000
681.221716	876.344379	57.005767	50.030000
681.224219	876.344380	57.005769	50.026000
681.226875	876.344383	57.005771	50.023000
681.229520	876.344379	57.005770	50.020000
681.231875	876.344383	57.005773	50.017000
681.234512	876.344377	57.005768	50.015000
681.236950	876.344379	57.005770	50.013000
681.239446	876.344381	57.005768	50.012000
681.241911	876.344382	57.005768	50.011000
681.244439	876.344378	57.005771	50.011000
681.246981	876.344383	57.005772	50.010000
681.249429	876.344377	57.005771	50.010000
681.251890	876.344383	57.005769	50.010000
681.254404	876.344380	57.005769	50.010000
681.256946	876.344380	57.005768	50.010000
681.259332	876.344382	57.005772	50.010000
681.261913	876.344380	57.005767	50.010000
681.264327	876.344379	57.005771	50.010000
681.267276	876.344380	57.005772	50.011000
681.270108	876.344379	57.005770	50.012000
681.271981	876.344380	57.005771	50.013000
681.274512	876.344380	57.005770	50.015000
681.277148	876.344380	57.005769	50.017000
681.279547	876.344382	57.005772	50.020000
681.282013	876.344378	57.005769	50.022000
681.284545	876.344382	57.005772	50.025000
681.287077	876.344381	57.005772	50.027000
681.289523	876.344382	57.005768	50.030000
681.291986	876.344378	57.005767	50.033000
681.294511	876.344378	57.005769	50.035000
681.297049	876.344382	57.005772	50.038000
681.299551	876.344383	57.005770	50.040000
681.301915	876.344382	57.005773	50.042000
681.304637	876.344381	57.005772	50.044000
681.307171	876.344377	57.005772	50.046000
681.309616	876.344382	57.005768	50.047000
681.312088	876.344380	57.005768	50.048000
681.314618	876.344380	57.005770	50.049000
681.317138	876.344379	57.005773	50.050000
681.319641	876.344380	57.005773	50.049000
681.322212	876.344383	57.005771	50.049000
681.324639	876.344377	57.005771	50.049000
681.327174	876.344378	57.005769	50.048000
681.329615	876.344378	57.005770	50.047000
681.331981	876.344381	57.005771	50.047000
681.334506	876.344379	57.005770	50.046000
681.337051	876.344381	57.005768	50.045000
681.339550	876.344382	57.005772	50.044000
681.342111	876.344376	57.005771	50.043000
681.344648	876.344378	57.005770	50.042000
681.347181	876.344381	57.005769	50.041000
681.349622	876.344380	57.005771	50.040000
681.352077	876.344380	57.005772	50.038000
681.354610	876.344379	57.005769	50.037000
681.357141	876.344380	57.005769	50.037000
681.359661	876.344382	57.005771	50.036000
681.362216	876.344381	57.005767	50.037000
681.364644	876.344382	57.005772	50.037000
681.367171	876.344379	57.005772	50.038000
681.369627	876.344380	57.005774	50.039000
681.371986	876.344379	57.005769	50.040000
681.374511	876.344380	57.005769	50.041000
681.377049	876.344381	57.005770	50.041000
681.379763	876.344378	57.005770	50.041000
681.382214	876.344381	57.005771	50.041000
681.384752	876.344378	57.005768	50.041000
681.387275	876.344381	57.005772	50.041000
681.389823	876.344383	57.005770	50.042000
681.392186	876.344381	57.005769	50.042000
681.394836	876.344379	57.005768	50.043000
681.397244	876.344379	57.005768	50.044000
681.399748	876.344382	57.005770	50.045000
681.402213	876.344382	57.005772	50.046000
681.404754	876.344378	57.005769	50.046000
681.407274	876.344377	57.005770	50.047000
681.409625	876.344380	57.005769	50.047000
681.412184	876.344378	57.005769	50.047000
681.414620	876.344376	57.005769	50.047000
681.417348	876.344381	57.005768	50.048000
681.419866	876.344380	57.005769	50.048000
681.422313	876.344378	57.005772	50.048000
681.424864	876.344380	57.005772	50.048000
681.427377	876.344377	57.005769	50.048000
681.429922	876.344380	57.005771	50.048000
681.432284	876.344378	57.005772	50.047000
681.434836	876.344379	57.005773	50.047000
681.437346	876.344380	57.005770	50.046000
681.439864	876.344382	57.005768	50.045000
681.442301	876.344377	57.005771	50.044000
681.444858	876.344381	57.005772	50.044000
681.447274	876.344377	57.005771	50.043000
681.449718	876.344382	57.005768	50.042000
681.452180	876.344379	57.005770	50.042000
681.454934	876.344380	57.005769	50.042000
681.457438	876.344377	57.005772	50.041000
681.459962	876.344381	57.005771	50.041000
681.462498	876.344382	57.005771	50.041000
681.464958	876.344381	57.005768	50.041000
681.467475	876.344377	57.005770	50.040000
681.469911	876.344379	57.005772	50.040000
681.472582	876.344383	57.005772	50.039000
681.474929	876.344379	57.005772	50.039000
681.477438	876.344378	57.005773	50.038000
681.480060	876.344378	57.005767	50.038000
681.482405	876.344383	57.005771	50.037000
681.484959	876.344380	57.005770	50.037000
681.487562	876.344381	57.005772	50.037000
681.489905	876.344380	57.005768	50.037000
681.492475	876.344380	57.005769	50.036000
681.495052	876.344379	57.005768	50.036000
681.497544	876.344382	57.005770	50.036000
681.500063	876.344385	57.005772	50.037000
681.502505	876.344382	57.005773	50.037000
681.505064	876.344381	57.005772	50.037000
681.507571	876.344378	57.005768	50.038000
681.510014	876.344381	57.005769	50.038000
681.512483	876.344382	57.005771	50.039000
681.515045	876.344380	57.005772	50.039000
681.517640	876.344377	57.005770	50.039000
681.520063	876.344380	57.005769	50.039000
681.522406	876.344381	57.005767	50.038000
681.524961	876.344379	57.005769	50.037000
681.527462	876.344380	57.005772	50.036000
681.530109	876.344379	57.005771	50.035000
681.532591	876.344383	57.005768	50.033000
681.535157	876.344382	57.005771	50.032000
681.537645	876.344381	57.005771	50.031000
681.540172	876.344378	57.005769	50.030000
681.542611	876.344379	57.005772	50.029000
681.545171	876.344381	57.005769	50.029000
681.547767	876.344378	57.005771	50.028000
681.550112	876.344381	57.005770	50.027000
681.552588	876.344379	57.005770	50.027000
681.555263	876.344379	57.005770	50.026000
681.557645	876.344378	57.005772	50.025000
681.560066	876.344379	57.005772	50.024000
681.562506	876.344381	57.005772	50.023000
681.565173	876.344377	57.005768	50.022000
681.567770	876.344381	57.005772	50.020000
681.570216	876.344380	57.005769	50.019000
681.572696	876.344383	57.005767	50.018000
681.575248	876.344377	57.005767	50.017000
681.577751	876.344381	57.005769	50.016000
681.580271	876.344377	57.005772	50.014000
681.582708	876.344381	57.005772	50.013000
681.585269	876.344382	57.005768	50.012000
681.587766	876.344380	57.005770	50.011000
681.590310	876.344383	57.005771	50.011000
681.592695	876.344383	57.005771	50.011000
681.595262	876.344379	57.005773	50.011000
681.597740	876.344381	57.005773	50.012000
681.600271	876.344377	57.005769	50.013000
681.602602	876.344377	57.005769	50.014000
681.605380	876.344382	57.005769	50.015000
681.607864	876.344382	57.005773	50.016000
681.610413	876.344380	57.005767	50.017000
681.612783	876.344379	57.005771	50.018000
681.615351	876.344378	57.005769	50.019000
681.617845	876.344379	57.005770	50.020000
681.620369	876.344378	57.005772	50.021000
681.622806	876.344378	57.005769	50.023000
681.625369	876.344379	57.005770	50.024000
681.627864	876.344376	57.005771	50.026000
681.630309	876.344377	57.005768	50.027000
681.632688	876.344379	57.005769	50.027000
681.635248	876.344378	57.005767	50.028000
681.637848	876.344382	57.005772	50.027000
681.640466	876.344380	57.005770	50.026000
681.643011	876.344381	57.005772	50.025000
681.645469	876.344380	57.005768	50.023000
681.647971	876.344382	57.005771	50.021000
681.650502	876.344378	57.005769	50.020000
681.652886	876.344380	57.005773	50.019000
681.655456	876.344377	57.005774	50.018000
681.657942	876.344380	57.005773	50.018000
681.660468	876.344381	57.005774	50.018000
681.662911	876.344381	57.005774	50.019000
681.665473	876.344377	57.005773	50.019000
681.667965	876.344382	57.005772	50.020000
681.670414	876.344383	57.005771	50.020000
681.672789	876.344381	57.005773	50.021000
681.675352	876.344382	57.005772	50.021000
681.678044	876.344379	57.005770	50.022000
681.680565	876.344381	57.005771	50.022000
681.683012	876.344380	57.005771	50.022000
681.685575	876.344380	57.005771	50.022000
681.688064	876.344381	57.005772	50.022000
681.690606	876.344381	57.005770	50.022000
681.692987	876.344381	57.005771	50.022000
681.695459	876.344381	57.005768	50.022000
681.698045	876.344381	57.005771	50.022000
681.700569	876.344376	57.005770	50.023000
681.703009	876.344379	57.005772	50.023000
681.705675	876.344376	57.005767	50.024000
681.707966	876.344382	57.005770	50.025000
681.710408	876.344380	57.005771	50.025000
681.712891	876.344382	57.005771	50.026000
681.715658	876.344379	57.005771	50.027000
681.718149	876.344381	57.005774	50.027000
681.720660	876.344380	57.005774	50.027000
681.723109	876.344380	57.005775	50.027000
681.725677	876.344380	57.005773	50.028000
681.728156	876.344381	57.005774	50.028000
681.730601	876.344380	57.005771	50.028000
681.733091	876.344382	57.005769	50.028000
681.735650	876.344378	57.005770	50.028000
681.738147	876.344380	57.005773	50.028000
681.740662	876.344379	57.005773	50.028000
681.743212	876.344380	57.005767	50.028000
681.745569	876.344380	57.005772	50.027000
681.748060	876.344380	57.005772	50.027000
681.750610	876.344381	57.005767	50.026000
681.753197	876.344381	57.005771	50.025000
681.755756	876.344382	57.005768	50.024000
681.758248	876.344380	57.005771	50.023000
681.760762	876.344382	57.005770	50.023000
681.763207	876.344381	57.005770	50.022000
681.765775	876.344381	57.005771	50.023000
681.768250	876.344380	57.005767	50.023000
681.770702	876.344379	57.005768	50.024000
681.773188	876.344377	57.005771	50.024000
681.775762	876.344378	57.005772	50.025000
681.778249	876.344379	57.005769	50.026000
681.780763	876.344377	57.005769	50.026000
681.783312	876.344378	57.005769	50.027000
681.785772	876.344381	57.005771	50.027000
681.788157	876.344383	57.005772	50.027000
681.790802	876.344379	57.005770	50.027000
681.793395	876.344378	57.005772	50.027000
681.795851	876.344380	57.005770	50.026000
681.798345	876.344379	57.005771	50.026000
681.800858	876.344377	57.005768	50.025000
681.803311	876.344380	57.005767	50.025000
681.805872	876.344381	57.005768	50.024000
681.808357	876.344382	57.005771	50.024000
681.810805	876.344381	57.005772	50.024000
681.813405	876.344382	57.005770	50.024000
681.815861	876.344379	57.005771	50.024000
681.818352	876.344380	57.005770	50.025000
681.820765	876.344380	57.005769	50.025000
681.823317	876.344378	57.005768	50.025000
681.825890	876.344381	57.005768	50.026000
681.828563	876.344379	57.005767	50.027000
681.830905	876.344378	57.005770	50.028000
681.833502	876.344381	57.005769	50.029000
681.835957	876.344379	57.005768	50.030000
681.838454	876.344381	57.005768	50.031000
681.840960	876.344380	57.005769	50.032000
681.843419	876.344378	57.005771	50.033000
681.845983	876.344381	57.005771	50.034000
681.848454	876.344381	57.005771	50.034000
681.850905	876.344380	57.005770	50.034000
681.853396	876.344380	57.005772	50.034000
681.855856	876.344381	57.005768	50.033000
681.858353	876.344380	57.005771	50.033000
681.860869	876.344381	57.005771	50.033000
681.863310	876.344378	57.005769	50.033000
681.866190	876.344381	57.005768	50.033000
681.868552	876.344378	57.005769	50.033000
681.871004	876.344382	57.005770	50.034000
681.873504	876.344380	57.005770	50.035000
681.876046	876.344379	57.005770	50.036000
681.878550	876.344382	57.005769	50.037000
681.881046	876.344380	57.005770	50.037000
681.883511	876.344379	57.005771	50.038000
681.886071	876.344379	57.005772	50.038000
681.888550	876.344379	57.005770	50.038000
681.891100	876.344381	57.005771	50.038000
681.893496	876.344380	57.005767	50.039000
681.895949	876.344382	57.005768	50.040000
681.898441	876.344381	57.005772	50.041000
681.901044	876.344382	57.005768	50.042000
681.903514	876.344381	57.005769	50.043000
681.906072	876.344380	57.005772	50.044000
681.908545	876.344379	57.005774	50.044000
681.910992	876.344381	57.005773	50.045000
681.913491	876.344379	57.005773	50.045000
681.916039	876.344381	57.005774	50.044000
681.918548	876.344381	57.005771	50.044000
681.921044	876.344379	57.005768	50.042000
681.923608	876.344382	57.005773	50.041000
681.926174	876.344380	57.005773	50.040000
681.928543	876.344378	57.005766	50.038000
681.930995	876.344383	57.005766	50.037000
681.933490	876.344376	57.005766	50.036000
681.935938	876.344381	57.005772	50.035000
681.938445	876.344379	57.005770	50.035000
681.941127	876.344380	57.005773	50.034000
681.943601	876.344376	57.005771	50.034000
681.946179	876.344378	57.005769	50.035000
681.948646	876.344380	57.005769	50.036000
681.951096	876.344382	57.005771	50.037000
681.953596	876.344379	57.005770	50.038000
681.956138	876.344382	57.005768	50.039000
681.958648	876.344384	57.005771	50.041000
681.961133	876.344379	57.005769	50.042000
681.963611	876.344380	57.005772	50.043000
681.966174	876.344379	57.005772	50.044000
681.968646	876.344381	57.005768	50.045000
681.970997	876.344381	57.005769	50.045000
681.973491	876.344378	57.005768	50.046000
681.976132	876.344378	57.005768	50.046000
681.978751	876.344379	57.005770	50.046000
681.981227	876.344381	57.005770	50.046000
681.983713	876.344383	57.005770	50.045000
681.986275	876.344379	57.005770	50.044000
681.988840	876.344377	57.005769	50.043000
681.991200	876.344381	57.005768	50.042000
681.993702	876.344379	57.005770	50.041000
681.996233	876.344379	57.005770	50.040000
681.998750	876.344381	57.005768	50.039000
682.001231	876.344375	57.005772	50.038000
682.003715	876.344383	57.005772	50.037000
682.006279	876.344379	57.005771	50.037000
682.008650	876.344379	57.005773	50.037000
682.011100	876.344382	57.005773	50.037000
682.013603	876.344384	57.005774	50.036000
682.016341	876.344379	57.005773	50.036000
682.018853	876.344377	57.005772	50.036000
682.021320	876.344378	57.005771	50.036000
682.023815	876.344377	57.005769	50.035000
682.026386	876.344379	57.005773	50.035000
682.028943	876.344381	57.005767	50.035000
682.031300	876.344382	57.005772	50.036000
682.033804	876.344378	57.005771	50.036000
682.036332	876.344380	57.005770	50.036000
682.038944	876.344378	57.005771	50.037000
682.041317	876.344379	57.005771	50.038000
682.043818	876.344379	57.005769	50.039000
682.046384	876.344379	57.005771	50.039000
682.048744	876.344380	57.005771	50.038000
682.051294	876.344379	57.005770	50.037000
682.053798	876.344381	57.005769	50.037000
682.056319	876.344382	57.005771	50.036000
682.058949	876.344381	57.005769	50.035000
682.061424	876.344379	57.005771	50.035000
682.063810	876.344380	57.005771	50.034000
682.066365	876.344377	57.005769	50.034000
682.068832	876.344380	57.005771	50.034000
682.071303	876.344378	57.005768	50.035000
682.073905	876.344384	57.005773	50.035000
682.076328	876.344381	57.005770	50.035000
682.078844	876.344381	57.005770	50.035000
682.081317	876.344383	57.005769	50.035000
682.083810	876.344379	57.005769	50.035000
682.086286	876.344378	57.005771	50.035000
682.088752	876.344383	57.005767	50.034000
682.091493	876.344381	57.005770	50.034000
682.093898	876.344380	57.005767	50.033000
682.096433	876.344377	57.005767	50.032000
682.098957	876.344379	57.005767	50.032000
682.101420	876.344380	57.005767	50.031000
682.103919	876.344380	57.005769	50.031000
682.106490	876.344378	57.005772	50.031000
682.108943	876.344381	57.005773	50.031000
682.111397	876.344379	57.005771	50.032000
682.113902	876.344379	57.005769	50.033000
682.116435	876.344380	57.005768	50.034000
682.118949	876.344380	57.005771	50.035000
682.121325	876.344377	57.005772	50.036000
682.123925	876.344377	57.005769	50.037000
682.126692	876.344380	57.005771	50.038000
682.129051	876.344378	57.005770	50.039000
682.131499	876.344382	57.005770	50.039000
682.134101	876.344380	57.005770	50.039000
682.136544	876.344380	57.005772	50.040000
682.139052	876.344380	57.005767	50.040000
682.141523	876.344379	57.005768	50.040000
682.144016	876.344381	57.005771	50.040000
682.146588	876.344380	57.005769	50.041000
682.149044	876.344381	57.005770	50.041000
682.151599	876.344382	57.005768	50.040000
682.153998	876.344377	57.005770	50.040000
682.156537	876.344379	57.005767	50.039000
682.158955	876.344376	57.005770	50.039000
682.161426	876.344381	57.005768	50.038000
682.164123	876.344382	57.005768	50.037000
682.166679	876.344380	57.005767	50.036000
682.169134	876.344377	57.005767	50.035000
682.171590	876.344380	57.005767	50.035000
682.174095	876.344377	57.005767	50.035000
682.176642	876.344382	57.005767	50.035000
682.179146	876.344380	57.005767	50.036000
682.181626	876.344378	57.005767	50.037000
682.184121	876.344375	57.005769	50.037000
682.186689	876.344380	57.005771	50.037000
682.189140	876.344381	57.005770	50.037000
682.191592	876.344381	57.005770	50.037000
682.194006	876.344381	57.005770	50.036000
682.196537	876.344380	57.005772	50.035000
682.199145	876.344380	57.005770	50.035000
682.201822	876.344378	57.005767	50.034000
682.204234	876.344382	57.005772	50.033000
682.206789	876.344379	57.005772	50.033000
682.209343	876.344381	57.005769	50.033000
682.211698	876.344380	57.005767	50.033000
682.214274	876.344382	57.005772	50.033000
682.216737	876.344384	57.005772	50.033000
682.219268	876.344380	57.005772	50.034000
682.221730	876.344379	57.005768	50.034000
682.224215	876.344375	57.005768	50.035000
682.226779	876.344383	57.005771	50.035000
682.229248	876.344385	57.005772	50.035000
682.231603	876.344382	57.005772	50.035000
682.234314	876.344379	57.005769	50.034000
682.236639	876.344377	57.005772	50.034000
682.239336	876.344380	57.005772	50.034000
682.241815	876.344379	57.005771	50.033000
682.244437	876.344379	57.005769	50.033000
682.246883	876.344380	57.005767	50.034000
682.249342	876.344382	57.005767	50.034000
682.251789	876.344378	57.005769	50.035000
682.254296	876.344381	57.005771	50.036000
682.256834	876.344378	57.005770	50.037000
682.259338	876.344379	57.005770	50.037000
682.261818	876.344378	57.005769	50.038000
682.264430	876.344381	57.005775	50.037000
682.266978	876.344378	57.005774	50.037000
682.269241	876.344379	57.005769	50.037000
682.271691	876.344382	57.005769	50.036000
682.274295	876.344384	57.005769	50.036000
682.277047	876.344381	57.005771	50.036000
682.279648	876.344378	57.005772	50.036000
682.282017	876.344381	57.005773	50.037000
682.285262	876.344381	57.005770	50.038000
682.287176	876.344384	57.005771	50.040000
682.289442	876.344380	57.005768	50.041000
682.291988	876.344381	57.005772	50.043000
682.294600	876.344377	57.005770	50.044000
682.296940	876.344379	57.005772	50.046000
682.299650	876.344378	57.005770	50.047000
682.302021	876.344383	57.005770	50.048000
682.304528	876.344381	57.005768	50.048000
682.306980	876.344379	57.005770	50.048000
682.309533	876.344381	57.005768	50.048000
682.311886	876.344381	57.005768	50.047000
682.314492	876.344382	57.005770	50.047000
682.317045	876.344378	57.005772	50.046000
682.319540	876.344380	57.005768	50.045000
682.322009	876.344380	57.005769	50.044000
682.324528	876.344377	57.005772	50.043000
682.327071	876.344383	57.005771	50.042000
682.329530	876.344380	57.005768	50.041000
682.331992	876.344381	57.005767	50.041000
682.334390	876.344381	57.005769	50.040000
682.336942	876.344380	57.005769	50.040000
682.339542	876.344382	57.005768	50.039000
682.342015	876.344379	57.005766	50.039000
682.344531	876.344382	57.005766	50.038000
682.346977	876.344382	57.005770	50.038000
682.349424	876.344379	57.005767	50.038000
682.352077	876.344380	57.005770	50.037000
682.354597	876.344380	57.005768	50.037000
682.357143	876.344380	57.005767	50.036000
682.359644	876.344381	57.005770	50.036000
682.362105	876.344382	57.005771	50.035000
682.364633	876.344378	57.005768	50.034000
682.367179	876.344381	57.005769	50.033000
682.369626	876.344380	57.005773	50.032000
682.372179	876.344384	57.005767	50.031000
682.374599	876.344379	57.005770	50.031000
682.377150	876.344378	57.005769	50.031000
682.379654	876.344381	57.005770	50.031000
682.382024	876.344380	57.005772	50.031000
682.384535	876.344381	57.005770	50.032000
682.387182	876.344375	57.005772	50.033000
682.389726	876.344379	57.005769	50.033000
682.392180	876.344378	57.005771	50.034000
682.394715	876.344375	57.005768	50.035000
682.397351	876.344377	57.005771	50.035000
682.399752	876.344379	57.005772	50.035000
682.402208	876.344380	57.005769	50.036000
682.404748	876.344378	57.005771	50.035000
682.407379	876.344378	57.005771	50.035000
682.409731	876.344380	57.005771	50.036000
682.412282	876.344378	57.005771	50.036000
682.414828	876.344379	57.005772	50.037000
682.417146	876.344381	57.005768	50.038000
682.419963	876.344379	57.005773	50.039000
682.422407	876.344381	57.005769	50.040000
682.424948	876.344380	57.005768	50.042000
682.427768	876.344380	57.005772	50.043000
682.430121	876.344380	57.005768	50.044000
682.432585	876.344380	57.005772	50.045000
682.435041	876.344380	57.005772	50.046000
682.437644	876.344378	57.005769	50.046000
682.440280	876.344384	57.005769	50.047000
682.442606	876.344377	57.005769	50.047000
682.445156	876.344385	57.005770	50.047000
682.447966	876.344381	57.005769	50.047000
682.450509	876.344380	57.005770	50.048000
682.452879	876.344378	57.005770	50.048000
682.455461	876.344383	57.005770	50.049000
682.457950	876.344384	57.005768	50.049000
682.460381	876.344381	57.005767	50.050000
682.463013	876.344376	57.005769	50.051000
682.465578	876.344384	57.005770	50.051000
682.468071	876.344378	57.005771	50.051000
682.470518	876.344385	57.005768	50.051000
682.472981	876.344376	57.005771	50.050000
682.475554	876.344381	57.005769	50.050000
682.478057	876.344378	57.005773	50.049000
682.480484	876.344379	57.005767	50.049000
682.482919	876.344382	57.005767	50.048000
682.485572	876.344384	57.005773	50.048000
682.488062	876.344379	57.005773	50.048000
682.490517	876.344378	57.005770	50.048000
682.492898	876.344381	57.005772	50.048000
682.495455	876.344382	57.005773	50.048000
682.497950	876.344381	57.005769	50.048000
682.500673	876.344385	57.005768	50.047000
682.503106	876.344378	57.005770	50.047000
682.505766	876.344380	57.005768	50.046000
682.508160	876.344380	57.005768	50.046000
682.510708	876.344381	57.005770	50.045000
682.513191	876.344382	57.005769	50.045000
682.515752	876.344378	57.005771	50.045000
682.518145	876.344378	57.005769	50.045000
682.520664	876.344379	57.005772	50.046000
682.523211	876.344379	57.005767	50.046000
682.525668	876.344377	57.005769	50.046000
682.528156	876.344379	57.005767	50.046000
682.530604	876.344378	57.005767	50.047000
682.533095	876.344381	57.005768	50.047000
682.535555	876.344382	57.005768	50.047000
682.538352	876.344379	57.005771	50.047000
682.540758	876.344380	57.005772	50.047000
682.543210	876.344379	57.005769	50.047000
682.545766	876.344377	57.005771	50.047000
682.548652	876.344381	57.005770	50.048000
682.551198	876.344383	57.005769	50.048000
682.553697	876.344378	57.005772	50.048000
682.556233	876.344379	57.005772	50.048000
682.558751	876.344385	57.005769	50.047000
682.561219	876.344383	57.005770	50.047000
682.563711	876.344381	57.005769	50.047000
682.566270	876.344382	57.005769	50.048000
682.568647	876.344380	57.005767	50.048000
682.571093	876.344379	57.005770	50.049000
682.573589	876.344385	57.005772	50.050000
682.576317	876.344380	57.005769	50.051000
682.578849	876.344383	57.005770	50.053000
682.581315	876.344379	57.005770	50.054000
682.583810	876.344381	57.005770	50.056000
682.586370	876.344380	57.005772	50.057000
682.588847	876.344381	57.005768	50.057000
682.591299	876.344383	57.005769	50.058000
682.593787	876.344382	57.005767	50.058000
682.596321	876.344377	57.005767	50.058000
682.598851	876.344385	57.005769	50.057000
682.601416	876.344376	57.005766	50.056000
682.603816	876.344381	57.005771	50.055000
682.606272	876.344379	57.005772	50.055000
682.608842	876.344381	57.005769	50.054000
682.611196	876.344380	57.005771	50.053000
682.613907	876.344378	57.005768	50.053000
682.616428	876.344376	57.005771	50.053000
682.618947	876.344378	57.005770	50.053000
682.621413	876.344377	57.005769	50.053000
682.623925	876.344379	57.005770	50.054000
682.626482	876.344380	57.005769	50.054000
682.628945	876.344378	57.005771	50.054000
682.631494	876.344377	57.005772	50.054000
682.633901	876.344379	57.005769	50.054000
682.636438	876.344378	57.005772	50.054000
682.638957	876.344378	57.005773	50.054000
682.641431	876.344379	57.005770	50.054000
682.643816	876.344381	57.005771	50.053000
682.646366	876.344376	57.005769	50.053000
682.648833	876.344380	57.005771	50.053000
682.651513	876.344380	57.005768	50.053000
682.654016	876.344378	57.005771	50.053000
682.656531	876.344384	57.005768	50.052000
682.659044	876.344382	57.005771	50.052000
682.661515	876.344376	57.005772	50.052000
682.664033	876.344377	57.005770	50.052000
682.666594	876.344380	57.005768	50.052000
682.669043	876.344377	57.005768	50.051000
682.671495	876.344381	57.005770	50.051000
682.673998	876.344376	57.005772	50.051000
682.676641	876.344382	57.005770	50.050000
682.679054	876.344379	57.005774	50.049000
682.681529	876.344382	57.005774	50.048000
682.684022	876.344376	57.005773	50.047000
682.686480	876.344378	57.005768	50.045000
682.689039	876.344379	57.005772	50.044000
682.691507	876.344382	57.005772	50.043000
682.694105	876.344379	57.005770	50.041000
682.696538	876.344383	57.005768	50.040000
682.699049	876.344379	57.005772	50.039000
682.701518	876.344381	57.005770	50.038000
682.704119	876.344382	57.005770	50.038000
682.706586	876.344383	57.005770	50.037000
682.709046	876.344379	57.005769	50.036000
682.711498	876.344378	57.005769	50.036000
682.714004	876.344377	57.005773	50.036000
682.716530	876.344382	57.005769	50.035000
682.719050	876.344377	57.005771	50.035000
682.721524	876.344378	57.005769	50.034000
682.724021	876.344380	57.005771	50.034000
682.726772	876.344382	57.005768	50.034000
682.729237	876.344379	57.005772	50.033000
682.731597	876.344381	57.005773	50.033000
682.734195	876.344379	57.005767	50.032000
682.736636	876.344380	57.005769	50.032000
682.739150	876.344380	57.005767	50.031000
682.741622	876.344381	57.005768	50.031000
682.744126	876.344380	57.005771	50.031000
682.746677	876.344378	57.005773	50.030000
682.749136	876.344382	57.005773	50.031000
682.751592	876.344378	57.005771	50.031000
682.754107	876.344379	57.005770	50.031000
682.756644	876.344380	57.005769	50.032000
682.759063	876.344377	57.005768	50.033000
682.761526	876.344380	57.005768	50.034000
682.764016	876.344379	57.005769	50.036000
682.766784	876.344381	57.005768	50.037000
682.769242	876.344379	57.005772	50.038000
682.771694	876.344379	57.005772	50.038000
682.774198	876.344382	57.005768	50.038000
682.776735	876.344381	57.005766	50.038000
682.779241	876.344380	57.005766	50.038000
682.781728	876.344378	57.005766	50.038000
682.784226	876.344383	57.005766	50.037000
682.786777	876.344380	57.005768	50.038000
682.789334	876.344378	57.005768	50.038000
682.791683	876.344379	57.005769	50.039000
682.794201	876.344382	57.005768	50.039000
682.796747	876.344381	57.005767	50.040000
682.799243	876.344379	57.005766	50.040000
682.801617	876.344378	57.005772	50.040000
682.804329	876.344382	57.005773	50.039000
682.806874	876.344380	57.005771	50.038000
682.809342	876.344381	57.005769	50.037000
682.811792	876.344381	57.005769	50.036000
682.814291	876.344381	57.005769	50.035000
682.816842	876.344377	57.005768	50.035000
682.819341	876.344384	57.005772	50.035000
682.821821	876.344380	57.005773	50.035000
682.824334	876.344378	57.005771	50.036000
682.826874	876.344380	57.005771	50.037000
682.829325	876.344379	57.005768	50.037000
682.831793	876.344380	57.005768	50.037000
682.834206	876.344380	57.005767	50.037000
682.836747	876.344380	57.005767	50.037000
682.839238	876.344380	57.005770	50.036000
682.841919	876.344379	57.005771	50.035000
682.844429	876.344379	57.005768	50.033000
682.846975	876.344381	57.005770	50.032000
682.849428	876.344384	57.005772	50.031000
682.851894	876.344385	57.005768	50.031000
682.854394	876.344381	57.005767	50.030000
682.856949	876.344380	57.005768	50.028000
682.859441	876.344378	57.005768	50.027000
682.861932	876.344381	57.005767	50.025000
682.864430	876.344380	57.005767	50.024000
682.866980	876.344385	57.005770	50.022000
682.869433	876.344383	57.005772	50.020000
682.871797	876.344379	57.005772	50.019000
682.874394	876.344381	57.005768	50.018000
682.876939	876.344379	57.005772	50.016000
682.879539	876.344378	57.005768	50.015000
682.882027	876.344378	57.005768	50.014000
682.884539	876.344380	57.005767	50.012000
682.887177	876.344380	57.005770	50.011000
682.889628	876.344380	57.005770	50.010000
682.891984	876.344380	57.005767	50.009000
682.894502	876.344381	57.005766	50.009000
682.897044	876.344380	57.005766	50.008000
682.899539	876.344380	57.005767	50.007000
682.902030	876.344380	57.005768	50.007000
682.904540	876.344381	57.005769	50.007000
682.907085	876.344380	57.005772	50.007000
682.909531	876.344381	57.005769	50.007000
682.911891	876.344382	57.005768	50.007000
682.914403	876.344380	57.005766	50.007000
682.916947	876.344379	57.005768	50.008000
682.919546	876.344379	57.005773	50.009000
682.922128	876.344380	57.005766	50.009000
682.924540	876.344382	57.005771	50.010000
682.927080	876.344383	57.005769	50.011000
682.929539	876.344380	57.005767	50.012000
682.931998	876.344381	57.005766	50.012000
682.934517	876.344382	57.005766	50.013000
682.937046	876.344379	57.005766	50.013000
682.939543	876.344379	57.005766	50.014000
682.942019	876.344381	57.005767	50.015000
682.944541	876.344384	57.005767	50.015000
682.947070	876.344377	57.005767	50.016000
682.949532	876.344380	57.005771	50.017000
682.952094	876.344379	57.005768	50.017000
682.954506	876.344379	57.005773	50.018000
682.957138	876.344379	57.005767	50.019000
682.959645	876.344380	57.005765	50.019000
682.962213	876.344382	57.005772	50.019000
682.964631	876.344380	57.005767	50.019000
682.967167	876.344379	57.005767	50.019000
682.969631	876.344382	57.005768	50.019000
682.972091	876.344381	57.005771	50.019000
682.974611	876.344384	57.005773	50.020000
682.977140	876.344381	57.005772	50.020000
682.979750	876.344378	57.005766	50.021000
682.982119	876.344381	57.005771	50.022000
682.984635	876.344379	57.005770	50.024000
682.987178	876.344378	57.005769	50.025000
682.989636	876.344381	57.005767	50.026000
682.992091	876.344379	57.005769	50.027000
682.994709	876.344375	57.005769	50.027000
682.997342	876.344377	57.005771	50.027000
682.999861	876.344382	57.005769	50.027000
683.002230	876.344382	57.005767	50.027000
683.004740	876.344380	57.005767	50.026000
683.007277	876.344376	57.005767	50.025000
683.009734	876.344376	57.005767	50.025000
683.012194	876.344381	57.005770	50.024000
683.014717	876.344378	57.005772	50.023000
683.017244	876.344381	57.005773	50.022000
683.019742	876.344382	57.005772	50.022000
683.022215	876.344380	57.005771	50.022000
683.024743	876.344382	57.005769	50.022000
683.027283	876.344383	57.005767	50.022000
683.029632	876.344377	57.005773	50.022000
683.032093	876.344383	57.005774	50.022000
683.034808	876.344378	57.005773	50.022000
683.037344	876.344377	57.005773	50.022000
683.039852	876.344378	57.005774	50.022000
683.042319	876.344383	57.005773	50.021000
683.044840	876.344380	57.005773	50.021000
683.047380	876.344375	57.005772	50.021000
683.049826	876.344384	57.005771	50.021000
683.052293	876.344382	57.005768	50.021000
683.054813	876.344380	57.005771	50.022000
683.057343	876.344379	57.005768	50.022000
683.059851	876.344381	57.005771	50.023000
683.062318	876.344381	57.005770	50.024000
683.064847	876.344377	57.005768	50.025000
683.067376	876.344378	57.005770	50.025000
683.069824	876.344379	57.005772	50.025000
683.072393	876.344380	57.005766	50.026000
683.075023	876.344380	57.005773	50.026000
683.077443	876.344379	57.005766	50.026000
683.080055	876.344382	57.005773	50.026000
683.082409	876.344379	57.005769	50.026000
683.084951	876.344376	57.005771	50.026000
683.087472	876.344383	57.005772	50.026000
683.089922	876.344382	57.005771	50.026000
683.092390	876.344381	57.005770	50.027000
683.094925	876.344381	57.005771	50.027000
683.097440	876.344381	57.005771	50.027000
683.099956	876.344379	57.005770	50.027000
683.102420	876.344378	57.005769	50.027000
683.104948	876.344381	57.005768	50.028000
683.107472	876.344381	57.005767	50.028000
683.110016	876.344378	57.005773	50.028000
683.112590	876.344383	57.005768	50.028000
683.115031	876.344381	57.005772	50.028000
683.117542	876.344383	57.005772	50.028000
683.120067	876.344379	57.005769	50.029000
683.122611	876.344385	57.005773	50.030000
683.125052	876.344381	57.005768	50.030000
683.127570	876.344380	57.005771	50.031000
683.130023	876.344379	57.005769	50.031000
683.132491	876.344378	57.005767	50.031000
683.135025	876.344378	57.005770	50.031000
683.137533	876.344378	57.005772	50.030000
683.140063	876.344376	57.005769	50.030000
683.142510	876.344383	57.005770	50.030000
683.144942	876.344382	57.005768	50.029000
683.147671	876.344377	57.005769	50.029000
683.150119	876.344378	57.005772	50.029000
683.152583	876.344382	57.005768	50.029000
683.155236	876.344380	57.005771	50.029000
683.157633	876.344381	57.005773	50.029000
683.160170	876.344381	57.005774	50.030000
683.162612	876.344381	57.005773	50.030000
683.165154	876.344381	57.005774	50.030000
683.167670	876.344382	57.005775	50.030000
683.170124	876.344377	57.005774	50.030000
683.172587	876.344379	57.005773	50.030000
683.175249	876.344382	57.005770	50.030000
683.177546	876.344378	57.005766	50.031000
683.180067	876.344383	57.005767	50.031000
683.182516	876.344382	57.005767	50.032000
683.185269	876.344381	57.005768	50.033000
683.187767	876.344380	57.005768	50.034000
683.190226	876.344378	57.005767	50.035000
683.192693	876.344380	57.005768	50.036000
683.195244	876.344382	57.005769	50.037000
683.197949	876.344378	57.005768	50.037000
683.200375	876.344383	57.005769	50.037000
683.202713	876.344383	57.005773	50.037000
683.205262	876.344380	57.005769	50.037000
683.207774	876.344381	57.005769	50.037000
683.210215	876.344377	57.005772	50.037000
683.212681	876.344383	57.005771	50.037000
683.215241	876.344380	57.005769	50.038000
683.217746	876.344381	57.005768	50.038000
683.220167	876.344377	57.005772	50.038000
683.222711	876.344382	57.005771	50.038000
683.225571	876.344379	57.005772	50.039000
683.227973	876.344380	57.005771	50.039000
683.230413	876.344380	57.005768	50.039000
683.232891	876.344381	57.005772	50.039000
683.235552	876.344381	57.005768	50.040000
683.237950	876.344384	57.005769	50.040000
683.240465	876.344384	57.005766	50.040000
683.242906	876.344380	57.005766	50.041000
683.245464	876.344379	57.005766	50.041000
683.247970	876.344381	57.005768	50.042000
683.250411	876.344379	57.005768	50.042000
683.252879	876.344381	57.005767	50.042000
683.255442	876.344380	57.005766	50.042000
683.257950	876.344381	57.005766	50.041000
683.260371	876.344378	57.005775	50.041000
683.263004	876.344377	57.005769	50.040000
683.265657	876.344380	57.005774	50.039000
683.268151	876.344378	57.005774	50.038000
683.270603	876.344376	57.005773	50.038000
683.273080	876.344379	57.005772	50.037000
683.275646	876.344377	57.005770	50.037000
683.278137	876.344381	57.005768	50.037000
683.280661	876.344381	57.005767	50.037000
683.283209	876.344380	57.005773	50.036000
683.285666	876.344381	57.005769	50.036000
683.288148	876.344379	57.005770	50.036000
683.290606	876.344384	57.005772	50.035000
683.293092	876.344381	57.005769	50.035000
683.295642	876.344382	57.005767	50.035000
683.298137	876.344381	57.005768	50.035000
683.300761	876.344381	57.005775	50.035000
683.303211	876.344381	57.005773	50.036000
683.305760	876.344378	57.005772	50.037000
683.308254	876.344380	57.005771	50.038000
683.310709	876.344379	57.005770	50.039000
683.313197	876.344378	57.005769	50.040000
683.315751	876.344375	57.005769	50.041000
683.318247	876.344380	57.005771	50.042000
683.320754	876.344377	57.005773	50.042000
683.323214	876.344379	57.005773	50.042000
683.325866	876.344379	57.005767	50.042000
683.328248	876.344380	57.005770	50.042000
683.330713	876.344380	57.005768	50.043000
683.333205	876.344377	57.005770	50.044000
683.335755	876.344378	57.005769	50.045000
683.338139	876.344380	57.005773	50.046000
683.340951	876.344379	57.005768	50.047000
683.343321	876.344376	57.005767	50.048000
683.345876	876.344377	57.005772	50.050000
683.348457	876.344377	57.005771	50.051000
683.350806	876.344383	57.005772	50.051000
683.353286	876.344377	57.005768	50.052000
683.355855	876.344381	57.005772	50.053000
683.358554	876.344382	57.005767	50.054000
683.360872	876.344381	57.005771	50.055000
683.363319	876.344379	57.005770	50.056000
683.365877	876.344381	57.005767	50.057000
683.368365	876.344379	57.005767	50.058000
683.370813	876.344381	57.005770	50.058000
683.373290	876.344375	57.005770	50.059000
683.375753	876.344381	57.005767	50.059000
683.378357	876.344380	57.005771	50.058000
683.380869	876.344379	57.005773	50.058000
683.383312	876.344379	57.005772	50.057000
683.385873	876.344380	57.005773	50.056000
683.388460	876.344381	57.005766	50.055000
683.390808	876.344378	57.005772	50.054000
683.393284	876.344378	57.005770	50.054000
683.395852	876.344380	57.005770	50.054000
683.398359	876.344381	57.005768	50.054000
683.400868	876.344379	57.005772	50.054000
683.403313	876.344381	57.005769	50.054000
683.405869	876.344378	57.005772	50.054000
683.408366	876.344375	57.005768	50.053000
683.410808	876.344376	57.005770	50.052000
683.413190	876.344380	57.005769	50.052000
683.415952	876.344380	57.005770	50.051000
683.418457	876.344383	57.005771	50.050000
683.420967	876.344379	57.005768	50.050000
683.423415	876.344382	57.005772	50.049000
683.425967	876.344381	57.005770	50.049000
683.428452	876.344381	57.005770	50.050000
683.430905	876.344378	57.005771	50.050000
683.433385	876.344380	57.005769	50.050000
683.435949	876.344379	57.005769	50.051000
683.438447	876.344381	57.005772	50.051000
683.440956	876.344380	57.005770	50.052000
683.443417	876.344381	57.005770	50.051000
683.445974	876.344382	57.005772	50.051000
683.448449	876.344384	57.005770	50.050000
683.450805	876.344377	57.005770	50.049000
683.453279	876.344381	57.005768	50.048000
683.456049	876.344378	57.005769	50.047000
683.458546	876.344379	57.005770	50.047000
683.461051	876.344384	57.005770	50.046000
683.463505	876.344380	57.005769	50.045000
683.466070	876.344377	57.005771	50.045000
683.468543	876.344377	57.005773	50.044000
683.470994	876.344382	57.005770	50.043000
683.473587	876.344380	57.005771	50.043000
683.476137	876.344378	57.005772	50.042000
683.478545	876.344381	57.005770	50.042000
683.481048	876.344380	57.005772	50.042000
683.483508	876.344382	57.005772	50.042000
683.486066	876.344379	57.005769	50.043000
683.488554	876.344381	57.005769	50.043000
683.490900	876.344379	57.005769	50.044000
683.493586	876.344377	57.005771	50.045000
683.496137	876.344378	57.005772	50.046000
683.498650	876.344381	57.005770	50.046000
683.501241	876.344383	57.005771	50.047000
683.503612	876.344380	57.005771	50.047000
683.506172	876.344382	57.005771	50.047000
683.508649	876.344379	57.005769	50.046000
683.511099	876.344379	57.005771	50.046000
683.513590	876.344383	57.005769	50.045000
683.516137	876.344380	57.005770	50.045000
683.518626	876.344377	57.005771	50.045000
683.521045	876.344382	57.005771	50.046000
683.523621	876.344379	57.005770	50.046000
683.526187	876.344378	57.005772	50.047000
683.528545	876.344380	57.005772	50.047000
683.531199	876.344381	57.005769	50.048000
683.533695	876.344382	57.005772	50.048000
683.536238	876.344382	57.005768	50.048000
683.538751	876.344383	57.005770	50.048000
683.541331	876.344382	57.005771	50.048000
683.543727	876.344382	57.005771	50.049000
683.546274	876.344380	57.005768	50.049000
683.548755	876.344382	57.005771	50.050000
683.551205	876.344377	57.005769	50.050000
683.553704	876.344382	57.005771	50.051000
683.556224	876.344377	57.005768	50.052000
683.558733	876.344379	57.005770	50.053000
683.561251	876.344382	57.005772	50.053000
683.563632	876.344383	57.005772	50.054000
683.566171	876.344382	57.005770	50.054000
683.568652	876.344382	57.005768	50.055000
683.571289	876.344383	57.005768	50.055000
683.573798	876.344384	57.005770	50.055000
683.576343	876.344379	57.005770	50.056000
683.578855	876.344379	57.005770	50.056000
683.581338	876.344378	57.005772	50.056000
683.583820	876.344377	57.005770	50.056000
683.586359	876.344376	57.005768	50.056000
683.588920	876.344382	57.005771	50.056000
683.591291	876.344375	57.005771	50.055000
683.593731	876.344379	57.005768	50.055000
683.596345	876.344382	57.005768	50.055000
683.598864	876.344383	57.005770	50.054000
683.601236	876.344382	57.005768	50.054000
683.603714	876.344382	57.005771	50.053000
683.606284	876.344381	57.005771	50.053000
683.608821	876.344374	57.005770	50.053000
683.611289	876.344381	57.005771	50.053000
683.613810	876.344382	57.005767	50.053000
683.616347	876.344382	57.005766	50.053000
683.618942	876.344379	57.005773	50.053000
683.621318	876.344377	57.005767	50.053000
683.623909	876.344379	57.005774	50.053000
683.626371	876.344378	57.005768	50.053000
683.628850	876.344377	57.005771	50.053000
683.631293	876.344379	57.005772	50.053000
683.633887	876.344380	57.005771	50.053000
683.636334	876.344376	57.005769	50.053000
683.638744	876.344381	57.005769	50.053000
683.641329	876.344380	57.005770	50.053000
683.643818	876.344380	57.005769	50.053000
683.646476	876.344378	57.005772	50.053000
683.649050	876.344383	57.005771	50.053000
683.651400	876.344382	57.005769	50.053000
683.653899	876.344378	57.005771	50.053000
683.656432	876.344380	57.005771	50.053000
683.658953	876.344379	57.005768	50.052000
683.661525	876.344378	57.005771	50.052000
683.663935	876.344377	57.005767	50.052000
683.666486	876.344380	57.005771	50.052000
683.668954	876.344377	57.005770	50.052000
683.671395	876.344385	57.005769	50.052000
683.673895	876.344381	57.005772	50.052000
683.676439	876.344383	57.005773	50.053000
683.678859	876.344378	57.005770	50.054000
683.681349	876.344383	57.005771	50.055000
683.683822	876.344379	57.005768	50.055000
683.686596	876.344380	57.005768	50.055000
683.689047	876.344380	57.005770	50.056000
683.691503	876.344380	57.005770	50.055000
683.693997	876.344379	57.005770	50.055000
683.696542	876.344381	57.005769	50.054000
683.699061	876.344381	57.005771	50.054000
683.701525	876.344381	57.005769	50.053000
683.704019	876.344381	57.005771	50.053000
683.706581	876.344380	57.005770	50.053000
683.709043	876.344381	57.005771	50.053000
683.711500	876.344376	57.005769	50.053000
683.714005	876.344381	57.005770	50.053000
683.716540	876.344379	57.005769	50.052000
683.719058	876.344385	57.005771	50.052000
683.721529	876.344378	57.005770	50.052000
683.723925	876.344379	57.005770	50.052000
683.726674	876.344376	57.005772	50.052000
683.729144	876.344379	57.005770	50.052000
683.731598	876.344380	57.005768	50.052000
683.734098	876.344381	57.005770	50.051000
683.736636	876.344384	57.005770	50.051000
683.739151	876.344377	57.005769	50.052000
683.741623	876.344378	57.005772	50.052000
683.744220	876.344380	57.005770	50.052000
683.746679	876.344381	57.005771	50.053000
683.749237	876.344380	57.005771	50.053000
683.751594	876.344382	57.005771	50.054000
683.754104	876.344381	57.005769	50.054000
683.756641	876.344382	57.005769	50.055000
683.759155	876.344380	57.005770	50.056000
683.761527	876.344383	57.005769	50.057000
683.764014	876.344381	57.005770	50.057000
683.766875	876.344378	57.005771	50.057000
683.769233	876.344379	57.005772	50.058000
683.771695	876.344379	57.005769	50.058000
683.774195	876.344378	57.005771	50.058000
683.776837	876.344382	57.005770	50.058000
683.779340	876.344381	57.005770	50.058000
683.781728	876.344380	57.005768	50.058000
683.784231	876.344378	57.005771	50.058000
683.786867	876.344382	57.005768	50.057000
683.789233	876.344381	57.005769	50.057000
683.791688	876.344380	57.005770	50.056000
683.794203	876.344381	57.005770	50.056000
683.796626	876.344383	57.005769	50.055000
683.799150	876.344378	57.005769	50.054000
683.801627	876.344379	57.005770	50.053000
683.804330	876.344380	57.005769	50.052000
683.806871	876.344379	57.005770	50.052000
683.809337	876.344379	57.005771	50.052000
683.811796	876.344378	57.005769	50.052000
683.814310	876.344379	57.005770	50.052000
683.816836	876.344375	57.005769	50.053000
683.819336	876.344381	57.005772	50.053000
683.821825	876.344379	57.005769	50.053000
683.824333	876.344380	57.005770	50.053000
683.826882	876.344381	57.005771	50.052000
683.829342	876.344380	57.005772	50.052000
683.831794	876.344380	57.005770	50.051000
683.834299	876.344379	57.005771	50.050000
683.836832	876.344381	57.005769	50.050000
683.839244	876.344380	57.005769	50.049000
683.841725	876.344380	57.005770	50.049000
683.844427	876.344379	57.005768	50.049000
683.846975	876.344378	57.005771	50.049000
683.849434	876.344380	57.005769	50.049000
683.851898	876.344379	57.005770	50.049000
683.854394	876.344380	57.005769	50.049000
683.856938	876.344379	57.005771	50.049000
683.859443	876.344377	57.005768	50.049000
683.862022	876.344378	57.005769	50.048000
683.864528	876.344380	57.005771	50.048000
683.866976	876.344376	57.005771	50.047000
683.869445	876.344381	57.005769	50.046000
683.872000	876.344383	57.005769	50.046000
683.874300	876.344380	57.005769	50.046000
683.876940	876.344380	57.005769	50.045000
683.879344	876.344381	57.005768	50.045000
683.882125	876.344379	57.005770	50.045000
683.884534	876.344380	57.005772	50.045000
683.887080	876.344377	57.005769	50.045000
683.889637	876.344381	57.005771	50.045000
683.891991	876.344378	57.005770	50.045000
683.894604	876.344381	57.005769	50.045000
683.897048	876.344382	57.005770	50.046000
683.899545	876.344379	57.005772	50.046000
683.902023	876.344379	57.005769	50.046000
683.904530	876.344376	57.005772	50.046000
683.907074	876.344381	57.005768	50.047000
683.909537	876.344381	57.005771	50.047000
683.911990	876.344381	57.005769	50.048000
683.914491	876.344379	57.005772	50.049000
683.916938	876.344382	57.005772	50.049000
683.919637	876.344379	57.005771	50.049000
683.922124	876.344378	57.005770	50.050000
683.924636	876.344378	57.005770	50.050000
683.927182	876.344380	57.005771	50.050000
683.929732	876.344379	57.005770	50.049000
683.932093	876.344379	57.005770	50.049000
683.934602	876.344381	57.005769	50.048000
683.937245	876.344380	57.005769	50.048000
683.939639	876.344379	57.005770	50.048000
683.942123	876.344379	57.005770	50.047000
683.944635	876.344378	57.005769	50.048000
683.947180	876.344379	57.005770	50.048000
683.949632	876.344382	57.005770	50.048000
683.952091	876.344381	57.005770	50.048000
683.954500	876.344382	57.005771	50.049000
683.957246	876.344383	57.005771	50.049000
683.959751	876.344375	57.005770	50.049000
683.962223	876.344376	57.005771	50.048000
683.964743	876.344380	57.005769	50.048000
683.967278	876.344379	57.005771	50.047000
683.969733	876.344382	57.005769	50.047000
683.972286	876.344379	57.005770	50.046000
683.974707	876.344377	57.005771	50.046000
683.977251	876.344382	57.005769	50.046000
683.979752	876.344381	57.005771	50.045000
683.982220	876.344380	57.005770	50.045000
683.984741	876.344381	57.005770	50.045000
683.987282	876.344380	57.005770	50.045000
683.989736	876.344378	57.005769	50.045000
683.992088	876.344380	57.005769	50.045000
683.994803	876.344381	57.005770	50.045000
683.997340	876.344380	57.005770	50.045000
683.999844	876.344382	57.005770	50.045000
684.002321	876.344377	57.005769	50.046000
684.004837	876.344378	57.005770	50.046000
684.007374	876.344380	57.005769	50.047000
684.009831	876.344379	57.005771	50.047000
684.012379	876.344380	57.005771	50.047000
684.015007	876.344380	57.005770	50.047000
684.017330	876.344381	57.005770	50.046000
684.019842	876.344379	57.005770	50.046000
684.022418	876.344380	57.005770	50.046000
684.024734	876.344377	57.005770	50.046000
684.027376	876.344378	57.005769	50.046000
684.029827	876.344379	57.005771	50.046000
684.032392	876.344378	57.005770	50.045000
684.034915	876.344383	57.005770	50.046000
684.037441	876.344379	57.005771	50.046000
684.039952	876.344380	57.005769	50.046000
684.042412	876.344381	57.005771	50.047000
684.044946	876.344383	57.005770	50.048000
684.047483	876.344381	57.005770	50.049000
684.049933	876.344381	57.005770	50.049000
684.052392	876.344381	57.005770	50.050000
684.054911	876.344380	57.005769	50.051000
684.057446	876.344381	57.005771	50.051000
684.059956	876.344380	57.005770	50.051000
684.062416	876.344379	57.005771	50.051000
684.064954	876.344382	57.005770	50.051000
684.067390	876.344378	57.005770	50.051000
684.070032	876.344378	57.005771	50.051000
684.072500	876.344380	57.005769	50.050000
684.075021	876.344378	57.005771	50.050000
684.077541	876.344382	57.005770	50.050000
684.080057	876.344379	57.005771	50.050000
684.082518	876.344380	57.005768	50.050000
684.085047	876.344378	57.005770	50.051000
684.087574	876.344386	57.005770	50.052000
684.090026	876.344379	57.005769	50.052000
684.092489	876.344381	57.005769	50.053000
684.095021	876.344380	57.005770	50.053000
684.097649	876.344380	57.005770	50.053000
684.100055	876.344378	57.005770	50.052000
684.102506	876.344385	57.005770	50.052000
684.105047	876.344379	57.005771	50.051000
684.107479	876.344378	57.005771	50.050000
684.110028	876.344379	57.005771	50.050000
684.112484	876.344380	57.005769	50.050000
684.115011	876.344375	57.005770	50.049000
684.117536	876.344378	57.005770	50.049000
684.120063	876.344380	57.005769	50.049000
684.122516	876.344384	57.005770	50.049000
684.125048	876.344382	57.005770	50.050000
684.127579	876.344382	57.005770	50.050000
684.130124	876.344379	57.005770	50.050000
684.132484	876.344382	57.005769	50.050000
684.135013	876.344379	57.005771	50.050000
684.137637	876.344383	57.005771	50.050000
684.140056	876.344381	57.005769	50.050000
684.142417	876.344384	57.005769	50.049000
684.144938	876.344382	57.005770	50.048000
684.147771	876.344382	57.005769	50.048000
684.150125	876.344381	57.005769	50.047000
684.152590	876.344378	57.005772	50.046000
684.155228	876.344380	57.005768	50.046000
684.157643	876.344380	57.005769	50.045000
684.160162	876.344379	57.005771	50.045000
684.162614	876.344375	57.005769	50.044000
684.165151	876.344377	57.005771	50.044000
684.167674	876.344380	57.005770	50.044000
684.170120	876.344379	57.005769	50.044000
684.172586	876.344380	57.005770	50.044000
684.175234	876.344380	57.005770	50.044000
684.177637	876.344382	57.005770	50.044000
684.180156	876.344382	57.005770	50.044000
684.182520	876.344378	57.005769	50.044000
684.185260	876.344377	57.005769	50.043000
684.187777	876.344377	57.005770	50.042000
684.190224	876.344377	57.005770	50.041000
684.192691	876.344376	57.005772	50.040000
684.195336	876.344380	57.005770	50.040000
684.197739	876.344377	57.005772	50.039000
684.200269	876.344378	57.005768	50.038000
684.202708	876.344379	57.005771	50.038000
684.205260	876.344378	57.005768	50.037000
684.207769	876.344378	57.005772	50.037000
684.210233	876.344381	57.005769	50.036000
684.212691	876.344381	57.005770	50.036000
684.215129	876.344381	57.005770	50.036000
684.217632	876.344383	57.005771	50.036000
684.220163	876.344382	57.005770	50.035000
684.222715	876.344381	57.005771	50.035000
684.225567	876.344381	57.005771	50.036000
684.227973	876.344380	57.005769	50.036000
684.230415	876.344381	57.005771	50.036000
684.232891	876.344377	57.005769	50.035000
684.235442	876.344382	57.005770	50.035000
684.237945	876.344380	57.005771	50.035000
684.240472	876.344383	57.005770	50.034000
684.242908	876.344379	57.005769	50.034000
684.245455	876.344380	57.005769	50.033000
684.247966	876.344382	57.005770	50.033000
684.250316	876.344379	57.005772	50.033000
684.252890	876.344381	57.005770	50.032000
684.255437	876.344383	57.005769	50.032000
684.257941	876.344383	57.005771	50.032000
684.260369	876.344379	57.005771	50.032000
684.263009	876.344381	57.005768	50.031000
684.265557	876.344382	57.005771	50.031000
684.268073	876.344379	57.005769	50.031000
684.270518	876.344382	57.005771	50.031000
684.272995	876.344380	57.005770	50.031000
684.275543	876.344380	57.005771	50.032000
684.278041	876.344381	57.005771	50.032000
684.280573	876.344379	57.005768	50.033000
684.283008	876.344382	57.005771	50.033000
684.285559	876.344377	57.005769	50.033000
684.288068	876.344381	57.005769	50.034000
684.290617	876.344379	57.005773	50.034000
684.292885	876.344380	57.005768	50.034000
684.295533	876.344382	57.005769	50.033000
684.298036	876.344377	57.005772	50.033000
684.300855	876.344378	57.005770	50.033000
684.303107	876.344381	57.005771	50.033000
684.305661	876.344377	57.005770	50.033000
684.308266	876.344380	57.005772	50.033000
684.310611	876.344381	57.005773	50.034000
684.313086	876.344380	57.005769	50.034000
684.315639	876.344380	57.005771	50.034000
684.318143	876.344379	57.005769	50.034000
684.320665	876.344380	57.005771	50.035000
684.323109	876.344378	57.005769	50.035000
684.325662	876.344380	57.005772	50.035000
684.328173	876.344378	57.005769	50.035000
684.330615	876.344382	57.005772	50.035000
684.333180	876.344379	57.005771	50.034000
684.335543	876.344383	57.005768	50.034000
684.338245	876.344381	57.005772	50.034000
684.340773	876.344381	57.005768	50.033000
684.343215	876.344382	57.005771	50.033000
684.345773	876.344383	57.005768	50.033000
684.348262	876.344381	57.005772	50.032000
684.350713	876.344383	57.005770	50.032000
684.353185	876.344381	57.005771	50.032000
684.355742	876.344381	57.005768	50.031000
684.358246	876.344380	57.005771	50.031000
684.360767	876.344378	57.005769	50.030000
684.363203	876.344380	57.005769	50.030000
684.365761	876.344379	57.005770	50.029000
684.368267	876.344382	57.005770	50.028000
684.370809	876.344378	57.005769	50.027000
684.373184	876.344377	57.005771	50.026000
684.375745	876.344380	57.005770	50.025000
684.378344	876.344381	57.005770	50.025000
684.380762	876.344373	57.005768	50.024000
684.383217	876.344380	57.005771	50.024000
684.385763	876.344379	57.005771	50.024000
684.388265	876.344383	57.005770	50.024000
684.390708	876.344383	57.005768	50.024000
684.393191	876.344381	57.005771	50.024000
684.395744	876.344377	57.005769	50.024000
684.398241	876.344379	57.005771	50.024000
684.400762	876.344379	57.005768	50.024000
684.403203	876.344377	57.005772	50.024000
684.405758	876.344381	57.005771	50.024000
684.408159	876.344381	57.005769	50.023000
684.410706	876.344384	57.005770	50.023000
684.413092	876.344385	57.005769	50.023000
684.415843	876.344379	57.005771	50.022000
684.418340	876.344379	57.005770	50.022000
684.420861	876.344380	57.005771	50.021000
684.423312	876.344381	57.005769	50.021000
684.425863	876.344381	57.005771	50.021000
684.428364	876.344381	57.005770	50.020000
684.430817	876.344380	57.005770	50.020000
684.433390	876.344381	57.005771	50.020000
684.435849	876.344382	57.005771	50.020000
684.438345	876.344384	57.005770	50.020000
684.440964	876.344382	57.005769	50.020000
684.443309	876.344381	57.005770	50.021000
684.445875	876.344382	57.005771	50.021000
684.448266	876.344380	57.005771	50.022000
684.450726	876.344383	57.005769	50.022000
684.453394	876.344378	57.005771	50.022000
684.455954	876.344379	57.005770	50.022000
684.458450	876.344382	57.005771	50.023000
684.460968	876.344384	57.005770	50.023000
684.463414	876.344381	57.005770	50.023000
684.465972	876.344381	57.005771	50.023000
684.468465	876.344380	57.005769	50.024000
684.470921	876.344381	57.005771	50.025000
684.473392	876.344379	57.005768	50.025000
684.475946	876.344382	57.005772	50.026000
684.478449	876.344381	57.005769	50.026000
684.480966	876.344378	57.005772	50.026000
684.483521	876.344376	57.005771	50.026000
684.486083	876.344381	57.005769	50.027000
684.488466	876.344384	57.005770	50.027000
684.490920	876.344380	57.005770	50.028000
684.493494	876.344379	57.005771	50.028000
684.496051	876.344379	57.005770	50.029000
684.498554	876.344383	57.005770	50.030000
684.501059	876.344382	57.005768	50.031000
684.503516	876.344378	57.005771	50.031000
684.506076	876.344379	57.005769	50.031000
684.508562	876.344377	57.005771	50.031000
684.511017	876.344381	57.005769	50.031000
684.513496	876.344382	57.005771	50.031000
684.516042	876.344382	57.005769	50.030000
684.518550	876.344381	57.005770	50.030000
684.521058	876.344381	57.005771	50.029000
684.523610	876.344382	57.005770	50.029000
684.525965	876.344379	57.005771	50.029000
684.528465	876.344379	57.005770	50.029000
684.531109	876.344379	57.005771	50.029000
684.533591	876.344380	57.005770	50.030000
684.536140	876.344378	57.005769	50.030000
684.538654	876.344379	57.005770	50.030000
684.541151	876.344377	57.005769	50.030000
684.543614	876.344383	57.005770	50.030000
684.546171	876.344377	57.005770	50.031000
684.548659	876.344379	57.005770	50.031000
684.551100	876.344380	57.005770	50.031000
684.553590	876.344378	57.005770	50.031000
684.556234	876.344380	57.005770	50.031000
684.558646	876.344379	57.005769	50.031000
684.561053	876.344378	57.005770	50.031000
684.563612	876.344382	57.005769	50.031000
684.566072	876.344384	57.005769	50.031000
684.568759	876.344380	57.005770	50.031000
684.571301	876.344379	57.005770	50.032000
684.573696	876.344378	57.005770	50.032000
684.576232	876.344377	57.005770	50.032000
684.578748	876.344381	57.005769	50.032000
684.581248	876.344379	57.005771	50.032000
684.583819	876.344380	57.005771	50.032000
684.586277	876.344377	57.005770	50.032000
684.588762	876.344378	57.005769	50.032000
684.591212	876.344378	57.005770	50.031000
684.593694	876.344380	57.005769	50.031000
684.596241	876.344380	57.005772	50.031000
684.598747	876.344380	57.005770	50.031000
684.601154	876.344383	57.005771	50.031000
684.603619	876.344376	57.005770	50.031000
684.606384	876.344378	57.005770	50.032000
684.608858	876.344380	57.005771	50.032000
684.611309	876.344382	57.005769	50.032000
684.613794	876.344379	57.005771	50.033000
684.616342	876.344379	57.005770	50.033000
684.618849	876.344379	57.005771	50.033000
684.621349	876.344380	57.005769	50.033000
684.623816	876.344381	57.005771	50.033000
684.626382	876.344381	57.005769	50.033000
684.628862	876.344379	57.005771	50.033000
684.631312	876.344378	57.005770	50.033000
684.633798	876.344381	57.005770	50.034000
684.636243	876.344383	57.005770	50.034000
684.638753	876.344381	57.005769	50.035000
684.641250	876.344381	57.005771	50.035000
684.643813	876.344378	57.005769	50.036000
684.646479	876.344382	57.005771	50.036000
684.648947	876.344383	57.005769	50.036000
684.651404	876.344380	57.005771	50.036000
684.653897	876.344380	57.005769	50.036000
684.656429	876.344381	57.005771	50.036000
684.658951	876.344380	57.005769	50.036000
684.661438	876.344382	57.005770	50.036000
684.663916	876.344379	57.005770	50.036000
684.666475	876.344380	57.005770	50.037000
684.668949	876.344382	57.005769	50.037000
684.671399	876.344381	57.005771	50.038000
684.673888	876.344383	57.005769	50.039000
684.676521	876.344378	57.005770	50.039000
684.678955	876.344379	57.005769	50.040000
684.681434	876.344377	57.005771	50.041000
684.684025	876.344383	57.005771	50.041000
684.686580	876.344379	57.005770	50.041000
684.689053	876.344380	57.005770	50.041000
684.691498	876.344379	57.005770	50.041000
684.693993	876.344379	57.005771	50.041000
684.696530	876.344378	57.005769	50.041000
684.699055	876.344380	57.005770	50.040000
684.701536	876.344380	57.005769	50.040000
684.704026	876.344383	57.005771	50.040000
684.706576	876.344380	57.005769	50.040000
684.709151	876.344380	57.005770	50.040000
684.711503	876.344376	57.005770	50.039000
684.714003	876.344383	57.005770	50.039000
684.716526	876.344378	57.005769	50.039000
684.719046	876.344380	57.005770	50.039000
684.721624	876.344383	57.005770	50.039000
684.724117	876.344379	57.005769	50.039000
684.726869	876.344378	57.005770	50.039000
684.729140	876.344377	57.005769	50.039000
684.731595	876.344380	57.005770	50.039000
684.734094	876.344378	57.005770	50.040000
684.736618	876.344378	57.005771	50.040000
684.739137	876.344384	57.005769	50.040000
684.741623	876.344381	57.005771	50.040000
684.744116	876.344382	57.005770	50.041000
684.746669	876.344383	57.005770	50.041000
684.749142	876.344381	57.005770	50.041000
684.751599	876.344377	57.005769	50.041000
684.753983	876.344381	57.005771	50.041000
684.756621	876.344380	57.005770	50.041000
684.759147	876.344378	57.005770	50.041000
684.761720	876.344379	57.005770	50.040000
684.764209	876.344378	57.005770	50.041000
684.766777	876.344380	57.005771	50.041000
684.769247	876.344379	57.005771	50.041000
684.771690	876.344379	57.005770	50.041000
684.772983	876.344382	57.005770	50.041000
